1
0
63
1
(4 0
((0,0) (7,127) (0,0))
((0,256) (7,383) (0,0))
((0,128) (7,255) (0,0))
((0,384) (7,511) (0,0))
)
4
FabOnDisk: SD_0_Old_MF_D_0003 0
FabOnDisk: SD_0_Old_MF_D_0001 0
FabOnDisk: SD_0_Old_MF_D_0002 0
FabOnDisk: SD_0_Old_MF_D_0000 0

4,63
-1.195145164003218e+00,1.803101545528654e+03,1.577329062224339e-01,5.421684475189736e-19,9.929933743408508e-18,4.447838237713669e-14,1.284504268422995e-08,7.318839246531311e-06,2.367750831678289e-06,5.252723802189163e-09,2.862950846261642e-03,0.000000000000000e+00,1.607453642013069e-22,2.355278104619655e-23,1.511027368025247e-10,1.207949237074780e-10,4.065596566240310e-19,1.803814169186347e-09,1.591844523742190e-13,6.348190508906625e-23,1.258949388503270e-11,7.941935682726867e-07,7.518191993703429e-08,0.000000000000000e+00,5.826319303115172e-09,1.447346813760792e-19,3.490046903444909e-09,8.485391548242269e-19,2.034032363984106e-14,1.532063759578883e-22,5.857609474479633e-10,6.467841659149313e-17,2.939288933940887e-18,2.313338554991463e-12,1.003921679111411e-15,7.277803162192014e-15,5.117174732890026e-15,6.602162402481256e-15,2.279528233390343e-23,2.679754784237060e-15,1.120337918494745e-18,5.210403499372993e-24,2.154968128503694e-15,1.177525629498725e-13,2.714780950185258e-16,8.012956793238409e-18,7.861957730244551e-13,2.550242167308260e-13,1.058232595229671e-11,2.461038833570907e-12,4.434416388592082e-12,0.000000000000000e+00,8.788794986857859e-15,1.009660246826602e-23,0.000000000000000e+00,5.705744459663488e-23,1.841964584421966e-23,6.585687812819892e-23,1.131569932174819e-01,4.143936873709355e+03,0.000000000000000e+00,4.430187689862616e+02,1.013210817418723e+05,
-4.422911472131450e-01,2.012095692200208e+05,1.469410073146780e-01,7.210558381615610e-06,6.952462051776954e-05,5.063212155137686e-04,1.327072824724479e-07,6.114439650758106e-05,1.235473837441135e-02,1.460407716884777e-08,1.325082731532372e-03,8.168327884685359e-11,3.931873335768357e-10,3.431507024974153e-11,1.510989803736705e-09,3.790506461038992e-10,1.130865494105565e-09,2.353820725035906e-09,5.149348637607149e-12,1.762660027048629e-11,1.782932812368781e-11,3.781361206633190e-03,2.305502360272403e-02,1.281592757869225e-10,1.260450575117648e-08,1.658240452592067e-10,5.023556805377123e-09,1.276510296169908e-13,2.319854202813402e-15,4.187371817703335e-09,2.192927167562331e-09,8.748463468828031e-15,3.993915043990485e-12,1.041296789508858e-13,1.255307153643794e-13,3.231282730906474e-15,5.408969485148110e-15,4.851538909783611e-15,2.368045399047030e-18,1.005904288843392e-16,3.678062426029940e-20,2.341265837271881e-21,4.939922120604043e-17,1.389703764298763e-13,3.866595560795229e-17,2.390817922083031e-18,9.330688707679463e-07,6.371208072945078e-06,2.484854815476864e-08,2.848117820025377e-08,1.756460193365263e-08,7.262470006043547e-13,1.266996048482480e-15,0.000000000000000e+00,0.000000000000000e+00,0.000000000000000e+00,0.000000000000000e+00,0.000000000000000e+00,1.053905644501972e-01,7.834140895122240e+03,0.000000000000000e+00,2.291907131349231e+03,1.013249022949281e+05,
-2.998651072951454e+00,1.920382753217586e+05,1.490535985906522e-01,1.042367792024655e-05,1.012614440498258e-04,5.934094126106750e-04,1.327194885801004e-07,7.163691640353147e-05,1.234114280533747e-02,2.220892908739066e-08,1.661608961446998e-03,1.370727487622153e-10,4.158463781060718e-10,5.033732469935149e-11,1.390348131783952e-09,1.986192069283544e-10,1.891306933007432e-09,2.856919079279033e-09,5.467082173440260e-12,2.613531529947395e-11,1.933842172587067e-11,4.284767025177534e-03,2.215632143496275e-02,1.318454948212620e-10,1.071400017973833e-08,2.996554957521265e-10,6.853856476692369e-09,2.962228069978065e-13,5.350596587466515e-15,2.989197468740377e-09,1.190807154613298e-09,2.704294953729526e-14,8.767774851924601e-12,3.195964045376746e-13,2.968402712580111e-14,7.265112182108707e-15,7.979625538802136e-15,8.771115874356347e-15,9.311659361775319e-18,3.287238749637413e-16,1.114017853743936e-19,1.102544166734634e-20,1.745081532182031e-16,6.627408537846890e-14,8.302469363236146e-17,3.443044159569815e-18,1.550047619742446e-06,1.068322142685241e-05,1.787467381944151e-08,9.478281952553288e-08,5.984045596715626e-08,1.429440718953711e-12,2.834239229858975e-15,0.000000000000000e+00,0.000000000000000e+00,0.000000000000000e+00,0.000000000000000e+00,0.000000000000000e+00,1.069101223168898e-01,5.941314267154009e+03,0.000000000000000e+00,2.147883395956619e+03,1.013245835013162e+05,
-3.274773418390106e-01,2.050038998993706e+05,1.460791853130258e-01,6.076224631405308e-06,5.802728465803319e-05,4.681519704584364e-04,1.349652278134903e-07,5.687978527118598e-05,1.235241430860163e-02,1.203978270385771e-08,1.182298556548808e-03,5.081787140085076e-11,2.703682702275159e-10,2.281555659218809e-11,1.082857062531227e-09,2.971089627292918e-10,8.662340382961206e-10,1.619817065145951e-09,3.527130057758445e-12,1.165069654365948e-11,1.245184965365224e-11,3.565469958004349e-03,2.343918141181566e-02,8.707605146179494e-11,9.008531100604101e-09,9.957615307095260e-11,3.356143384288342e-09,6.861234446235387e-14,1.242049715927054e-15,2.986782003667025e-09,1.619489093985840e-09,4.061096137978585e-15,2.164302573486449e-12,4.845067189192034e-14,8.131509915061960e-14,1.561007518344569e-15,3.160133858508458e-15,2.770142245721207e-15,9.508971201043484e-19,4.419548673133548e-17,1.657238336298493e-20,8.066926062810636e-22,2.105831409552393e-17,7.811392829086519e-14,1.724795070018371e-17,1.186826680621023e-18,5.858877392260482e-07,3.984334492993615e-06,1.797048655769521e-08,1.318093496095496e-08,8.053984213863094e-09,4.220645152623627e-13,6.930740414027139e-16,1.131922107574716e-24,0.000000000000000e+00,0.000000000000000e+00,0.000000000000000e+00,0.000000000000000e+00,1.047708521439558e-01,7.926799056110542e+03,0.000000000000000e+00,2.330882247577494e+03,1.013248970199619e+05,

4,63
1.092666080547418e+00,2.065953039603640e+05,8.371898165211702e-01,5.118766263096734e-05,4.647587477608271e-04,9.712307444519437e-04,1.186420654932613e-04,3.157599964045439e-04,1.319216700355704e-02,2.124760667755392e-05,1.827447283230883e-01,1.338493149283967e-06,6.206457723617411e-06,7.019529506257696e-07,2.211173840408977e-04,2.495292297416877e-04,2.049143754307847e-05,5.050750054829624e-04,1.431091255976868e-05,9.639247524479333e-07,6.564462102709342e-05,1.401311633163195e-02,2.214699261886840e-02,7.276487364329062e-07,5.824442227933803e-04,2.150347186190002e-05,4.402806823648699e-03,9.421394937477080e-05,4.369103134725908e-04,3.057591976635216e-05,1.160452027174133e-04,1.351912344720543e-07,3.159128638763187e-05,3.791998046774061e-05,1.120189568918416e-05,5.535664809151710e-05,2.973784003409646e-05,3.848913935134794e-05,3.033202963375246e-06,6.398344770467058e-04,1.028464436501393e-05,4.022294928343653e-06,1.136580606258128e-04,1.525220879280663e-05,6.613585449736456e-07,1.466681177863518e-08,2.489129127932556e-06,1.756211924775115e-05,2.880467111816166e-05,1.251775685421923e-05,1.621527133703663e-05,1.625359923286646e-06,4.480687682053734e-04,9.065776564875817e-06,5.258659920209888e-02,1.641119252908849e-03,1.333793577924670e-04,4.451362142813806e-04,6.018477640536880e-01,7.539605820001614e+04,0.000000000000000e+00,2.145343537405133e+03,1.013273351967859e+05,
4.419294820641226e-01,2.050924935232483e+05,1.490272983238870e-01,1.038038850432418e-05,1.008394536224971e-04,5.923860684908327e-04,1.349490678259442e-07,7.150761496817227e-05,1.235715466655352e-02,2.210314931793976e-08,1.657534270789662e-03,1.365159245296839e-10,5.321778584528964e-10,5.020535212841843e-11,1.899080582111865e-09,4.048520059879001e-10,1.880818223443060e-09,3.217886326579343e-09,6.986367895917798e-12,2.606384117314682e-11,2.347177764463911e-11,4.278749592310913e-03,2.343750489278692e-02,1.758523659140316e-10,1.579902336383557e-08,2.981878824296235e-10,7.204066032463267e-09,2.939159262556348e-13,5.309570738481374e-15,5.169438292364257e-09,2.488877112153600e-09,2.675171568633723e-14,8.707073071393103e-12,3.161632863918935e-13,1.478564621730867e-13,7.218894030592667e-15,8.882595960508303e-15,8.732427136462564e-15,9.188005110893582e-18,3.250034570371333e-16,1.101949642332365e-19,1.121699845527135e-20,1.723779715926206e-16,1.784253728497488e-13,8.258162658598045e-17,4.160068035961363e-18,1.543736947904154e-06,1.063855412736185e-05,3.012808414060877e-08,9.362657380780350e-08,5.909804316880041e-08,1.420893750178128e-12,2.813268318801757e-15,1.808502590945604e-23,1.511235866457336e-22,2.783177341631758e-19,8.625116828654100e-19,2.051690189432465e-19,1.068911971957143e-01,7.927132908086993e+03,0.000000000000000e+00,2.330725457207056e+03,1.013250263919077e+05,
2.623759269292353e+00,2.016603002853455e+05,1.575705529165206e-01,2.843828421098209e-05,2.634595544754885e-04,8.511296242714943e-04,1.893969580638400e-07,1.107548105726173e-04,1.235717538046717e-02,7.115548921479489e-08,2.842407723748724e-03,1.956560129880079e-10,5.598955557169146e-10,5.831603017768582e-11,1.930486638738437e-09,3.967664520527536e-10,6.817905699733975e-09,3.464830004418020e-09,7.340103964585554e-12,3.075086884228284e-11,2.444220853822153e-11,5.913848029424382e-03,2.305063007026269e-02,1.850916167589237e-10,1.599123760620131e-08,5.171908627191062e-10,8.057343023696881e-09,1.147717918370783e-12,2.006971646301032e-14,5.189692015487630e-09,2.484297899167618e-09,1.805802881368694e-13,2.205470536352917e-11,2.268591715089210e-12,1.452955761934091e-13,1.191360573113848e-14,1.039525360732125e-14,1.211168756254380e-14,1.194449676330850e-16,2.625847470935875e-15,1.089678802083217e-18,3.860566378575395e-19,2.090651998755503e-15,1.783154705376245e-13,2.453597113283540e-16,7.293013587004082e-18,2.487973762433467e-06,1.753617266308371e-05,3.019445986924094e-08,1.531170264304133e-06,1.035254150576466e-06,3.647735590035415e-12,9.726971827712263e-15,1.668294406908286e-22,1.628309752067732e-22,1.355040283471293e-18,4.490004812462062e-18,1.125471644420236e-18,1.130401470072992e-01,7.832079152289954e+03,0.000000000000000e+00,2.291427181724907e+03,1.013251693806695e+05,
3.784291247422173e-01,2.077217380914465e+05,1.469327439943563e-01,7.199280488681375e-06,6.941111736996571e-05,5.059607024773953e-04,1.367881220022372e-07,6.110331570759730e-05,1.235471605858441e-02,1.457839785959540e-08,1.323719622908229e-03,8.139420404331857e-11,3.921402735063180e-10,3.421322645227039e-11,1.507499678215842e-09,3.784638098311631e-10,1.128214058140133e-09,2.347587344132526e-09,5.135497659333838e-12,1.757339705890774e-11,1.778428892400060e-11,3.779299034202850e-03,2.361423596880659e-02,1.278071993669222e-10,1.257522433226580e-08,1.651957918324756e-10,5.009092511845550e-09,1.270495116144445e-13,2.308856011028655e-15,4.177621447091029e-09,2.188491177756856e-09,8.696634985394737e-15,3.975139564141132e-12,1.035459666365132e-13,1.251761457071265e-13,3.213969324521872e-15,5.388577868638295e-15,4.832004703454808e-15,2.351501789198953e-18,9.995740809265736e-17,3.655097692742523e-20,2.394805837284847e-21,4.908360226855694e-17,1.384584474744851e-13,3.844926840382677e-17,2.379998454846143e-18,9.299404236370054e-07,6.349554852794018e-06,2.479399304778441e-08,2.830998327249839e-08,1.746007116299820e-08,7.232697000938604e-13,1.261048849365113e-15,7.354237103218197e-24,2.147213525323645e-23,2.196281532181545e-19,6.027685346579017e-19,1.516969702708694e-19,1.053846237424287e-01,7.934822972057082e+03,0.000000000000000e+00,2.347180545279576e+03,1.013250426833577e+05,

