1
0
63
1
(4 0
((0,0) (7,127) (0,0))
((0,256) (7,383) (0,0))
((0,128) (7,255) (0,0))
((0,384) (7,511) (0,0))
)
4
FabOnDisk: SD_0_New_MF_D_0003 0
FabOnDisk: SD_0_New_MF_D_0001 0
FabOnDisk: SD_0_New_MF_D_0002 0
FabOnDisk: SD_0_New_MF_D_0000 0

4,63
-8.217922815769581e-08,-3.222282115183537e-03,1.577349682373162e-01,7.221429329316304e-19,1.082082502528424e-17,4.822507677165152e-14,1.353166515162063e-08,8.849023065516612e-06,2.515429385850125e-06,5.531480351497973e-09,2.863238107938501e-03,-1.082549120300657e-19,-3.428777544287590e-22,1.730070986225158e-23,1.600254248784935e-10,1.214168427377406e-10,4.482189264568487e-19,1.810151271418530e-09,1.661015874831646e-13,-1.931888269705303e-22,1.263209895196579e-11,8.365874329655663e-07,7.828816439590863e-08,-1.617018527809487e-21,5.841434460941426e-09,1.794229512613763e-19,3.504353555581481e-09,8.889927959623377e-19,2.034175181710960e-14,-6.355420756414380e-21,5.861227755947878e-10,6.710380418133335e-17,3.141449705489157e-18,2.313901087586894e-12,1.038299945147682e-15,7.268765150864016e-15,5.109948017329669e-15,6.637248333614463e-15,-2.027895369237355e-20,2.680772050111507e-15,1.122619728223222e-18,-6.436301346607343e-20,2.160023027502431e-15,1.204776395703881e-13,2.815112109313960e-16,8.471456880673483e-18,8.070299480357256e-13,2.617762608980165e-13,1.086179730965037e-11,2.525974440146496e-12,4.551420440804718e-12,-1.904072385835095e-19,8.985986709434019e-15,-2.820735116526725e-20,-2.485736107229285e-17,-1.715743750474217e-17,-3.387409380492790e-17,-1.509620577322324e-17,1.131584927529787e-01,4.145990450243177e+03,0.000000000000000e+00,4.430193904122376e+02,1.013250000000000e+05,
-2.465752481933062e-08,3.454340139379581e+00,1.469412055519678e-01,7.211485933112945e-06,6.953271187239935e-05,5.063125870758409e-04,1.327204005362796e-07,6.114500373674514e-05,1.235474798707238e-02,1.461019980322384e-08,1.325117325749474e-03,8.175161882096332e-11,3.932451654244507e-10,3.433104163654936e-11,1.510995045164511e-09,3.790317426599219e-10,1.131533308876414e-09,2.353918718380447e-09,5.150269230923274e-12,1.763522969994392e-11,1.783077283711131e-11,3.781409296899309e-03,2.305507241875798e-02,1.281946444062953e-10,1.260440583618319e-08,1.660363555379730e-10,5.023963027746084e-09,1.279683803197360e-13,2.322751689784382e-15,4.187363525536478e-09,2.192851850126974e-09,8.776252095915915e-15,4.001271283029759e-12,1.041987773972896e-13,1.255234104830260e-13,3.239008902350011e-15,5.409153554735512e-15,4.852753350108878e-15,2.370411607531427e-18,1.009139844717172e-16,3.690397416901853e-20,3.804383463562276e-22,4.964847742513471e-17,1.389757604825392e-13,3.878611286117446e-17,2.379766936872935e-18,9.330383597971957e-07,6.371542983314575e-06,2.484507592463539e-08,2.858150841918466e-08,1.764538016744653e-08,7.275820609364475e-13,1.269635125096455e-15,-4.458315296035167e-23,-5.149452975260370e-23,-2.554536752848344e-19,-7.240196322520987e-19,-1.920838134447599e-19,1.053907061389648e-01,7.832859952188326e+03,0.000000000000000e+00,2.291911682038900e+03,1.013250000000000e+05,
-3.877514798683359e-08,3.207680688932054e+00,1.490535434658614e-01,1.041992820752443e-05,1.012494218401375e-04,5.933772113807553e-04,1.327231977665203e-07,7.162926085474173e-05,1.234115888503853e-02,2.220862862314276e-08,1.661561227659492e-03,1.370548401216083e-10,4.155849916442501e-10,5.033397627105362e-11,1.389855393470480e-09,1.986300824784569e-10,1.890933527174780e-09,2.855616361538830e-09,5.465436250681177e-12,2.613533046937384e-11,1.933333148666109e-11,4.284702737172178e-03,2.215613796707478e-02,1.317883735730955e-10,1.071236222200329e-08,2.996123580119777e-10,6.850504622069311e-09,2.961905863915940e-13,5.350349845258679e-15,2.989581382974709e-09,1.191207431973390e-09,2.704185632033717e-14,8.767828560597485e-12,3.195559521560055e-13,2.972084650298187e-14,7.264874509869226e-15,7.978515569498267e-15,8.770976693824930e-15,9.321516244833993e-18,3.287823627520875e-16,1.114585783055310e-19,1.165650098348813e-20,1.745967088929284e-16,6.622124654029347e-14,8.300564828462844e-17,2.867336224809089e-18,1.550028204785964e-06,1.068326273648802e-05,1.787647575460029e-08,9.480219610829589e-08,5.986204772792973e-08,1.429196142856512e-12,2.834107294883958e-15,-2.097460110356852e-21,-4.068372507597873e-21,-3.601133131211287e-18,-9.918336579394218e-18,-3.049447790325989e-18,1.069101098230175e-01,5.942395061184812e+03,0.000000000000000e+00,2.147841387910076e+03,1.013250000000000e+05,
-2.107275386630490e-08,3.520895981106259e+00,1.460786721954335e-01,6.071822206413918e-06,5.801145728043240e-05,4.680783736462753e-04,1.349727645811127e-07,5.686566102591076e-05,1.235248856886765e-02,1.203900637481100e-08,1.182155836304790e-03,5.080643075589022e-11,2.702158335123706e-10,2.280695096106332e-11,1.082103258477539e-09,2.969207178980065e-10,8.659372039624275e-10,1.618917541554050e-09,3.525752843136349e-12,1.164902985093803e-11,1.244597783558810e-11,3.565257696627252e-03,2.343914534657812e-02,8.705711108996699e-11,9.003647404494874e-09,9.963626392686994e-11,3.354434853006355e-09,6.870096284775904e-14,1.242525851073083e-15,2.984683113120522e-09,1.618753483750416e-09,4.068696886253937e-15,2.166903205329101e-12,4.843926802954278e-14,8.127057494959441e-14,1.564197462543560e-15,3.158781075716877e-15,2.769906185694444e-15,9.507886898267223e-19,4.429488328566927e-17,1.662737063410094e-20,1.092727909878827e-22,2.114073777541057e-17,7.807758672726759e-14,1.729251376266800e-17,1.184217306633680e-18,5.856480284804979e-07,3.982907929480181e-06,1.796258106082583e-08,1.321201896604783e-08,8.078043543641910e-09,4.225484699051877e-13,6.940131150010099e-16,-3.269558708726736e-23,-3.562692344945080e-23,-2.054258246474270e-19,-5.887165754408040e-19,-1.555761472186125e-19,1.047705432350041e-01,7.926823652555401e+03,0.000000000000000e+00,2.330878409619940e+03,1.013250000000000e+05,

4,63
7.645220882149945e-08,3.202611909432614e+00,8.371714011384869e-01,5.118495055623632e-05,4.647411432745169e-04,9.711755687089548e-04,1.186370776295828e-04,3.152734545832720e-04,1.319451473081694e-02,2.124285583116784e-05,1.827403059984979e-01,1.331962264093665e-06,6.185659451454411e-06,6.993123956072397e-07,2.206431957795538e-04,2.494171721866093e-04,2.038182382839126e-05,5.051922729317161e-04,1.428731379739515e-05,9.584150865940258e-07,6.566171874140058e-05,1.401170964875792e-02,2.214685643185342e-02,7.242163757745122e-07,5.822105003260502e-04,2.135329163932461e-05,4.401243964711899e-03,9.388917712691702e-05,4.369201216981978e-04,3.044944686564523e-05,1.160548056898809e-04,1.341480728687809e-07,3.153172915791347e-05,3.790849267127037e-05,1.119157793258986e-05,5.533791250918555e-05,2.972656647551326e-05,3.844034145123924e-05,3.022346346398675e-06,6.397354211907075e-04,1.019689295619316e-05,3.998112776330704e-06,1.135602336607963e-04,1.523240174799678e-05,6.604423305969961e-07,1.466001792452134e-08,2.488846995889881e-06,1.756293113101526e-05,2.879178526692804e-05,1.250967537473231e-05,1.620344604231058e-05,1.610236098279610e-06,4.483584762576278e-04,8.917452330022364e-06,5.258539430985908e-02,1.640623559972300e-03,1.330918444546264e-04,4.450282587642899e-04,6.018332446676226e-01,7.540736989247795e+04,0.000000000000000e+00,2.145313839294282e+03,1.013250000000001e+05,
2.514816008431300e-08,3.520561024124983e+00,1.490273185267193e-01,1.037674103028958e-05,1.008290740708350e-04,5.923548609903438e-04,1.349555352027557e-07,7.150009497711535e-05,1.235718161718075e-02,2.210323445954437e-08,1.657500174751491e-03,1.365004587206225e-10,5.321919087095053e-10,5.020248216796093e-11,1.899147253993355e-09,4.048577996630419e-10,1.880478832617415e-09,3.217986793455839e-09,6.986509680460767e-12,2.606410826368672e-11,2.347336160193531e-11,4.278703690253190e-03,2.343746756213135e-02,1.758455417478405e-10,1.579956221111120e-08,2.981535800907617e-10,7.204091977489895e-09,2.938997538836017e-13,5.309651519297673e-15,5.169883719104700e-09,2.488964131590465e-09,2.675299514002898e-14,8.707701155800975e-12,3.161464367109694e-13,1.478742367258603e-13,7.219163248783699e-15,8.882945792968645e-15,8.732344586640374e-15,9.199141889981970e-18,3.250996713253683e-16,1.102702127543203e-19,1.360772910911530e-20,1.724771501711015e-16,1.784342981821226e-13,8.256917083811960e-17,4.177609029626463e-18,1.543726322769004e-06,1.063869016332326e-05,3.012878415742738e-08,9.365568929079274e-08,5.912213902820820e-08,1.420707716634609e-12,2.813319230161836e-15,5.968004599340311e-23,6.329892212965820e-23,3.142258789796424e-19,9.050152465391600e-19,2.377682122363824e-19,1.068912403933776e-01,7.926777068015351e+03,0.000000000000000e+00,2.330721528784940e+03,1.013250000000001e+05,
3.163874437685348e-08,3.453873947213601e+00,1.575727446369538e-01,2.845648443116201e-05,2.635544593426889e-04,8.510521902529028e-04,1.896577438142883e-07,1.107634327694592e-04,1.235718737793968e-02,7.124761808547981e-08,2.842760441828632e-03,1.954511076274955e-10,5.597656565721698e-10,5.829481753583019e-11,1.930598529519347e-09,3.968021590092114e-10,6.826713350275636e-09,3.464943126875160e-09,7.339769982883759e-12,3.075057803372482e-11,2.444358034449026e-11,5.914241738304488e-03,2.305069408051797e-02,1.850712509378101e-10,1.599213962573547e-08,5.165931720753976e-10,8.057522235963535e-09,1.147202027473496e-12,2.007264355461948e-14,5.190184259736201e-09,2.484506419657684e-09,1.805472604181174e-13,2.201824951935119e-11,2.269282207426269e-12,1.453082645237971e-13,1.190500790300402e-14,1.039603824537304e-14,1.210934320866693e-14,1.197518965018918e-16,2.627284697130090e-15,1.092896298794174e-18,4.224154873520657e-19,2.098608925989071e-15,1.783297220630534e-13,2.582172721851879e-16,7.754760647339653e-18,2.484910735318691e-06,1.752871169565929e-05,3.019444469561203e-08,1.535769773900922e-06,1.042388203521342e-06,3.642272194538284e-12,9.715317406863171e-15,1.240906227370693e-21,2.562494893497546e-21,1.902102937502639e-18,5.204392691106573e-18,1.623502513147188e-18,1.130417140759417e-01,7.830856316724925e+03,0.000000000000000e+00,2.291433413187491e+03,1.013250000000001e+05,
2.111104574573780e-08,3.549513713121277e+00,1.469329383642119e-01,7.200286555677199e-06,6.941987790682872e-05,5.059490660700013e-04,1.367927554892882e-07,6.110379961171857e-05,1.235472734699460e-02,1.458476510497077e-08,1.323753788065564e-03,8.147013202904631e-11,3.922051132787192e-10,3.423073391526274e-11,1.507500754500674e-09,3.784423621035101e-10,1.128927976517520e-09,2.347688068897247e-09,5.136509865238376e-12,1.758291509462514e-11,1.778587503349831e-11,3.779345960446464e-03,2.361442151768688e-02,1.278442927500397e-10,1.257506789064089e-08,1.654204031809276e-10,5.009527947974998e-09,1.273871394638048e-13,2.312161957476721e-15,4.177599856333576e-09,2.188401962893237e-09,8.727535145886346e-15,3.983433940252020e-12,1.036225451360543e-13,1.251675214542823e-13,3.222616756321707e-15,5.388735660447463e-15,4.833358315455940e-15,2.355372065933071e-18,1.003242526150792e-16,3.669774181324469e-20,2.824444261587615e-21,4.934782049934929e-17,1.384641674052207e-13,3.857809394000319e-17,2.369532750576416e-18,9.298952734731507e-07,6.349873834513676e-06,2.478990584973848e-08,2.842147123961942e-08,1.754542101426915e-08,7.246971307214943e-13,1.264031799553423e-15,3.480243279680886e-23,3.311282525948754e-23,2.428626718070470e-19,6.237189556092522e-19,1.715629942521044e-19,1.053847626484857e-01,7.933456158165576e+03,0.000000000000000e+00,2.347197142707917e+03,1.013250000000001e+05,

