1
0
56
1
(4 0
((0,0) (7,127) (0,0))
((0,256) (7,383) (0,0))
((0,128) (7,255) (0,0))
((0,384) (7,511) (0,0))
)
4
FabOnDisk: SD_5_Old_MF_D_0003 0
FabOnDisk: SD_5_Old_MF_D_0001 0
FabOnDisk: SD_5_Old_MF_D_0002 0
FabOnDisk: SD_5_Old_MF_D_0000 0

4,56
-7.561966461177522e+00,-1.936470105285563e+01,-2.775718704770500e+01,-6.662519717262708e+00,-8.896415376761718e+00,-8.242737690271150e+00,-1.147147444844750e+00,-6.339270790241709e+02,-2.548399294461540e-01,-6.415158137095220e-01,-7.629550385139129e-02,-1.293100159158360e+01,-1.250625668692244e+01,-1.298513122301199e+00,-9.497829121843582e+00,-5.299674076444973e-01,-6.923931659050625e-02,-2.775091194923091e+00,-1.341604405858997e+02,2.852076214088228e-13,-8.075976430072598e-02,-4.558604923091114e+01,-1.692641864938098e+00,-1.977699304883543e+02,-6.151473664718619e+00,-2.379466681046156e+01,-3.806368430111466e+00,-2.780330795885639e+00,-7.848258874859571e-03,-2.177674087074381e+00,-1.518052182530607e+00,-8.263651877549243e-01,-3.577018580453474e+00,-2.047119708288242e+00,-2.531389894560463e+00,-1.725521056392477e-01,-3.248972704206369e+01,-3.396820009557128e-01,-3.458344274211308e-01,-7.912811237031325e+00,-7.728248763338788e-01,-1.728030011687388e-02,-6.088594645271158e-04,-7.264178264768267e-02,-1.591641282215612e-01,-1.944762987150531e+00,-6.865056963411410e-02,-3.069350912115619e-01,-8.817397514321351e-02,-2.143273153568839e+01,-3.097372514574616e-01,-6.001414565707569e+02,-8.520892517494251e+01,-8.329674670478223e+00,-2.364810866051550e+01,-1.623334355826955e-09,
-2.204218510959129e-02,-1.825143686090293e-01,-1.368019211996330e-01,-3.416187585815087e-04,-2.411635502543607e-02,1.326363863468323e-01,-1.448394651362221e-04,-8.126913503348905e-01,-4.379239315444451e-07,-4.032215532357273e-07,-9.200485805682328e-08,-5.959352959237658e-07,-7.070821945974920e-08,-1.402076595852560e-05,-1.335164292570430e-06,-6.017019131584413e-09,-5.039228556532729e-08,-1.621747269546041e-08,-1.089558471030649e+00,7.526671673187366e-01,-2.059973751580492e-07,-5.105486792215008e-06,-1.653141698822728e-06,-3.880640455756902e-06,-5.384065275048599e-09,-5.395702053402847e-11,-1.948282874256566e-06,-7.719793475785029e-07,-6.885399261180253e-10,-9.926091529057529e-08,-2.060420860419765e-09,-5.528844131140937e-11,-6.622844381222252e-11,-5.700411246514130e-12,-8.118756839087807e-12,-3.584390345207877e-13,-9.638639139936215e-12,-4.321863287074949e-15,-1.253938458838694e-14,-7.968272415401265e-12,-9.899763850227633e-11,-8.655761807961162e-13,-9.120893244428014e-14,-1.068086309927502e-03,-8.320683420752926e-03,-9.522618743284839e-06,-3.286481154952925e-03,-2.849091949004352e-03,-1.432739773917718e-08,-4.093441447651073e-11,-2.435977504306852e-16,-1.213368695871949e-15,-1.423785943156610e-13,-1.447478283418523e-13,-1.304310631660345e-13,-1.748301503567973e-10,
-1.618543885553373e-01,-8.627771242111854e-01,-3.279292801702015e-01,-1.654539626143326e-03,-1.164039250863817e-01,4.113596052338783e-01,-6.333507985519558e-04,-3.797925663726927e+00,-1.421361883696344e-07,-6.445336560796296e-08,-2.040130621452950e-08,-3.645179660175406e-08,-5.125867827336317e-08,-6.221080774674841e-05,-8.548902544992890e-07,-9.515979522757845e-10,-1.335957490754956e-08,-6.919036565454160e-09,-4.151144310410268e+00,1.760664072334373e+00,1.274518613916809e-08,-3.947637064440454e-07,-6.752301273923178e-07,-2.019834769065670e-06,-6.556480380738883e-09,-7.330253075027751e-11,-1.106999752042248e-07,-1.637950124846323e-06,-1.213264530696548e-09,-4.653474884738871e-08,-8.702575946011082e-09,-3.344489040554562e-11,-2.111998573420143e-11,-5.282776972624680e-12,-6.082383982246780e-12,-1.847514797253945e-12,-2.359235227037692e-11,-1.961488329512577e-14,-2.358652051917792e-13,-5.079030179629849e-11,-1.437398501177873e-08,-5.985474863815691e-11,-2.105050688834139e-12,-1.231727273630204e-03,-9.729455790607307e-03,1.262668612200752e-07,-3.096377475969144e-02,-4.374606607155759e-02,-6.659671963335928e-09,-2.754036194739240e-11,-4.523204234680514e-15,-1.093717585736905e-14,-2.054510890738840e-12,-2.183968457359150e-12,-1.874309305546710e-12,-2.400377674405263e-10,
-9.351592343510250e-03,-8.780110328544498e-02,-4.823529454320029e-02,-7.925513230059821e-05,-7.499269779101031e-03,3.597583375680391e-03,-6.807833397514036e-05,-3.359084007550586e-01,-8.456843603522878e-07,-7.978161457132964e-07,-1.985978738315981e-07,-5.976591210293051e-07,-1.196036337735296e-07,-7.605272031290500e-06,-1.497946616871413e-06,-1.226114636889109e-08,-1.084335698321097e-07,-2.069028943465231e-08,-4.624288122396427e-01,3.555398189807745e-01,-4.356272347824886e-07,-5.110393128123654e-06,-2.467342223217178e-06,-5.410888490678395e-06,-3.654444712788017e-09,-3.661665225741495e-11,-2.440759170814323e-06,-8.542515945833757e-07,-3.352478723750224e-10,-9.165290032097189e-08,-7.783930257257013e-10,-6.360582986455818e-11,-9.610020944085487e-11,-4.109073749122198e-12,-1.661266991147758e-11,-1.058257391458506e-13,-4.148244503699151e-12,-1.914086470175031e-15,-6.941065439429764e-15,-2.883217544571303e-12,-1.208880548726306e-10,-1.429020486421295e-12,-4.125513257811497e-14,-5.668408153417053e-04,-4.615832211648213e-03,-9.453007979086551e-06,-1.219632042231071e-03,-9.202550138105435e-04,-1.560334790800144e-08,-3.300047810510154e-11,-1.255305949595888e-16,-2.358159694822651e-16,-9.584704388524337e-14,-7.763199934295817e-14,-8.238493483659165e-14,-1.830426921145545e-10,

4,56
5.619402004330571e+00,3.105328253113636e+01,4.446164627311103e+01,8.499631932595765e+00,1.289732752554649e+01,3.184027234859214e+02,5.932415839860951e-01,-1.043314057369571e-08,6.279697715589336e-01,1.533388088752150e+00,1.747891492673911e-01,2.790747205476308e+01,1.459970294653217e+01,2.997443137423895e+00,1.484619734532301e+01,4.567131689188105e-01,2.003969739561799e-01,2.755152806489409e+00,4.520750973425836e+02,2.806357051207490e+02,2.016598944712267e-01,5.105787012827624e+01,5.303849558453651e+00,3.042609885484876e+02,1.459407962688355e+01,2.399631368609729e+01,8.711945991625203e+00,3.387298157423132e+00,2.539544189671911e-02,4.352494290152983e+00,2.446352889270277e+00,9.762957580820810e-01,3.558032194158367e+00,2.077011275810809e+00,3.714847645770566e+00,3.004732163130734e-01,3.380929934859451e+01,1.675613271088033e+00,7.272060706048858e-01,7.888120007940028e+00,1.124690816189692e+00,4.482233688636930e-02,8.720877000552344e-04,7.301433900551260e-02,2.858923604545712e-01,2.052996790743992e+00,4.568556919769924e-01,6.451937601915858e-01,2.969942899384197e-01,1.642736301144460e+01,2.228166467090807e+00,5.192036344891664e-03,8.869082465427192e+01,1.475940750730266e+01,2.485150355867122e+01,1.670173332968261e-09,
-4.918724797262729e-03,-3.032489188154763e-02,2.402074001575327e-01,3.977071330872456e-06,-7.796460264738165e-03,4.348207870763474e-01,-7.271800011439944e-06,-3.375535162558227e-01,-3.967773753320980e-08,1.218816744367464e-07,-1.767050945692853e-09,3.255879005843805e-08,1.197602356436083e-07,-3.429510382734087e-08,-2.651101707266938e-07,1.477018052524426e-09,-9.936297139885115e-09,-7.197350317851971e-09,-4.668194349391028e-01,1.745149222364554e+00,1.365135039657266e-07,-7.022808168991415e-08,-7.472386138896314e-08,-1.375035857947860e-06,-1.299425412387232e-10,-3.123345876801887e-12,1.728981790809986e-06,4.238371902027633e-07,-1.696570755250243e-11,-6.002866297670566e-09,-1.915218733904840e-10,1.046831206661730e-10,-5.139002189277672e-12,2.380944924722598e-12,8.420541200782607e-12,2.456118251844627e-14,-1.650354513601049e-13,7.061451051163513e-17,1.031338776685820e-14,-1.443832646969162e-13,5.255793542956590e-11,2.450832520425505e-15,7.021290782862904e-14,1.779859620345754e-03,-4.643489517451299e-03,3.217203462397219e-05,-6.584012100308566e-05,-4.025695710732577e-05,-2.754400157825755e-10,-1.400279511754848e-12,1.812923451410064e-17,5.523626450648894e-16,5.495833667559944e-19,7.201986348984609e-19,6.151887584740441e-19,1.785610548310501e-10,
-1.519028014359195e-02,-9.142874575640289e-02,3.870207767088746e-01,-1.482537713883628e-05,-2.433932912490920e-02,2.500666081765848e+00,-2.824025266596218e-05,-8.184737791255292e-01,1.968012216902948e-06,2.124771412932092e-06,4.003592445494617e-07,4.734756624720767e-06,5.068743255961231e-07,-1.120242565238420e-06,1.051777020552203e-05,1.758123963016068e-08,1.741183460782681e-07,5.171819506365324e-08,-1.099337978097198e+00,6.574187196765260e+00,7.181618742076053e-07,2.951565573575756e-05,5.080143281002851e-06,2.570710608548544e-05,8.517467652737611e-10,-9.072097655974323e-12,8.429982532600256e-06,2.849927251604445e-06,-7.288505017817402e-11,1.941379001810838e-07,-8.301385254111245e-10,2.244576917463938e-10,1.482648253458794e-10,2.197754372522540e-11,6.057836159540668e-11,9.431072205787814e-13,-1.167559896565915e-12,1.098945105855739e-14,4.259356374647479e-13,-8.940740838576885e-13,2.946083080608998e-10,2.664709870441212e-12,2.388349496862343e-12,1.762467520340081e-02,3.989086276441147e-02,4.406479557361777e-05,-3.819559923098893e-04,-2.765873841792114e-04,2.640475813385071e-08,5.223872605077419e-11,7.904416081289169e-17,8.179776843056612e-15,1.916807280594192e-16,8.353753999757456e-17,2.063335175074945e-16,2.321844938535378e-10,
-1.969988386124910e-03,-1.392844281550936e-02,1.597996275528089e-01,2.538950472362302e-06,-5.412821964499714e-05,1.244233106436183e-01,-3.004779916937343e-06,-1.715610820422485e-01,-5.028273532545256e-08,-1.802416834448007e-07,-1.572191919082615e-08,-3.089991807836487e-07,1.318163053066126e-07,9.457971556574317e-08,-9.270272556029452e-07,-2.305891354293546e-09,-8.838925529150450e-09,-8.007071633359150e-09,-2.188204528822190e-01,7.456971239336296e-01,-5.679408221232035e-08,-9.642625299314476e-07,-9.206006237031335e-08,-2.264782346325177e-06,-8.071299804338200e-11,-1.579069155557850e-12,-7.428894075464966e-07,3.992320156915235e-07,-7.353942231478437e-12,-3.176089108510921e-09,-7.219699288472756e-11,4.755657140647191e-11,-2.994633172902907e-12,-2.145760754173579e-12,-2.897931154463030e-12,8.042231577107864e-15,-6.589731460110241e-14,2.981206504668294e-17,7.703492514715112e-15,-5.001794630840376e-14,-8.772537584703763e-11,-3.022233318131356e-14,4.373529424360627e-14,4.556554251309469e-04,-2.931988351614744e-03,4.077434294083211e-05,-2.508883817701681e-05,-1.538657425259689e-05,-3.720267575432912e-10,-8.248631619946542e-13,8.994564209049848e-18,2.235279261206388e-18,3.589346157283468e-16,3.323505885348289e-15,3.867138760189652e-19,1.515348402314487e-10,

