1
0
56
1
(4 0
((0,0) (7,127) (0,0))
((0,256) (7,383) (0,0))
((0,128) (7,255) (0,0))
((0,384) (7,511) (0,0))
)
4
FabOnDisk: SD_5_New_MF_D_0003 0
FabOnDisk: SD_5_New_MF_D_0001 0
FabOnDisk: SD_5_New_MF_D_0002 0
FabOnDisk: SD_5_New_MF_D_0000 0

4,56
-5.945330050037961e+00,-1.441516639276337e+01,-3.141700742840737e+01,-5.148154554394956e+00,-8.353075330398651e+00,-9.192014733104596e+00,-1.003762732963760e+00,-6.407086802790195e+02,-2.351881305203015e-01,-8.501545410981168e-01,-1.055122031217485e-01,-1.301526800020324e+01,-1.230702295628852e+01,-3.065331378920311e+00,-1.110092583910712e+01,-3.509801885977952e-01,-1.754729720228935e-01,-2.556601639521508e+00,-1.358856185438094e+02,4.026285217528936e-13,-1.117148436203438e-01,-4.590064821192265e+01,-2.471702350949621e+00,-1.931994923397610e+02,-9.746867932464131e+00,-2.212613595900039e+01,-4.476730695548599e+00,-3.180898233309104e+00,-4.779848722129929e-02,-1.672224027995101e+00,-1.603945697255996e+00,-8.796029568772923e-01,-3.624251818227289e+00,-2.101011247964054e+00,-2.900503091173334e+00,-2.337308827979754e-01,-3.097614322012391e+01,-3.734084125758307e+00,-5.594983861361296e-01,-8.200270036484698e+00,-7.977903795735963e-01,-3.869963207283637e-02,-5.460160812614431e-04,-8.369316101167916e-02,-1.292832907302699e-01,-1.947897708535663e+00,-6.715419839248798e-02,-2.991720313112993e-01,-3.013202453170042e-01,-1.982054341366140e+01,-5.162034395359580e+00,-5.196212603842498e+02,-8.225153612648910e+01,-8.721958447020098e+00,-2.283334204063704e+01,-0.000000000000000e+00,
-2.202500658787846e-02,-1.824863779145880e-01,-1.789620175961063e-01,-3.406960563868326e-04,-2.826396483717874e-02,1.326490798914452e-01,-1.440786840290544e-04,-8.035265438830569e-01,-4.376571910199091e-07,-4.038297484482222e-07,-9.193091849501980e-08,-6.404945910910597e-07,-6.820362534786911e-08,-1.397569408429725e-05,-1.336732202025527e-06,-6.014233015682275e-09,-5.034323199554232e-08,-1.608116465434253e-08,-1.105965268841796e+00,7.526341397305831e-01,-2.051275983002810e-07,-5.310112348265973e-06,-1.651867243102634e-06,-3.884030391225103e-06,-5.373047699798156e-09,-5.390019307231761e-11,-1.700953871059266e-06,-6.658350136312410e-07,-6.880383341637905e-10,-9.912673974403486e-08,-2.059942626316524e-09,-5.420618967204846e-11,-6.614324897294850e-11,-5.038854119116511e-12,-8.220067100797058e-12,-3.581654982083133e-13,-9.631776392219006e-12,-4.314421398888258e-15,-1.188913959552877e-14,-7.957512391704895e-12,-9.901935026052543e-11,-8.636172660560112e-13,-8.842402159333073e-14,-9.959881336615325e-04,-8.223344336331104e-03,-8.602595243072683e-06,-3.283891767218430e-03,-2.845942991156043e-03,-1.429067262188433e-08,-4.087567654172176e-11,-2.398891599554814e-16,-9.965643544160372e-16,-1.409735845353226e-13,-1.457442139010157e-13,-1.292489798615321e-13,-0.000000000000000e+00,
-1.577971115452335e-01,-8.730675400570903e-01,-4.867234898873839e-01,-1.629697377244231e-03,-1.342534628951049e-01,4.117359447251115e-01,-6.141125262528940e-04,-3.774162448748989e+00,-1.422626342610331e-07,-9.769439347220056e-08,-2.502399516761525e-08,-1.346251478628960e-07,-5.053794323894743e-08,-6.208236698542552e-05,-8.247825696419035e-07,-1.310195074539488e-09,-1.330475228983511e-08,-6.717983578304091e-09,-4.166900324754391e+00,1.785726689165877e+00,-3.477486512461987e-08,-8.204521014479674e-07,-6.738397624361491e-07,-2.665895381198628e-06,-6.491716812848675e-09,-7.287441084268427e-11,3.759374722182754e-07,-1.630758125543426e-06,-1.209500363263494e-09,-4.627356219439075e-08,-8.780148083393703e-09,-3.255432850201239e-11,-2.101995769900722e-11,-4.488827465175311e-12,-6.182000175000848e-12,-1.844489213310843e-12,-2.353264134392687e-11,-1.933964120721041e-14,-2.380664996851742e-13,-5.020944543682932e-11,-1.432911083146582e-08,-5.941515402193698e-11,-2.100198565509438e-12,-1.156156528389032e-03,-9.571436879063016e-03,2.560972285534744e-06,-3.093731539332489e-02,-4.356539764107924e-02,-6.582559612126794e-09,-2.728570174964385e-11,-4.611705062763508e-15,-1.105343702095585e-14,-2.093287869322865e-12,-2.230005952517047e-12,-1.912683480524574e-12,-0.000000000000000e+00,
-9.349027537315880e-03,-8.779267501622010e-02,-6.114416759298642e-02,-7.909362077226566e-05,-7.756643665171447e-03,3.644025375103697e-03,-6.791228323473098e-05,-3.358758626272588e-01,-8.454170055128786e-07,-7.977815754475140e-07,-1.985228257799494e-07,-6.320634302928458e-07,-1.200691464913292e-07,-7.594871414209654e-06,-1.498420567536165e-06,-1.225725995031808e-08,-1.084014119412984e-07,-2.065859456843327e-08,-4.623365412896263e-01,3.814533344406886e-01,-4.355229228827168e-07,-5.247633846483599e-06,-2.466684905848094e-06,-5.410857753136015e-06,-3.652233691236087e-09,-3.660577790714816e-11,-1.753353042549944e-06,-8.237727407617337e-07,-3.351545925959992e-10,-9.162188988399366e-08,-7.783341596410016e-10,-6.354869478525055e-11,-9.607033805724091e-11,-4.098779037299705e-12,-1.661839026294220e-11,-1.057962774347759e-13,-4.147185794599480e-12,-1.913555320079357e-15,-7.011572112562354e-15,-2.882358781781760e-12,-1.208876305018392e-10,-1.428337060178494e-12,-4.112227829753331e-14,-5.596407139081885e-04,-4.607304605464660e-03,-9.230204800404628e-06,-1.219249253855162e-03,-9.198173096441262e-04,-1.559462555043869e-08,-3.298722219496029e-11,-1.344392900357927e-16,-2.316044753100971e-16,-9.546984410868542e-14,-7.816963665315769e-14,-8.215259103576174e-14,-0.000000000000000e+00,

4,56
5.008712437914681e+00,3.616296563372321e+01,5.017339221479478e+01,1.066570326159966e+01,1.194794775620216e+01,3.148366001918968e+02,6.281847892694498e-01,-1.116705183412323e-08,3.967137076715278e-01,8.258690117344366e-01,6.565238731782742e-02,1.948790964153953e+01,1.352902881901390e+01,-5.604499236845933e-16,1.639892244544378e+01,4.273041032959024e-01,1.138724285785000e-02,2.824306435426259e+00,4.535669342644256e+02,2.816668982330622e+02,1.134732035353840e-01,5.199216871353575e+01,1.670849700279469e+00,2.734650270236076e+02,7.157819941048053e+00,2.405783837330734e+01,5.509752666972472e+00,3.938416621374834e+00,9.228036771088742e-04,5.318169137638269e+00,2.255252409277582e+00,1.004902603749070e+00,3.744741316978444e+00,2.105076305382228e+00,4.215506018275306e+00,1.164909788049141e-11,2.843078652435463e+01,2.530409211707446e-01,1.006111237882918e-02,7.583337649299177e+00,1.166551517911398e+00,2.179149492985085e-02,9.504884785177841e-04,6.885998921603440e-02,2.902653240119238e-01,2.222836221510526e+00,4.485568346233725e-01,6.153758348951083e-01,8.451870592222763e-08,1.479160066129058e+01,1.100491972287723e-13,1.075401417465263e-10,7.312821946832806e+01,1.260924971564474e+01,2.048719574621234e+01,-0.000000000000000e+00,
-3.845311916141476e-03,-3.351201491202201e-02,2.398419565460631e-01,5.191554345777632e-06,-7.821649537973438e-03,4.677253129859223e-01,-8.645584838774607e-06,-3.375005632369198e-01,-8.405630571949793e-08,1.215237699938030e-07,-2.533010070191238e-08,3.170085275198143e-08,1.290986690446137e-07,-9.424857292811775e-07,-2.659200248776882e-07,1.483926364443602e-09,-1.303491243614288e-08,-4.338786669727985e-09,-4.667992124560079e-01,1.770924977781034e+00,1.362737948371907e-07,-7.199691183376770e-08,-2.036929986942930e-07,-1.377391631333478e-06,-2.474955009620252e-10,-3.681206676572291e-12,1.730346846444412e-06,6.039612855878135e-07,-2.326629981761858e-11,-6.661855087927926e-09,-1.941575196101357e-10,1.045852189803101e-10,-6.180881060650759e-12,2.362558860111621e-12,8.439660360693589e-12,2.209159961584334e-14,-2.126821880574231e-13,4.003902580487565e-17,1.011747610655909e-14,-1.581822456013988e-13,5.687000455846714e-11,-7.540546279675310e-14,6.932110491818677e-14,1.777373216245355e-03,-4.644649849308538e-03,3.217686322930042e-05,-8.107024819579376e-05,-5.597951231301758e-05,-1.075188306778248e-09,-2.194011186197048e-12,2.158018973614222e-16,1.096231228773056e-15,1.166109958331149e-13,1.212178309677849e-13,1.073598882067235e-13,-0.000000000000000e+00,
-1.249939980429157e-02,-9.893603557440575e-02,3.846783991873435e-01,-1.644195269704104e-05,-2.437473847084978e-02,2.541867702334569e+00,-2.915399139653645e-05,-8.098573884540130e-01,1.893226944337001e-06,2.120113732955400e-06,3.875245508462102e-07,4.677533078328415e-06,5.302861222127081e-07,-3.143485397777516e-06,1.057385369716164e-05,1.775209386739593e-08,1.724384842542632e-07,5.436319999765865e-08,-1.115290840972724e+00,6.598950475752490e+00,7.156335569774389e-07,2.873218543243256e-05,4.922584220328268e-06,2.542519867966993e-05,6.853980916124282e-10,-1.101001193922803e-11,1.026827164462980e-05,3.628723220322395e-06,-1.006037923727175e-10,1.933752829992973e-07,-8.460485730902714e-10,2.403078229664663e-10,1.473572275869943e-10,2.401490706694316e-11,6.065012238347567e-11,8.832975911081381e-13,-1.353314127748164e-12,3.702439553569755e-15,4.108114285586765e-13,-9.270312501190032e-13,3.006991529033460e-10,2.664708545768647e-12,2.413372553885025e-12,1.759733159400649e-02,3.971355690916111e-02,5.384958060376860e-05,-4.376790041724507e-04,-3.392270572079873e-04,2.564769204080166e-08,5.199069422376432e-11,7.861551643549507e-15,1.740763445721315e-14,3.747418053198788e-12,3.948187653988621e-12,3.417778155958791e-12,-0.000000000000000e+00,
-1.653698777039743e-03,-1.522480605762130e-02,1.597339885941307e-01,4.242548089917199e-06,-5.816983705609989e-05,1.281083661679257e-01,-3.693080787222146e-06,-1.686350717056665e-01,-5.111505202701919e-08,-1.811566689947179e-07,-1.837396790955310e-08,-3.092179993065059e-07,1.318247072424324e-07,-4.122149691822975e-07,-1.034850569261889e-06,-2.414273238079201e-09,-9.383930040726953e-09,-7.696600325668130e-09,-2.353162648965818e-01,7.455510164341429e-01,-6.331843287198437e-08,-9.651147603062255e-07,-1.145607684023408e-07,-2.348063730955493e-06,-1.095754114305861e-10,-1.676812174578574e-12,-7.427028592846153e-07,3.994278673578983e-07,-8.349860973645620e-12,-3.140864130067079e-09,-7.262474892255582e-11,4.752253713865518e-11,-3.046224754787282e-12,-2.152941682384577e-12,-2.932435020715732e-12,6.295443321501128e-15,-7.454681323049565e-14,1.376479982865960e-17,7.637782719192301e-15,-5.100400110779178e-14,-8.711317864369296e-11,-3.856499966361259e-14,4.368811172521245e-14,4.552354355124837e-04,-2.922315003438895e-03,4.077322130737868e-05,-2.740747846630003e-05,-1.840401919381709e-05,-5.509853863663608e-10,-1.005206194314737e-12,1.284763838212077e-16,1.560248600128558e-16,8.674958208559061e-14,8.784999646819164e-14,8.061146594237103e-14,-0.000000000000000e+00,

