1
0
63
1
(4 0
((0,0) (15,255) (0,0))
((0,768) (15,1023) (0,0))
((0,512) (15,767) (0,0))
((0,256) (15,511) (0,0))
)
4
FabOnDisk: SD_0_Old_MF_D_0003 0
FabOnDisk: SD_0_Old_MF_D_0000 0
FabOnDisk: SD_0_Old_MF_D_0001 0
FabOnDisk: SD_0_Old_MF_D_0002 0

4,63
-1.817103571494143e-02,1.303622602544155e+00,1.481516094604095e-01,2.907869368945609e-25,3.180631615159130e-24,1.750436058850767e-18,4.277074101406568e-13,1.316917298168499e-08,1.601484599923281e-10,1.687690451068274e-13,2.779991471917495e-03,0.000000000000000e+00,7.216632880469401e-31,4.943081995571645e-32,7.988749821508039e-15,0.000000000000000e+00,2.696587647088816e-25,1.282711424976224e-13,7.336867506540191e-20,2.764929123690319e-32,1.273025150962955e-14,2.626041919278290e-11,6.070691334242648e-13,1.538765933499625e-37,9.407313512309572e-14,4.946735272416285e-30,8.067905969849017e-13,0.000000000000000e+00,0.000000000000000e+00,1.438963178358944e-31,3.042236793974514e-15,0.000000000000000e+00,3.438726006861453e-28,0.000000000000000e+00,0.000000000000000e+00,0.000000000000000e+00,0.000000000000000e+00,0.000000000000000e+00,0.000000000000000e+00,0.000000000000000e+00,0.000000000000000e+00,0.000000000000000e+00,0.000000000000000e+00,8.639970508853680e-19,8.650943724132235e-20,2.223525626180918e-21,2.361627363514018e-19,7.599968483713929e-20,3.084134037129121e-18,7.115604923380055e-19,1.282123441561845e-18,0.000000000000000e+00,0.000000000000000e+00,0.000000000000000e+00,0.000000000000000e+00,0.000000000000000e+00,0.000000000000000e+00,0.000000000000000e+00,1.065342401821623e-01,3.620669762775774e+03,0.000000000000000e+00,4.430000010043647e+02,8.746189050542038e+04,
-3.210836446851208e-07,5.893698103809726e+00,1.461022790011077e-01,6.137256357488419e-06,5.860564644620082e-05,4.703389254661047e-04,1.349096509450886e-07,5.717263060374764e-05,1.235275158064493e-02,1.216006714371640e-08,1.187597384054532e-03,5.219238041687925e-11,2.759993730997306e-10,2.333834639892446e-11,1.102955084163391e-09,3.016463324822809e-10,8.790395176446557e-10,1.653230055309175e-09,3.602754976592414e-12,1.192242627606822e-11,1.268779111744871e-11,3.576849656475021e-03,2.343215393297188e-02,8.893660038784136e-11,9.166573345752397e-09,1.021300548115948e-10,3.419849093096800e-09,0.000000000000000e+00,0.000000000000000e+00,3.040758936669146e-09,1.645999893844314e-09,0.000000000000000e+00,2.227224909985428e-12,0.000000000000000e+00,3.615554021593354e-13,0.000000000000000e+00,0.000000000000000e+00,0.000000000000000e+00,0.000000000000000e+00,0.000000000000000e+00,0.000000000000000e+00,0.000000000000000e+00,0.000000000000000e+00,8.035313468316358e-14,1.796506595574397e-17,1.232023657338404e-18,5.985776602118890e-07,4.071370127443796e-06,1.824243109444217e-08,1.366579556289737e-08,8.357656722741312e-09,4.336475187794871e-13,0.000000000000000e+00,0.000000000000000e+00,0.000000000000000e+00,0.000000000000000e+00,0.000000000000000e+00,0.000000000000000e+00,1.047858754583661e-01,7.928730303430545e+03,0.000000000000000e+00,2.330201950451116e+03,1.013249028318308e+05,
-1.859726953122636e-07,5.822166290527989e+00,1.469741753506003e-01,7.254989417275688e-06,6.997803832487848e-05,5.077611714811970e-04,1.327389059962418e-07,6.130288662937019e-05,1.235448422104708e-02,1.470954538374125e-08,1.330703237859826e-03,8.351376084446038e-11,4.005702946788075e-10,3.500623858024401e-11,1.537320501731516e-09,3.845391197145774e-10,1.142983476149046e-09,2.397889125465039e-09,5.247097701314167e-12,1.798551553761049e-11,1.815512354928442e-11,3.789684373738913e-03,2.303024593388833e-02,1.306119727321283e-10,1.282178967085892e-08,1.696848135744465e-10,5.116407861062622e-09,0.000000000000000e+00,0.000000000000000e+00,4.260367733662853e-09,2.228670716837333e-09,0.000000000000000e+00,4.100615406330467e-12,0.000000000000000e+00,0.000000000000000e+00,0.000000000000000e+00,0.000000000000000e+00,0.000000000000000e+00,0.000000000000000e+00,0.000000000000000e+00,0.000000000000000e+00,0.000000000000000e+00,0.000000000000000e+00,1.433636187090367e-13,4.023727863628778e-17,2.494047673081900e-18,9.528605306814355e-07,6.507668702436998e-06,2.526812630351797e-08,2.940555802214363e-08,1.815810074497400e-08,7.440723196980587e-13,0.000000000000000e+00,0.000000000000000e+00,0.000000000000000e+00,0.000000000000000e+00,0.000000000000000e+00,0.000000000000000e+00,1.054141577734476e-01,7.829194129447750e+03,0.000000000000000e+00,2.289017338410163e+03,1.013249678770987e+05,
-8.312439629026867e-06,5.542810940062468e+00,1.492023835260672e-01,1.066289665484288e-05,1.036438661860734e-04,5.991006045259688e-04,1.327881808392029e-07,7.233260884515777e-05,1.219160327870171e-02,2.280680716210833e-08,1.685003191070411e-03,1.412739921703518e-10,4.081649617581862e-10,5.146248977869250e-11,1.374105521549516e-09,1.949940828284951e-10,1.952700315110870e-09,2.847743511375379e-09,5.255088927955614e-12,2.672024353341840e-11,1.886764056140502e-11,4.318759455889500e-03,2.223592134059675e-02,1.292498723744439e-10,1.049920763660057e-08,3.104830389974978e-10,6.837636582020114e-09,0.000000000000000e+00,1.614329484945714e-15,2.751266634384089e-09,1.072780697054654e-09,0.000000000000000e+00,9.191525682338167e-12,0.000000000000000e+00,0.000000000000000e+00,0.000000000000000e+00,0.000000000000000e+00,0.000000000000000e+00,0.000000000000000e+00,0.000000000000000e+00,0.000000000000000e+00,0.000000000000000e+00,0.000000000000000e+00,5.177037109848591e-14,8.695551770695325e-17,3.352455741187497e-18,1.599470091645229e-06,1.103088667100323e-05,1.614960862565767e-08,1.023414005258897e-07,6.472180129385505e-08,1.474333556458859e-12,0.000000000000000e+00,0.000000000000000e+00,0.000000000000000e+00,0.000000000000000e+00,0.000000000000000e+00,0.000000000000000e+00,1.070165249177222e-01,4.752284218387491e+03,0.000000000000000e+00,2.129979211519844e+03,1.013249039540533e+05,

4,63
1.528379077362597e-02,5.540114448844810e+00,8.373329858655499e-01,6.009865510944291e-05,5.222419797047780e-04,1.099358427507712e-03,1.188604871751014e-04,4.295633658670816e-04,1.597604603772707e-02,2.012642692766657e-05,1.827793169658349e-01,1.420555477835756e-06,6.379560579805686e-06,7.238893133622414e-07,2.330610268124578e-04,2.755007301487245e-04,2.046225655208299e-05,5.003527540898315e-04,1.552235700676011e-05,9.788358520579585e-07,7.072310144819200e-05,1.469200272015858e-02,2.223115999019472e-02,7.897128096723595e-07,6.043168919396097e-04,2.174883288597457e-05,4.382766108978336e-03,1.022935170665697e-04,4.686949149136025e-04,3.179159038881238e-05,1.074532979386758e-04,1.375039658819218e-07,3.110251500508227e-05,3.883057035059519e-05,1.158735946272947e-05,5.558835820821038e-05,2.976058828452149e-05,3.876769824005355e-05,3.132804624538794e-06,6.251156200352609e-04,1.143276187377203e-05,4.466960099565854e-06,1.115206104258252e-04,1.668795933025931e-05,6.585857204635734e-07,1.528991285803371e-08,2.600340105151811e-06,1.835551587015691e-05,2.824891311570932e-05,1.305603091226637e-05,1.545254249010168e-05,1.727635493273336e-06,4.282015676171194e-04,1.024363154119101e-05,5.259456599830604e-02,1.555569263307920e-03,1.357717252795460e-04,4.272225760354951e-04,6.019590895418070e-01,7.277145016586398e+04,0.000000000000000e+00,2.128389126352409e+03,1.256139835147675e+05,
2.970653986658270e-07,5.923708122641322e+00,1.469690030860505e-01,7.247843156613920e-06,6.990614722330033e-05,5.075370318251066e-04,1.366428631814114e-07,6.127727679983565e-05,1.235447816890410e-02,1.469315005180993e-08,1.329854298768342e-03,8.335346294018130e-11,4.000319577010867e-10,3.495195457188433e-11,1.535552580041557e-09,3.842870956510524e-10,1.141346789000167e-09,2.394588349563479e-09,5.239794219177944e-12,1.795654569764510e-11,1.813206358932575e-11,3.788409250271226e-03,2.360209530149977e-02,1.304483196663801e-10,1.280944545845367e-08,1.694084101649450e-10,5.114152274560246e-09,5.767224491218159e-13,3.006257296689669e-15,4.255993956556734e-09,2.226792811272008e-09,1.537561653046750e-14,4.091460967270481e-12,5.440793212744785e-13,3.840415397451809e-12,2.009321726608533e-13,8.261917876643234e-13,1.327687337155118e-12,1.754250226260844e-14,8.448301611411585e-13,4.267806771353419e-12,1.764499927631424e-17,1.310658240339028e-14,1.431054244303976e-13,4.011083144138053e-17,2.487643214367967e-18,9.509980695434221e-07,6.494792198642070e-06,2.523949235446805e-08,2.929561898111023e-08,1.808917377731562e-08,7.428537626885776e-13,1.947583854299223e-13,3.253369860431989e-12,5.436864464735024e-12,6.746123890240572e-12,3.380629014967902e-12,1.848226838270781e-12,1.054104373786551e-01,7.974126647352268e+03,0.000000000000000e+00,2.346630780136385e+03,1.013251623435314e+05,
2.087310199674973e-07,5.893525985805998e+00,1.491881442870552e-01,1.063909138731161e-05,1.034125682052268e-04,5.985503342594584e-04,1.348994162069932e-07,7.226263675490243e-05,1.235581518013798e-02,2.274841637612445e-08,1.682802295477997e-03,1.410924176394720e-10,5.422387251084962e-10,5.144313965386125e-11,1.926512743278323e-09,4.090339590383693e-10,1.947240816751699e-09,3.283053308014611e-09,7.118119140927550e-12,2.672464563818453e-11,2.388122088698298e-11,4.315517390501368e-03,2.343113809809040e-02,1.792455354063334e-10,1.601678215881262e-08,3.097667995769573e-10,7.370651140997801e-09,7.379966220443391e-13,6.940014624349576e-15,5.231815262271414e-09,2.518437907264195e-09,3.759228312867122e-14,9.161581247775156e-12,1.037946178467079e-12,6.151024153964732e-12,5.161942824156947e-13,1.687354434066012e-12,2.954309750634368e-12,5.323402619790534e-14,2.132833992652717e-12,5.495841232791660e-12,6.820178637927479e-17,6.699872830298517e-14,1.823911918727578e-13,8.672874436284000e-17,4.283059782818631e-18,1.596103096686166e-06,1.100702065606721e-05,3.046548247527816e-08,1.016744803117930e-07,6.429055468687688e-08,1.485650615052963e-12,3.604988245102362e-13,1.793974141985178e-12,8.636756186635085e-12,1.509098545286462e-11,6.421563463596794e-12,4.149155567843816e-12,1.070062808496780e-01,7.928568535685875e+03,0.000000000000000e+00,2.330103572490709e+03,1.013250262218135e+05,
1.039857351601020e-06,5.821718566706312e+00,1.587388276815750e-01,3.279969498904049e-05,2.830848756353887e-04,8.632316742222002e-04,1.967793262422594e-07,1.209727353540673e-04,1.235542166194791e-02,7.784655601576392e-08,2.769932666355447e-03,2.120205979730656e-10,5.670363951321904e-10,5.928498173684839e-11,1.955789006699093e-09,3.978711211145982e-10,8.560647099769661e-09,3.516245198983341e-09,7.434272277267837e-12,3.126623533731675e-11,2.474804788463600e-11,6.511685147580747e-03,2.302791641632009e-02,1.874075703998511e-10,1.615870753212640e-08,5.466350560137954e-10,8.193878343873812e-09,1.856721468683454e-12,2.807621893696818e-14,5.242310072044312e-09,2.498809591481309e-09,2.118419340450688e-13,2.169251608458693e-11,3.785611341036267e-12,6.686079870222902e-12,4.719668087984732e-12,6.287561778931924e-12,1.661354713131321e-11,4.995280827609077e-13,1.263729645481090e-11,1.014552058090788e-11,1.768082349919001e-15,2.423277246316304e-12,1.807482344283687e-13,2.497463699363149e-16,6.797259673628991e-18,2.607070013092007e-06,1.840308377206406e-05,3.049626495627264e-08,2.192197032303302e-06,1.497215881833807e-06,4.041245138642685e-12,7.351757698841877e-12,4.330709232793823e-12,1.317487096713418e-10,1.092301235794996e-10,5.869821515763455e-11,3.035532511658573e-11,1.137045983954240e-01,7.828170768457374e+03,0.000000000000000e+00,2.288758349231874e+03,1.013250335836599e+05,

