1
0
56
1
(4 0
((0,0) (15,255) (0,0))
((0,768) (15,1023) (0,0))
((0,512) (15,767) (0,0))
((0,256) (15,511) (0,0))
)
4
FabOnDisk: SD_5_New_MF_D_0003 0
FabOnDisk: SD_5_New_MF_D_0000 0
FabOnDisk: SD_5_New_MF_D_0001 0
FabOnDisk: SD_5_New_MF_D_0002 0

4,56
-7.829967633249733e+00,-1.679473485171324e+01,-2.658682787037677e+01,-6.054454803354279e+00,-9.847226985474475e+00,-8.884285018644960e+00,-1.102611883210035e+00,-6.338878031971560e+02,-2.639039259747468e-01,-8.367758322107886e-01,-9.851986541389389e-02,-1.383923398113233e+01,-1.306361877551074e+01,-1.608623754511834e+00,-1.050059904452585e+01,-4.640311056318552e-01,-7.814163917640980e-02,-2.920527951592542e+00,-1.550578987076012e+02,3.871205266748170e-22,-1.019711798871503e-01,-4.770431384849472e+01,-1.838832200863164e+00,-1.985964541421118e+02,-7.879341622822102e+00,-2.500955997346885e+01,-4.750950321655885e+00,-2.948525361337933e+00,-9.593631969077171e-03,-1.996590393900515e+00,-1.671721270624875e+00,-9.053675063605339e-01,-3.674085382304022e+00,-2.135527729505914e+00,-3.069949027643928e+00,-2.165877107267770e-01,-3.160294168687068e+01,-5.510466707290211e-01,-3.367498292047637e-01,-8.301883293295337e+00,-9.523725519673409e-01,-1.627929185006935e-02,-6.349819988527349e-04,-8.085652156801644e-02,-1.645067908395374e-01,-2.000835091169862e+00,-7.051809699502813e-02,-3.872157019057682e-01,-1.396439101762621e-01,-2.398622414406114e+01,-5.153299005624651e-01,-5.902211287252359e+02,-8.824216664155267e+01,-9.313325110534400e+00,-2.428238146324792e+01,-2.249862518510781e-10,
-3.840619520073500e-03,-3.077746697729517e-02,-9.031070398521104e-02,6.139803541428072e-07,-1.118846898318039e-02,1.061781080637658e-01,-6.926350546308893e-06,-3.444968381721357e-01,-9.190621166606036e-08,-3.403507025003494e-07,-3.431674069904500e-08,-2.234636466901329e-06,-2.811396762989576e-07,-7.050419758359697e-07,-2.181970973145513e-06,-5.410770375820246e-09,-1.965064277326066e-08,-1.904205489510458e-08,-4.921289173610399e-01,2.785246024749433e-01,-9.678774536830335e-08,-9.072106211361989e-06,-2.085207894444466e-07,-8.081885605450560e-06,-2.144672603339899e-06,-2.180517136561434e-09,-3.800745376496818e-06,-1.314451545241721e-06,-8.884858735075568e-09,-5.919150817443671e-09,-4.332278860501385e-07,-3.544570275519346e-07,-3.397222553038228e-08,-1.443632418918911e-07,-2.302098412224059e-07,-4.398198415805832e-09,-3.351470018041215e-07,-2.639841099724254e-06,-8.966696257848787e-12,-5.098339856205637e-09,-1.134295807547486e-10,-5.191030624909353e-14,-2.571368539118429e-15,-7.342003553219407e-04,-5.081895119409148e-03,-1.258119559576549e-05,-4.559779513191867e-05,-2.862750279142005e-05,-1.558174556939957e-09,-4.828290586814157e-08,-1.652667637638250e-06,-2.492545777019935e-06,-9.541693145759625e-07,-6.565626489688431e-07,-2.648163552014879e-07,-1.979589409062399e-11,
-1.286425692568281e-02,-9.666857101445424e-02,-2.088720100895028e-01,2.110820548485865e-06,-2.998834756126183e-02,1.862575404804340e-01,-2.396662030535932e-05,-8.493505769311201e-01,-1.584967658186533e-07,-4.577363900068265e-07,-6.038814863443745e-08,-3.175186331397422e-06,-1.927594988770038e-07,-2.461624657343260e-06,-3.363560193207722e-06,-9.513969806544625e-09,-4.049844638943340e-08,-3.145800585689683e-08,-1.175146413704589e+00,7.952482005153911e-01,-1.305127214954840e-07,-1.024950163393275e-05,-5.049524550494418e-07,-1.757346875020473e-05,-1.871300255605121e-06,-4.431816920696460e-09,-2.616646453864078e-06,-1.117150386387526e-06,-4.580546923688544e-08,-1.631060424175324e-08,-1.969213418978416e-06,-6.783691905167750e-07,-1.219116982361666e-07,-4.450641861124702e-07,-6.403309212256914e-07,-1.810945335021683e-08,-6.938530678979814e-07,-2.964469266906379e-06,-3.484470685342405e-11,-3.505945334022997e-08,-1.109131436776470e-10,-8.572000611846308e-14,-2.964185825201931e-15,-1.225292786825725e-03,-8.720343262198534e-03,-1.053381682268364e-05,-2.719693070847340e-04,-1.761800392323230e-04,-6.195761773050339e-09,-1.689350311822727e-07,-1.855204667703768e-06,-2.904311084849564e-06,-4.754096524645910e-06,-2.136673138695373e-06,-1.307028849071761e-06,-2.109871999333990e-11,
-1.817115125271785e-01,-8.765044931453930e-01,-5.529749237247685e-01,-6.185933182816444e-04,-1.344202583199960e-01,5.048559081096731e-01,-3.115533156476628e-04,-4.425498069728203e+00,-5.041484233213450e-07,-8.596948883632466e-07,-1.995966842203026e-07,-1.403174843029164e-05,-2.967806048646884e-07,-3.634167497878029e-05,-9.229456106520434e-06,-2.658891120709137e-08,-1.481688348248512e-07,-9.358657386704486e-08,-5.334337781515863e+00,1.888165071003056e+00,-1.145517602032449e-07,-7.457735428287455e-06,-2.575653068376129e-06,-7.558763257942141e-05,-2.677405683800383e-06,-1.203957838831875e-08,-1.047407327642536e-06,1.307521898526605e-07,-5.950239842070278e-08,-8.598036613772030e-08,-1.998438459171633e-06,-2.072520973315812e-06,-2.001519360478446e-06,-2.816775286735129e-06,-9.101954951231187e-06,-2.011634367709315e-07,-5.456525451608180e-06,-7.229417213718260e-06,-1.847214280607595e-09,-2.012073490175515e-05,-1.221336335087367e-08,-3.666335640676176e-11,-1.018007016013852e-12,-1.420812785042953e-03,-1.047309630749722e-02,1.611819116197573e-06,-2.079385970048787e-02,-1.451941906399727e-02,-3.053424950627195e-07,-5.141889216064497e-06,-3.258499381411582e-06,-8.886742266119634e-05,-4.618121374279663e-05,-2.438783713771292e-05,-1.283807611234829e-05,-1.080502909367453e-10,

4,56
5.970122467575518e+00,3.706285795393069e+01,5.375498053874193e+01,7.437704073233219e+00,1.287553820984908e+01,3.186468577709137e+02,6.178011032726580e-01,6.947395057466110e-06,6.099571443410626e-01,1.329358471385741e+00,1.598244277028489e-01,2.593682234719842e+01,1.620396842712222e+01,2.000745021686654e+00,1.562000394135652e+01,4.651910547142620e-01,1.369874475119903e-01,2.897900553872207e+00,4.572358832050296e+02,3.230092633736867e+02,1.917212459342489e-01,5.580762626501411e+01,3.820192193905307e+00,2.940510774184096e+02,1.336081970803458e+01,2.654018261395531e+01,8.506250895066129e+00,3.445128669655842e+00,1.662203456751748e-02,3.763855987822926e+00,2.552694464492151e+00,1.036280589965568e+00,3.841975844715055e+00,2.229240454444656e+00,3.779692823238588e+00,1.979796160318242e-01,3.456264424791308e+01,1.189347450231616e+00,6.020456381085075e-01,7.977054188026735e+00,1.293931319343958e+00,3.925222734926704e-02,9.702436821797083e-04,7.695964409919576e-02,3.723356435882393e-01,2.374826762722886e+00,4.613937003055183e-01,6.540644139381383e-01,1.876585927321674e-01,1.653762619831265e+01,8.845509487913220e-01,2.018280043549026e-01,9.088987059533972e+01,1.402578966248236e+01,2.546226359249680e+01,2.895603756769560e-10,
-1.998664873432052e-03,-1.220950721466632e-02,-3.502330724800240e-02,6.468509636289832e-06,-6.033018800504857e-03,1.856555292146254e-01,-1.693854762744432e-06,-1.580503950784626e-01,-3.820888553093417e-08,-1.441949011858688e-07,-1.081274140168387e-08,2.531835026296116e-07,-5.361048368619787e-08,-1.956701294365938e-07,-9.490588830046828e-07,-1.437157318275329e-09,-4.710298201962513e-09,-5.280138764145011e-09,-1.695971732789899e-01,7.928337336764316e-01,-5.982761619165586e-08,-5.110736586486264e-06,-7.300801066854309e-08,-5.585502403812828e-07,7.889229192352929e-07,1.086393526556640e-09,-1.742746977680032e-06,-7.215194834164564e-07,7.065026823388357e-09,-1.959078977141479e-09,3.637791905985187e-07,1.327165635295594e-06,1.231478220304380e-07,5.862694489191884e-07,9.783984197969535e-07,1.237149711148102e-08,7.109171233369866e-07,4.338752379595343e-06,1.309604396059876e-11,7.706711956480339e-09,-9.424345192466127e-11,-2.315712542150775e-14,-1.548228460771260e-15,-4.584413060317448e-04,-3.127126890516900e-03,-1.053812306587684e-05,-1.240917889187062e-05,-7.566622033752101e-06,1.354739312694782e-09,1.186323504556850e-07,3.696271305556180e-06,4.190307799894568e-06,3.574624268170678e-06,1.925845936348535e-06,9.732662326794434e-07,2.084123151835371e-11,
-3.685020280263946e-03,-3.089058777512430e-02,-9.057420642279260e-02,7.582487456635020e-06,-1.122502751189461e-02,5.024768022640128e-01,-6.884020478664566e-06,-3.455628830816977e-01,-5.506383051420023e-08,-4.593861008916462e-08,2.746778067655342e-08,8.154746939157992e-07,1.819311090022511e-07,-6.769805425766164e-07,-3.409940238722396e-07,4.971694474425793e-10,-1.444325068005607e-09,2.517393735564572e-09,-4.936391511060371e-01,1.880830842184226e+00,-3.737840621135420e-08,-4.245937004559224e-07,-1.027361068971978e-07,2.410161376016100e-06,8.233870194365207e-07,1.695111440758903e-09,4.098532467738698e-07,6.786367264098927e-07,1.961392472063822e-08,-3.698854044250019e-09,6.777199024032417e-07,2.868334501222295e-06,3.354677405018542e-07,1.040067092745531e-06,1.879152043795888e-06,3.787995637938850e-08,1.797584486706257e-06,5.724256100309316e-06,5.816305711031448e-11,6.768747214452355e-08,7.167913167034789e-11,-4.924240951309154e-14,-1.627510633128897e-15,-7.355862658580714e-04,-5.092049566967544e-03,1.600373443838024e-06,-4.579178263904451e-05,-2.872181918300752e-05,7.016067391971214e-09,3.765831825211389e-07,3.715511272536323e-06,6.924943944115676e-06,1.084510401570518e-05,4.679330512251354e-06,2.976931882059435e-06,2.330505233238966e-11,
-1.294449211900621e-02,-9.720508275603183e-02,-2.096380188290220e-01,2.021291418259275e-06,-3.012593300642652e-02,3.075180617458800e+00,-2.408380269368591e-05,-8.528998965345500e-01,7.762642856710755e-07,2.406659391454371e-06,3.415483543228787e-07,2.250511997254225e-05,1.578640431115526e-06,-2.151871369176110e-06,1.987061078221964e-05,4.830853759695563e-08,2.076502464489491e-07,1.715881714787193e-07,-1.179755969877340e+00,8.434969656749461e+00,6.020957125666096e-07,4.508730897696681e-05,2.998611266091912e-06,1.043080532771167e-04,2.636804611292599e-06,9.741424450931450e-09,1.428419980601513e-05,4.911946315517670e-06,3.079681437755077e-08,5.162827475543083e-08,5.736579465894831e-07,4.123919920662881e-06,1.310368647748249e-06,2.210489581736085e-06,5.273377828101454e-06,1.488925674987407e-07,3.762417528800413e-06,1.083394770366131e-05,1.497444641365121e-09,1.909478394661378e-05,4.051246666818358e-10,2.513322550048138e-13,1.274294071290822e-14,2.219979762471922e-03,1.609961858823578e-02,6.912989073578528e-05,-2.745128924710027e-04,-1.778358450655216e-04,2.777062300875853e-07,3.786658095147397e-06,4.476612976626988e-06,8.414894758925540e-05,3.753681323193909e-05,1.624951472391264e-05,1.038507109724167e-05,1.750935507693896e-10,

