1
0
56
1
(4 0
((0,0) (15,255) (0,0))
((0,768) (15,1023) (0,0))
((0,512) (15,767) (0,0))
((0,256) (15,511) (0,0))
)
4
FabOnDisk: SD_5_Old_MF_D_0003 0
FabOnDisk: SD_5_Old_MF_D_0000 0
FabOnDisk: SD_5_Old_MF_D_0001 0
FabOnDisk: SD_5_Old_MF_D_0002 0

4,56
-7.843119300107884e+00,-1.673902446811610e+01,-2.660964733023470e+01,-6.078674639172922e+00,-9.572288532124595e+00,-8.893930550736728e+00,-1.096689612775817e+00,-6.332781746241970e+02,-2.617203373821844e-01,-8.510381502898979e-01,-9.703445991012127e-02,-1.385229664831133e+01,-1.308300374276964e+01,-1.626346004006283e+00,-1.027354491601104e+01,-4.655835750069705e-01,-7.929537101709593e-02,-2.909250573732517e+00,-1.508990371058462e+02,3.813302623869458e-22,-9.714713639897246e-02,-4.759326350170063e+01,-1.842237799163298e+00,-1.984608699345792e+02,-7.936793452148529e+00,-2.491599644542745e+01,-4.836535447417999e+00,-2.946548997186602e+00,-9.602617765547642e-03,-1.990332609650206e+00,-1.668982614074430e+00,-9.034945452704671e-01,-3.690409356510457e+00,-2.145026423341113e+00,-3.080289825071904e+00,-2.175200525765575e-01,-3.174314965632525e+01,-5.493343254165191e-01,-3.337455652604699e-01,-8.235431646667962e+00,-9.334116558682783e-01,-1.656540276759050e-02,-6.329908918856155e-04,-8.058095439913532e-02,-1.653754148764272e-01,-1.990158445531891e+00,-7.106852998348620e-02,-3.955564355537854e-01,-1.399493236178488e-01,-2.412998019745178e+01,-5.159903745072663e-01,-5.898696243813411e+02,-8.848660253968647e+01,-9.301985210259105e+00,-2.437389971748199e+01,-4.351932147983462e-10,
-3.842980746878096e-03,-3.077828025742374e-02,-9.031279078211789e-02,6.034365710393758e-07,-1.118878588848803e-02,1.061735437402681e-01,-6.926475577888565e-06,-3.445048102999950e-01,-9.199948968099014e-08,-3.288684094741187e-07,-3.521792197052539e-08,-1.953319499791351e-06,-2.838806755743127e-07,-7.092328068932118e-07,-2.135787092348659e-06,-5.494472723321892e-09,-2.056651067267516e-08,-1.883773644804789e-08,-4.921398064000919e-01,2.784509988959132e-01,-9.943405357133215e-08,-9.157330694564576e-06,-2.547832631494233e-07,-1.010637080022542e-05,-1.515268169835063e-06,-3.048590879190291e-09,-3.834375580390861e-06,-1.313213211192304e-06,-8.370166168181014e-09,-6.343461409401444e-09,-5.835426529534478e-07,-4.279229781933708e-07,-3.301935608027475e-08,-1.091475532652656e-07,-2.352217483567613e-07,-4.493298813501857e-09,-3.034002070326758e-07,-2.770797442040789e-06,-8.677017798280715e-12,-5.230402062785887e-09,-1.127063614825110e-10,-5.146489731512874e-14,-2.556372068422807e-15,-7.341779081092370e-04,-5.081742234460192e-03,-1.258314955786841e-05,-4.559710839125011e-05,-2.862693236610095e-05,-1.396267328054346e-09,-3.982513912218179e-08,-1.183310616998948e-06,-1.801286884317992e-06,-9.802239323992004e-07,-5.268941598462444e-07,-2.711409564832834e-07,-1.948816108487961e-11,
-1.286275562257729e-02,-9.666169518512173e-02,-2.088632811093628e-01,2.113644815862480e-06,-2.998699408413008e-02,1.862686530195130e-01,-2.396457563281864e-05,-8.493109570705267e-01,-1.433826089254731e-07,-4.059595012589706e-07,-5.906887576337643e-08,-2.818805726666707e-06,-1.939576237101548e-07,-2.444474740319589e-06,-3.225200268593812e-06,-8.392404774041210e-09,-3.514483800558234e-08,-2.895180729193885e-08,-1.175104604417888e+00,7.952499892065679e-01,-1.221005422522347e-07,-9.477252718303648e-06,-4.886192822043188e-07,-1.552627280835037e-05,-2.025101572775764e-06,-4.723340545667668e-09,-2.572713673905514e-06,-1.084910175912642e-06,-3.521241802670531e-08,-1.643499849135731e-08,-1.399540564610791e-06,-5.624982955354234e-07,-1.241284502679463e-07,-4.638893364758168e-07,-9.493113231451957e-07,-1.601619806777525e-08,-8.142579530538388e-07,-3.621265606803462e-06,-3.990480801825539e-11,-3.063264324617909e-08,-1.108086492901129e-10,-8.506344309639668e-14,-3.001349951157658e-15,-1.225174280369309e-03,-8.719476601249485e-03,-1.053004199227917e-05,-2.719189014409879e-04,-1.761484639744502e-04,-6.603123330864256e-09,-1.595759631882596e-07,-2.000836747942337e-06,-2.676979002156999e-06,-5.744439944668914e-06,-2.080992137391809e-06,-1.588992427414939e-06,-2.199469772978802e-11,
-1.816442317989412e-01,-8.754977509530647e-01,-5.524229630581236e-01,-6.177309307421842e-04,-1.347449395541806e-01,5.048239188414960e-01,-3.112201942093041e-04,-4.423102159143012e+00,-7.035234198588203e-07,-1.070185703735907e-06,-2.317904744940611e-07,-2.133505491563274e-05,-4.640288177429063e-07,-3.627307127408128e-05,-1.467321658643638e-05,-4.749911384102011e-08,-2.519730244281798e-07,-1.898327547525159e-07,-5.324033181311979e+00,1.888085236812925e+00,-9.058133119313265e-08,-5.286793920200008e-06,-3.030848090338848e-06,-1.027267265093479e-04,-2.790921780383342e-06,-1.366219850891829e-08,-6.562674471580493e-07,3.423109043162055e-07,-4.125529460995203e-08,-9.377153229350398e-08,-1.917197865993736e-06,-1.893623431106945e-06,-1.671457488378518e-06,-2.385968802417464e-06,-7.257893706051984e-06,-1.494299099082541e-07,-3.549069400232925e-06,-6.437348655490781e-06,-1.244191961953768e-09,-2.299538449741411e-05,-1.203852595737044e-08,-3.612871280467705e-11,-1.003000499785407e-12,-1.420705627600031e-03,-1.047221653214252e-02,1.606322998458348e-06,-2.076299589421286e-02,-1.449779807524449e-02,-1.971064816279430e-07,-4.074840299247155e-06,-2.400292083354627e-06,-1.026521327413352e-04,-3.230393333830444e-05,-1.842058936393508e-05,-8.918117210978543e-06,-7.643441435334353e-11,

4,56
5.937164114446037e+00,3.592673999214801e+01,5.231814188033408e+01,7.499469125763904e+00,1.289090730157095e+01,3.186055412706694e+02,6.152903917663844e-01,7.048503928075434e-06,6.064300924556976e-01,1.337785792810234e+00,1.598881932616817e-01,2.603018425074550e+01,1.624408867496981e+01,2.007010946184034e+00,1.561444160624385e+01,4.654699363706147e-01,1.367572258227492e-01,2.885514109093528e+00,4.568627999169311e+02,3.223461930287890e+02,1.910899565796540e-01,5.581348829160814e+01,3.840240996707637e+00,2.949215206878716e+02,1.324405372914075e+01,2.665815629155110e+01,8.509173220423120e+00,3.439145154181922e+00,1.666808950076904e-02,3.736837827684207e+00,2.548797317423753e+00,1.035819964016792e+00,3.848632096250771e+00,2.220965417721275e+00,3.799621882778692e+00,1.990951451151929e-01,3.450271508992495e+01,1.190550400730652e+00,6.095544726642258e-01,7.992297122029684e+00,1.300633997971552e+00,3.893971847573800e-02,9.661485644391767e-04,7.721409899402046e-02,3.801493780789801e-01,2.389883164715438e+00,4.612144475260417e-01,6.553256192976082e-01,1.890895221526954e-01,1.652735552172597e+01,8.823047165886625e-01,2.061821813406866e-01,9.096380734770196e+01,1.410417646786287e+01,2.549538794218756e+01,2.791011866065674e-10,
-1.998384532859661e-03,-1.220493659485299e-02,-3.499970764612526e-02,6.469353786624586e-06,-6.032372415138947e-03,1.856615880035389e-01,-1.694234806395452e-06,-1.580538181098852e-01,-3.868603922510707e-08,-1.463181576865617e-07,-1.152113123033010e-08,2.961794740021518e-07,-4.933606148417422e-08,-2.003229203644442e-07,-8.816151308494999e-07,-1.059583600115812e-09,-3.743057303181660e-09,-4.458677775993364e-09,-1.695507187582859e-01,7.928490254558983e-01,-5.954236762224249e-08,-5.272393484945829e-06,-7.349221911558360e-08,-5.714776977019780e-07,7.659560181344180e-07,1.213427218522799e-09,-1.750409258640658e-06,-7.326479001548524e-07,7.439597088357787e-09,-1.873121623228294e-09,3.070332818412234e-07,1.381786608117347e-06,1.152327353881159e-07,5.096594783431462e-07,9.389214897743980e-07,1.313717326931458e-08,6.773427889540029e-07,3.696984706430286e-06,1.322434951689125e-11,8.896724018236588e-09,-9.415513865162125e-11,-2.307422953282632e-14,-1.546278583992920e-15,-4.584462693551134e-04,-3.127146063903878e-03,-1.053762090829259e-05,-1.240346661533384e-05,-7.563254670102454e-06,2.272711285698446e-09,1.585352024030090e-07,2.836482259569761e-06,3.950377640607654e-06,5.200175715772561e-06,1.943189051247620e-06,1.433997698700126e-06,2.233001977769433e-11,
-3.685396216143787e-03,-3.089267582083923e-02,-9.057931086146327e-02,7.583325827768524e-06,-1.122558161191938e-02,5.024453397265127e-01,-6.884910507719880e-06,-3.455675108661119e-01,-5.902182987372417e-08,-4.675547141599126e-08,3.034563543813593e-08,8.098899914879477e-07,1.754081611874257e-07,-6.734155863893182e-07,-2.356129263769286e-07,2.890899166220731e-10,-3.435078354413775e-09,2.493474082086784e-09,-4.936401910565468e-01,1.880761124122061e+00,-3.368992185734374e-08,-1.804457784727054e-07,-1.081554917134003e-07,2.502442551479836e-06,8.253582413340880e-07,1.401116647655203e-09,4.352373793506063e-07,7.209057003762729e-07,1.356312108147554e-08,-3.727215042937222e-09,4.537854706050670e-07,2.015349033574378e-06,3.515046298431560e-07,1.153794190360216e-06,2.022490110726826e-06,3.399411194035953e-08,1.403531280300930e-06,4.298535518665022e-06,5.624498215583842e-11,6.605927855784569e-08,7.335584557013988e-11,-4.956912378917018e-14,-1.608939852919329e-15,-7.355462821836583e-04,-5.091852010880330e-03,1.597884892499154e-06,-4.579141558678430e-05,-2.872193765991689e-05,6.741080187762950e-09,3.341082525467719e-07,3.657335183652205e-06,7.349963489526490e-06,1.114035500586641e-05,4.482474621121041e-06,3.066367430297702e-06,2.044669294987145e-11,
-1.294267674407943e-02,-9.719703634393248e-02,-2.096253686514257e-01,2.021368772123184e-06,-3.012461183613923e-02,3.077619050194122e+00,-2.408123691886995e-05,-8.528564899806296e-01,7.516137489146518e-07,1.973509957652062e-06,2.593950658902898e-07,1.641547249334301e-05,1.487343661642260e-06,-2.179764538209974e-06,1.722636886102463e-05,3.821228565595647e-08,1.585726194514077e-07,1.323061291372431e-07,-1.179705856877508e+00,8.418780831533722e+00,6.070136916364350e-07,4.549085969834069e-05,1.918949843264713e-06,7.200951570110795e-05,2.592195110789318e-06,1.161771295321953e-08,1.439886030740982e-05,5.336941070914455e-06,2.350150634654470e-08,4.507862109138776e-08,6.707951192164104e-07,4.449704772303115e-06,3.041140767651900e-06,3.202311902630105e-06,8.359995945817725e-06,3.676990789596918e-07,8.848328428341141e-06,1.169804655748569e-05,1.748966671703109e-09,2.056973315235747e-05,4.070434156368156e-10,2.759854907568172e-13,1.330134754042471e-14,2.214130975352254e-03,1.605385583699223e-02,6.911282447543142e-05,-2.744524390550654e-04,-1.777956143276669e-04,3.446868483775373e-07,5.843442982067565e-06,4.435553776769514e-06,9.484382208127550e-05,4.971026161124039e-05,3.213469094624322e-05,1.385676398772612e-05,9.093648056790471e-11,

