1
0
63
1
(4 0
((0,0) (15,255) (0,0))
((0,768) (15,1023) (0,0))
((0,512) (15,767) (0,0))
((0,256) (15,511) (0,0))
)
4
FabOnDisk: SD_0_Old_MF_D_0003 0
FabOnDisk: SD_0_Old_MF_D_0000 0
FabOnDisk: SD_0_Old_MF_D_0001 0
FabOnDisk: SD_0_Old_MF_D_0002 0

4,63
-2.327930969016689e-02,1.569854278377905e+00,1.494354526799674e-01,5.694184211228489e-25,1.364286004619175e-23,2.658276761525929e-18,6.299910318200651e-13,1.481723738304134e-08,2.237727277234451e-10,2.492657521847470e-13,2.808836888659331e-03,0.000000000000000e+00,1.577668014447654e-30,1.069474757097290e-31,1.137204768150000e-14,0.000000000000000e+00,4.343621618386366e-25,2.091703058347818e-13,2.007369447346514e-19,6.912961569083250e-32,2.096687184292384e-14,3.870138814637492e-11,9.988885587594141e-13,3.748041763167507e-37,1.504971838383183e-13,1.429715525385554e-29,0.000000000000000e+00,0.000000000000000e+00,0.000000000000000e+00,4.138340520624189e-31,5.391165452545053e-15,0.000000000000000e+00,1.246353189322612e-27,0.000000000000000e+00,0.000000000000000e+00,0.000000000000000e+00,0.000000000000000e+00,0.000000000000000e+00,0.000000000000000e+00,0.000000000000000e+00,0.000000000000000e+00,0.000000000000000e+00,0.000000000000000e+00,1.868646236278033e-18,1.876565643640277e-19,3.120639317019446e-21,5.148335547633915e-19,1.657974524994820e-19,6.741723553018544e-18,1.556543091377461e-18,2.804653161515463e-18,0.000000000000000e+00,0.000000000000000e+00,0.000000000000000e+00,0.000000000000000e+00,0.000000000000000e+00,0.000000000000000e+00,0.000000000000000e+00,1.074526924229966e-01,3.667341084256319e+03,0.000000000000000e+00,4.430000013843174e+02,8.751879730904418e+04,
-2.912143879270256e-07,6.072092222492210e+00,1.461031274874156e-01,6.137106248827206e-06,5.860524255403043e-05,4.703332832433121e-04,1.349121426912258e-07,5.717089622808125e-05,1.235272167803023e-02,1.216025198208211e-08,1.187620024436510e-03,5.216377997949685e-11,2.758516642015543e-10,2.332559393026261e-11,1.101272951249539e-09,3.014972947438982e-10,8.789397678548881e-10,1.652431679955049e-09,3.601054781312582e-12,1.191663363676853e-11,1.268257387688235e-11,3.576685798435804e-03,2.343241353492070e-02,8.889371928068678e-11,9.162417390857204e-09,1.021195697598407e-10,3.418909598132664e-09,0.000000000000000e+00,0.000000000000000e+00,3.039222018782396e-09,1.645156511722438e-09,0.000000000000000e+00,2.226942835353912e-12,0.000000000000000e+00,3.566392311580096e-13,0.000000000000000e+00,0.000000000000000e+00,0.000000000000000e+00,0.000000000000000e+00,0.000000000000000e+00,0.000000000000000e+00,0.000000000000000e+00,0.000000000000000e+00,8.026666283253607e-14,1.794600602851978e-17,1.230696736172743e-18,5.982335944430444e-07,4.069038101960319e-06,1.823194978681767e-08,1.365880427148064e-08,8.353435030980293e-09,4.333394914145696e-13,0.000000000000000e+00,0.000000000000000e+00,0.000000000000000e+00,0.000000000000000e+00,0.000000000000000e+00,0.000000000000000e+00,1.047865883771699e-01,7.929003824286493e+03,0.000000000000000e+00,2.330244229373629e+03,1.013249205881128e+05,
-1.404212153776106e-07,6.000751317285412e+00,1.469717829462694e-01,7.252158199291033e-06,6.994777851588763e-05,5.076688924870216e-04,1.327336770296422e-07,6.129383089722804e-05,1.235455840534932e-02,1.470268864405785e-08,1.330313120872052e-03,8.329632694343326e-11,3.996165240826624e-10,3.491688467158957e-11,1.533297837389547e-09,3.837526847861705e-10,1.142006013350923e-09,2.391702075795914e-09,5.232601807647128e-12,1.793394403879818e-11,1.810465658936382e-11,3.789186192372588e-03,2.303197759853735e-02,1.303306345621396e-10,1.279571885932811e-08,1.692416783330251e-10,5.103434423673711e-09,0.000000000000000e+00,0.000000000000000e+00,4.251788383440224e-09,2.224399631446105e-09,0.000000000000000e+00,4.088780741635434e-12,0.000000000000000e+00,2.033261036896305e-13,0.000000000000000e+00,0.000000000000000e+00,0.000000000000000e+00,0.000000000000000e+00,0.000000000000000e+00,0.000000000000000e+00,0.000000000000000e+00,0.000000000000000e+00,1.428283882466448e-13,4.006513174502024e-17,2.484013838021439e-18,9.506478476282428e-07,6.492491542997744e-06,2.521811099873929e-08,2.931566412486962e-08,1.810214795575940e-08,7.421435683328019e-13,0.000000000000000e+00,0.000000000000000e+00,0.000000000000000e+00,0.000000000000000e+00,0.000000000000000e+00,0.000000000000000e+00,1.054124682841866e-01,7.825764988297232e+03,0.000000000000000e+00,2.289225291454451e+03,1.013249722535600e+05,
-1.226827810694324e-06,5.723174346625614e+00,1.491906546748186e-01,1.064249835996366e-05,1.034404614666169e-04,5.986189884188398e-04,1.327769589935418e-07,7.227527040002601e-05,1.221001069302574e-02,2.275723705294118e-08,1.683040108854781e-03,1.408494291669184e-10,4.073159933514013e-10,5.134980926773207e-11,1.370765145960590e-09,1.940811866360022e-10,1.947441540103565e-09,2.839837986908863e-09,5.269703752728277e-12,2.667565335637887e-11,1.888834559333226e-11,4.315902452420238e-03,2.223231188973457e-02,1.288739795002246e-10,1.046674701456493e-08,3.092644882195803e-10,6.821949821061057e-09,0.000000000000000e+00,0.000000000000000e+00,2.774744813123327e-09,1.086683185536810e-09,1.621248124893617e-14,9.147359916255666e-12,0.000000000000000e+00,0.000000000000000e+00,0.000000000000000e+00,0.000000000000000e+00,0.000000000000000e+00,0.000000000000000e+00,0.000000000000000e+00,0.000000000000000e+00,0.000000000000000e+00,0.000000000000000e+00,4.991347326464441e-14,8.645051834914621e-17,3.193643837251782e-18,1.593722079680260e-06,1.099072775153990e-05,1.636954636394080e-08,1.015987884645463e-07,6.424455131421619e-08,1.466613485261397e-12,0.000000000000000e+00,0.000000000000000e+00,0.000000000000000e+00,0.000000000000000e+00,0.000000000000000e+00,0.000000000000000e+00,1.070082135395299e-01,4.990764042192557e+03,0.000000000000000e+00,2.132113574945894e+03,1.013249167890612e+05,

4,63
2.197087038198231e-02,5.720466478478261e+00,8.373329621196890e-01,5.671003005952122e-05,4.899566376297826e-04,1.035248445458329e-03,1.184697739673128e-04,4.263800693176780e-04,1.561820004782432e-02,2.033017016770680e-05,1.827793114170746e-01,1.456938960612799e-06,6.487827082335424e-06,7.314370671578950e-07,2.350964498217601e-04,2.764553111363981e-04,2.039801420329118e-05,5.026239075893382e-04,1.538181234540960e-05,9.845771519040381e-07,7.006411202005042e-05,1.485133824663518e-02,2.222849358873082e-02,8.194417784406461e-07,6.174552713319585e-04,2.177868197080524e-05,4.425911996919022e-03,1.031954984033525e-04,4.709954543841954e-04,3.207058993705925e-05,1.082362474094420e-04,1.368031918099224e-07,3.146667081920892e-05,3.848615181946933e-05,1.180671506544835e-05,5.631125228991277e-05,3.015198312955466e-05,3.916603014132139e-05,3.131005376786023e-06,6.302888960686699e-04,1.108799332331580e-05,4.464214988395415e-06,1.122078377589537e-04,1.750311361686785e-05,6.847680959065718e-07,1.608342973566943e-08,2.586469028340460e-06,1.825946997119594e-05,2.862594430943086e-05,1.330689110284751e-05,1.557525575358910e-05,1.716175656767218e-06,4.277778024021801e-04,1.006116166651145e-05,5.259456445516676e-02,1.571961276262952e-03,1.379821856744977e-04,4.304957388247565e-04,6.019590711616285e-01,7.302326343166397e+04,0.000000000000000e+00,2.130604908253757e+03,1.221091245416620e+05,
2.175390678838738e-07,6.102118295205639e+00,1.469666112025884e-01,7.245032004531432e-06,6.987607330818342e-05,5.074452970600620e-04,1.366388853308885e-07,6.126829740172245e-05,1.235455178218736e-02,1.468633362854628e-08,1.329465688943733e-03,8.315976416938032e-11,3.991921085180951e-10,3.487551427774633e-11,1.532416965903409e-09,3.835912784289542e-10,1.140422171971227e-09,2.389487188953910e-09,5.228622844420406e-12,1.791689424965995e-11,1.809365329988096e-11,3.787914381003240e-03,2.360240801530470e-02,1.301683054880016e-10,1.278343659240557e-08,1.689960972836446e-10,5.102899502080024e-09,4.481927365471165e-13,2.638293814975675e-15,4.247309425102284e-09,2.222459848291259e-09,1.556653561592907e-14,4.080413333242790e-12,5.364577396454620e-13,3.230649209197198e-12,1.774895276836316e-13,7.330602691694697e-13,1.193561773244352e-12,1.525842194574483e-14,7.395362151558303e-13,5.891909734233656e-12,1.535206605024884e-17,1.143506400504884e-14,1.425662042600369e-13,3.993800670299834e-17,2.477553275870520e-18,9.487901920433391e-07,6.479648608261016e-06,2.518950482822541e-08,2.920617898922748e-08,1.803350896176818e-08,7.410142562249892e-13,2.384223591730213e-13,5.466762795007881e-12,5.248626309289493e-12,5.100595420103830e-12,2.412350920264498e-12,1.395271246615673e-12,1.054087476401173e-01,7.971858538616204e+03,0.000000000000000e+00,2.346619756194627e+03,1.013251372960131e+05,
1.704725884197385e-07,6.071920527871632e+00,1.491764471689334e-01,1.061881634643171e-05,1.032103322818478e-04,5.980708104663088e-04,1.349019096689659e-07,7.220558683027856e-05,1.235607894624156e-02,2.269913063537057e-08,1.680846872678088e-03,1.405778935348319e-10,5.408644767594194e-10,5.128901565736575e-11,1.922206619558860e-09,4.084308844246240e-10,1.941722221735727e-09,3.274365708184660e-09,7.100027971472499e-12,2.664407746006925e-11,2.382378848038113e-11,4.312674490857278e-03,2.343140060057654e-02,1.787811950956523e-10,1.598266103750985e-08,3.085276823500956e-10,7.349518764565970e-09,4.371940020519370e-13,5.693034699432920e-15,5.221258892201704e-09,2.514129417237320e-09,3.523727572375133e-14,9.115920530120933e-12,9.046341076316508e-13,4.145330444336702e-12,4.374619685132482e-13,1.339326357230128e-12,2.270243680126596e-12,3.984157865168885e-14,1.689497452759315e-12,4.956415460410936e-12,4.764520408640384e-17,3.232244958271489e-14,1.817683957367129e-13,8.622381728742225e-17,4.263086432889027e-18,1.590370205333925e-06,1.096697067573579e-05,3.040811174183715e-08,1.009381478219371e-07,6.381741281989575e-08,1.479006908680225e-12,2.858598834821112e-13,2.461122603006080e-12,5.598569471454896e-12,8.845599922415339e-12,4.673265377299898e-12,2.430394454204112e-12,1.069979924178805e-01,7.928825963770304e+03,0.000000000000000e+00,2.330145985783968e+03,1.013250242496459e+05,
1.589000849989928e-06,6.000305187241879e+00,1.586142842352404e-01,3.211941340667592e-05,2.814034319544363e-04,8.630022627152108e-04,1.966382943404248e-07,1.191034557076218e-04,1.235589108920218e-02,7.720623031064885e-08,2.800559913810055e-03,2.048780850344545e-10,5.659542716303353e-10,5.897494815500120e-11,1.953171762397571e-09,3.973393729886618e-10,8.252939459230738e-09,3.501783489867743e-09,7.419668151357210e-12,3.107493463013733e-11,2.469666567108117e-11,6.397711441843592e-03,2.302965762806698e-02,1.870633937873330e-10,1.612986324339363e-08,5.382117987267066e-10,8.165333672143971e-09,3.492157216794414e-12,2.614817057917030e-14,5.232591413212156e-09,2.495073519475728e-09,2.081789085406641e-13,2.187224994586762e-11,2.872006471063237e-12,1.185885987405353e-11,4.429443394771643e-12,5.386701212614873e-12,8.860653391508128e-12,2.032524601506337e-13,5.233994318145093e-12,7.983780696911210e-12,1.377949566548559e-15,1.518308995569185e-12,1.801835410359233e-13,1.927990697879205e-16,5.221286111048900e-18,2.586571194544920e-06,1.826038328431423e-05,3.044141213419451e-08,2.089086212373155e-06,1.425981954652924e-06,3.981206776961317e-12,5.255981824712147e-12,5.151705861473704e-12,1.085292554584287e-10,3.771019386397865e-11,4.973523377566987e-11,1.043043141635748e-11,1.136533682603142e-01,7.824621427577058e+03,0.000000000000000e+00,2.288966849027735e+03,1.013250430857927e+05,

