1
0
63
1
(4 0
((0,0) (15,255) (0,0))
((0,768) (15,1023) (0,0))
((0,512) (15,767) (0,0))
((0,256) (15,511) (0,0))
)
4
FabOnDisk: SD_0_New_MF_D_0003 0
FabOnDisk: SD_0_New_MF_D_0000 0
FabOnDisk: SD_0_New_MF_D_0001 0
FabOnDisk: SD_0_New_MF_D_0002 0

4,63
-1.777780915134368e-02,1.560404691372817e+00,1.478863300647205e-01,5.530878469157615e-25,1.294842994268249e-23,2.609628061511333e-18,6.188924638871907e-13,1.473160438145113e-08,2.203341618737817e-10,2.448457131172341e-13,2.807390827092518e-03,0.000000000000000e+00,1.523139567885045e-30,1.032901987060206e-31,1.118834554496093e-14,0.000000000000000e+00,4.249539065140647e-25,2.045920536273228e-13,1.929696400104925e-19,6.635194277343446e-32,2.049929198653617e-14,3.801869858582728e-11,9.766523081137999e-13,3.601471350463065e-37,1.473230325435881e-13,1.363173429122285e-29,0.000000000000000e+00,0.000000000000000e+00,0.000000000000000e+00,3.949852626304741e-31,5.254681512008606e-15,0.000000000000000e+00,1.177939525666798e-27,0.000000000000000e+00,0.000000000000000e+00,0.000000000000000e+00,0.000000000000000e+00,0.000000000000000e+00,0.000000000000000e+00,0.000000000000000e+00,0.000000000000000e+00,0.000000000000000e+00,0.000000000000000e+00,1.806350582055562e-18,1.813785804358363e-19,2.929886960541393e-21,4.975087633869709e-19,1.602134658475864e-19,6.514129487689616e-18,1.503951489822801e-18,2.709891119701206e-18,0.000000000000000e+00,0.000000000000000e+00,0.000000000000000e+00,0.000000000000000e+00,0.000000000000000e+00,0.000000000000000e+00,0.000000000000000e+00,1.063239246119277e-01,3.666445820584620e+03,0.000000000000000e+00,4.430000013650567e+02,8.690838309941487e+04,
-3.049970548561922e-07,6.072947315830596e+00,1.461031436589283e-01,6.137156568281873e-06,5.860570633042302e-05,4.703350941805307e-04,1.349119066693770e-07,5.717114189782376e-05,1.235272396162631e-02,1.216034438589905e-08,1.187624830697891e-03,5.216970370580206e-11,2.758834629669295e-10,2.332893112595009e-11,1.102598578055606e-09,3.015121595552048e-10,8.789621056572927e-10,1.652620717795019e-09,3.601651402835088e-12,1.191883145512515e-11,1.268453186381417e-11,3.576700538973331e-03,2.343239019079793e-02,8.889256804280621e-11,9.162258404121815e-09,1.020950680249526e-10,3.418400101857769e-09,0.000000000000000e+00,0.000000000000000e+00,3.039275788128254e-09,1.645191716249965e-09,0.000000000000000e+00,2.226470818242499e-12,0.000000000000000e+00,3.589655395992726e-13,0.000000000000000e+00,0.000000000000000e+00,0.000000000000000e+00,0.000000000000000e+00,0.000000000000000e+00,0.000000000000000e+00,0.000000000000000e+00,0.000000000000000e+00,8.027208953470096e-14,1.794737881242890e-17,1.230788956958033e-18,5.982596064115149e-07,4.069215401026933e-06,1.823263458572903e-08,1.365953729218936e-08,8.353884669542720e-09,4.333795855185745e-13,0.000000000000000e+00,0.000000000000000e+00,0.000000000000000e+00,0.000000000000000e+00,0.000000000000000e+00,0.000000000000000e+00,1.047865963005577e-01,7.928988445477792e+03,0.000000000000000e+00,2.330241345740311e+03,1.013249296495902e+05,
-1.663775814702612e-07,6.001595801945231e+00,1.469719443124373e-01,7.252357637131195e-06,6.994984852769649e-05,5.076752766598688e-04,1.327338253718434e-07,6.129450739791798e-05,1.235455635060112e-02,1.470316090580121e-08,1.330338848569269e-03,8.332104474981980e-11,3.997292081765404e-10,3.492846216025745e-11,1.534055956202265e-09,3.838425521919067e-10,1.142101421145803e-09,2.392574997538479e-09,5.235063103947042e-12,1.794270647846478e-11,1.811352365507605e-11,3.789221678149279e-03,2.303188661701808e-02,1.303524329794426e-10,1.279776703011864e-08,1.692965833255165e-10,5.106059559440005e-09,0.000000000000000e+00,0.000000000000000e+00,4.252340546085303e-09,2.224655950464732e-09,0.000000000000000e+00,4.090128851783466e-12,0.000000000000000e+00,0.000000000000000e+00,0.000000000000000e+00,0.000000000000000e+00,0.000000000000000e+00,0.000000000000000e+00,0.000000000000000e+00,0.000000000000000e+00,0.000000000000000e+00,0.000000000000000e+00,1.428519200990507e-13,4.007327401489733e-17,2.484465735787841e-18,9.507483727188346e-07,6.493182625079494e-06,2.522018346040037e-08,2.932026441205334e-08,1.810501984803479e-08,7.422584741988844e-13,0.000000000000000e+00,0.000000000000000e+00,0.000000000000000e+00,0.000000000000000e+00,0.000000000000000e+00,0.000000000000000e+00,1.054125835056525e-01,7.825820394214815e+03,0.000000000000000e+00,2.289214473480319e+03,1.013249797711857e+05,
-1.699230419493712e-06,5.723909316660781e+00,1.491912609177438e-01,1.064352181272694e-05,1.034505698409142e-04,5.986429525168423e-04,1.327773718619679e-07,7.227819581445905e-05,1.220918524000682e-02,2.275974235610454e-08,1.683137563807063e-03,1.408527779521258e-10,4.074780535494613e-10,5.134972664619554e-11,1.371131957975874e-09,1.942108904111407e-10,1.947681437511721e-09,2.841364108208091e-09,5.270839112545123e-12,2.667571611425223e-11,1.889353446384457e-11,4.316044009871865e-03,2.223241712580033e-02,1.289268873210415e-10,1.047096009474579e-08,3.092615418984891e-10,6.823686633801793e-09,0.000000000000000e+00,3.636516811904816e-15,2.774424349223013e-09,1.086315801826154e-09,0.000000000000000e+00,9.147555565096062e-12,0.000000000000000e+00,0.000000000000000e+00,0.000000000000000e+00,0.000000000000000e+00,0.000000000000000e+00,0.000000000000000e+00,0.000000000000000e+00,0.000000000000000e+00,0.000000000000000e+00,0.000000000000000e+00,4.997816437007596e-14,8.646795945508245e-17,3.199406576540943e-18,1.593960308518994e-06,1.099239757784121e-05,1.636291953686117e-08,1.016331086918651e-07,6.426664495192282e-08,1.455731718850784e-12,0.000000000000000e+00,0.000000000000000e+00,0.000000000000000e+00,0.000000000000000e+00,0.000000000000000e+00,0.000000000000000e+00,1.070086452779345e-01,4.982114325328003e+03,0.000000000000000e+00,2.132038624489723e+03,1.013249186241386e+05,

4,63
1.923292079533157e-02,5.721201573619488e+00,8.373329633530798e-01,5.730105432021289e-05,4.836771179342519e-04,1.026033639377263e-03,1.184868036100071e-04,4.265732295017136e-04,1.589318151549005e-02,2.031075717710296e-05,1.827793117053846e-01,1.469958925991407e-06,6.478261887301857e-06,7.331746839156441e-07,2.349109093898560e-04,2.763867336084023e-04,2.041249346666191e-05,5.027672653526217e-04,1.536582076310602e-05,9.837397879684102e-07,7.012317444404832e-05,1.473618833245466e-02,2.222856662895110e-02,8.157923824601289e-07,6.170035010471437e-04,2.183450527424741e-05,4.419292172076556e-03,1.030679935439322e-04,4.703055933721050e-04,3.216094752018613e-05,1.082536837774391e-04,1.368398160392615e-07,3.140498288381606e-05,3.851557590363555e-05,1.179348913424877e-05,5.628327991860723e-05,3.009984878941020e-05,3.906005618720517e-05,3.126650625266262e-06,6.293262903994973e-04,1.115189595150618e-05,4.468164739278073e-06,1.120858123380732e-04,1.746978380947038e-05,6.835212148392085e-07,1.604152313990516e-08,2.587375862262607e-06,1.826577379243728e-05,2.854962702798203e-05,1.336111930103421e-05,1.557600293323454e-05,1.720985223046029e-06,4.281777872607956e-04,1.008782928437305e-05,5.259456453546117e-02,1.570078735559590e-03,1.377349726898475e-04,4.304484194912427e-04,6.019590721162857e-01,7.306050555516467e+04,0.000000000000000e+00,2.130527529904831e+03,1.245440127843806e+05,
2.206858908197902e-07,6.102973860559871e+00,1.469667670297538e-01,7.245230236910935e-06,6.987813189323946e-05,5.074516355223309e-04,1.366389315623779e-07,6.126896784700439e-05,1.235454931348301e-02,1.468680241647548e-08,1.329491266569168e-03,8.317123575351522e-11,3.992404050046661e-10,3.488011895531977e-11,1.532697249758665e-09,3.836550347691304e-10,1.140487243029510e-09,2.389929366209136e-09,5.229609000652934e-12,1.792011058750643e-11,1.809748483558339e-11,3.787949550151198e-03,2.360239036525380e-02,1.301886979860659e-10,1.278534567361846e-08,1.690236625746423e-10,5.103925540369752e-09,6.275528158853960e-13,2.633225601297997e-15,4.247907789721624e-09,2.222735943735186e-09,1.611252452403448e-14,4.081201543324395e-12,5.888636471051807e-13,3.247488265886060e-12,1.954113273737518e-13,8.259820399696697e-13,1.395902255573920e-12,2.070068920362664e-14,9.676781529246599e-13,5.343619530392472e-12,2.241080719597713e-17,1.520035700366669e-14,1.425901920182914e-13,3.994623728920974e-17,2.478011430281211e-18,9.488904835262604e-07,6.480338029654803e-06,2.519157607979152e-08,2.921075392098368e-08,1.803636385824420e-08,7.411260949447120e-13,2.007488449627516e-13,2.795438777197421e-12,4.782384088162374e-12,6.457065179757121e-12,2.520740592022554e-12,1.766747634464094e-12,1.054088589073535e-01,7.971943629736908e+03,0.000000000000000e+00,2.346619517119630e+03,1.013251415784290e+05,
1.635699972735795e-07,6.072775588851608e+00,1.491770494369078e-01,1.061983373933511e-05,1.032203857937301e-04,5.980946785732689e-04,1.349016758415982e-07,7.220849804593331e-05,1.235607029845349e-02,2.270162161680599e-08,1.680943964835531e-03,1.405948663615567e-10,5.409019394834369e-10,5.129410441298237e-11,1.922353731453069e-09,4.084663521413865e-10,1.941981542259744e-09,3.274570974568156e-09,7.100542077821407e-12,2.664677157054371e-11,2.382510774345804e-11,4.312815358417071e-03,2.343137758147761e-02,1.787929910167518e-10,1.598335645500069e-08,3.085730516510431e-10,7.349748542641538e-09,3.986587076207229e-13,5.749946447598566e-15,5.221472256641735e-09,2.514311538320005e-09,3.591821907012510e-14,9.117616906280804e-12,9.770617940930959e-13,3.954732971717551e-12,3.971245078632607e-13,1.150092199709753e-12,1.907455323704207e-12,3.275366908235730e-14,1.380937512294057e-12,5.360405797571331e-12,3.883779087760393e-17,2.900785128697424e-14,1.817890526526188e-13,8.624246451853737e-17,4.263769268851655e-18,1.590607821422789e-06,1.096863602594489e-05,3.041004450122624e-08,1.009721641396502e-07,6.383931162099997e-08,1.479267610401058e-12,4.227797144848320e-13,4.469344648949897e-12,6.604779550011319e-12,9.145729593487882e-12,4.369170228277060e-12,2.510126917315640e-12,1.069984213144859e-01,7.928811040122070e+03,0.000000000000000e+00,2.330143088929637e+03,1.013250169565140e+05,
1.283783427283365e-06,6.001149598983360e+00,1.586184141425199e-01,3.214723947703101e-05,2.814608488641240e-04,8.630018016991454e-04,1.966299863077164e-07,1.191834634524198e-04,1.235587811025616e-02,7.722706272505620e-08,2.799073874621170e-03,2.049779627917675e-10,5.659192064686891e-10,5.894328551756914e-11,1.954638607394147e-09,3.974311780944374e-10,8.265509256430448e-09,3.509162034969569e-09,7.419942409804444e-12,3.104186108786931e-11,2.471198061124040e-11,6.402571675863442e-03,2.302956718728275e-02,1.870498806562897e-10,1.613078928470134e-08,5.385448962286010e-10,8.206909969292585e-09,2.001443096953708e-12,2.405541067316981e-14,5.232749352405408e-09,2.495037188898805e-09,2.080623320226577e-13,2.186559978972132e-11,2.896717922640577e-12,1.014505099486135e-11,4.565681153161470e-12,6.246589832425853e-12,1.138232458565495e-11,4.635182940234263e-13,9.833417587740019e-12,8.810611516860682e-12,1.790131513054584e-15,1.079922711463781e-12,1.801984452322957e-13,1.944750808392418e-16,5.267621459853137e-18,2.587531317878616e-06,1.826707350090771e-05,3.044322254803816e-08,2.093225454177079e-06,1.428833021611937e-06,3.983835564509158e-12,3.043395280275153e-12,6.090403760434921e-12,3.830024245065916e-11,5.212348338991314e-11,5.264384129142818e-11,1.433075481460369e-11,1.136546645326185e-01,7.824681095819854e+03,0.000000000000000e+00,2.288955999658683e+03,1.013250344080395e+05,

