1
0
56
1
(4 0
((0,0) (15,255) (0,0))
((0,768) (15,1023) (0,0))
((0,512) (15,767) (0,0))
((0,256) (15,511) (0,0))
)
4
FabOnDisk: SD_5_Old_MF_D_0003 0
FabOnDisk: SD_5_Old_MF_D_0000 0
FabOnDisk: SD_5_Old_MF_D_0001 0
FabOnDisk: SD_5_Old_MF_D_0002 0

4,56
-7.881217501238845e+00,-1.646702899078815e+01,-2.641339228514994e+01,-6.125190783052489e+00,-9.711662961098721e+00,-9.018909246536158e+00,-1.106609992109223e+00,-6.340777785544409e+02,-2.815862755223603e-01,-8.114161145792682e-01,-9.776206321700133e-02,-1.399256214554726e+01,-1.302062517042182e+01,-1.527699574388712e+00,-1.042601595009525e+01,-4.714022591139931e-01,-7.873368677577912e-02,-2.922574850371732e+00,-1.480988076649730e+02,8.304893350032398e-22,-1.032880695243054e-01,-4.879285513364148e+01,-1.843881610879043e+00,-1.985255648740234e+02,-8.021697715929463e+00,-2.516823671530846e+01,-4.674685039141860e+00,-2.943042880716196e+00,-9.512907186338784e-03,-1.990691645628474e+00,-1.650237435419602e+00,-9.123670521924323e-01,-3.734216406880556e+00,-2.173156360697461e+00,-3.130331927897217e+00,-2.215574989743556e-01,-3.233668803053823e+01,-5.457598257013360e-01,-3.419369901399040e-01,-8.323931843960747e+00,-1.011056996154382e+00,-1.720513224060696e-02,-6.593725226760769e-04,-8.352535735023398e-02,-1.703495700727914e-01,-2.042400921726605e+00,-7.609922174009065e-02,-4.497111736171701e-01,-1.392770148942284e-01,-2.451854871521083e+01,-5.085668748742896e-01,-5.847948202384418e+02,-8.896030741781142e+01,-9.253644555212933e+00,-2.461613890106973e+01,-5.720721674151719e-10,
-3.915391687307634e-03,-3.073139545255840e-02,-9.019646741377166e-02,3.978909759504709e-07,-1.117824826400913e-02,1.059312027632549e-01,-6.902232998249023e-06,-3.439510744427305e-01,-9.634493813086271e-08,-3.483275946258861e-07,-3.670725821160476e-08,-2.838248972592230e-06,-2.854587953504912e-07,-7.006819990327227e-07,-2.122735324048340e-06,-5.579805028789473e-09,-2.106747236675242e-08,-1.836503938174404e-08,-4.911923460778041e-01,2.759057460775103e-01,-9.279750660644554e-08,-9.172812824082018e-06,-2.265544713099737e-07,-8.549838211638788e-06,-3.309201655442796e-06,-3.267825997884774e-09,-3.710616547191985e-06,-1.320418718300628e-06,-1.412403540023632e-08,-5.522468166878594e-09,-1.022524254034394e-06,-3.655268056695284e-07,-3.011439374460038e-08,-1.472455671353484e-07,-2.690855722037002e-07,-5.239383417754485e-09,-3.890846856057093e-07,-3.721937017645566e-06,-6.850747612687208e-12,-3.508441153626650e-09,-1.084770399761615e-10,-5.127363744914372e-14,-2.544370546554372e-15,-7.324256599763179e-04,-5.069471062731326e-03,-1.267131947964090e-05,-4.540498443118255e-05,-2.850121503596690e-05,-1.486251603285479e-09,-5.517440105674615e-08,-1.501668078524177e-06,-2.239696558861754e-06,-7.191545835702056e-07,-3.754304716776217e-07,-1.986296480236214e-07,-2.205668026694640e-11,
-1.278901694705500e-02,-9.619385900573110e-02,-2.082060988050688e-01,2.207378300444908e-06,-2.987839126259326e-02,1.861059057961056e-01,-2.383448858976149e-05,-8.462798085945004e-01,-1.418771930198847e-07,-3.757343520886306e-07,-5.002800149488950e-08,-2.838614441252901e-06,-1.714473499380673e-07,-2.378296702895913e-06,-2.920361951480126e-06,-7.660523643391883e-09,-3.153195678806889e-08,-2.490401708155223e-08,-1.171188825673377e+00,7.936893399422547e-01,-1.068910608684678e-07,-8.227037925726320e-06,-3.768839293662425e-07,-1.223830451260462e-05,-1.404383681956648e-06,-3.243618716048995e-09,-2.331462291711435e-06,-9.767708845550276e-07,-2.845598418528410e-08,-1.456908197511453e-08,-1.574110574682465e-06,-4.833158775223656e-07,-6.418026177464771e-08,-2.987352274914543e-07,-5.933854350100042e-07,-1.234376386739162e-08,-6.076025479884995e-07,-4.098017344984775e-06,-2.140816556229259e-11,-1.368281728399100e-08,-1.031291552203470e-10,-8.250635400717103e-14,-2.806606874561449e-15,-1.220994203944280e-03,-8.688455491171714e-03,-1.052511004963058e-05,-2.692743805966459e-04,-1.744050166203996e-04,-6.485016788831418e-09,-1.254424048197178e-07,-1.924269388966403e-06,-2.494874714328665e-06,-3.485473556968815e-06,-1.204995673893159e-06,-9.633564945098938e-07,-2.132657939135640e-11,
-1.787908903656920e-01,-8.405746947893945e-01,-5.307210833231527e-01,-5.911744664725031e-04,-1.453743379355527e-01,5.027937649813742e-01,-3.005861133166319e-04,-4.346994188540249e+00,-3.703480605421347e-07,-6.188083633795038e-07,-2.512622416237839e-07,-2.457389954554589e-05,4.630234452103782e-08,-3.427676667157811e-05,-4.439291687310921e-06,-1.868461652864333e-08,-1.614186350662184e-07,-7.367563416222338e-08,-4.968890520435139e+00,1.881762765983319e+00,-9.133656171716438e-08,-5.287003768716490e-06,-4.541802540061106e-06,-1.116349274680096e-04,-3.163979988123194e-06,-1.804198021258164e-08,-7.587257593999431e-07,2.609377403792887e-07,-6.337792300170684e-08,-1.171256435196284e-07,-2.842220253355487e-06,-2.165168915354470e-06,-2.266635199361147e-06,-3.624989466295579e-06,-1.101681528886507e-05,-2.801323258103695e-07,-7.050467722606898e-06,-1.556654108027691e-05,-2.563053954382826e-09,-1.383749704127924e-06,-7.334864799628738e-09,-2.172615746101230e-11,-6.019659186590645e-13,-1.417613240564823e-03,-1.044929166445627e-02,1.514932157329892e-06,-1.956718494861809e-02,-1.366620860248745e-02,-3.302539984393611e-07,-6.369828930015539e-06,-2.403335893719380e-06,-9.357291653841209e-05,-6.450443029590763e-05,-2.811926077860983e-05,-1.785224012366543e-05,-1.229822910175926e-10,

4,56
5.925569483018370e+00,3.544108828879897e+01,5.115369807776693e+01,7.660316053744074e+00,1.306218094484139e+01,3.179285362148653e+02,6.182855978448717e-01,1.024338558863747e-05,6.216778318917658e-01,1.375113199091180e+00,1.602774770616867e-01,2.624994910365911e+01,1.638689914029014e+01,2.004470983651777e+00,1.554893011772153e+01,4.516143023355789e-01,1.353868764907405e-01,2.907008552248013e+00,4.591115865200087e+02,3.206478746531975e+02,1.934218177259398e-01,5.775529390123183e+01,3.921861041554326e+00,2.973408042332883e+02,1.298243801671323e+01,2.701834900095024e+01,8.468858335358776e+00,3.415204076887549e+00,1.658619796210538e-02,3.698332586928664e+00,2.482165984792134e+00,1.040968722453854e+00,3.886013536478440e+00,2.242208132833591e+00,3.824521409081081e+00,2.005284141863716e-01,3.398668048391135e+01,1.115838643743205e+00,6.316144533040818e-01,8.006005073975192e+00,1.372885078198256e+00,4.093814013883006e-02,1.017737077693705e-03,7.710184176375603e-02,4.303093792730888e-01,2.434598557838763e+00,4.616099114742351e-01,6.651076033207265e-01,1.915366021458366e-01,1.637362389239700e+01,8.523690434588967e-01,2.965636559891262e-01,9.027115000462828e+01,1.435416837034617e+01,2.536732008855616e+01,2.701199264265597e-10,
-1.990250347949027e-03,-1.205269824426345e-02,-3.417923736036520e-02,6.459586717112004e-06,-6.002739558206910e-03,1.855089427118161e-01,-1.721086874769124e-06,-1.580020954588201e-01,-3.985184189903005e-08,-1.626014305001655e-07,-5.717271204708002e-09,6.504736696462724e-07,-7.116917511494443e-08,-1.966520638474245e-07,-8.859161983333570e-07,-1.417659284200943e-09,-4.901611564430680e-09,-5.054821837460140e-09,-1.679348611272335e-01,7.913151790173660e-01,-5.973664336997632e-08,-5.349468209846853e-06,-7.182569126692068e-08,-3.343967157684975e-07,9.779358586533384e-07,1.517864427600408e-09,-1.805318801498080e-06,-7.694596008774502e-07,4.082299253666722e-09,-1.909851529897535e-09,7.477658540034459e-08,9.350462253362062e-07,1.061875566182026e-07,4.690228041982819e-07,8.058579994043441e-07,1.245599530384947e-08,7.220947718159246e-07,5.986525346779023e-06,1.386048046412308e-11,7.709194646508968e-09,-9.388024479173423e-11,-2.287187325947457e-14,-1.537111802609657e-15,-4.582678031997588e-04,-3.125305606259313e-03,-1.053365604105089e-05,-1.226846546474897e-05,-7.493782635704846e-06,3.411230465546933e-09,2.197100343860292e-07,5.612431374869914e-06,4.564648612102474e-06,3.624930024886845e-06,1.378144812998323e-06,9.994854534998333e-07,2.383618302737034e-11,
-3.686747848458470e-03,-3.084403667659708e-02,-9.045870099550909e-02,7.572205628068377e-06,-1.121445131173366e-02,5.004352147330663e-01,-6.887275799071575e-06,-3.449987238078827e-01,-5.835496470217343e-08,-8.242582687337430e-08,-7.997257434611695e-09,6.855760929436989e-07,1.604324412839447e-07,-6.770952294236956e-07,-4.732509698996061e-07,-5.290231643793362e-10,-5.973437464713968e-09,2.013473903459134e-12,-4.926773783048717e-01,1.874480798802174e+00,-3.970306130239045e-08,-5.110018073395729e-07,-1.137271730313302e-07,7.217368983440161e-07,6.968718473342850e-07,1.242649308478133e-09,3.649704966972325e-07,6.923469139338529e-07,1.200405883161369e-08,-4.071302470437989e-09,1.568047804254269e-07,1.626466233880221e-06,3.036073696550419e-07,1.035645927389188e-06,1.718230527276525e-06,2.897831128149057e-08,1.241462214250167e-06,4.167964063605065e-06,3.462027925321077e-11,2.614868761065831e-08,6.957668113470384e-11,-5.067199898308721e-14,-1.669950492133041e-15,-7.338293163000316e-04,-5.079673568804574e-03,1.504112583508779e-06,-4.561519047970814e-05,-2.861739844512848e-05,4.138362198946799e-09,2.471443655472545e-07,3.326719288399174e-06,5.287352169524620e-06,6.353404894430405e-06,2.939303620680934e-06,1.748613264405161e-06,2.160524537053732e-11,
-1.286776923046482e-02,-9.672626272548833e-02,-2.089699570496129e-01,2.110839055320961e-06,-3.001545628801303e-02,3.162594403126024e+00,-2.396365613438126e-05,-8.498031257595891e-01,1.107412397974589e-06,3.361497956866377e-06,3.724749505956020e-07,2.343504645543190e-05,2.068458352619025e-06,-2.144890742124851e-06,2.963841255651791e-05,7.744273059268398e-08,3.466855342689359e-07,2.755845381409929e-07,-1.175768106943093e+00,7.860420455395697e+00,6.997696729090480e-07,5.389712574720670e-05,2.440450528725524e-06,1.008166205137816e-04,3.899358045806238e-06,1.302841950952396e-08,1.607723506798425e-05,5.102115092420482e-06,2.530242634392839e-08,7.112762309692840e-08,6.722970298970232e-07,5.305959491113398e-06,1.075018581687816e-06,1.543927584193673e-06,3.406050162766323e-06,1.601351580429634e-07,4.858077641504684e-06,1.135670306813940e-05,2.396257299821408e-09,1.322852785715764e-06,3.867199172784911e-10,2.426013596941496e-13,1.241329159564540e-14,1.999331186340754e-03,1.439150324374989e-02,6.827663613019754e-05,-2.718082318493599e-04,-1.760636022298065e-04,3.299239872853889e-07,6.059963571661366e-06,4.359053719942731e-06,1.183936472777875e-04,2.737433713562875e-05,8.423454579037099e-06,7.596904113239062e-06,9.141198908935166e-11,

