1
0
56
1
(4 0
((0,0) (15,255) (0,0))
((0,768) (15,1023) (0,0))
((0,512) (15,767) (0,0))
((0,256) (15,511) (0,0))
)
4
FabOnDisk: SD_5_New_MF_D_0003 0
FabOnDisk: SD_5_New_MF_D_0000 0
FabOnDisk: SD_5_New_MF_D_0001 0
FabOnDisk: SD_5_New_MF_D_0002 0

4,56
-7.876451745746131e+00,-1.641785972497059e+01,-2.643922750228692e+01,-6.116165444502217e+00,-9.753078979400282e+00,-9.013578408214883e+00,-1.095714790847009e+00,-6.340084098544729e+02,-2.913552894511569e-01,-8.222490679092389e-01,-9.281582399747079e-02,-1.394538762357526e+01,-1.308416232159691e+01,-1.563567823664903e+00,-1.063478445721924e+01,-4.698040575657753e-01,-7.959636508999014e-02,-2.912244694899020e+00,-1.508248669096401e+02,7.808584982500581e-22,-9.558258767250950e-02,-4.883145137194960e+01,-1.833863544664648e+00,-1.991353503717202e+02,-8.017837445955413e+00,-2.501816237773913e+01,-4.699320058119199e+00,-2.960330246452902e+00,-9.475398511714618e-03,-1.975340424207541e+00,-1.649651078876177e+00,-9.085013041469681e-01,-3.740704353081961e+00,-2.177033070014406e+00,-3.128393140767654e+00,-2.208510591360253e-01,-3.223644134764695e+01,-5.429428779846128e-01,-3.388012775593360e-01,-8.291625310136348e+00,-9.932143533785101e-01,-1.739780690536913e-02,-6.588764886266195e-04,-8.296873730002136e-02,-1.709968617527421e-01,-2.027331018570827e+00,-7.444298079776746e-02,-4.114456478619442e-01,-1.398556518439941e-01,-2.449141725289412e+01,-5.115757889229241e-01,-5.882627876350676e+02,-8.918118014145264e+01,-9.309853260767836e+00,-2.464186385278450e+01,-2.742126525845379e-10,
-3.913424949297160e-03,-3.073473101592968e-02,-9.020456260307927e-02,4.083389687360602e-07,-1.117905971750727e-02,1.059421825285397e-01,-6.903415489215139e-06,-3.439881345267032e-01,-9.150752198908041e-08,-3.585164267074302e-07,-3.843149369070164e-08,-2.565026857725041e-06,-2.883166407616489e-07,-7.140164699233854e-07,-2.338066358762812e-06,-6.185856500879680e-09,-2.350870914974793e-08,-2.152377472933482e-08,-4.912521296529917e-01,2.759893707501226e-01,-9.786627863401217e-08,-9.322978422139610e-06,-2.433299091397858e-07,-9.435573728632054e-06,-2.960494937152584e-06,-3.429090910580502e-09,-3.805104610615507e-06,-1.313417976111597e-06,-1.141654704807764e-08,-6.305308377053330e-09,-6.217295499768661e-07,-3.690182303754951e-07,-2.797106076010882e-08,-1.432145379955191e-07,-2.588323975522981e-07,-5.196062838083831e-09,-3.704136272402730e-07,-3.630194140113867e-06,-7.844291258647627e-12,-4.300308250664714e-09,-1.082532790285004e-10,-5.128016596537860e-14,-2.540715191151518e-15,-7.325046976628339e-04,-5.070037137817847e-03,-1.266751625162884e-05,-4.541518602299063e-05,-2.850802924034803e-05,-1.968896567866217e-09,-5.897973400257506e-08,-1.685369240461323e-06,-2.261750316308062e-06,-7.321798955778446e-07,-3.558823016274233e-07,-2.025206003740984e-07,-2.072047394774401e-11,
-1.279242279195754e-02,-9.621740534019330e-02,-2.082402726331788e-01,2.202642518433717e-06,-2.988420028059008e-02,1.861210808638695e-01,-2.384077025406842e-05,-8.464369217658684e-01,-1.278307229479946e-07,-3.599983533169749e-07,-4.855312776426250e-08,-2.904548880891456e-06,-1.947576075669201e-07,-2.383935950228422e-06,-2.607450660600235e-06,-6.913711908892807e-09,-2.878769968250869e-08,-2.232470490185194e-08,-1.171396412573913e+00,7.937997458504668e-01,-1.112854228422461e-07,-8.891236190732040e-06,-3.846044293158671e-07,-1.201172608866520e-05,-1.885059775917195e-06,-3.247268106240404e-09,-2.417124875793204e-06,-9.576297049901605e-07,-2.760641497203139e-08,-1.428034067561559e-08,-1.489136684233565e-06,-4.804531504233551e-07,-7.515965721879093e-08,-3.018637787597998e-07,-5.981625905701012e-07,-1.133388236844970e-08,-5.898728467959829e-07,-3.427633057263637e-06,-2.082331027746673e-11,-1.401547494004685e-08,-1.021533282379204e-10,-8.253598783473129e-14,-2.809681327793601e-15,-1.221164212455390e-03,-8.689735935515485e-03,-1.052410224406153e-05,-2.694045146298817e-04,-1.744894116197611e-04,-5.117463661638345e-09,-1.196880529184626e-07,-2.013103568969269e-06,-2.377066381534122e-06,-3.300796181058169e-06,-1.471718104865659e-06,-9.124379129442959e-07,-2.115582709016905e-11,
-1.789145706366405e-01,-8.418804709304792e-01,-5.315853769980002e-01,-5.920951876705759e-04,-1.450061159589239e-01,5.028952148224127e-01,-3.009707135145719e-04,-4.349825389895845e+00,-5.236045362722595e-07,-8.769789374271026e-07,-2.609449946647104e-07,-2.046086630071365e-05,-2.044498470339448e-07,-3.431440735035203e-05,-9.029720350491194e-06,-2.606834633358200e-08,-1.670504097571893e-07,-9.311726706818630e-08,-4.981979286311335e+00,1.882090836434964e+00,-9.392397205255460e-08,-5.410376221873192e-06,-2.938875232619923e-06,-1.025859528854050e-04,-2.905445628962877e-06,-1.697767477864987e-08,-7.993226204347485e-07,2.536023633352504e-07,-1.029703585038554e-07,-8.496899304449185e-08,-3.936423559141029e-06,-1.919883753853392e-06,-1.736790666327354e-06,-2.342369893080647e-06,-6.376464732594429e-06,-2.472547153871467e-07,-6.092795936773760e-06,-1.416175736438825e-05,-1.863187103567329e-09,-1.360459506327919e-06,-7.471259822132496e-09,-2.213647843928839e-11,-6.135493421397944e-13,-1.417714234999163e-03,-1.044997354108406e-02,1.474178857516161e-06,-1.961622019049030e-02,-1.370007580491206e-02,-1.479976304441239e-07,-5.165706502959523e-06,-2.433128717237155e-06,-1.065586392093242e-04,-4.793599346043580e-05,-1.893959504018366e-05,-1.353393714261218e-05,-8.375411475469718e-11,

4,56
5.921429326463579e+00,3.540795001909351e+01,5.279299854065731e+01,7.628347902293331e+00,1.305721957926868e+01,3.182717608219012e+02,6.158897692454641e-01,1.013420229334372e-05,6.154970035973355e-01,1.368290294816370e+00,1.611130492470047e-01,2.621178381865252e+01,1.638356546896401e+01,2.006396112307394e+00,1.559388906120230e+01,4.547238576314723e-01,1.352593319490764e-01,2.897834214693147e+00,4.583497105584250e+02,3.207825371802855e+02,1.923982213807139e-01,5.746596579538139e+01,3.906502776335705e+00,2.977320326696942e+02,1.273600286704557e+01,2.698675766387784e+01,8.523255816612696e+00,3.409779534185686e+00,1.662458509111207e-02,3.656024824090649e+00,2.504025786129681e+00,1.045788735733570e+00,3.884843632429628e+00,2.224231565431787e+00,3.841166519151515e+00,2.004319093317677e-01,3.428205743084226e+01,1.147979681558950e+00,6.273659412121361e-01,8.017313256601613e+00,1.368638085802927e+00,4.053646650059533e-02,1.010172207713144e-03,7.732915214717091e-02,3.918568985208893e-01,2.433334365640126e+00,4.628327091746396e-01,6.645278202340349e-01,1.918788588004352e-01,1.648234447792020e+01,8.609355668362445e-01,3.009951023145396e-01,9.088358789595722e+01,1.434869731849356e+01,2.551504454610322e+01,3.146851668134332e-10,
-1.990464663442476e-03,-1.205928197964195e-02,-3.420621879147867e-02,6.459529610747769e-06,-6.003967601075635e-03,1.855219012463868e-01,-1.720512355841930e-06,-1.580090045430243e-01,-4.089930406253943e-08,-1.598005459890622e-07,-5.720932947294047e-09,4.373979956297845e-07,-7.078671625688982e-08,-1.959863965531046e-07,-8.871854629304097e-07,-1.291921413531308e-09,-4.820260776515298e-09,-4.813631817317492e-09,-1.679876288241176e-01,7.914123605456294e-01,-5.919233171909816e-08,-5.285060961248337e-06,-7.195707228086637e-08,-9.773377630349662e-08,1.026068192279042e-06,1.524109898593376e-09,-1.796047869843587e-06,-7.361539123528948e-07,4.063558920276142e-09,-1.917763496031465e-09,9.605696981104533e-08,9.957514751791345e-07,1.425126596345038e-07,6.259836274560680e-07,1.186825351124893e-06,1.920563147075429e-08,9.637135527303942e-07,5.527111130228504e-06,2.011832015706941e-11,1.170987795099401e-08,-9.353790754664045e-11,-2.291094656136718e-14,-1.538945623656181e-15,-4.582860658280771e-04,-3.125491580327973e-03,-1.053240573221563e-05,-1.227230077323038e-05,-7.495134021460609e-06,2.091053002326338e-09,1.527997755112345e-07,3.646022029646301e-06,4.576438117794669e-06,5.221349575733960e-06,1.527626800305303e-06,1.441893992456097e-06,1.998266829783546e-11,
-3.686885616513139e-03,-3.084796268157290e-02,-9.046871774937824e-02,7.572180351194980e-06,-1.121535354364141e-02,5.005370850065157e-01,-6.887428499159765e-06,-3.450401197201250e-01,-5.897605874671523e-08,-8.390362307520880e-08,-9.784789550503205e-09,7.273886742971005e-07,1.611520008564938e-07,-6.670181945229642e-07,-4.936619649910951e-07,-2.801906774398670e-10,-5.473535266939740e-09,7.846137507572450e-10,-4.927466684792602e-01,1.874812242706918e+00,-3.753031226193098e-08,-3.563200633075277e-07,-1.163236607976877e-07,4.101329001930706e-07,6.945880052056333e-07,1.125786341080983e-09,3.713760176853944e-07,6.817014360196069e-07,1.212982700196377e-08,-3.981912220146640e-09,1.240611321589935e-07,1.335781641501742e-06,2.060927343448500e-07,7.612069880512354e-07,1.322150691716587e-06,2.102026470464439e-08,9.760329692985481e-07,6.222082908262116e-06,2.616411718082532e-11,1.926638140171615e-08,6.887797993246266e-11,-5.054446916351929e-14,-1.680637712831766e-15,-7.339189321430252e-04,-5.080311910415078e-03,1.507017512372806e-06,-4.562342412720610e-05,-2.862233718153032e-05,5.438861222500107e-09,3.065964807333335e-07,3.891631368079495e-06,5.919243481332771e-06,6.915620986858977e-06,2.753799339331727e-06,1.903332693527123e-06,2.382079256069147e-11,
-1.287120291820504e-02,-9.675030750856635e-02,-2.090028665406973e-01,2.104772175211940e-06,-3.002106764919955e-02,3.159693263486832e+00,-2.397035407658403e-05,-8.499605790395638e-01,6.644658471183473e-07,2.360602699976590e-06,2.685630105994337e-07,2.079831501040051e-05,1.412793552570064e-06,-2.099152868880608e-06,1.727990683641696e-05,5.153734092658533e-08,2.275273105664115e-07,1.623413659292661e-07,-1.175971720212845e+00,7.881005319276077e+00,5.815799102019598e-07,4.343800311440071e-05,2.548931685877012e-06,9.557665867014925e-05,3.806472057814146e-06,1.273817441026950e-08,1.387759451422507e-05,5.338302497848236e-06,2.058136866706658e-08,6.252665255976910e-08,6.365672874435636e-07,5.460680029862714e-06,1.352436153233176e-06,2.043108728830860e-06,5.366881478625330e-06,2.687883812066993e-07,5.006354417779229e-06,8.128440668025449e-06,1.494268358132855e-09,1.115010902848994e-06,3.944415215383271e-10,2.637483541410745e-13,1.269307232537069e-14,2.007950641530090e-03,1.445713399429725e-02,6.829530284490652e-05,-2.719409891572471e-04,-1.761511782917588e-04,2.059947561957692e-07,4.437244189460294e-06,3.852199290622912e-06,8.689076766356160e-05,3.899813709186724e-05,1.368955991260446e-05,1.079282939603220e-05,1.046631670220677e-10,

