1
0
63
1
(4 0
((0,0) (15,255) (0,0))
((0,768) (15,1023) (0,0))
((0,512) (15,767) (0,0))
((0,256) (15,511) (0,0))
)
4
FabOnDisk: SD_0_New_MF_D_0003 0
FabOnDisk: SD_0_New_MF_D_0000 0
FabOnDisk: SD_0_New_MF_D_0001 0
FabOnDisk: SD_0_New_MF_D_0002 0

4,63
-1.078669519586165e-06,2.020328173462331e+00,1.578434559090807e-01,3.488716983037584e-22,1.307752782501842e-20,2.282473666299855e-16,7.089632373064741e-11,9.871520112402670e-08,1.527057166870398e-08,2.876656989701025e-11,2.871973230911458e-03,0.000000000000000e+00,1.125780612976186e-26,7.469902924414321e-28,9.226305992574279e-13,1.176484676199608e-10,4.384065684821799e-22,5.901902720734649e-11,3.092379250469532e-16,1.817923725547733e-27,6.454029536490250e-12,4.376743351885431e-09,3.049061051997760e-10,7.726584463520634e-33,3.586457672071836e-11,2.147628090215954e-24,3.530859288146302e-10,0.000000000000000e+00,0.000000000000000e+00,2.237154505209455e-26,3.108461281809557e-12,1.035478348532211e-19,2.202777874982907e-22,5.278115122051525e-13,1.868335509667148e-18,0.000000000000000e+00,0.000000000000000e+00,0.000000000000000e+00,0.000000000000000e+00,0.000000000000000e+00,0.000000000000000e+00,0.000000000000000e+00,0.000000000000000e+00,5.398904165699554e-15,1.066482771622510e-16,2.913107496529341e-18,1.582065193359714e-15,5.123293541567291e-16,2.115989202310225e-14,4.912735187791120e-15,8.851999218196654e-15,3.751019266639018e-31,0.000000000000000e+00,0.000000000000000e+00,0.000000000000000e+00,0.000000000000000e+00,0.000000000000000e+00,0.000000000000000e+00,1.132353070511980e-01,3.668273321103620e+03,0.000000000000000e+00,4.430000893442804e+02,1.013175734684218e+05,
-9.455198886230945e-08,5.585248311581751e+00,1.460914677869432e-01,6.117531201534968e-06,5.841300084589182e-05,4.696424727985358e-04,1.349781611227861e-07,5.708898253655650e-05,1.235239402770183e-02,1.211898740844076e-08,1.185203949044528e-03,5.137622204518480e-11,2.721987321110178e-10,2.300343629855046e-11,1.088881994307024e-09,2.982496319769545e-10,8.739206814609103e-10,1.630904650448490e-09,3.553815378545378e-12,1.175313282572172e-11,1.252301787090533e-11,3.572156132948783e-03,2.343944380008304e-02,8.766984548986816e-11,9.045514326917676e-09,1.004936928518057e-10,3.372034754772038e-09,0.000000000000000e+00,0.000000000000000e+00,3.000369483208836e-09,1.625085172277395e-09,2.552245189701147e-15,2.187478862042389e-12,0.000000000000000e+00,3.304888664727202e-13,2.553495230076722e-15,0.000000000000000e+00,0.000000000000000e+00,0.000000000000000e+00,0.000000000000000e+00,0.000000000000000e+00,0.000000000000000e+00,0.000000000000000e+00,7.838134929705782e-14,1.745300546204758e-17,1.199057175228232e-18,5.892337144267201e-07,4.007558929177790e-06,1.800258534463762e-08,1.338361915974155e-08,8.183928466727275e-09,4.261776109691132e-13,0.000000000000000e+00,0.000000000000000e+00,0.000000000000000e+00,0.000000000000000e+00,6.935812273950491e-14,0.000000000000000e+00,1.047784834339846e-01,7.926848663806787e+03,0.000000000000000e+00,2.330968446935507e+03,1.013249976335723e+05,
-1.860397484945035e-07,5.516105575724202e+00,1.469327573123982e-01,7.200798078805690e-06,6.942405552718299e-05,5.060412911570396e-04,1.327206271060980e-07,6.111371966257126e-05,1.235468915107582e-02,1.458320635940925e-08,1.323935110431221e-03,8.168944369602319e-11,3.935367744170640e-10,3.433924396060364e-11,1.512858104395927e-09,3.799293990290000e-10,1.129172487397553e-09,2.355582992262302e-09,5.153938566829831e-12,1.763729519717758e-11,1.784559101940637e-11,3.779881155031839e-03,2.305171363751245e-02,1.282808133531517e-10,1.261933139186922e-08,1.657416863552529e-10,5.022472317928758e-09,0.000000000000000e+00,0.000000000000000e+00,4.192903283960220e-09,2.196948903107980e-09,3.884563768010323e-15,3.987034084822181e-12,0.000000000000000e+00,6.901348444466471e-13,0.000000000000000e+00,0.000000000000000e+00,0.000000000000000e+00,0.000000000000000e+00,0.000000000000000e+00,0.000000000000000e+00,0.000000000000000e+00,0.000000000000000e+00,1.394160425359765e-13,3.872755356315680e-17,2.411446672799866e-18,9.321591750536792e-07,6.365094008630028e-06,2.487655962150237e-08,2.837251783658188e-08,1.751234760173001e-08,7.252275489757615e-13,0.000000000000000e+00,0.000000000000000e+00,0.000000000000000e+00,0.000000000000000e+00,0.000000000000000e+00,0.000000000000000e+00,1.053844554288483e-01,7.835158163308931e+03,0.000000000000000e+00,2.291568212574395e+03,1.013249977213541e+05,
-8.741085491813238e-07,5.263940039381619e+00,1.490598730357729e-01,1.043012786726245e-05,1.013547183598324e-04,5.936422238583359e-04,1.327305949852046e-07,7.165815948612295e-05,1.232954294604050e-02,2.223348574953906e-08,1.662748271778994e-03,1.374334573676648e-10,4.129088261885657e-10,5.045548897996206e-11,1.380909474172215e-09,1.968188964732779e-10,1.894000318943494e-09,2.846151413656988e-09,5.427666324192065e-12,2.619790498905702e-11,1.929502046481259e-11,4.286581155435816e-03,2.218816778755757e-02,1.306524327483785e-10,1.064461811169445e-08,3.004779015142856e-10,6.832740472485201e-09,0.000000000000000e+00,0.000000000000000e+00,2.964856989169105e-09,1.181345430550728e-09,0.000000000000000e+00,8.797818710965201e-12,0.000000000000000e+00,0.000000000000000e+00,0.000000000000000e+00,0.000000000000000e+00,0.000000000000000e+00,0.000000000000000e+00,0.000000000000000e+00,0.000000000000000e+00,0.000000000000000e+00,0.000000000000000e+00,4.648227873275124e-14,8.342515636677899e-17,2.895188846738582e-18,1.554252560403299e-06,1.071284406404749e-05,1.777087063144736e-08,9.518924634103414e-08,6.011113479301345e-08,1.432614649372429e-12,0.000000000000000e+00,0.000000000000000e+00,0.000000000000000e+00,0.000000000000000e+00,0.000000000000000e+00,0.000000000000000e+00,1.069144405540819e-01,5.693234584014136e+03,0.000000000000000e+00,2.145623853435350e+03,1.013249721453771e+05,

4,63
8.813190497116618e-07,5.261605202682704e+00,8.373316086709163e-01,4.982057493790646e-05,4.407886003667250e-04,9.547966169901011e-04,1.181907796426679e-04,3.842036555091034e-04,1.295259597977289e-02,2.139592153160015e-05,1.827789904168527e-01,1.497030215726252e-06,6.631427762985327e-06,7.512628506697605e-07,2.357083126819734e-04,2.673059123322085e-04,2.013167801130175e-05,5.163531999800814e-04,1.479520525210706e-05,9.684138111561983e-07,6.783453554160256e-05,1.434230798508463e-02,2.218520881544463e-02,8.754742803256833e-07,6.498409773500355e-04,2.238752693336913e-05,4.603149532147308e-03,1.016151147359285e-04,4.636701234583081e-04,3.355262860448152e-05,1.144186029827586e-04,1.306631423374561e-07,3.215828451090776e-05,3.746132772643403e-05,1.272577500541562e-05,5.946602214271710e-05,3.184492947397008e-05,4.140753703804048e-05,3.091934245025164e-06,6.518276678555682e-04,1.053838417173097e-05,4.234508689797961e-06,1.159677175621749e-04,1.930872109421895e-05,6.943760675940517e-07,1.693064879565415e-08,2.498503092094235e-06,1.764173277412232e-05,3.031990488677871e-05,1.292404626346267e-05,1.665739411822212e-05,1.695773332157989e-06,4.465614601946787e-04,9.380055479713846e-06,5.259447705849432e-02,1.645734236818302e-03,1.442077913291235e-04,4.504954525514961e-04,6.019580217393109e-01,7.461253094949735e+04,0.000000000000000e+00,2.144238857691902e+03,1.013276983067982e+05,
1.134627396889810e-07,5.614937682586049e+00,1.469278198642097e-01,7.194036123732945e-06,6.935602972532563e-05,5.058280168416533e-04,1.366554325265532e-07,6.108936691522808e-05,1.235467846404667e-02,1.456771497408005e-08,1.323127909744448e-03,8.153245126483954e-11,3.929942128984615e-10,3.428515209621007e-11,1.511136199122913e-09,3.796714242590581e-10,1.127607518244199e-09,2.352353014436853e-09,5.146931015260339e-12,1.760968792039478e-11,1.782324389441079e-11,3.778667035954444e-03,2.360716179357596e-02,1.280949843134504e-10,1.260444492159247e-08,1.654254901162989e-10,5.017220861006380e-09,6.543814878606307e-13,2.929009703398210e-15,4.187897733473027e-09,2.194761534038570e-09,1.120762260705834e-14,3.977094748530982e-12,3.165749973723651e-13,3.170289113551396e-12,8.428755751538376e-14,3.249494909065475e-13,7.481867414268495e-13,1.197201561572880e-14,6.430210025788609e-13,4.409432819623791e-12,1.317740348744996e-17,7.574617973729595e-15,1.391492216836315e-13,3.860392179951817e-17,2.405096785408086e-18,9.303630548899217e-07,6.352683621162023e-06,2.484807989288532e-08,2.826966263672302e-08,1.744790967473199e-08,7.243134953114916e-13,1.554861181341456e-13,3.680411359798807e-12,5.966261858305044e-12,2.226565636636804e-12,1.476623709546218e-12,6.056498217743759e-13,1.053809017258852e-01,7.962392043942279e+03,0.000000000000000e+00,2.346867831807307e+03,1.013250024221952e+05,
1.566066165382137e-07,5.585083205390182e+00,1.490462655310502e-01,1.040774105329992e-05,1.011367773989660e-04,5.931154547613003e-04,1.349683462942689e-07,7.159155705301427e-05,1.235689969826481e-02,2.217872138001025e-08,1.660646907147029e-03,1.371610893486391e-10,5.338604531268488e-10,5.039389003970712e-11,1.904121697114024e-09,4.064061537615182e-10,1.888616801937431e-09,3.228646791137507e-09,7.008736210239192e-12,2.616618807447615e-11,2.354297365873201e-11,4.283486434928993e-03,2.343846914344265e-02,1.764076288645907e-10,1.583868666454366e-08,2.997471664624097e-10,7.229826728751973e-09,7.309516108735275e-13,6.870384833779561e-15,5.181835097565895e-09,2.501365977381503e-09,3.543759689156587e-14,8.767306030151798e-12,9.489886485704425e-13,4.397897950497247e-12,2.081063456004906e-13,6.285217116610222e-13,1.558610931384283e-12,3.742016562158367e-14,1.609118051461811e-12,5.590358813658299e-12,5.477012900616317e-17,3.086603192285755e-14,1.798863423982386e-13,8.320072548745818e-17,4.163451846246536e-18,1.551006660345118e-06,1.068986889316287e-05,3.019240377836796e-08,9.458809281978772e-08,5.972307370637722e-08,1.429253394038158e-12,4.369283251254249e-13,5.167206005537503e-12,8.570594557896226e-12,7.347234592908425e-12,1.476793849289058e-12,2.028333280777255e-12,1.069046475375344e-01,7.930882687376904e+03,0.000000000000000e+00,2.330874919686200e+03,1.013250024401486e+05,
7.890452416034347e-07,5.515681456757849e+00,1.577527546965685e-01,2.857980739034422e-05,2.652024173147669e-04,8.519651941816290e-04,1.907881998633361e-07,1.107297981347163e-04,1.235690249695326e-02,7.189633373780694e-08,2.860893548936181e-03,1.969679753538818e-10,5.621285002821616e-10,5.852915647529204e-11,1.940280162211977e-09,3.974693849874376e-10,6.872665431593301e-09,3.486255108690149e-09,7.369658417218900e-12,3.083836111591512e-11,2.453543606740222e-11,5.924482707948899e-03,2.304947068430824e-02,1.857698169667207e-10,1.603387453936730e-08,5.184995668043562e-10,8.135736749659679e-09,5.491337276874257e-12,3.676604036945600e-14,5.201986400731922e-09,2.488812092540347e-09,1.955976557323623e-13,2.223188444474243e-11,3.554901626015005e-12,2.962701293378785e-12,1.929465142713541e-12,2.918490523399623e-12,9.683654828825864e-12,3.781881987893532e-13,9.686149939181518e-12,1.570646482374967e-11,1.975973682987045e-15,8.953626163941642e-13,1.789894651693423e-13,1.174227640336764e-16,4.529757079841870e-18,2.498002441014136e-06,1.763497608399480e-05,3.026533910302144e-08,1.572085570034117e-06,1.068512312154366e-06,3.674171327804786e-12,7.922442814259246e-12,1.163057417837804e-11,1.313840466257255e-10,7.001962794461736e-11,1.833484235321634e-11,1.960709153683958e-11,1.131700935056749e-01,7.833991292965587e+03,0.000000000000000e+00,2.291320380116646e+03,1.013250323926169e+05,

