1
0
63
1
(4 0
((0,0) (15,255) (0,0))
((0,768) (15,1023) (0,0))
((0,512) (15,767) (0,0))
((0,256) (15,511) (0,0))
)
4
FabOnDisk: SD_0_Old_MF_D_0003 0
FabOnDisk: SD_0_Old_MF_D_0000 0
FabOnDisk: SD_0_Old_MF_D_0001 0
FabOnDisk: SD_0_Old_MF_D_0002 0

4,63
-8.313084155065390e-07,2.013553515578488e+00,1.578366368643148e-01,3.663991662602440e-22,1.381357415955542e-20,2.364554129933022e-16,7.366831896001473e-11,1.005047467034461e-07,1.581369760850439e-08,2.989639286561712e-11,2.871270494758983e-03,0.000000000000000e+00,1.209069661850838e-26,8.023365125315288e-28,9.565751159454913e-13,1.175262530579589e-10,4.641411057549929e-22,6.170311742793633e-11,3.261351965140856e-16,1.970080211806695e-27,6.751406481674803e-12,4.548020875148610e-09,3.189374297484278e-10,8.359404899557531e-33,3.745392761567977e-11,2.356987605316989e-24,3.690345311052971e-10,0.000000000000000e+00,0.000000000000000e+00,2.430550118675794e-26,3.265008850899675e-12,1.096652713502252e-19,2.391777961786673e-22,6.830752416232765e-13,0.000000000000000e+00,0.000000000000000e+00,0.000000000000000e+00,0.000000000000000e+00,0.000000000000000e+00,0.000000000000000e+00,0.000000000000000e+00,0.000000000000000e+00,0.000000000000000e+00,5.729468475379908e-15,1.065125662308834e-16,2.909974192089179e-18,1.679585969191986e-15,5.439291622224960e-16,2.246721809530071e-14,5.216443216840002e-15,9.399234746059732e-15,4.102949254961794e-31,0.000000000000000e+00,0.000000000000000e+00,0.000000000000000e+00,0.000000000000000e+00,0.000000000000000e+00,0.000000000000000e+00,1.132304175697387e-01,3.663689982872193e+03,0.000000000000000e+00,4.430000928508697e+02,1.013176373297643e+05,
-1.406718505136227e-07,5.578223237077159e+00,1.460913666009208e-01,6.117360032929147e-06,5.841132079482792e-05,4.696364567520698e-04,1.349784696095642e-07,5.708827461176206e-05,1.235239068406791e-02,1.211862576725026e-08,1.185182161796567e-03,5.137218411943636e-11,2.721852396069205e-10,2.300259726711375e-11,1.088920573421187e-09,2.982360918759924e-10,8.738723585782600e-10,1.630785197684358e-09,3.553811653812964e-12,1.175314868485477e-11,1.252255797018954e-11,3.572113900342595e-03,2.343948498484560e-02,8.766056977742115e-11,9.044624619805968e-09,1.004570439410298e-10,3.371046324751340e-09,0.000000000000000e+00,0.000000000000000e+00,3.000119440802707e-09,1.624960062263153e-09,2.012555376528765e-15,2.186824180304818e-12,0.000000000000000e+00,3.522825724964533e-13,0.000000000000000e+00,0.000000000000000e+00,0.000000000000000e+00,0.000000000000000e+00,0.000000000000000e+00,0.000000000000000e+00,0.000000000000000e+00,0.000000000000000e+00,7.837093370559666e-14,1.745005925979018e-17,1.198875029360800e-18,5.891770862415003e-07,4.007171437845072e-06,1.800124766577203e-08,1.338171972773811e-08,8.182756082060462e-09,4.262460325761480e-13,0.000000000000000e+00,0.000000000000000e+00,0.000000000000000e+00,0.000000000000000e+00,0.000000000000000e+00,0.000000000000000e+00,1.047784124641071e-01,7.926825077689025e+03,0.000000000000000e+00,2.330972288727282e+03,1.013249976796490e+05,
-1.584371888518974e-07,5.509091710522327e+00,1.469325516893438e-01,7.200524525349070e-06,6.942127088729893e-05,5.060326152262541e-04,1.327205274682792e-07,6.111275517564991e-05,1.235468912736553e-02,1.458257111161038e-08,1.323900712988339e-03,8.166650536106960e-11,3.934198023616601e-10,3.432394749389932e-11,1.512079604887409e-09,3.798952565974821e-10,1.129065436982484e-09,2.354829000628215e-09,5.151415119306386e-12,1.762714772358434e-11,1.783719567329655e-11,3.779829697843725e-03,2.305182891484176e-02,1.282647171182866e-10,1.261784507226731e-08,1.656562355897928e-10,5.018067109214759e-09,0.000000000000000e+00,0.000000000000000e+00,4.192491598881643e-09,2.196760324163317e-09,2.535750669027678e-15,3.985252615145313e-12,0.000000000000000e+00,4.377248086638673e-13,0.000000000000000e+00,0.000000000000000e+00,0.000000000000000e+00,0.000000000000000e+00,0.000000000000000e+00,0.000000000000000e+00,0.000000000000000e+00,0.000000000000000e+00,1.393962298471887e-13,3.872002610479727e-17,2.411037712228489e-18,9.320583827350268e-07,6.364399724241608e-06,2.487466543014084e-08,2.836747134067146e-08,1.750919321331674e-08,7.250217068457279e-13,0.000000000000000e+00,0.000000000000000e+00,0.000000000000000e+00,0.000000000000000e+00,0.000000000000000e+00,0.000000000000000e+00,1.053843076211555e-01,7.835215011452845e+03,0.000000000000000e+00,2.291581404710339e+03,1.013249976172348e+05,
-1.284380742289034e-06,5.257022251526564e+00,1.490591375994664e-01,1.042894486918183e-05,1.013430979933393e-04,5.936143005357266e-04,1.327303844959367e-07,7.165469834957193e-05,1.232987879553935e-02,2.223056806431472e-08,1.662633983426877e-03,1.373913684417705e-10,4.131143023938859e-10,5.044104530954827e-11,1.381761863233233e-09,1.969382630976952e-10,1.893658807254842e-09,2.847440507660935e-09,5.431068814042010e-12,2.618449405268620e-11,1.930463676050832e-11,4.286414923920218e-03,2.218754053179319e-02,1.307152842092672e-10,1.064924689631659e-08,3.004269353537332e-10,6.836401653353008e-09,0.000000000000000e+00,0.000000000000000e+00,2.966423322764424e-09,1.181921884494148e-09,2.253249184081839e-14,8.795607839291131e-12,0.000000000000000e+00,0.000000000000000e+00,0.000000000000000e+00,0.000000000000000e+00,0.000000000000000e+00,0.000000000000000e+00,0.000000000000000e+00,0.000000000000000e+00,0.000000000000000e+00,0.000000000000000e+00,4.647710983836721e-14,8.340848624662608e-17,2.893979995809985e-18,1.554038496427683e-06,1.071133649751518e-05,1.777920300434289e-08,9.515464971997606e-08,6.008883462981791e-08,1.428588526683554e-12,0.000000000000000e+00,0.000000000000000e+00,0.000000000000000e+00,0.000000000000000e+00,0.000000000000000e+00,0.000000000000000e+00,1.069139125113485e-01,5.699035062781492e+03,0.000000000000000e+00,2.145715847285079e+03,1.013249787546663e+05,

4,63
7.025728543684654e-07,5.254689599494773e+00,8.373315766229278e-01,4.981118635358178e-05,4.410009670184001e-04,9.549454851095296e-04,1.181788720568614e-04,3.837393175525735e-04,1.295199427167073e-02,2.140486304148875e-05,1.827789827182170e-01,1.496026137606946e-06,6.641742393267551e-06,7.510121441949157e-07,2.359488483064926e-04,2.672999699221521e-04,2.012744646015110e-05,5.161122972344348e-04,1.480526336418056e-05,9.697686637257979e-07,6.788333775831616e-05,1.434060555025631e-02,2.218455890810213e-02,8.755733975001494e-07,6.500125413469044e-04,2.234616088598466e-05,4.605261026729712e-03,1.016654435059418e-04,4.640845781083547e-04,3.354175737195347e-05,1.143842696880468e-04,1.307190393521881e-07,3.221505668020183e-05,3.751456934198418e-05,1.274192082534011e-05,5.949465128328330e-05,3.187115899811723e-05,4.134816183897486e-05,3.088627172942231e-06,6.526879142440186e-04,1.058207177202771e-05,4.230297942889249e-06,1.161029980138287e-04,1.931480114103281e-05,6.941916525986113e-07,1.693216338169145e-08,2.498405028404427e-06,1.764093737565145e-05,3.038906069387991e-05,1.292594115823891e-05,1.667252808533715e-05,1.692873394953037e-06,4.463048290639426e-04,9.346676506684070e-06,5.259447505464015e-02,1.647475939606024e-03,1.445096102148332e-04,4.505269694502360e-04,6.019579968423311e-01,7.460718774465946e+04,0.000000000000000e+00,2.144332060376863e+03,1.013276978304191e+05,
1.004692076674144e-07,5.607911145812567e+00,1.469276159732922e-01,7.193765876533225e-06,6.935327840379283e-05,5.058194373900285e-04,1.366555343698061e-07,6.108841302433216e-05,1.235467835015749e-02,1.456708740701256e-08,1.323093883864031e-03,8.152320962898646e-11,3.929584432271909e-10,3.428164296687798e-11,1.511000219197523e-09,3.796502117186192e-10,1.127537426577874e-09,2.352142696386619e-09,5.146428058618879e-12,1.760785128602670e-11,1.782161120542252e-11,3.778616085108091e-03,2.360720783429585e-02,1.280836085411803e-10,1.260344086718664e-08,1.654024377715412e-10,5.016404641403387e-09,7.611323068074400e-13,2.783187213588773e-15,4.187562232551330e-09,2.194604320409893e-09,1.010828877213786e-14,3.976471485988861e-12,2.393729976177972e-13,3.192264333974143e-12,8.444514480884804e-14,3.244202673063845e-13,7.099487463662999e-13,1.124291312164419e-14,6.125868526530390e-13,4.989347907897617e-12,1.231943242324337e-17,6.998104682528470e-15,1.391302117403178e-13,3.859665492254890e-17,2.404698539591960e-18,9.302627841615156e-07,6.351993009597147e-06,2.484618868748543e-08,2.826466726077958e-08,1.744478767149283e-08,7.242262054916163e-13,1.451244675771934e-13,2.004172390948439e-12,6.457333640235866e-12,2.235269616085410e-12,1.481320179131860e-12,6.117713156661879e-13,1.053807551364462e-01,7.962299919405262e+03,0.000000000000000e+00,2.346870048935760e+03,1.013250024520536e+05,
1.502259374029680e-07,5.578058252299603e+00,1.490455355066261e-01,1.040656700011924e-05,1.011252432694758e-04,5.930876921184617e-04,1.349686586061555e-07,7.158811688561011e-05,1.235690305720332e-02,2.217582724063275e-08,1.660533355671930e-03,1.371434904595860e-10,5.338266012012912e-10,5.038928199385222e-11,1.904020922603331e-09,4.063909708192574e-10,1.888325404433302e-09,3.228413840154221e-09,7.008280310099048e-12,2.616370512516039e-11,2.354161089744305e-11,4.283321170012867e-03,2.343851074741446e-02,1.763954237777709e-10,1.583796506510653e-08,2.997027531087735e-10,7.229425046240537e-09,1.130471544871192e-12,6.447202834167158e-15,5.181603032972867e-09,2.501358608360409e-09,3.892940139987401e-14,8.765632292308130e-12,1.148210255050995e-12,4.367542787522551e-12,2.033742325029073e-13,6.312234864811498e-13,1.569731577911815e-12,3.840065024541223e-14,1.665757659566048e-12,5.813369549909642e-12,5.749389790896113e-17,3.287521415113369e-14,1.798773857690541e-13,8.318435583325765e-17,4.162916203280193e-18,1.550793386082547e-06,1.068836709873340e-05,3.019129057604017e-08,9.455386659507873e-08,5.970101615592335e-08,1.429030717248309e-12,3.557991778415569e-13,5.168204945995250e-12,7.298514485429324e-12,6.427405949179675e-12,1.251164673061991e-12,1.774622211751175e-12,1.069041233834984e-01,7.930880377579686e+03,0.000000000000000e+00,2.330878807095321e+03,1.013250025199862e+05,
1.137561056724229e-06,5.508667767919508e+00,1.577460471873410e-01,2.856848431180293e-05,2.650999694889321e-04,8.518801823957998e-04,1.907211120509355e-07,1.107156292561064e-04,1.235690605702943e-02,7.185917024029123e-08,2.860197316943996e-03,1.968648688293516e-10,5.621322456859021e-10,5.852367596108436e-11,1.940056807242572e-09,3.974597448832086e-10,6.868981592553479e-09,3.484371802545282e-09,7.369274763333047e-12,3.083672485246369e-11,2.453440053465920e-11,5.923793028969159e-03,2.304958655850992e-02,1.857643666583806e-10,1.603297279572978e-08,5.184931521081440e-10,8.138302948643503e-09,4.009330324701383e-12,3.601589511017230e-14,5.201779774801359e-09,2.488840950330561e-09,1.950265703472665e-13,2.222488978339639e-11,3.535740967896121e-12,3.678309565591797e-12,1.913444177080225e-12,2.619163924153073e-12,8.770727774825859e-12,4.437705532845611e-13,1.055887046091281e-11,1.579950487270025e-11,2.374680107483734e-15,1.098197375392178e-12,1.789842798073062e-13,1.174145642977020e-16,4.529447385066928e-18,2.497874243329280e-06,1.763394391956380e-05,3.026453472790223e-08,1.569975706676744e-06,1.067037743840870e-06,3.673089864806680e-12,9.242745114719579e-12,6.410360071251940e-12,1.410466908194159e-10,8.206242030423659e-11,2.045431918899092e-11,2.274130083829358e-11,1.131652804178198e-01,7.834050160332658e+03,0.000000000000000e+00,2.291333662209578e+03,1.013250248957889e+05,

