1
0
56
1
(4 0
((0,0) (15,255) (0,0))
((0,768) (15,1023) (0,0))
((0,512) (15,767) (0,0))
((0,256) (15,511) (0,0))
)
4
FabOnDisk: SD_5_New_MF_D_0003 0
FabOnDisk: SD_5_New_MF_D_0000 0
FabOnDisk: SD_5_New_MF_D_0001 0
FabOnDisk: SD_5_New_MF_D_0002 0

4,56
-7.593581336836447e+00,-1.622841552924426e+01,-2.601960507031234e+01,-6.011735534930249e+00,-8.094387160642370e+00,-8.207424553163913e+00,-1.119053521931770e+00,-6.288871668053354e+02,-2.676867614528587e-01,-7.817974535206627e-01,-9.077965051277322e-02,-1.365205706458099e+01,-1.253104724734882e+01,-1.393181895552268e+00,-9.463717698030274e+00,-4.444718940556839e-01,-7.081269171542806e-02,-2.721334186258149e+00,-1.322251136618754e+02,8.904010341537205e-18,-9.841931239642669e-02,-4.901316750481995e+01,-1.841453022936308e+00,-2.029657872484066e+02,-7.702834107277122e+00,-2.408039532869665e+01,-4.560317267603340e+00,-2.833970813291639e+00,-8.886318975310089e-03,-1.986944723236263e+00,-1.571129185891579e+00,-9.534127255257205e-01,-3.843368113707589e+00,-2.249681147892804e+00,-3.247282599414685e+00,-2.152640700261760e-01,-3.242495403503621e+01,-4.682658956014608e-01,-3.082945065598733e-01,-8.451155355454871e+00,-9.904444236682992e-01,-1.629249939686417e-02,-6.754073679882244e-04,-8.286738627316825e-02,-1.836511121200055e-01,-2.085101609644751e+00,-7.068301583881080e-02,-4.170877539438747e-01,-1.370383337243277e-01,-2.499563806838144e+01,-4.706288871730943e-01,-5.947923986628874e+02,-9.153398203909563e+01,-9.689423754993420e+00,-2.522820651899490e+01,-4.861249180976301e-10,
-4.102001260538348e-03,-2.990845639447394e-02,-8.817705728024408e-02,1.484274860696451e-07,-1.099345020730363e-02,1.030737579687721e-01,-6.655880661920318e-06,-3.346648614029831e-01,-9.439888468552321e-08,-3.891029603836930e-07,-4.803278949517217e-08,-4.189957847282398e-06,-2.729560459251855e-07,-6.711719220296933e-07,-2.460342489751014e-06,-7.197668062388899e-09,-2.761103832307418e-08,-2.369444122998353e-08,-4.750452161987125e-01,2.570055369114716e-01,-8.815842062465211e-08,-8.951991137442345e-06,-2.544238130715968e-07,-1.150548138562832e-05,-5.187899057943359e-06,-4.849385159791893e-09,-3.794097096033970e-06,-1.271043282438546e-06,-1.241030503679459e-08,-6.118415989538727e-09,-9.838879962269909e-07,-5.377353790391915e-07,-2.681949900877927e-08,-1.564485361227174e-07,-2.745768593506506e-07,-7.801297959902817e-09,-4.473115257394587e-07,-6.178325762429013e-06,-9.253083034564087e-12,-2.924986412121577e-09,-1.033982865713223e-10,-4.966527775756851e-14,-2.491998134638830e-15,-7.180487789635488e-04,-4.967116239050930e-03,-1.278447606651361e-05,-4.323203847480363e-05,-2.711090383972411e-05,-2.185243292975055e-09,-1.065323306770999e-07,-4.155752186452372e-06,-4.114384014072375e-06,-7.387222224430678e-07,-3.840304142311170e-07,-2.066354350543042e-07,-4.183281498981728e-11,
-1.222738898799451e-02,-9.140323655373099e-02,-2.010169126828132e-01,3.246691959080717e-06,-2.869591397776472e-02,1.832689918470445e-01,-2.246842741117555e-05,-8.122622875742682e-01,-2.063880342193448e-07,-6.576068409280586e-07,-1.164139079633152e-07,-5.473122543626160e-06,-1.626714206570951e-07,-2.225651059232111e-06,-4.470516349915110e-06,-1.432818188501502e-08,-6.283721115408664e-08,-4.373800512072417e-08,-1.123078054246184e+00,7.678033822587029e-01,-1.180602259381249e-07,-8.341540109202924e-06,-7.140427623122637e-07,-2.775069488686312e-05,-7.855089148102324e-06,-8.822639584312420e-09,-2.060477616794877e-06,-8.637245775594695e-07,-3.892663624946675e-08,-2.179711085050654e-08,-2.413295405052546e-06,-8.547812134334264e-07,-1.287300186044653e-07,-4.548476783691718e-07,-8.959456290479222e-07,-4.224298818483832e-08,-1.144845251883327e-06,-8.719727084851994e-06,-9.718824708720964e-11,-5.073196344766117e-08,-1.002208001755135e-10,-8.119028108186947e-14,-2.699446252297160e-15,-1.193953512096944e-03,-8.480676876282541e-03,-1.064607102060050e-05,-2.450058435243162e-04,-1.584112833631674e-04,-9.581574624163520e-09,-3.426579813825381e-07,-4.587314063038041e-06,-5.920923124614058e-06,-6.724831038796262e-06,-1.017059448802467e-06,-1.867539355404746e-06,-4.714573176300974e-11,
-1.446882060065797e-01,-7.500830996322985e-01,-5.502616945546237e-01,-4.836631761606632e-04,-1.396789102548825e-01,4.830143568282801e-01,-2.605073502070299e-04,-3.817730331052044e+00,-1.009407704978722e-06,-2.848901976951059e-06,-6.116256331066316e-07,-5.357528539177631e-05,-9.244588949437069e-07,-2.670132054548318e-05,-2.799876037214596e-05,-9.235490303700931e-08,-5.115852643472181e-07,-3.315328601989508e-07,-4.406705264062572e+00,1.804928639675484e+00,-9.176962826463957e-08,-5.523583838029829e-06,-9.648727611110048e-06,-2.511931446360582e-04,-1.029237076829339e-05,-5.001630610463571e-08,-4.816582141562283e-07,3.259096929831686e-07,-2.328999689742280e-07,-2.436691550587108e-07,-8.444480205997429e-06,-1.180941503371057e-06,-2.266753348610063e-06,-5.491301972654408e-06,-1.735882924005172e-05,-5.036420148409753e-07,-1.460259802727189e-05,-2.159791142153833e-05,-3.253483840099196e-09,-1.863990718744354e-06,-1.684096996901320e-10,-9.167641819289041e-13,-2.227033430482296e-14,-1.407469245490200e-03,-1.037774135341834e-02,5.375726209584518e-07,-1.367118932249234e-02,-9.532280215123515e-03,-5.642769000516005e-07,-1.402536932620360e-05,-8.443657777106870e-06,-3.116539313416377e-04,-1.222742003900691e-04,-2.932421681283562e-05,-3.406202888767057e-05,-1.144930816820988e-10,

4,56
5.645565723992505e+00,2.899617265826844e+01,4.346815733512236e+01,7.492557244416654e+00,1.352064847430530e+01,3.125760496010013e+02,6.235830871251985e-01,2.509307648779213e-06,6.494805615448683e-01,1.382550542773095e+00,1.652738997289005e-01,2.569059699469075e+01,1.590669597282963e+01,1.929769470937594e+00,1.555380683050599e+01,4.100521076312070e-01,1.311903964946329e-01,2.693992733496580e+00,4.610678505804370e+02,2.792908335729623e+02,2.120719413545371e-01,6.003502267857914e+01,3.863495157163351e+00,3.041951470104102e+02,1.210593124120012e+01,2.593091836970402e+01,8.782982440186426e+00,3.483250209931029e+00,1.562867009127240e-02,3.668850495237834e+00,2.333026515708776e+00,1.122237511501654e+00,3.965380552807374e+00,2.324739331602076e+00,4.017637446568567e+00,1.961939168006335e-01,3.465607121122106e+01,9.588417797912008e-01,5.756288083564900e-01,8.018635502621249e+00,1.553304511475514e+00,4.185181776854855e-02,1.087744005081049e-03,7.808350697118516e-02,4.079393278311162e-01,2.502710689925406e+00,4.800779472218576e-01,7.055890517230122e-01,1.865275620538513e-01,1.639481549525970e+01,7.296937857537200e-01,1.226650368374552e-01,9.111860921420113e+01,1.469683393413534e+01,2.559001205416264e+01,3.011564331245609e-10,
-1.876945789648264e-03,-1.154583399886257e-02,-3.189864811254449e-02,6.394666164346464e-06,-5.962087435364458e-03,1.826978420938311e-01,-1.694340992189252e-06,-1.537684485306935e-01,-3.585549216031369e-08,-1.281708450008566e-07,-8.445688427818329e-09,6.284811626675116e-07,-7.326445430704017e-08,-1.784227867422225e-07,-9.421528442671144e-07,-1.060322281751763e-09,-3.295211247627697e-09,-5.043947155715574e-09,-1.560245217179427e-01,7.655469860965309e-01,-5.566938564072633e-08,-4.943538057809527e-06,-2.852645440673452e-08,1.622193420117109e-06,1.997948549342862e-06,1.915615828079584e-09,-1.694354934440304e-06,-7.696516938867143e-07,4.161997794898620e-09,-1.197278413320948e-09,6.249526116624149e-08,4.178428071918918e-07,9.949152254711241e-08,5.457049091881858e-07,1.356283054075647e-06,2.277445317503803e-08,1.247025555659471e-06,1.022278659934192e-05,2.502674324568521e-11,1.377458135869499e-08,-9.153947895787374e-11,-2.235458876512392e-14,-1.507471420439010e-15,-4.514218324492992e-04,-3.076511084648581e-03,-1.065344915404164e-05,-1.163807864835008e-05,-7.130304777867900e-06,4.607501307898833e-09,3.084263127376071e-07,8.159681337222099e-06,1.228566007982664e-05,4.461847132114291e-06,6.770053488043477e-07,1.239130337703054e-06,4.064523717595137e-11,
-3.686908664449641e-03,-3.001367087733817e-02,-8.842460869038590e-02,7.549074458505880e-06,-1.102870023836143e-02,4.808022072476396e-01,-6.681379108752723e-06,-3.356699424792128e-01,-4.879227499453117e-08,5.188152015065235e-08,2.084426168326993e-08,1.986366363117641e-06,1.442343362028682e-07,-6.286295598998609e-07,7.656332483813410e-08,2.784224745135689e-09,1.056661444923662e-08,8.421373432769972e-09,-4.764563918806713e-01,1.797985462775337e+00,-2.810881107060691e-08,1.315522105193784e-07,3.001962115177287e-08,7.711961001958332e-06,2.644502164588963e-06,3.307273218248373e-09,1.321643398438334e-07,5.539684533709750e-07,1.259240359923168e-08,-1.539321973940881e-09,4.081526432474870e-07,9.470568107757687e-07,3.538132837903943e-07,1.067305973792592e-06,2.660907305770785e-06,6.866886102501784e-08,3.311801409149590e-06,1.377180165994586e-05,1.277850222745933e-10,6.578936297688742e-08,5.439028547772953e-11,-4.911619853460570e-14,-1.834868215505218e-15,-7.194419409479985e-04,-4.977087595876293e-03,4.603299864756094e-07,-4.345655395537736e-05,-2.725391796138187e-05,1.995753465872929e-08,9.243080691663735e-07,1.380151462340313e-05,1.852834824628674e-05,1.573474196689775e-05,3.230773620760289e-06,4.364665450963214e-06,4.526168329022084e-11,
-1.229934975874926e-02,-9.189718692248741e-02,-2.017449012467147e-01,3.155135228793172e-06,-2.882595854304929e-02,2.849669546435918e+00,-2.260495256738590e-05,-8.155998878525361e-01,1.814428911274314e-06,4.881629513182230e-06,9.223574021286190e-07,6.858999774376925e-05,2.597306252568627e-06,-2.043525850103240e-06,4.194036125199319e-05,1.237371855889203e-07,6.179179022647258e-07,4.418698035438037e-07,-1.127448045881281e+00,6.975604856913862e+00,6.519176586555203e-07,5.461032979895720e-05,7.682203598957377e-06,3.328071928215569e-04,9.801052004578876e-06,3.538764352891439e-08,1.524487138007617e-05,5.538751997580322e-06,6.160388686468213e-08,1.803699857126265e-07,1.954092410689552e-06,2.058015344866293e-06,1.657513478474533e-06,3.642951884122914e-06,1.625883043665705e-05,7.470741876278277e-07,1.739265889548736e-05,2.970343040141776e-05,4.240228198471196e-09,1.177647917688033e-06,3.775926012875699e-10,1.989025217743103e-13,1.032533166683920e-14,8.961907161045125e-04,6.130124197907984e-03,6.220510373645955e-05,-2.472654149533210e-04,-1.599028351108336e-04,7.431811105927547e-07,1.730405446210580e-05,2.218142097854448e-05,2.539402979072006e-04,9.201877671375035e-05,1.927514177894746e-05,2.538785033292118e-05,1.471684996090517e-10,

