1
0
56
1
(4 0
((0,0) (15,255) (0,0))
((0,768) (15,1023) (0,0))
((0,512) (15,767) (0,0))
((0,256) (15,511) (0,0))
)
4
FabOnDisk: SD_5_Old_MF_D_0003 0
FabOnDisk: SD_5_Old_MF_D_0000 0
FabOnDisk: SD_5_Old_MF_D_0001 0
FabOnDisk: SD_5_Old_MF_D_0002 0

4,56
-7.603113476483586e+00,-1.621570218673952e+01,-2.605253374638557e+01,-6.027112864231712e+00,-8.088221282790615e+00,-8.204382659288415e+00,-1.129598131818331e+00,-6.283315839122805e+02,-2.682004139821721e-01,-7.853399962047367e-01,-9.050432012672018e-02,-1.369499226082155e+01,-1.252139560894131e+01,-1.391551364244461e+00,-9.454628427922200e+00,-4.476038086429950e-01,-7.054062634393377e-02,-2.732554854302422e+00,-1.322827580191599e+02,9.612129885441800e-18,-9.814599843215938e-02,-4.878040443018551e+01,-1.834510582752665e+00,-2.026358705976768e+02,-7.725969967329981e+00,-2.397524355945877e+01,-4.534814181383688e+00,-2.840293152043909e+00,-8.848769049797837e-03,-1.975367489482698e+00,-1.566081153043636e+00,-9.503726457959866e-01,-3.854849956669475e+00,-2.257097471574546e+00,-3.259110549789768e+00,-2.166963232546489e-01,-3.257252887960910e+01,-4.668441207418465e-01,-3.116241387031327e-01,-8.489866306661501e+00,-9.920646337598404e-01,-1.625949759869738e-02,-6.729858725849712e-04,-8.356877296407936e-02,-1.826768864830213e-01,-2.099365711545940e+00,-7.070577925681903e-02,-4.174336427618093e-01,-1.370881831526785e-01,-2.508305290025633e+01,-4.701043555251898e-01,-5.925666382008517e+02,-9.151224996951900e+01,-9.659175922517926e+00,-2.525192646360254e+01,-4.590674507198855e-10,
-4.103726444994841e-03,-2.990449011606187e-02,-8.816677185843258e-02,1.499399058288349e-07,-1.099303109405387e-02,1.030436761245295e-01,-6.654493167455687e-06,-3.346020849801977e-01,-9.187394554491593e-08,-3.734926434847354e-07,-4.380330441748460e-08,-4.589694006748511e-06,-2.738452353179416e-07,-6.694704229932653e-07,-2.377551353602696e-06,-6.829095545652634e-09,-2.631498396411299e-08,-2.260903114435753e-08,-4.749189211569765e-01,2.567223323684637e-01,-8.790677122593956e-08,-8.951944327783844e-06,-2.849159839663169e-07,-1.166308981873076e-05,-4.954266788297149e-06,-4.439286638264566e-09,-3.830276214375036e-06,-1.265687123614515e-06,-1.064562948840208e-08,-6.422604400286165e-09,-9.141150113313756e-07,-4.874778659927741e-07,-2.352266497123679e-08,-1.831170746872330e-07,-2.971478436416574e-07,-8.085003425026108e-09,-5.290341850230545e-07,-6.982395235813160e-06,-1.109981397414200e-11,-3.342671621938163e-09,-1.036012870524729e-10,-4.970443165432908e-14,-2.494810399264149e-15,-7.179712105015608e-04,-4.966558893611441e-03,-1.278388582375269e-05,-4.321895174557861e-05,-2.710258379759847e-05,-1.591713004367997e-09,-6.744065448569592e-08,-5.109481262045662e-06,-4.389616834076486e-06,-8.133085072399291e-07,-2.759477185617618e-07,-2.275095161958141e-07,-3.549262272972697e-11,
-1.222544222819289e-02,-9.137719292630306e-02,-2.009773135875220e-01,3.253149287073380e-06,-2.869019902503457e-02,1.832668166755897e-01,-2.246062734143194e-05,-8.120540305689820e-01,-2.031401290397474e-07,-6.173493844911000e-07,-8.841290334590412e-08,-5.132669139727466e-06,-1.620067053132919e-07,-2.234161394036210e-06,-4.703859591968113e-06,-1.387389925555291e-08,-6.165035718965877e-08,-4.659018024316598e-08,-1.122750694324469e+00,7.675831894490707e-01,-1.111379294359555e-07,-8.188798865281333e-06,-6.476580723188247e-07,-2.242808262052380e-05,-7.548597046566633e-06,-7.684163616166456e-09,-2.183471848327384e-06,-9.147891009752200e-07,-4.151095251999133e-08,-1.985528404617120e-08,-2.645717094088787e-06,-9.969868955113410e-07,-1.653583331503443e-07,-3.966344321388280e-07,-8.809564072972798e-07,-4.201509993514328e-08,-1.159301633063052e-06,-9.323076433100138e-06,-1.231167353601555e-10,-7.143909978653311e-08,-1.009923920776909e-10,-8.122096836009926e-14,-2.699920687129693e-15,-1.193809285800458e-03,-8.479553677052746e-03,-1.064995244655852e-05,-2.448700488369471e-04,-1.583224191781399e-04,-1.088101074177792e-08,-4.323002934952565e-07,-4.579429095520864e-06,-6.458220422830281e-06,-6.335128601008281e-06,-9.982435128704014e-07,-1.765292857253040e-06,-4.584793655837416e-11,
-1.444902775191128e-01,-7.498722579484614e-01,-5.507736504769787e-01,-4.831213415259426e-04,-1.395923749894794e-01,4.829221183061628e-01,-2.603479532190941e-04,-3.815340880320535e+00,-1.296496643038225e-06,-2.855053839044379e-06,-5.535358307796777e-07,-4.455744783801471e-05,-1.156304768399989e-06,-2.666905344502477e-05,-2.842101150379676e-05,-8.456531871747400e-08,-4.753843392703057e-07,-3.093301556882208e-07,-4.406624474557505e+00,1.804392947909794e+00,-8.724100740930721e-08,-5.844588668743159e-06,-6.459187786005998e-06,-2.093060678039809e-04,-1.111965773688725e-05,-4.006074431126014e-08,-4.391414589180892e-07,3.533022829257221e-07,-1.590521754617313e-07,-2.223456359290740e-07,-6.048030806583122e-06,-1.641167664378463e-06,-1.884142963615640e-06,-5.370889498763042e-06,-2.128079850205297e-05,-5.282860625498703e-07,-1.150651257421118e-05,-2.479167999685403e-05,-4.075998072414396e-09,-1.737352163890592e-06,-1.571100160922954e-10,-8.865030302363464e-13,-2.138229044140319e-14,-1.407411832098666e-03,-1.037732115198662e-02,5.030792068698252e-07,-1.364974392069399e-02,-9.516896059512397e-03,-3.619271369421006e-07,-1.597145053762345e-05,-9.119985011433442e-06,-3.166947577324556e-04,-1.006521307260013e-04,-3.212383433095052e-05,-2.806639187277959e-05,-1.259548021437240e-10,

4,56
5.644556313011657e+00,2.893959765071624e+01,4.345158872458472e+01,7.527969134076160e+00,1.353945749796959e+01,3.124142762525329e+02,6.256812516305182e-01,2.212580287874744e-06,6.463004666707756e-01,1.373735408487893e+00,1.657817579080483e-01,2.579153401808224e+01,1.592819126776566e+01,1.929935490633018e+00,1.551787872341849e+01,4.065447767192688e-01,1.310775986406612e-01,2.702920381001846e+00,4.605388191252193e+02,2.792227096533625e+02,2.115802860022654e-01,6.038724515516473e+01,3.877488156521379e+00,3.042477388637437e+02,1.229183599832420e+01,2.597068326073114e+01,8.796843444436929e+00,3.488608591267902e+00,1.570369654523904e-02,3.682164390893325e+00,2.317502728639682e+00,1.121287118918690e+00,3.972930216575672e+00,2.312132851292751e+00,4.014981391670707e+00,1.978571028752001e-01,3.445952057552124e+01,9.598838088021805e-01,5.796635006927576e-01,8.021184652063710e+00,1.559610477593951e+00,4.213217815847264e-02,1.093545118155386e-03,7.813165284272086e-02,4.079597843717488e-01,2.508877662622061e+00,4.796242941076193e-01,7.065796228748403e-01,1.881403047964119e-01,1.632942212309649e+01,7.161180172424899e-01,1.202502714800245e-01,9.072463056645731e+01,1.473653222560862e+01,2.550026799414140e+01,4.777120921062306e-10,
-1.875042328769407e-03,-1.154354505702553e-02,-3.189236590148400e-02,6.394995673711417e-06,-5.965531833424465e-03,1.826949386711306e-01,-1.693454543082681e-06,-1.537098256508856e-01,-3.564702525293960e-08,-1.330792553754540e-07,-5.616888156430581e-09,6.839275813403901e-07,-6.980587672354512e-08,-1.852574765964660e-07,-8.785933543110325e-07,-9.512795510000621e-10,-2.745743808636434e-09,-4.463357866907836e-09,-1.558454383203759e-01,7.653461723076699e-01,-5.669101690538955e-08,-5.057465617268035e-06,-3.824012324768736e-08,8.318806954895181e-07,2.522414837536807e-06,1.743292368022023e-09,-1.704841536810049e-06,-7.978340065829954e-07,3.576754633605166e-09,-1.562713585909116e-09,1.870891533613224e-07,4.048662296666378e-07,8.929379430494519e-08,5.067318562116859e-07,1.335041635547125e-06,2.215926887922134e-08,1.137817374601048e-06,1.058459296646652e-05,2.296989221791382e-11,1.298782073997436e-08,-9.154188111992189e-11,-2.241367094916815e-14,-1.510073058166892e-15,-4.513806722160218e-04,-3.076158315481388e-03,-1.065432109661709e-05,-1.163527857357285e-05,-7.128668374008751e-06,4.383696595909066e-09,2.996823441496876e-07,6.559192490558770e-06,1.230532197372262e-05,4.364145868063848e-06,6.044309820424804e-07,1.210869174689084e-06,3.795314063026467e-11,
-3.687696144198301e-03,-3.000878409181731e-02,-8.841332436043840e-02,7.547912338961464e-06,-1.102852733761254e-02,4.807112254306559e-01,-6.680007690540311e-06,-3.356011982298396e-01,-5.213812618843729e-08,8.443525311590774e-09,1.826376924347476e-08,2.221390357988567e-06,1.524893480096227e-07,-6.195969340759779e-07,-1.600879692183905e-07,1.728486897421403e-09,4.388903456832469e-09,5.386948846582942e-09,-4.763176345798060e-01,1.797465962750123e+00,-3.615205272324115e-08,-4.693464791955827e-07,4.198378008074398e-08,7.881901566294610e-06,2.670636980067862e-06,4.224007949342526e-09,1.629825980717036e-07,5.608811007156002e-07,1.409816391003215e-08,-1.714613858521979e-09,2.289618164851464e-07,8.739515207575912e-07,3.854828426987946e-07,1.179567483763937e-06,3.184289541548385e-06,8.162009488409507e-08,3.462769117822916e-06,1.268457442904289e-05,1.293803642239673e-10,7.254457397631739e-08,5.460015418422448e-11,-4.958192952340229e-14,-1.833303071914730e-15,-7.193581985436242e-04,-4.976478459953426e-03,4.534763424426053e-07,-4.344359527354617e-05,-2.724596591012744e-05,1.875581521975519e-08,9.331163001018803e-07,1.239506503223285e-05,1.515103482751709e-05,1.375577064768130e-05,2.939308417125598e-06,3.816346236849941e-06,3.837319351163160e-11,
-1.229725219813491e-02,-9.187062123924092e-02,-2.017038821262999e-01,3.163682511249732e-06,-2.882006545828119e-02,2.847461239333664e+00,-2.259656042051327e-05,-8.153861665987490e-01,1.773043583405371e-06,5.191417833467724e-06,6.860597084269627e-07,5.201851823047855e-05,2.634352397580352e-06,-2.013301579757801e-06,4.078425884331472e-05,1.157376539982124e-07,5.947694302987012e-07,4.090543731734397e-07,-1.127109150970144e+00,6.975476550341211e+00,7.010535828168440e-07,5.749749444980317e-05,7.058286843957080e-06,2.575639261785998e-04,7.713924429892756e-06,4.496644250172810e-08,1.517372502458789e-05,6.528160667124424e-06,4.259876846172019e-08,2.233760674072505e-07,1.577159595287031e-06,2.181509012405752e-06,1.642363100858170e-06,3.412582711650993e-06,1.483132283393063e-05,7.538221918169455e-07,1.850577301122896e-05,2.586803513503630e-05,4.199243784656079e-09,2.050382227190559e-06,3.767276802053002e-10,1.946143169223239e-13,1.036982773074551e-14,8.916369613989734e-04,6.096976847786850e-03,6.222196818103668e-05,-2.471153633611594e-04,-1.598038451387687e-04,5.920828529024362e-07,1.078329290916375e-05,1.573542635837684e-05,2.234135319190329e-04,1.010975434940636e-04,2.395747540615580e-05,2.799205338674569e-05,1.881377276191643e-10,

