1
0
63
1
(4 0
((0,0) (15,255) (0,0))
((0,768) (15,1023) (0,0))
((0,512) (15,767) (0,0))
((0,256) (15,511) (0,0))
)
4
FabOnDisk: SD_0_Old_MF_D_0003 0
FabOnDisk: SD_0_Old_MF_D_0000 0
FabOnDisk: SD_0_Old_MF_D_0001 0
FabOnDisk: SD_0_Old_MF_D_0002 0

4,63
-2.816382546076057e-03,2.099764044580038e+00,1.583662084201000e-01,1.032856402540487e-23,4.585020947503146e-22,1.803740466392228e-17,4.478881565668217e-12,3.040357187974027e-08,1.268196575731186e-09,1.792602230686936e-12,2.899953640665445e-03,0.000000000000000e+00,6.763507560964224e-29,4.473163467402338e-30,6.971637083056410e-14,0.000000000000000e+00,6.543549237781628e-24,2.266818942408860e-12,6.111382258562372e-18,5.304397844398163e-30,2.365485526523505e-13,2.757655111429518e-10,1.122580262930990e-11,2.576024981636655e-35,1.508760221944177e-12,2.280854527091060e-27,0.000000000000000e+00,0.000000000000000e+00,0.000000000000000e+00,4.989283278011452e-29,8.138656065616210e-14,0.000000000000000e+00,3.584450421483912e-25,0.000000000000000e+00,0.000000000000000e+00,0.000000000000000e+00,0.000000000000000e+00,0.000000000000000e+00,0.000000000000000e+00,0.000000000000000e+00,0.000000000000000e+00,0.000000000000000e+00,0.000000000000000e+00,6.010327817129638e-17,6.101910948674482e-18,9.020431124575050e-20,1.704873705027855e-17,5.504832872332728e-18,2.254954935905467e-16,5.220017075700738e-17,9.405674317845550e-17,0.000000000000000e+00,0.000000000000000e+00,0.000000000000000e+00,0.000000000000000e+00,0.000000000000000e+00,0.000000000000000e+00,0.000000000000000e+00,1.135844791514031e-01,3.787345521482947e+03,0.000000000000000e+00,4.430000067155474e+02,9.785494997539936e+04,
-1.173266374739975e-07,5.742255249158350e+00,1.460990870981622e-01,6.128990457982077e-06,5.852661058802901e-05,4.700467649429340e-04,1.349450973826919e-07,5.713588553853196e-05,1.235259864940291e-02,1.214365234215429e-08,1.186686374135984e-03,5.182102853321352e-11,2.742560737046436e-10,2.318543393117296e-11,1.096416421559904e-09,3.000348295858795e-10,8.768329211347526e-10,1.642967809645167e-09,3.580309714702553e-12,1.184530683840022e-11,1.261262816429008e-11,3.574811640788874e-03,2.343574033629542e-02,8.835881405444770e-11,9.111408179987633e-09,1.014102386774793e-10,3.399928707575703e-09,0.000000000000000e+00,0.000000000000000e+00,3.022329347177041e-09,1.636401409444488e-09,0.000000000000000e+00,2.209996054597583e-12,0.000000000000000e+00,1.315172939596947e-13,0.000000000000000e+00,0.000000000000000e+00,0.000000000000000e+00,0.000000000000000e+00,0.000000000000000e+00,0.000000000000000e+00,0.000000000000000e+00,0.000000000000000e+00,7.942878341034861e-14,1.772943816146760e-17,1.216730499258128e-18,5.943117401761131e-07,4.042262191659333e-06,1.813084917754626e-08,1.354144880036445e-08,8.281213855797151e-09,4.303117560715579e-13,0.000000000000000e+00,0.000000000000000e+00,0.000000000000000e+00,0.000000000000000e+00,0.000000000000000e+00,0.000000000000000e+00,1.047838892612441e-01,7.929035427081635e+03,0.000000000000000e+00,2.330601637880606e+03,1.013249950459282e+05,
-1.239346925925826e-07,5.672023913196697e+00,1.469524696360074e-01,7.226933341744439e-06,6.968992814632430e-05,5.068693557827970e-04,1.327266540909061e-07,6.120588044787255e-05,1.235466260266477e-02,1.464385016828354e-08,1.327174665489822e-03,8.248643392272671e-11,3.965386591236952e-10,3.462620299911874e-11,1.523135744094463e-09,3.817812343810834e-10,1.135672507377320e-09,2.373535613887146e-09,5.193725887752080e-12,1.778743378547152e-11,1.797729283205057e-11,3.784665799897214e-03,2.304162090361514e-02,1.292799561574345e-10,1.270538338581257e-08,1.675301433162140e-10,5.066415887061862e-09,0.000000000000000e+00,1.397093120198899e-15,4.221378816299382e-09,2.210116787842116e-09,8.840369317428492e-15,4.038723346529695e-12,0.000000000000000e+00,2.370369671497357e-15,0.000000000000000e+00,0.000000000000000e+00,0.000000000000000e+00,0.000000000000000e+00,0.000000000000000e+00,0.000000000000000e+00,0.000000000000000e+00,0.000000000000000e+00,1.410271545454069e-13,3.937053584771011e-17,2.446111157864829e-18,9.411685307311957e-07,6.427191825340185e-06,2.504045186081952e-08,2.883767167900365e-08,1.780327946944563e-08,7.341624105118219e-13,0.000000000000000e+00,0.000000000000000e+00,0.000000000000000e+00,0.000000000000000e+00,0.000000000000000e+00,0.000000000000000e+00,1.053986113000785e-01,7.829172567497212e+03,0.000000000000000e+00,2.290382498468260e+03,1.013249932770609e+05,
-1.807950874271896e-06,5.407888828293857e+00,1.491260064300841e-01,1.053670683318659e-05,1.024010079940944e-04,5.961472741805164e-04,1.327496629690248e-07,7.196913781058041e-05,1.228110357267915e-02,2.249651501490965e-08,1.672972197649264e-03,1.390672407479510e-10,4.009706570106419e-10,5.063614928854745e-11,1.345232218701980e-09,1.902533172709035e-10,1.920611301339935e-09,2.788988288340251e-09,5.255066816128269e-12,2.642214512463923e-11,1.882192024105133e-11,4.301368046008503e-03,2.222508221902379e-02,1.264767134659377e-10,1.030958792776963e-08,3.047150715839200e-10,6.703022933117979e-09,0.000000000000000e+00,5.580276837800163e-16,2.828492898236523e-09,1.123563135653848e-09,0.000000000000000e+00,8.967227062568435e-12,0.000000000000000e+00,0.000000000000000e+00,0.000000000000000e+00,0.000000000000000e+00,0.000000000000000e+00,0.000000000000000e+00,0.000000000000000e+00,0.000000000000000e+00,0.000000000000000e+00,0.000000000000000e+00,4.763832171125957e-14,8.485581863682859e-17,2.964181470046954e-18,1.573293876148212e-06,1.084700725239193e-05,1.695855048941477e-08,9.832708628574544e-08,6.213470973106107e-08,1.450093991868453e-12,0.000000000000000e+00,0.000000000000000e+00,0.000000000000000e+00,0.000000000000000e+00,0.000000000000000e+00,0.000000000000000e+00,1.069619222073207e-01,5.403633443984301e+03,0.000000000000000e+00,2.138117499372754e+03,1.013249132715846e+05,

4,63
2.651749868511753e-03,5.405258779149536e+00,8.373327342667995e-01,5.063598936435522e-05,4.320242687060218e-04,9.461392890731789e-04,1.173528150690645e-04,4.101629461113287e-04,1.348433503537575e-02,2.090204601771831e-05,1.827792580024085e-01,1.509125662146557e-06,6.646462837782976e-06,7.474878835949789e-07,2.368547474317260e-04,2.744593896917389e-04,2.017174875625170e-05,5.088875317998917e-04,1.492223844856031e-05,9.815486575967041e-07,6.881288139559571e-05,1.441273052996233e-02,2.222239042865857e-02,8.647212730715246e-07,6.425251106119487e-04,2.224042909095703e-05,4.550092203093919e-03,1.026837489486575e-04,4.718217035126633e-04,3.297519489914796e-05,1.109779370579836e-04,1.331227206785289e-07,3.183081685605799e-05,3.802144989413451e-05,1.234584153696549e-05,5.796538116279732e-05,3.113480291878600e-05,4.042141499108040e-05,3.113147147451283e-06,6.421858833214212e-04,1.066739942125037e-05,4.350039670520798e-06,1.135198556830775e-04,1.914962767925449e-05,7.196719550006980e-07,1.737490678650673e-08,2.515201888783391e-06,1.776289977973273e-05,2.959847240079071e-05,1.262531146289810e-05,1.616615084741218e-05,1.697269190394741e-06,4.313569388551082e-04,9.543648352492860e-06,5.259454962460598e-02,1.600334090394379e-03,1.411757505173407e-04,4.372176770395000e-04,6.019588946407233e-01,7.402161648809892e+04,0.000000000000000e+00,2.136695896042489e+03,1.056068797495051e+05,
1.293162754880171e-07,5.772114204484688e+00,1.469473683738545e-01,7.219952579257254e-06,6.961967134668321e-05,5.066497105389114e-04,1.366447193769829e-07,6.118081835439797e-05,1.235465317954263e-02,1.462783393331211e-08,1.326342197095560e-03,8.232244362386105e-11,3.959730896929647e-10,3.457009062448178e-11,1.521303729844472e-09,3.815124756034338e-10,1.134046068547264e-09,2.370133766399127e-09,5.186242159526781e-12,1.775806542307784e-11,1.795316490850373e-11,3.783416280476938e-03,2.360441736932414e-02,1.290886850787227e-10,1.269001092835638e-08,1.671649936020447e-10,5.058445101064772e-09,3.988280633311766e-13,3.276473637969544e-15,4.216289740249980e-09,2.207912207929959e-09,1.583657171529716e-14,4.027677567863109e-12,5.582828839530491e-13,2.646112009255106e-12,1.715505496181085e-13,7.184442523616708e-13,1.222178442205943e-12,1.753763852706236e-14,8.642338305524045e-13,4.557306205020549e-12,1.817231010481794e-17,1.236249420489971e-14,1.407596392941828e-13,3.924403181037895e-17,2.439660102730787e-18,9.393385086640649e-07,6.414542880603765e-06,2.501192006784733e-08,2.873114287393395e-08,1.773651345861479e-08,7.324137554216038e-13,1.936812770647705e-13,1.537400637854143e-12,4.006229491905785e-12,4.896017190023502e-12,1.883420984478184e-12,1.344205133056540e-12,1.053949406668284e-01,7.966557875802424e+03,0.000000000000000e+00,2.346710040036525e+03,1.013250091322025e+05,
1.600177301399039e-07,5.742086335288822e+00,1.491120379131353e-01,1.051363155028919e-05,1.021765049300133e-04,5.956087991758187e-04,1.349349990005219e-07,7.190090981228850e-05,1.235657049033509e-02,2.243993791088830e-08,1.670818361030000e-03,1.388132476040987e-10,5.371503912405447e-10,5.082060416902654e-11,1.912330036430196e-09,4.073557117126000e-10,1.915099033390383e-09,3.250364028527323e-09,7.051807666308857e-12,2.639493704340914e-11,2.367600779826758e-11,4.298202117089896e-03,2.343474382838276e-02,1.775237554939524e-10,1.590462180940251e-08,3.039994753857985e-10,7.286486042636258e-09,3.579860602371036e-13,5.506853884696056e-15,5.199543125363424e-09,2.506427842421617e-09,2.928396721464987e-14,8.937440485607798e-12,3.962238507156986e-13,3.672084143424487e-12,4.561802240846369e-13,1.433518628662139e-12,1.888481520928450e-12,2.418248441773971e-14,6.333240191731104e-13,3.071310386834588e-12,1.766234359149063e-17,2.414539353725199e-14,1.806433479057403e-13,8.463400343969432e-17,4.209545923837019e-18,1.569992239350255e-06,1.082362032500582e-05,3.028698838337628e-08,9.769540350538047e-08,6.172660372531861e-08,1.453499795161068e-12,1.873892549777980e-13,6.229329734308763e-13,1.032708849659662e-11,9.169358947671465e-12,4.615855642160117e-12,2.517594059357978e-12,1.069518702980037e-01,7.930209314624488e+03,0.000000000000000e+00,2.330505119708895e+03,1.013250049336467e+05,
1.916689905758545e-06,5.671588199456109e+00,1.582732250175762e-01,2.996638685219774e-05,2.748066835893102e-04,8.599283596655746e-04,1.959375399633395e-07,1.132707380028749e-04,1.235654394264805e-02,7.510512919590345e-08,2.890367750646392e-03,1.974341900393963e-10,5.638156704072189e-10,5.871840527335354e-11,1.944658224241689e-09,3.971916892080778e-10,7.342739229524332e-09,3.500405035535742e-09,7.392150187048496e-12,3.092479598460973e-11,2.460606339498308e-11,6.055896331412173e-03,2.303934357172561e-02,1.863455620984745e-10,1.607409953206325e-08,5.205860070216923e-10,8.160875210066051e-09,3.738546993650090e-12,2.983763563758545e-14,5.214805387199225e-09,2.491019557749676e-09,1.939407379362525e-13,2.225851354844862e-11,2.611136054743560e-12,9.199560622268076e-12,5.431827904060468e-12,6.518123852101674e-12,1.411910030438054e-11,3.854794274049711e-13,1.053556550801721e-11,8.001517565311207e-12,2.039695736048857e-15,2.184356708948437e-12,1.794272836592929e-13,1.264025678396296e-16,4.554625949795674e-18,2.514903018813361e-06,1.775982606888946e-05,3.033713503296341e-08,1.785955142097227e-06,1.217216080189159e-06,3.808323794709755e-12,9.056562509370095e-12,4.327734694868569e-12,8.005050457032168e-11,8.111633297999595e-11,5.702376089148687e-11,2.254700410990190e-11,1.135191894733689e-01,7.827916661134495e+03,0.000000000000000e+00,2.290128358408671e+03,1.013250527644261e+05,

