1
0
63
1
(4 0
((0,0) (15,255) (0,0))
((0,768) (15,1023) (0,0))
((0,512) (15,767) (0,0))
((0,256) (15,511) (0,0))
)
4
FabOnDisk: SD_0_New_MF_D_0003 0
FabOnDisk: SD_0_New_MF_D_0000 0
FabOnDisk: SD_0_New_MF_D_0001 0
FabOnDisk: SD_0_New_MF_D_0002 0

4,63
-3.482433741932446e-03,2.093316670829360e+00,1.583755485035372e-01,9.610747391039416e-24,4.290570690881519e-22,1.716359323166648e-17,4.248845225824187e-12,2.978134671308881e-08,1.209917880131096e-09,1.700047709946746e-12,2.899310833172801e-03,0.000000000000000e+00,6.124676703652380e-29,4.052246664003389e-30,6.638220458216720e-14,0.000000000000000e+00,6.012292342583083e-24,2.128091193091353e-12,5.636728711699130e-18,4.733243718961022e-30,2.218531390521558e-13,2.615875528655082e-10,1.052940903294658e-11,2.305026774468292e-35,1.419138508278495e-12,1.995650883008963e-27,0.000000000000000e+00,0.000000000000000e+00,0.000000000000000e+00,4.412704866749152e-29,7.579056272075372e-14,0.000000000000000e+00,3.116751948667007e-25,0.000000000000000e+00,0.000000000000000e+00,0.000000000000000e+00,0.000000000000000e+00,0.000000000000000e+00,0.000000000000000e+00,0.000000000000000e+00,0.000000000000000e+00,0.000000000000000e+00,0.000000000000000e+00,5.496460222175918e-17,5.578771362159118e-18,8.245005879547905e-20,1.558034331875603e-17,5.030392836083915e-18,2.060249244027264e-16,4.768993276184971e-17,8.592998247027832e-17,0.000000000000000e+00,0.000000000000000e+00,0.000000000000000e+00,0.000000000000000e+00,0.000000000000000e+00,0.000000000000000e+00,0.000000000000000e+00,1.135896811425479e-01,3.784133656383980e+03,0.000000000000000e+00,4.430000064197120e+02,9.741822968968905e+04,
-9.800611129350043e-08,5.750666926070655e+00,1.460992398451054e-01,6.129223457592305e-06,5.852891317931040e-05,4.700549973586363e-04,1.349442441384483e-07,5.713685137762959e-05,1.235260236031207e-02,1.214415021438889e-08,1.186715362024295e-03,5.183196263945447e-11,2.743066765500322e-10,2.318982493138950e-11,1.095852244012832e-09,3.000849999335895e-10,8.768972317706056e-10,1.643317649991175e-09,3.581065644913812e-12,1.184777734337275e-11,1.261547031724155e-11,3.574862697452018e-03,2.343565227021498e-02,8.837091247385561e-11,9.112518648977085e-09,1.014044975398529e-10,3.398728693023210e-09,0.000000000000000e+00,0.000000000000000e+00,3.022800140632146e-09,1.636646941614533e-09,0.000000000000000e+00,2.209972253765866e-12,0.000000000000000e+00,1.325088371270396e-13,0.000000000000000e+00,0.000000000000000e+00,0.000000000000000e+00,0.000000000000000e+00,0.000000000000000e+00,0.000000000000000e+00,0.000000000000000e+00,0.000000000000000e+00,7.945295014432931e-14,1.773570345710989e-17,1.217135280321492e-18,5.944262308862932e-07,4.043044206154364e-06,1.813379640044928e-08,1.354491168224193e-08,8.283346752277635e-09,4.303750366140202e-13,0.000000000000000e+00,0.000000000000000e+00,0.000000000000000e+00,0.000000000000000e+00,0.000000000000000e+00,0.000000000000000e+00,1.047839967663083e-01,7.929086742593141e+03,0.000000000000000e+00,2.330592605055030e+03,1.013249949029443e+05,
-1.092130968673063e-07,5.680408942440433e+00,1.469529568182553e-01,7.227575419809655e-06,6.969646107535890e-05,5.068896770051409e-04,1.327267666450214e-07,6.120814102662035e-05,1.235466158090581e-02,1.464534114746605e-08,1.327253824725805e-03,8.250572035189728e-11,3.966108439792782e-10,3.463313046764994e-11,1.523382747486705e-09,3.818254068491464e-10,1.135831287643959e-09,2.373970665080568e-09,5.194684379258858e-12,1.779105894248388e-11,1.798045554211134e-11,3.784781629895074e-03,2.304138492985392e-02,1.293016486344964e-10,1.270718926680800e-08,1.675707366227552e-10,5.067221766762760e-09,0.000000000000000e+00,1.478166087582715e-15,4.222014429735045e-09,2.210412851991910e-09,8.786300775688372e-15,4.039890517059066e-12,0.000000000000000e+00,0.000000000000000e+00,0.000000000000000e+00,0.000000000000000e+00,0.000000000000000e+00,0.000000000000000e+00,0.000000000000000e+00,0.000000000000000e+00,0.000000000000000e+00,0.000000000000000e+00,1.410657482463573e-13,3.938612850929804e-17,2.446950298455388e-18,9.413867781061808e-07,6.428696445246686e-06,2.504438272107005e-08,2.884906215658279e-08,1.781040558594689e-08,7.342981512491283e-13,0.000000000000000e+00,0.000000000000000e+00,0.000000000000000e+00,0.000000000000000e+00,0.000000000000000e+00,0.000000000000000e+00,1.053989612610116e-01,7.829025940596192e+03,0.000000000000000e+00,2.290354310662500e+03,1.013249917661313e+05,
-2.073341671783835e-06,5.415930035912726e+00,1.491275818813131e-01,1.053925117568407e-05,1.024259744419931e-04,5.962068370343339e-04,1.327501591049752e-07,7.197654109106437e-05,1.227965778705198e-02,2.250279647887427e-08,1.673214955339236e-03,1.390723788938428e-10,4.008590405267754e-10,5.064155797542077e-11,1.344830737318322e-09,1.901600266906580e-10,1.921138155984333e-09,2.788299081139633e-09,5.252726036734308e-12,2.641587949898974e-11,1.881415097094941e-11,4.301718143670898e-03,2.222536074097727e-02,1.264441547411738e-10,1.030602130330560e-08,3.047795762489995e-10,6.701728445371990e-09,0.000000000000000e+00,0.000000000000000e+00,2.826143635508294e-09,1.122348835053416e-09,8.200947420612477e-15,8.970917684741997e-12,0.000000000000000e+00,0.000000000000000e+00,0.000000000000000e+00,0.000000000000000e+00,0.000000000000000e+00,0.000000000000000e+00,0.000000000000000e+00,0.000000000000000e+00,0.000000000000000e+00,0.000000000000000e+00,4.766454650903542e-14,8.489305844616932e-17,2.966251958251035e-18,1.573748717023957e-06,1.085021241894125e-05,1.694119600114104e-08,9.840284709973057e-08,6.218358767860728e-08,1.453709157252156e-12,0.000000000000000e+00,0.000000000000000e+00,0.000000000000000e+00,0.000000000000000e+00,0.000000000000000e+00,0.000000000000000e+00,1.069630528616467e-01,5.399631416782893e+03,0.000000000000000e+00,2.137968645778818e+03,1.013248925795224e+05,

4,63
2.677844192455339e-03,5.413294178706288e+00,8.373327435224112e-01,5.066095805609213e-05,4.321174450550100e-04,9.460453528865181e-04,1.173939874298569e-04,4.106875432429377e-04,1.353187302337511e-02,2.089060039270813e-05,1.827792601780197e-01,1.515784045343090e-06,6.637821428780872e-06,7.497433010824509e-07,2.368686925256307e-04,2.745850782101792e-04,2.021176927351519e-05,5.087904056461259e-04,1.492123306883265e-05,9.811253715821164e-07,6.876062660101557e-05,1.441077392704508e-02,2.222265451882043e-02,8.645248659714031e-07,6.425534281903870e-04,2.214008054090525e-05,4.542235967712408e-03,1.029532360128644e-04,4.714159144701539e-04,3.308464277710000e-05,1.109370274608236e-04,1.334254477467437e-07,3.182220047449580e-05,3.796847210890130e-05,1.233314905501201e-05,5.798438867899609e-05,3.107548834603692e-05,4.029580410833058e-05,3.108168994798881e-06,6.413986740590445e-04,1.059194904267522e-05,4.378869446858007e-06,1.134912566289878e-04,1.912786865253405e-05,7.199601926425449e-07,1.735544551460129e-08,2.516107534362208e-06,1.776923237250189e-05,2.952986606181818e-05,1.261234006177244e-05,1.614104742852153e-05,1.698803580564724e-06,4.314653980471364e-04,9.606611227881584e-06,5.259455022686717e-02,1.601920599439815e-03,1.412271593964614e-04,4.381252961250595e-04,6.019589018160396e-01,7.392768742941754e+04,0.000000000000000e+00,2.136546947460072e+03,1.059191462343501e+05,
1.021570362002027e-07,5.780530214699123e+00,1.469478513268380e-01,7.220590576462468e-06,6.962616312264804e-05,5.066699160979946e-04,1.366444427586665e-07,6.118306546814722e-05,1.235465205735862e-02,1.462931505166234e-08,1.326420907515350e-03,8.234167016205600e-11,3.960452076492032e-10,3.457700389846286e-11,1.521549839063371e-09,3.815565905215427e-10,1.134203949514810e-09,2.370567363253752e-09,5.187195712759406e-12,1.776167163038717e-11,1.795631296586832e-11,3.783531458460232e-03,2.360436624804290e-02,1.291127811735163e-10,1.269206598571317e-08,1.672072808264256e-10,5.059442728050905e-09,3.002362320534287e-13,3.181772978296626e-15,4.216972544005477e-09,2.208227477996466e-09,1.603198365061968e-14,4.028909895755478e-12,5.870797695222381e-13,2.611579996330044e-12,1.627696972100788e-13,6.814106724378103e-13,1.142595628510695e-12,1.524170702729048e-14,7.340476755093559e-13,3.727268235626085e-12,1.553155192388861e-17,1.114894050043874e-14,1.407985436150404e-13,3.925964560599623e-17,2.440500131354909e-18,9.395559333648456e-07,6.416041740806754e-06,2.501584614393804e-08,2.874245280662092e-08,1.774358855453430e-08,7.326127487942284e-13,1.688467474870758e-13,2.519341133582320e-12,5.487948401353949e-12,4.187923181584372e-12,1.851847617337220e-12,1.141229606331110e-12,1.053952875914501e-01,7.966634979372890e+03,0.000000000000000e+00,2.346706929919034e+03,1.013250110405072e+05,
1.065098003735246e-07,5.750497927295591e+00,1.491136024939184e-01,1.051616040430689e-05,1.022013256527540e-04,5.956680944922886e-04,1.349341389427783e-07,7.190827436356574e-05,1.235656229194409e-02,2.244617883444459e-08,1.671059997261138e-03,1.388520503219389e-10,5.372245040974896e-10,5.083030585552781e-11,1.912539569843435e-09,4.073750847554318e-10,1.915727012460898e-09,3.250772460752310e-09,7.052731868111522e-12,2.640029997004923e-11,2.367846413668588e-11,4.298550568138485e-03,2.343465501196093e-02,1.775450612097051e-10,1.590567320429704e-08,3.041043999654712e-10,7.287926799197320e-09,3.352956320777405e-13,5.616036473812205e-15,5.199782680329987e-09,2.506552022903669e-09,2.874007334911316e-14,8.941675815672185e-12,3.710914906346168e-13,3.545940408692309e-12,3.857418142667840e-13,1.160917867247075e-12,1.631507806039009e-12,3.149447548489089e-14,1.577655190062997e-12,3.868374729053054e-12,3.789359971035713e-17,2.353833216417102e-14,1.806621342735174e-13,8.466781503044408e-17,4.210633103289287e-18,1.570445846885735e-06,1.082681645213889e-05,3.028923329594598e-08,9.777046647505486e-08,6.177502020460454e-08,1.454093717761042e-12,1.812929934838935e-13,7.218792299104894e-13,9.375479575179874e-12,9.372227696481060e-12,4.886713779588139e-12,2.569232059618627e-12,1.069529932098168e-01,7.930180858724510e+03,0.000000000000000e+00,2.330496033506469e+03,1.013250051211536e+05,
1.462442768796310e-06,5.679972948821654e+00,1.582825670061364e-01,3.000764679301648e-05,2.750099170589697e-04,8.600830128390270e-04,1.960128713089466e-07,1.133666829845702e-04,1.235653426190617e-02,7.516866514237251e-08,2.889796668125429e-03,1.983103694443514e-10,5.639324934250682e-10,5.870600733122009e-11,1.944671497562871e-09,3.972014528026379e-10,7.358232333732486e-09,3.500527471900733e-09,7.393064448384408e-12,3.091298863216689e-11,2.460669781965833e-11,6.061208649675551e-03,2.303910687731672e-02,1.863497767907175e-10,1.607478419462324e-08,5.206530615251788e-10,8.155830595218786e-09,4.188724198925836e-12,2.755294882325605e-14,5.215004547172079e-09,2.490872719548221e-09,1.940704174503474e-13,2.225333681504762e-11,2.715145587915294e-12,1.052283910014629e-11,2.829680795524647e-12,5.095677767276952e-12,1.524213274244693e-11,3.315434946247508e-13,7.395046623353327e-12,6.355640800462202e-12,1.709157869198072e-15,1.507108518766589e-12,1.794326333014959e-13,1.273732904429073e-16,4.555204095999731e-18,2.515761649645591e-06,1.776587085168240e-05,3.033881589735078e-08,1.791646538197003e-06,1.221150293995436e-06,3.772645876820895e-12,5.998578586177140e-12,1.282007995008380e-12,1.116671688024768e-10,8.047055712417908e-11,3.477538949123025e-11,2.232255374889868e-11,1.135244508909006e-01,7.827768689733848e+03,0.000000000000000e+00,2.290100044172276e+03,1.013250489998297e+05,

