1
0
56
1
(4 0
((0,0) (15,255) (0,0))
((0,768) (15,1023) (0,0))
((0,512) (15,767) (0,0))
((0,256) (15,511) (0,0))
)
4
FabOnDisk: SD_5_New_MF_D_0003 0
FabOnDisk: SD_5_New_MF_D_0000 0
FabOnDisk: SD_5_New_MF_D_0001 0
FabOnDisk: SD_5_New_MF_D_0002 0

4,56
-7.785496780040509e+00,-1.593905602713666e+01,-2.603070554141213e+01,-6.053905807121846e+00,-8.529344290256949e+00,-8.851497239680949e+00,-1.130501256018295e+00,-6.338488242098698e+02,-2.673463942230125e-01,-7.840142059274648e-01,-8.943654721447802e-02,-1.384199813996714e+01,-1.288537371186808e+01,-1.415439043567899e+00,-9.730464296070460e+00,-4.605333220339800e-01,-7.380844291341077e-02,-2.844888592565840e+00,-1.358005626280707e+02,3.705769144237564e-20,-9.613646088568603e-02,-4.962005357349930e+01,-1.833388586577140e+00,-2.011311275299225e+02,-7.829299336747146e+00,-2.505816782215474e+01,-4.489943278884375e+00,-2.881577931627292e+00,-9.122111287097022e-03,-2.002159722942645e+00,-1.616729510358002e+00,-9.317854413143414e-01,-3.819243262863067e+00,-2.226957807463943e+00,-3.195126084860725e+00,-2.194861412657136e-01,-3.267794767011096e+01,-5.302237341267437e-01,-3.312443018320363e-01,-8.510004454986744e+00,-1.034966797682381e+00,-1.729390110651699e-02,-7.036974835382063e-04,-8.424559466345607e-02,-1.780367477152196e-01,-2.091812461667023e+00,-6.904236323522506e-02,-3.997365144066727e-01,-1.363458878908266e-01,-2.465396060585435e+01,-4.876772809078865e-01,-5.811309106478811e+02,-8.944359703125717e+01,-9.354492906924529e+00,-2.478145813007206e+01,-2.698854473237589e-10,
-4.004224051295921e-03,-3.032776462826695e-02,-8.921220558348275e-02,2.230909011819822e-07,-1.107754510658896e-02,1.049268375270087e-01,-6.779958538731074e-06,-3.397030846468994e-01,-9.397175682375117e-08,-3.335856248788923e-07,-3.812598865741963e-08,-2.597629916553551e-06,-2.732653907466655e-07,-6.833196983832131e-07,-2.245563656392246e-06,-5.781559641292079e-09,-2.157388903735248e-08,-1.998129987484503e-08,-4.841625712502888e-01,2.701125507070402e-01,-9.046850789464959e-08,-9.159584251056519e-06,-2.691366780444373e-07,-1.004152711653970e-05,-1.810254690330899e-06,-3.582074683820435e-09,-3.898457029987731e-06,-1.285995321438068e-06,-1.039968410631429e-08,-6.283307939709268e-09,-8.710674998802523e-07,-4.082101172185514e-07,-3.457156773056132e-08,-1.496531229978576e-07,-2.868418750686540e-07,-6.408662837879498e-09,-4.909419429251037e-07,-3.527349126096850e-06,-1.032510096680667e-11,-7.525986844255698e-09,-1.060170412775715e-10,-5.033195241610644e-14,-2.508467790315543e-15,-7.251625083148301e-04,-5.017952008810856e-03,-1.276419643581537e-05,-4.435061990576169e-05,-2.782347670909593e-05,-1.823172588915429e-09,-7.917878929461586e-08,-1.466695412146392e-06,-2.919440153167605e-06,-8.583180790497026e-07,-5.012736507361721e-07,-2.357476288241274e-07,-2.161724965699108e-11,
-1.248094807821084e-02,-9.384559182783105e-02,-2.047206188441560e-01,2.700235757753017e-06,-2.927861447320477e-02,1.845006951444607e-01,-2.317180664474196e-05,-8.301256879927158e-01,-1.302370524774885e-07,-3.109554039389342e-07,-4.382534245726974e-08,-1.896543424182248e-06,-9.084939368122732e-08,-2.335544952627105e-06,-2.379053200712520e-06,-5.756298820518296e-09,-2.800340208947305e-08,-1.968348700405067e-08,-1.149311271790103e+00,7.824588230584196e-01,-9.394275779059763e-08,-6.655770118129837e-06,-4.008904190130795e-07,-1.291754589089436e-05,-4.540636432060801e-07,-3.210459257350797e-09,-1.971681812584358e-06,-8.234245233994149e-07,-4.927480858942339e-09,-1.611480494939160e-08,-2.374958568719689e-07,-3.347391266373396e-07,-4.973811909825839e-08,-2.663210471799777e-07,-4.426601915436270e-07,-1.896282875144715e-08,-7.863023915256912e-07,-4.156929599451799e-06,-2.741721904154651e-11,-1.466506456054809e-08,-9.945798164127438e-11,-8.185629243039061e-14,-2.727336557855328e-15,-1.207175464806355e-03,-8.582738572956888e-03,-1.056584411770416e-05,-2.572643740048892e-04,-1.664832082453834e-04,-3.738347594726664e-09,-5.207073433781847e-08,-1.910988061093561e-06,-6.741098981757103e-06,-1.942813007034792e-06,-7.435766778661470e-07,-5.451229707445021e-07,-2.667466247885386e-11,
-1.642061197381004e-01,-7.719021751765571e-01,-5.109506250083586e-01,-5.329667591463913e-04,-1.573298006813767e-01,4.926262773591377e-01,-2.768964663278975e-04,-4.087989052943150e+00,-1.164601501691327e-06,-2.253639042679266e-06,-4.307356887306138e-07,-2.961748343925048e-05,-1.117437117711105e-06,-2.879635669631338e-05,-2.777663971053513e-05,-7.676381653280107e-08,-4.070128935302413e-07,-2.986342177525403e-07,-4.360873790169959e+00,1.846791430071588e+00,-9.636786771315813e-08,-5.665981609452126e-06,-3.722226224280565e-06,-1.278883366783832e-04,-6.131037531507990e-06,-1.850039952460027e-08,-5.580081289917992e-07,3.295437060487905e-07,-3.449827740547308e-08,-1.612779685511488e-07,-1.534483989039212e-06,-5.100770240035787e-06,-3.630982957304419e-06,-4.081791195698830e-06,-1.407886021118393e-05,-4.859326966809591e-07,-1.297599228422818e-05,-1.597016803799294e-05,-2.756408656265885e-09,-3.030574235631490e-06,-2.275030438813805e-09,-6.604727274374953e-12,-1.813267807890335e-13,-1.411960478104922e-03,-1.040845379103101e-02,1.086138717934729e-06,-1.607681409649384e-02,-1.123210040144500e-02,-4.776672871258325e-07,-1.105433593779639e-05,-3.093662430483749e-06,-1.773440175623769e-04,-1.130888670275207e-04,-3.852107972435275e-05,-3.145085450739658e-05,-1.550759520796419e-10,

4,56
5.762516165739376e+00,3.011147925506672e+01,4.561697947225682e+01,7.609750452423847e+00,1.332411970625268e+01,3.153231039057216e+02,6.180881219140192e-01,1.310588660885514e-05,6.353973522411722e-01,1.396109507888465e+00,1.622510307128567e-01,2.600872051363895e+01,1.629446174790860e+01,1.944656975232062e+00,1.550562439267303e+01,4.189152494421136e-01,1.321112265026657e-01,2.828883040875080e+00,4.607903198901049e+02,2.914371335762608e+02,2.039631374742333e-01,5.984083589695508e+01,3.928756368886542e+00,2.989042371525993e+02,1.337679949799244e+01,2.679848790284862e+01,8.542288427815876e+00,3.446714438669186e+00,1.576067684479232e-02,3.761810063813133e+00,2.409508552361510e+00,1.079025208122719e+00,3.932500516381456e+00,2.294402475138381e+00,3.870460314860876e+00,1.990823652708634e-01,3.420241433274659e+01,1.001702828046776e+00,6.207284213997938e-01,7.976744134797029e+00,1.505564491972052e+00,4.404860968129808e-02,1.109311378561650e-03,7.646009337701291e-02,3.862338664181930e-01,2.457351484009229e+00,4.683485460065938e-01,6.868768330026952e-01,1.838535320264851e-01,1.631310066212494e+01,8.073423711105379e-01,6.569196225174915e-01,8.915333242501933e+01,1.454142559933695e+01,2.509009076688080e+01,3.141735760436859e-10,
-1.974768043394478e-03,-1.173960923335760e-02,-3.270258063719655e-02,6.410533954057338e-06,-5.916025387417231e-03,1.839145942382283e-01,-1.769231975337102e-06,-1.568793376639037e-01,-3.867480478788595e-08,-1.469492773782311e-07,-1.037990752582730e-08,3.779890090419672e-07,-7.495785562264429e-08,-1.898801996273051e-07,-8.956741884152153e-07,-1.144645067684346e-09,-3.743418875600382e-09,-4.534827115115287e-09,-1.642981779888432e-01,7.800691390893287e-01,-5.833120102116734e-08,-5.064470819148517e-06,-6.750265677325990e-08,-5.030624707332651e-07,6.113469941460000e-07,1.219917611701573e-09,-1.752565618078196e-06,-7.809317677577955e-07,5.538418918121261e-09,-1.929993537862594e-09,9.462902808730947e-08,9.285116533853884e-07,1.199139530169894e-07,5.557418213368498e-07,9.769380131396292e-07,1.553735617081538e-08,9.511601616166892e-07,4.589425052735975e-06,1.792104379676741e-11,1.108903879020886e-08,-9.230658932239349e-11,-2.259516454447878e-14,-1.513831837848428e-15,-4.554254083307138e-04,-3.104549860048960e-03,-1.057869916348933e-05,-1.196840272581639e-05,-7.337083345297505e-06,3.293370517612181e-09,2.219544990328464e-07,3.059159940238521e-06,5.590689994624009e-06,4.053705223943720e-06,1.077837354263789e-06,1.117861818192860e-06,2.058921783065770e-11,
-3.672582968814207e-03,-3.043877039928616e-02,-8.947293565667246e-02,7.534048292402383e-06,-1.111338549600670e-02,4.903548788560888e-01,-6.802410541232692e-06,-3.407505272876115e-01,-6.701084481041729e-08,-9.925985419909600e-08,-1.366406831937216e-08,7.177398566145466e-07,1.567033343214559e-07,-6.843874447998813e-07,-5.450702457871230e-07,-8.387714060113332e-10,-7.139087957655927e-09,-7.533261498235873e-10,-4.856581171693150e-01,1.839648163751259e+00,-4.148190525198138e-08,-7.395682683895866e-07,-1.478220205432954e-07,-4.639183533839404e-07,3.878756451047134e-07,7.245605998084252e-10,2.611279334397250e-07,6.395212068183027e-07,2.303744862090904e-09,-4.549835470944512e-09,6.892828241294591e-08,1.262624042528899e-06,2.107887008042238e-07,7.471172140835444e-07,1.266018196846163e-06,1.987385835876974e-08,1.122113060726273e-06,5.154153618624853e-06,2.820416296152267e-11,1.868767397054375e-08,6.379087819266512e-11,-5.045335801264066e-14,-1.711515188084935e-15,-7.266048277541937e-04,-5.028263422399600e-03,1.021363604538245e-06,-4.458520837334192e-05,-2.797204381439512e-05,2.034907769719968e-09,2.118891388862901e-07,1.827042359170918e-06,1.204852376059871e-05,6.062980360534484e-06,2.758121407162206e-06,1.672490152837341e-06,2.135369658873287e-11,
-1.255549135025686e-02,-9.435681983596272e-02,-2.054636094815923e-01,2.596733422592353e-06,-2.941172646694801e-02,3.156841639627905e+00,-2.331275050878343e-05,-8.335540693761457e-01,1.832358521489812e-06,5.001334958808245e-06,7.248637819927583e-07,4.560528789195337e-05,2.636688711437042e-06,-2.114011568073047e-06,4.432889649035686e-05,1.240841406015878e-07,6.089954147870714e-07,4.425738144862028e-07,-1.153809766748685e+00,6.903478606004037e+00,7.543195129080464e-07,6.205957670336484e-05,5.556948906932831e-06,2.015629605796785e-04,5.937134007187795e-06,1.690286496613284e-08,1.616838707583769e-05,5.867470698541971e-06,3.001157407194636e-08,1.920967201420006e-07,9.585694092325409e-07,4.025447060294379e-06,2.486381896486441e-06,4.276912133664992e-06,1.208720141228910e-05,3.425886978225451e-07,8.691379849115705e-06,1.170944731330378e-05,1.256122393383032e-09,1.135701783218068e-06,3.884445581506385e-10,2.268363344822732e-13,1.104815510578708e-14,1.378117475667185e-03,9.705045538116523e-03,6.361447506451059e-05,-2.596571716349432e-04,-1.680599321064857e-04,3.266607363244460e-07,6.505725598382002e-06,4.502849558649146e-06,1.318448150464478e-04,8.464948311328081e-05,2.764322674443290e-05,2.354142875369364e-05,1.066184918130375e-10,

