1
0
56
1
(4 0
((0,0) (15,255) (0,0))
((0,768) (15,1023) (0,0))
((0,512) (15,767) (0,0))
((0,256) (15,511) (0,0))
)
4
FabOnDisk: SD_5_Old_MF_D_0003 0
FabOnDisk: SD_5_Old_MF_D_0000 0
FabOnDisk: SD_5_Old_MF_D_0001 0
FabOnDisk: SD_5_Old_MF_D_0002 0

4,56
-7.774704479682292e+00,-1.600501535982215e+01,-2.592629966101762e+01,-6.035754347329936e+00,-8.547641741778216e+00,-8.842444307805614e+00,-1.136512561830687e+00,-6.346598720454970e+02,-2.708061966789230e-01,-7.843687632790894e-01,-8.967679127603632e-02,-1.387453690074309e+01,-1.279864369551703e+01,-1.407584840072698e+00,-9.724153665050160e+00,-4.608669152641779e-01,-7.332502883693801e-02,-2.848735783596853e+00,-1.351716326333622e+02,4.161049353386750e-20,-9.520386737337588e-02,-4.964770074399647e+01,-1.847052406147886e+00,-2.022633423796760e+02,-7.741763059154158e+00,-2.516046225294964e+01,-4.508610035595788e+00,-2.866625919169146e+00,-9.164563616786085e-03,-2.012601085100062e+00,-1.622303776459558e+00,-9.376399120871831e-01,-3.803911946335104e+00,-2.217842702028165e+00,-3.181232131032382e+00,-2.196989962827961e-01,-3.270886784883337e+01,-5.323768658176430e-01,-3.315329869268992e-01,-8.536642949412620e+00,-1.035873136905541e+00,-1.744295321587441e-02,-7.059332729156787e-04,-8.422246147288871e-02,-1.730347610533240e-01,-2.100853455293627e+00,-6.906979768346255e-02,-4.096175081624033e-01,-1.342181879160307e-01,-2.445410586041436e+01,-4.805689954884264e-01,-5.886969480290682e+02,-8.833030677008193e+01,-9.436407304126391e+00,-2.453188871332734e+01,-3.512354851409327e-10,
-4.005958679318357e-03,-3.031734038856818e-02,-8.918676814226759e-02,2.160392879731098e-07,-1.107497611533727e-02,1.049007806166531e-01,-6.777201461450495e-06,-3.395911196829307e-01,-9.847391154476248e-08,-3.653811193407726e-07,-4.223149654212162e-08,-2.443459468464485e-06,-2.834516317189534e-07,-6.830517400693410e-07,-2.284907775924062e-06,-6.340568889403075e-09,-2.473338494194761e-08,-2.085745623151400e-08,-4.839746600921226e-01,2.699524207349709e-01,-9.140932554677120e-08,-8.748872324891305e-06,-2.669963143841056e-07,-1.116207759601966e-05,-1.930384069760119e-06,-3.955661670934699e-09,-3.807606778515240e-06,-1.271775622792319e-06,-1.424606791180268e-08,-6.163250947323760e-09,-1.002572985755335e-06,-4.971741965135894e-07,-3.334962326371319e-08,-1.620634384007967e-07,-3.093172123796423e-07,-6.742201474037418e-09,-5.056857586765580e-07,-3.979115844306360e-06,-1.128552246518576e-11,-7.441255975945465e-09,-1.063262791177013e-10,-5.031106542820686e-14,-2.507774754774075e-15,-7.249914815819799e-04,-5.016733915318723e-03,-1.276547920738309e-05,-4.432467596223350e-05,-2.780715538009653e-05,-1.765367321972745e-09,-8.224277741547040e-08,-1.555618058732901e-06,-3.186315933680013e-06,-9.333600281428497e-07,-5.441904394023154e-07,-2.580676794526893e-07,-2.336122961743570e-11,
-1.247397043344230e-02,-9.378775419542693e-02,-2.046337349913220e-01,2.712248140249684e-06,-2.926412206054459e-02,1.844622290878916e-01,-2.315501610796085e-05,-8.297205267029124e-01,-1.367952975051237e-07,-3.150873865313765e-07,-3.781410019687467e-08,-1.788832307647680e-06,-8.750018102082743e-08,-2.335583710894240e-06,-2.841051100285408e-06,-5.831879923722850e-09,-2.290305690641972e-08,-2.341999816945604e-08,-1.148745428580294e+00,7.821743076930584e-01,-1.055330337322304e-07,-7.155954820335133e-06,-4.137546027416874e-07,-1.142658491399991e-05,-3.908775718032426e-07,-2.963938109640539e-09,-1.907889417829827e-06,-7.978825349483970e-07,-5.371080789673707e-09,-1.594708276995939e-08,-2.604660440072588e-07,-2.545748482091136e-07,-5.957586098753616e-08,-3.188097676671690e-07,-5.075668828119278e-07,-2.291000362078997e-08,-1.059729012200699e-06,-3.958879164791479e-06,-3.224061151295827e-11,-1.420723179043667e-08,-9.893559283456892e-11,-8.153283424077060e-14,-2.715593108004757e-15,-1.206862836393023e-03,-8.580338215083239e-03,-1.056729018607943e-05,-2.569767400081262e-04,-1.662938389413291e-04,-3.818630618713320e-09,-4.970450871203716e-08,-1.757265531352067e-06,-6.253486274992091e-06,-1.754829172902088e-06,-7.973969026808686e-07,-4.868747257053162e-07,-2.525835096633955e-11,
-1.637988001557218e-01,-7.710734676348332e-01,-5.114787466321801e-01,-5.317922526708999e-04,-1.570907060670969e-01,4.923806125855292e-01,-2.764587697129041e-04,-4.080970399859037e+00,-1.109881947241135e-06,-2.664271758019081e-06,-5.163818113761807e-07,-4.023855844955031e-05,-3.045689042937659e-07,-2.873058398939961e-05,-1.819121671831464e-05,-7.723268654116613e-08,-4.995038402697459e-07,-2.724728098330734e-07,-4.356541665075865e+00,1.845870692996905e+00,-8.584959360866623e-08,-4.721282350081433e-06,-5.413788778508586e-06,-1.574575924303339e-04,-4.899542976088093e-06,-1.904191730011745e-08,-5.288107150684184e-07,3.655268493085030e-07,-4.325831443581706e-08,-2.452128713739428e-07,-2.175348264049528e-06,-5.848826073700425e-06,-4.113827826732011e-06,-4.190886821455157e-06,-9.361644198252031e-06,-3.152115095553585e-07,-1.086192014231259e-05,-1.196818477843537e-05,-3.457179778559480e-09,-2.484889744098854e-06,-2.191782005799190e-09,-6.368838193858418e-12,-1.747954985166320e-13,-1.411860673429025e-03,-1.040773586353022e-02,1.051968313891943e-06,-1.601064504934151e-02,-1.118549582012286e-02,-3.883960780113521e-07,-1.156631225462465e-05,-3.511733674126125e-06,-2.154753761402416e-04,-4.934802694588098e-05,-4.049409528566480e-05,-1.384904812796250e-05,-8.658851413656521e-11,

4,56
5.746593999761460e+00,3.059268614794083e+01,4.561328749531771e+01,7.568820283616787e+00,1.331225478440536e+01,3.148834282896992e+02,6.187602886065706e-01,1.308559701840295e-05,6.412362919416706e-01,1.400688002264754e+00,1.599991480495617e-01,2.597258799217212e+01,1.622131501415988e+01,1.927232138299504e+00,1.557934376680242e+01,4.238283550469166e-01,1.328054741178775e-01,2.829322547901767e+00,4.616668393484516e+02,2.892784581783175e+02,2.065455403114048e-01,6.001991804772732e+01,3.913023839559559e+00,2.954079259579627e+02,1.356298748427649e+01,2.659941583196741e+01,8.471963329937568e+00,3.459933846700285e+00,1.559260158900981e-02,3.797930819530502e+00,2.437628829531993e+00,1.067423715855154e+00,3.920474536876825e+00,2.311853447979623e+00,3.807177033827707e+00,1.991671786286000e-01,3.462903849095450e+01,1.032375170459459e+00,6.067827480610283e-01,7.908679836310569e+00,1.504613532679786e+00,4.430772775226729e-02,1.115176972310544e-03,7.520574567986793e-02,3.954140176802429e-01,2.427933256560953e+00,4.689081427765470e-01,6.859900100310178e-01,1.777165718182875e-01,1.649575370191721e+01,7.670195558146876e-01,6.909693224967965e-01,8.947576172181900e+01,1.439294512559344e+01,2.501143970194614e+01,2.773958840407431e-10,
-1.973912630263255e-03,-1.173340394110225e-02,-3.267377851643488e-02,6.409571762727093e-06,-5.913869120858426e-03,1.838745515768650e-01,-1.767158088491339e-06,-1.568364794778904e-01,-3.832866720902282e-08,-1.408098619899008e-07,-6.675577203325584e-09,4.784731970084269e-07,-7.104188553861209e-08,-1.917665063807485e-07,-8.604599765377805e-07,-1.224079793745022e-09,-4.052197496874861e-09,-4.263726266113229e-09,-1.641977475467231e-01,7.797691583161912e-01,-5.787398718089130e-08,-4.923166559703329e-06,-6.715461095848926e-08,-2.827414488757488e-07,5.825303661828690e-07,1.275555970633860e-09,-1.718950763027216e-06,-7.654133136091454e-07,5.752016079021179e-09,-1.931139780408059e-09,1.036492148982469e-07,9.720064827348864e-07,1.299965937700573e-07,5.862046784001478e-07,1.097301182087102e-06,1.835998790112834e-08,1.033382278722999e-06,5.149398028158079e-06,2.275753241656258e-11,1.294842054843278e-08,-9.266797786735280e-11,-2.256776934935349e-14,-1.512385907398831e-15,-4.553467977369845e-04,-3.103924637355039e-03,-1.058010801827371e-05,-1.195944593328193e-05,-7.331450605942685e-06,4.031492662794597e-09,2.567807706683411e-07,3.514117371351497e-06,6.691557679003852e-06,4.699590538705566e-06,1.151860841834262e-06,1.297267708071259e-06,2.293137901787645e-11,
-3.672311090280791e-03,-3.042858709012264e-02,-8.944842554246288e-02,7.533907711264089e-06,-1.111087910571013e-02,4.901141505034713e-01,-6.799637302417053e-06,-3.406446118792378e-01,-6.735315819308310e-08,-9.970796188471863e-08,-1.493710370716778e-08,6.936932616385631e-07,1.553752818446503e-07,-6.850221350879844e-07,-4.733044013259391e-07,-8.178693867219713e-10,-6.510485385131785e-09,-1.253270143396428e-10,-4.854797297372863e-01,1.838748446639981e+00,-4.230216629463778e-08,-7.611632183370856e-07,-1.230714796422541e-07,-5.388760528067176e-07,3.986055881752103e-07,7.217190267396008e-10,2.393161848789695e-07,6.213781510535733e-07,2.646202399127469e-09,-4.552443717976186e-09,1.021224386370991e-07,1.463279671760559e-06,2.876779332420571e-07,1.028793207004976e-06,1.865457366240847e-06,2.388445863666383e-08,6.811686308955954e-07,5.033605826681148e-06,2.902883967684444e-11,2.713551610813304e-08,6.392146274620162e-11,-5.043233626573420e-14,-1.699141917859642e-15,-7.264448358134801e-04,-5.027111635893487e-03,1.010902479186553e-06,-4.455914553842369e-05,-2.795544137159072e-05,2.467813195982407e-09,1.870348187995636e-07,1.875899941012551e-06,8.530000018237412e-06,8.163946797253493e-06,2.690003103938901e-06,2.264497762906211e-06,2.742550631040785e-11,
-1.254825635750921e-02,-9.429898133229014e-02,-2.053759996355107e-01,2.609679437306804e-06,-2.939678036072518e-02,3.151280908188099e+00,-2.329603685200130e-05,-8.331393710827006e-01,8.625892484793291e-07,2.649632146243611e-06,5.185719713722739e-07,3.762743536601034e-05,2.219902816736874e-06,-2.118734976368179e-06,2.178321602943099e-05,6.066341486964964e-08,2.659147838335835e-07,2.080256738789150e-07,-1.153227958852550e+00,6.896656902072952e+00,5.791138742173192e-07,4.818774821848380e-05,5.092617638109864e-06,1.695403967010441e-04,5.944150411617853e-06,1.746260470859983e-08,1.692903426754947e-05,6.037660816302412e-06,2.185016011629455e-08,1.004297843312067e-07,7.261109341404131e-07,4.180948859893058e-06,2.143819257991117e-06,3.295050371917756e-06,1.034788345073078e-05,4.179476727709157e-07,1.250146488645109e-05,1.082102247402230e-05,1.923636993162213e-09,1.307325410276325e-06,3.978807268557426e-10,2.301591596558653e-13,1.109313265610805e-14,1.365612824841946e-03,9.611553827123965e-03,6.352358214296969e-05,-2.593576649544289e-04,-1.678677056801789e-04,6.310648207427406e-07,1.133333859671161e-05,5.968300385838840e-06,1.279337689345344e-04,8.465925167793503e-05,2.246039153400088e-05,2.354622357318534e-05,1.028785945322852e-10,

