1
0
63
1
(4 0
((0,0) (15,255) (0,0))
((0,768) (15,1023) (0,0))
((0,512) (15,767) (0,0))
((0,256) (15,511) (0,0))
)
4
FabOnDisk: SD_0_New_MF_D_0003 0
FabOnDisk: SD_0_New_MF_D_0000 0
FabOnDisk: SD_0_New_MF_D_0001 0
FabOnDisk: SD_0_New_MF_D_0002 0

4,63
-8.733824294876016e-07,2.150694272290942e+00,1.581271801350997e-01,5.710225390101757e-23,1.934450277816675e-21,6.090172339256066e-17,1.693229509838601e-11,5.222845203055200e-08,4.174561284545463e-09,6.824182778815168e-12,2.897808013104903e-03,0.000000000000000e+00,7.830820779772296e-28,5.195818006023609e-29,2.406945197045729e-13,5.261484857757718e-11,5.051494754831602e-23,1.104349692688966e-11,4.054844946955761e-17,8.867334948837956e-29,1.180372763396768e-12,1.043934831029618e-09,5.588711719858834e-11,4.026059988510488e-34,7.016119397361153e-12,6.374473538381089e-26,6.685441900284778e-11,1.682493309146936e-22,0.000000000000000e+00,9.553306966723566e-28,4.826487607570310e-13,1.150265392519056e-20,8.383235278516565e-24,9.969635602525570e-14,0.000000000000000e+00,0.000000000000000e+00,0.000000000000000e+00,0.000000000000000e+00,0.000000000000000e+00,0.000000000000000e+00,0.000000000000000e+00,0.000000000000000e+00,0.000000000000000e+00,5.545632343878347e-16,5.665786833687876e-17,8.427238371519264e-19,1.599839919676070e-16,5.173557305878455e-17,2.128318334873776e-15,4.934384893247956e-16,8.891008694834405e-16,1.106182753485712e-32,0.000000000000000e+00,0.000000000000000e+00,0.000000000000000e+00,0.000000000000000e+00,0.000000000000000e+00,0.000000000000000e+00,1.134347325221064e-01,3.797001179135385e+03,0.000000000000000e+00,4.430000223332677e+02,1.013172041003514e+05,
-1.163978513069065e-07,5.723098674340195e+00,1.460956696961335e-01,6.123874993169962e-06,5.847591463701467e-05,4.698662445907015e-04,1.349625169975205e-07,5.711484987827069e-05,1.235250714925896e-02,1.213263881821560e-08,1.186030506728240e-03,5.159662911967031e-11,2.731975810625452e-10,2.309151693185495e-11,1.092478991765248e-09,2.990997356818147e-10,8.754843902167967e-10,1.636766969150207e-09,3.566384475153568e-12,1.179698506177902e-11,1.256546472842344e-11,3.573654275938412e-03,2.343760457448469e-02,8.801431594654778e-11,9.078091617414329e-09,1.009308759545026e-10,3.384964429444708e-09,0.000000000000000e+00,0.000000000000000e+00,3.011297060192217e-09,1.630673909760555e-09,2.223768889171659e-15,2.198592463673660e-12,0.000000000000000e+00,3.403070761122358e-13,0.000000000000000e+00,0.000000000000000e+00,0.000000000000000e+00,0.000000000000000e+00,0.000000000000000e+00,0.000000000000000e+00,0.000000000000000e+00,0.000000000000000e+00,7.888889231088051e-14,1.758976458590436e-17,1.207724967725688e-18,5.917643122080046e-07,4.024861741914220e-06,1.806509996557047e-08,1.346450378967189e-08,8.233816247443297e-09,4.282521357192294e-13,0.000000000000000e+00,0.000000000000000e+00,0.000000000000000e+00,0.000000000000000e+00,0.000000000000000e+00,0.000000000000000e+00,1.047814670603858e-01,7.927866264674138e+03,0.000000000000000e+00,2.330790665138326e+03,1.013249978753887e+05,
-1.584865514239258e-07,5.653429970087906e+00,1.469423006837129e-01,7.213499645161127e-06,6.955317554787823e-05,5.064438316793958e-04,1.327238713114930e-07,6.115860033238400e-05,1.235468408782954e-02,1.461264832254404e-08,1.325511688201710e-03,8.206191505425930e-11,3.949128283402889e-10,3.446724812509852e-11,1.517184156370131e-09,3.808219561716879e-10,1.132297525182513e-09,2.363837215220185e-09,5.171187889295689e-12,1.770165473365443e-11,1.790300622121419e-11,3.782225846410663e-03,2.304670063460487e-02,1.287688718400182e-10,1.266125956505757e-08,1.665881380943054e-10,5.042412206119395e-09,0.000000000000000e+00,0.000000000000000e+00,4.206837176444050e-09,2.203388036942001e-09,5.040508996546922e-15,4.011697723652247e-12,0.000000000000000e+00,6.812872250032838e-13,0.000000000000000e+00,0.000000000000000e+00,0.000000000000000e+00,0.000000000000000e+00,0.000000000000000e+00,0.000000000000000e+00,0.000000000000000e+00,0.000000000000000e+00,1.402075713901079e-13,3.904175528771966e-17,2.428423621898245e-18,9.365440412342253e-07,6.395315089329964e-06,2.495653773545499e-08,2.859813985425665e-08,1.765344866135646e-08,7.293784672204049e-13,0.000000000000000e+00,0.000000000000000e+00,0.000000000000000e+00,0.000000000000000e+00,0.000000000000000e+00,0.000000000000000e+00,1.053913091614907e-01,7.832366684541757e+03,0.000000000000000e+00,2.290987127122125e+03,1.013249983108977e+05,
-1.458977234996406e-06,5.396337897058280e+00,1.490922578682508e-01,1.048232278912057e-05,1.018669840808251e-04,5.948713563067089e-04,1.327394691188274e-07,7.181082358038972e-05,1.231073904669447e-02,2.236220607905560e-08,1.667762632207166e-03,1.382185686926356e-10,4.056900529836852e-10,5.065832787515068e-11,1.359032584595598e-09,1.928481964645522e-10,1.907006089266806e-09,2.810503825698388e-09,5.330318892886616e-12,2.630453033726799e-11,1.904374164667963e-11,4.293855858206037e-03,2.221119930536762e-02,1.280480894497151e-10,1.044603938815756e-08,3.025274542566249e-10,6.753582065329489e-09,0.000000000000000e+00,1.707705281392115e-15,2.893441489187063e-09,1.152515709136634e-09,1.836808889315476e-14,8.879381807056475e-12,0.000000000000000e+00,0.000000000000000e+00,0.000000000000000e+00,0.000000000000000e+00,0.000000000000000e+00,0.000000000000000e+00,0.000000000000000e+00,0.000000000000000e+00,0.000000000000000e+00,0.000000000000000e+00,4.723362086629005e-14,8.411955193347760e-17,2.935653842340786e-18,1.563501893005973e-06,1.077801905691316e-05,1.737310232538534e-08,9.671205537628753e-08,6.109305417390985e-08,1.442998173040350e-12,0.000000000000000e+00,0.000000000000000e+00,0.000000000000000e+00,0.000000000000000e+00,0.000000000000000e+00,0.000000000000000e+00,1.069376969631383e-01,5.504398253754520e+03,0.000000000000000e+00,2.141694252917907e+03,1.013249781474218e+05,

4,63
1.103637934384504e-06,5.393859450853281e+00,8.373323944561141e-01,5.020725956947621e-05,4.342870917258064e-04,9.497494057136974e-04,1.180941095641312e-04,3.983620567978918e-04,1.297967414199232e-02,2.119526183037425e-05,1.827791778683479e-01,1.509554875567698e-06,6.656533836072226e-06,7.523458993510369e-07,2.356411110920619e-04,2.707321164181851e-04,2.016906840099170e-05,5.142675140208899e-04,1.486216359949421e-05,9.759331806962066e-07,6.835152151365432e-05,1.439919294331204e-02,2.220869199609072e-02,8.737047991990339e-07,6.486773743935160e-04,2.240302665091961e-05,4.587881240101228e-03,1.014175897429625e-04,4.668569089760404e-04,3.340366166665228e-05,1.130267503363812e-04,1.313049762782203e-07,3.176981625701051e-05,3.766258805301966e-05,1.253791867862443e-05,5.872836674342909e-05,3.157944347077044e-05,4.103544870455045e-05,3.105072756914329e-06,6.463625536413943e-04,1.069370693596787e-05,4.269554226124580e-06,1.141849733534096e-04,1.945579913432991e-05,7.121402298965581e-07,1.740391444021837e-08,2.502975573610466e-06,1.767526698094106e-05,2.999236870749935e-05,1.280147533681982e-05,1.646063495460867e-05,1.704119750288459e-06,4.414776485134387e-04,9.572573731560061e-06,5.259452733436307e-02,1.614360031828669e-03,1.414541121635345e-04,4.434215229111879e-04,6.019586315829019e-01,7.436489018510845e+04,0.000000000000000e+00,2.140274481347747e+03,1.013279169623610e+05,
1.266920380624391e-07,5.752871224161422e+00,1.469372707291311e-01,7.206618073800008e-06,6.948392504014328e-05,5.062270221573200e-04,1.366501117848289e-07,6.113385916647989e-05,1.235467402657433e-02,1.459686958968940e-08,1.324690446076153e-03,8.191881892003884e-11,3.944557195467075e-10,3.442482219348014e-11,1.516158421261730e-09,3.805856219736209e-10,1.130744283119812e-09,2.361124469833099e-09,5.166277006786947e-12,1.768253822642708e-11,1.788721961497754e-11,3.780992078641693e-03,2.360560319353990e-02,1.285827029290431e-10,1.264638651234409e-08,1.662721630081566e-10,5.037288886276140e-09,7.289298783311330e-13,2.996175063108792e-15,4.201813983281630e-09,2.201220454602742e-09,1.177568333214542e-14,4.001725324460382e-12,3.420466593514450e-13,2.418775062267510e-12,9.249355021019582e-14,3.801010288583171e-13,9.386670912101882e-13,1.527112344428006e-14,8.221405144797232e-13,5.478097988589934e-12,1.798859003532472e-17,9.651932644105429e-15,1.399411780735893e-13,3.891684728335898e-17,2.422033551775415e-18,9.347316732275544e-07,6.382790032752288e-06,2.492807888430598e-08,2.849341406858753e-08,1.758782487407288e-08,7.282487153074673e-13,1.772674947077424e-13,2.462530559144220e-12,6.604260685271959e-12,2.795527336743626e-12,1.127401623451983e-12,7.666191783769081e-13,1.053876896791296e-01,7.964867758325185e+03,0.000000000000000e+00,2.346780484584481e+03,1.013250019390851e+05,
1.214069180251353e-07,5.722931551518011e+00,1.490784498334084e-01,1.045957980944573e-05,1.016456249974644e-04,5.943383691669038e-04,1.349525411042475e-07,7.174337634590958e-05,1.235675131837448e-02,2.230649891478422e-08,1.665633075291518e-03,1.379582784543917e-10,5.354315358602174e-10,5.059932075435742e-11,1.908027836484955e-09,4.069073316964521e-10,1.901549041527164e-09,3.238946515485698e-09,7.029118979796618e-12,2.627582429047121e-11,2.360519531788033e-11,4.290723447074616e-03,2.343661813363968e-02,1.769441439026596e-10,1.586996828972871e-08,3.018144214344324e-10,7.257211192608602e-09,5.061135770080048e-13,6.178569168465141e-15,5.190157705905900e-09,2.503683280672567e-09,3.614976294727711e-14,8.849971639203148e-12,1.033777509772834e-12,3.799073694754301e-12,2.614377422604545e-13,7.221445454673905e-13,1.454350994014531e-12,3.486272633373899e-14,1.557913586220202e-12,5.665958963023468e-12,5.025364443904232e-17,2.573797188659715e-14,1.802375570808671e-13,8.389379506235674e-17,4.185666624199645e-18,1.560226648667948e-06,1.075482750839224e-05,3.023757928294005e-08,9.609554228930271e-08,6.069491282354160e-08,1.441114873791991e-12,3.296882633756990e-13,3.468053678432388e-12,7.390090545143625e-12,5.564616717823846e-12,1.165866774930549e-12,1.535393409238442e-12,1.069277599116907e-01,7.930725355254230e+03,0.000000000000000e+00,2.330695477388865e+03,1.013250018554561e+05,
2.010518164296647e-06,5.652999853670410e+00,1.580336917962483e-01,2.916169236450611e-05,2.699777168111828e-04,8.560283787885883e-04,1.936916800973324e-07,1.116062945021759e-04,1.235674806529197e-02,7.355545917472078e-08,2.886891179534188e-03,1.975140285024497e-10,5.629468138468704e-10,5.861095932669230e-11,1.943089297799694e-09,3.972938572602721e-10,7.057684195647969e-09,3.488881514825490e-09,7.379795415252845e-12,3.088229220546001e-11,2.456610494428953e-11,5.966831542101959e-03,2.304443922173600e-02,1.860323468436162e-10,1.605209481500779e-08,5.188173084440521e-10,8.147417080216777e-09,6.168556795247867e-12,2.497540121360679e-14,5.207647782752256e-09,2.489646308887719e-09,1.881079842944233e-13,2.230638040017764e-11,2.649864541100766e-12,3.850479852333472e-12,2.204241297749256e-12,2.975509050897128e-12,5.521867476313606e-12,3.101280124529098e-13,7.342201192625819e-12,1.205661202027274e-11,1.727415065255415e-15,6.988402485451607e-13,1.791857129061487e-13,1.177635133237388e-16,4.541679871186982e-18,2.502981736227297e-06,1.767444206436693e-05,3.029831524103728e-08,1.670126539772962e-06,1.136896437725855e-06,3.716849693849202e-12,6.809125356839401e-12,5.403007376729022e-12,1.938680937222474e-10,4.781997776371163e-11,1.947624203715472e-11,1.321565921224362e-11,1.133679506824799e-01,7.831138023546695e+03,0.000000000000000e+00,2.290735885621908e+03,1.013250321620566e+05,

