1
0
56
1
(4 0
((0,0) (15,255) (0,0))
((0,768) (15,1023) (0,0))
((0,512) (15,767) (0,0))
((0,256) (15,511) (0,0))
)
4
FabOnDisk: SD_5_New_MF_D_0003 0
FabOnDisk: SD_5_New_MF_D_0000 0
FabOnDisk: SD_5_New_MF_D_0001 0
FabOnDisk: SD_5_New_MF_D_0002 0

4,56
-7.642145401474879e+00,-1.584900123560718e+01,-2.571499342701587e+01,-5.961608434735493e+00,-8.226764854821488e+00,-8.558794034670576e+00,-1.136187278152520e+00,-6.325442321430808e+02,-2.657817549717266e-01,-7.815952829042659e-01,-9.125422782241355e-02,-1.374572484559001e+01,-1.273422554108853e+01,-1.393108353438173e+00,-9.477084326674895e+00,-4.535062576465681e-01,-7.164635131124306e-02,-2.787218291239345e+00,-1.326610857285962e+02,5.658180087658726e-19,-9.880215897956302e-02,-4.959141097908908e+01,-1.854800635901721e+00,-2.033358780493206e+02,-7.628090692494131e+00,-2.469079926589017e+01,-4.587081703118000e+00,-2.817960713218144e+00,-9.063636015378901e-03,-2.014527101818288e+00,-1.597891817577332e+00,-9.499222598380206e-01,-3.781431332291607e+00,-2.207012430542045e+00,-3.173515973628395e+00,-2.184932571436357e-01,-3.252420323379505e+01,-4.836025956273146e-01,-3.171037636365127e-01,-8.544424146370075e+00,-1.009845593347794e+00,-1.696492403863238e-02,-7.058587642097817e-04,-8.279100838197177e-02,-1.861061350847157e-01,-2.111004219723570e+00,-6.979772940499658e-02,-4.089170235977697e-01,-1.368200069108725e-01,-2.440763817712600e+01,-4.766186547904559e-01,-5.969029478851794e+02,-9.043980108174674e+01,-9.684465999913323e+00,-2.485575556908077e+01,-3.506102075334638e-10,
-4.052197244601717e-03,-3.010492221000973e-02,-8.866491418295984e-02,1.209905674461423e-07,-1.102791006509438e-02,1.041405839705261e-01,-6.714871430211919e-06,-3.371897007439697e-01,-1.110122739577676e-07,-4.849157266326483e-07,-5.123998202726805e-08,-5.174379672271900e-06,-2.867113930932711e-07,-6.829711508628170e-07,-2.920716837495915e-06,-9.030514113746098e-09,-3.581539006048617e-08,-3.010081455165497e-08,-4.797669766835979e-01,2.650281998361011e-01,-9.195307527332869e-08,-9.125118858795341e-06,-3.029843038105045e-07,-1.472389698622160e-05,-3.304237996395463e-06,-5.511299970720562e-09,-3.868190886715858e-06,-1.265664392560704e-06,-1.596348725694830e-08,-7.225556594943857e-09,-1.165444650738155e-06,-6.362270636573377e-07,-3.566802900028428e-08,-2.310604924976956e-07,-3.856373594878023e-07,-1.025880132998317e-08,-5.611315982428976e-07,-7.313725352580226e-06,-1.532334861357494e-11,-7.079949921201405e-09,-1.046296445836125e-10,-5.002111848861427e-14,-2.502965968109171e-15,-7.214497176467313e-04,-4.991462824885725e-03,-1.278335847359600e-05,-4.377602099282363e-05,-2.745703623046109e-05,-2.135383077825939e-09,-8.128987797558580e-08,-3.252603735688388e-06,-5.373304086322968e-06,-8.130576481587639e-07,-5.846004083603465e-07,-2.282594715989255e-07,-3.851946539512596e-11,
-1.233834019664438e-02,-9.257032084112993e-02,-2.027903368148012e-01,2.976988409459448e-06,-2.896721903381212e-02,1.837348316038370e-01,-2.280759044446288e-05,-8.210100042927259e-01,-1.707752742043007e-07,-5.976271521741537e-07,-8.337946418580389e-08,-5.054024346735659e-06,-1.576583324893521e-07,-2.263517930069722e-06,-4.140529181900974e-06,-1.249880598635734e-08,-5.288968045315676e-08,-4.143710193219002e-08,-1.136229205990361e+00,7.753330389470499e-01,-1.058490077720526e-07,-8.012217611306647e-06,-6.584585564249604e-07,-2.372005438209677e-05,-5.741194619335545e-06,-7.837534303009755e-09,-2.136332702057077e-06,-8.979500455878510e-07,-3.026131010079931e-08,-1.918045385050242e-08,-2.542128685183632e-06,-4.682200951932381e-07,-9.422551754211682e-08,-3.274064317516569e-07,-6.475288173610417e-07,-3.007962936968261e-08,-1.324587646842876e-06,-8.976074882002541e-06,-7.919559239133621e-11,-3.668200728631255e-08,-1.003154916070783e-10,-8.133529146443973e-14,-2.704657377723029e-15,-1.200238114833664e-03,-8.529315675437020e-03,-1.060711927536211e-05,-2.508882082735508e-04,-1.622839751642166e-04,-7.788876739230839e-09,-3.330146824729358e-07,-4.476787857378694e-06,-7.579079474561733e-06,-4.732061042677985e-06,-7.856174488722985e-07,-1.313505457199507e-06,-4.314804069593947e-11,
-1.541616981743237e-01,-7.591603753065592e-01,-5.292403561524743e-01,-5.073955262045193e-04,-1.476422976093023e-01,4.874527025746102e-01,-2.679002271395876e-04,-3.934050981930594e+00,-1.165377572785515e-06,-2.742734494266687e-06,-7.498069243387947e-07,-6.248392906633228e-05,-5.513186015371693e-07,-2.729920827048800e-05,-2.210042518601585e-05,-8.294770385843527e-08,-5.102051608459378e-07,-2.948694469155242e-07,-4.361142348032456e+00,1.825939159043843e+00,-9.029183890843399e-08,-5.257483368115063e-06,-7.699736002125570e-06,-3.443720637949254e-04,-2.377658665889677e-05,-3.672959790117482e-08,-5.097733982239000e-07,3.419097351304224e-07,-1.559158366734038e-07,-2.472901652600764e-07,-7.215585369485007e-06,-1.366743840118797e-06,-1.574877909721504e-06,-4.187020114675293e-06,-2.616029831437853e-05,-9.405059968892673e-07,-2.197395058368236e-05,-2.145731748496464e-05,-3.549258741423493e-09,-3.261274390906537e-06,-9.316122869941676e-10,-2.893841682493566e-12,-7.813731785784273e-14,-1.409651689014818e-03,-1.039262040485305e-02,7.709364513432867e-07,-1.471483178753435e-02,-1.027064146745144e-02,-6.991703741487573e-07,-1.498718576611640e-05,-7.392181514368280e-06,-1.867302225478236e-04,-1.819344953525473e-04,-3.113843625360807e-05,-5.073586538333626e-05,-1.796625070937807e-10,

4,56
5.693192004054206e+00,2.903458697334305e+01,4.356297181261849e+01,7.333647428190088e+00,1.338938190939040e+01,3.142401860645957e+02,6.163225146281235e-01,1.142371532125708e-05,6.560789485895749e-01,1.410659284634521e+00,1.629238220464387e-01,2.576096872825469e+01,1.596368436118832e+01,1.937462068208165e+00,1.561189357054362e+01,4.290043089882261e-01,1.322949758202665e-01,2.735569521258802e+00,4.621629919664005e+02,2.811257050928599e+02,2.114760045720745e-01,6.019469943259159e+01,3.876383364506986e+00,3.006855904573620e+02,1.278049569961331e+01,2.593204895421855e+01,8.652404274201364e+00,3.494716353065912e+00,1.561861838216536e-02,3.791649439239029e+00,2.399993328002151e+00,1.104354042541771e+00,3.917715571116239e+00,2.330780417355064e+00,3.899921765659134e+00,1.977062325389570e-01,3.493695057912392e+01,1.071305758587277e+00,5.671154756200416e-01,7.962722627059477e+00,1.518994587698924e+00,4.360579474207159e-02,1.121649307902053e-03,7.668308593120096e-02,3.995350030552338e-01,2.446630723442831e+00,4.770722142276232e-01,6.934212285443209e-01,1.821855341499572e-01,1.647477791824777e+01,7.739779791934507e-01,1.319046545810321e-01,9.138562150237510e+01,1.438637438364790e+01,2.560266811988485e+01,4.349658411229029e-10,
-1.939415050255835e-03,-1.162785063892960e-02,-3.218088920372610e-02,6.395699840334248e-06,-5.898030036496745e-03,1.831645799839808e-01,-1.725296325961919e-06,-1.555976812039279e-01,-3.424119173492447e-08,-1.185504330677514e-07,-7.192662424570322e-09,9.269322512590152e-07,-7.973078794774644e-08,-1.835170246118074e-07,-8.846670477095975e-07,-9.204593449792065e-10,-2.472921339464613e-09,-4.547862208255055e-09,-1.610966417665473e-01,7.730604578019032e-01,-5.522230989531463e-08,-4.673538587604449e-06,-3.325134041938842e-08,1.872573662058355e-06,1.592964891863592e-06,1.673383894347230e-09,-1.594329321598190e-06,-7.319338220743401e-07,3.658183702650961e-09,-1.455479683000844e-09,7.872739092512994e-08,6.308558270545128e-07,1.349229521915382e-07,7.298036292048489e-07,1.899775600373363e-06,4.293819595381254e-08,2.120424012479594e-06,1.181793899018577e-05,5.066380794449057e-11,2.186022863914487e-08,-9.192632719155699e-11,-2.233233014592558e-14,-1.501385370930545e-15,-4.534198191738265e-04,-3.090294290730528e-03,-1.061409920802050e-05,-1.176995040058019e-05,-7.211693997153525e-06,6.443862426535020e-09,3.964564206246838e-07,4.334354396914233e-06,1.352914043522773e-05,5.597229107990076e-06,1.011468000448131e-06,1.553060612941354e-06,4.294081756839319e-11,
-3.673241295063795e-03,-3.021150823743210e-02,-8.891494469173003e-02,7.535408146388113e-06,-1.106296102207105e-02,4.852134988885670e-01,-6.740750510312297e-06,-3.381944990274353e-01,-5.315211676536507e-08,-4.011520654248349e-08,1.281761344898965e-08,2.916547359381658e-06,1.711264580929643e-07,-6.372133400465975e-07,-2.211321559422790e-07,6.348807779171004e-10,3.691212565208654e-10,4.555371617348448e-09,-4.811887988931707e-01,1.818860754888261e+00,-3.857084540732318e-08,-7.221787339801919e-07,-2.327973852335520e-08,6.079399473951652e-06,1.804045512824685e-06,2.852808319634903e-09,1.877785068928866e-07,5.854941249976166e-07,1.588302831484681e-08,-3.142768216014337e-09,4.381833148118004e-07,7.729253474613448e-07,2.642546258450199e-07,1.031017629808183e-06,2.865837244843409e-06,6.619012011591271e-08,2.830884596514630e-06,1.192652397831363e-05,7.737990567619389e-11,4.867251627490274e-08,5.820821061579816e-11,-4.985187291293701e-14,-1.793806937329201e-15,-7.228332428498058e-04,-5.001368369147924e-03,7.326277744758524e-07,-4.400340299983492e-05,-2.760231165977891e-05,1.816853656369941e-08,9.377485687886725e-07,9.871526908962616e-06,1.867999344154757e-05,1.240070470790095e-05,2.260532612808442e-06,3.442316528562939e-06,4.703559763896692e-11,
-1.241123778092037e-02,-9.307382092820472e-02,-2.035292147543408e-01,2.880105358572410e-06,-2.909853757932149e-02,2.991145401813790e+00,-2.294717540059494e-05,-8.244022737837087e-01,2.676576262200535e-06,7.121949561353109e-06,9.358689750841140e-07,6.048165768418705e-05,3.384087964364775e-06,-2.049369658971028e-06,6.008438245917985e-05,1.839749025906068e-07,9.047025179073034e-07,6.490086471964896e-07,-1.140683958531189e+00,6.903812798107696e+00,8.549154462999788e-07,7.273767297999108e-05,6.074451912195143e-06,2.240890767487574e-04,7.518987942214965e-06,2.403625350562571e-08,1.621980331728643e-05,6.087315700861692e-06,7.481966768699209e-08,2.934259593919099e-07,2.307304226982259e-06,2.042813549522689e-06,1.886218369679985e-06,3.212903493228026e-06,8.765614467073701e-06,6.336933931948413e-07,1.350571404075300e-05,2.929300153298996e-05,3.120994505728343e-09,1.303995578318704e-06,3.795765345654735e-10,1.920699881295860e-13,1.026475967096244e-14,1.117459676343671e-03,7.717475408291924e-03,6.229269744148769e-05,-2.532153586415267e-04,-1.638258405403926e-04,6.203401188570841e-07,1.311365871628218e-05,1.300755346298604e-05,3.923673693744227e-04,9.866654255820260e-05,1.795792171162822e-05,2.744415766585529e-05,1.629709700523563e-10,

