1
0
56
1
(4 0
((0,0) (15,255) (0,0))
((0,768) (15,1023) (0,0))
((0,512) (15,767) (0,0))
((0,256) (15,511) (0,0))
)
4
FabOnDisk: SD_5_Old_MF_D_0003 0
FabOnDisk: SD_5_Old_MF_D_0000 0
FabOnDisk: SD_5_Old_MF_D_0001 0
FabOnDisk: SD_5_Old_MF_D_0002 0

4,56
-7.649237445788771e+00,-1.584445525231640e+01,-2.577964862426966e+01,-5.995505443614409e+00,-8.226477901592652e+00,-8.542386886921133e+00,-1.128044668903975e+00,-6.322665580515776e+02,-2.674792711024139e-01,-7.773433666073137e-01,-9.123210153011707e-02,-1.370528575654610e+01,-1.274261003639987e+01,-1.393714759694398e+00,-9.475838224833501e+00,-4.508463268743523e-01,-7.148345563276381e-02,-2.775589720704009e+00,-1.327934126971230e+02,6.094402055494691e-19,-9.890265003591066e-02,-4.944449458066209e+01,-1.851218921495699e+00,-2.032686478981696e+02,-7.708323299961608e+00,-2.458839646885081e+01,-4.572273072573992e+00,-2.813056844166979e+00,-9.036693572475950e-03,-2.006363030898156e+00,-1.594513554596876e+00,-9.492744245093242e-01,-3.804666582277735e+00,-2.221995478619041e+00,-3.198005778673068e+00,-2.171905223673795e-01,-3.237477802112751e+01,-4.827709127914770e-01,-3.134991922929034e-01,-8.500289319202540e+00,-1.008684221428908e+00,-1.691985406727298e-02,-7.047217109286839e-04,-8.205330259483791e-02,-1.867374496708458e-01,-2.098349188208136e+00,-6.982214975369680e-02,-4.107379688407486e-01,-1.375505158719671e-01,-2.463287587881672e+01,-4.787917916800480e-01,-5.965184108323663e+02,-9.083471960179848e+01,-9.681244085382199e+00,-2.499765318772794e+01,-3.160494088660926e-10,
-4.053175074738736e-03,-3.009948537095362e-02,-8.865154085513544e-02,1.205749902130455e-07,-1.102675635408425e-02,1.041231634129764e-01,-6.713322245359384e-06,-3.371264822379671e-01,-1.044149333056186e-07,-4.413596917808338e-07,-5.364863110112003e-08,-3.778782321661688e-06,-2.977813032002695e-07,-6.800722506485242e-07,-2.793539437402001e-06,-8.362850123638443e-09,-3.237691135133376e-08,-2.780428297069591e-08,-4.796548469578654e-01,2.648925396481320e-01,-9.261765858933915e-08,-8.530288799240749e-06,-3.252406933307802e-07,-1.431853247953713e-05,-2.843427219409452e-06,-5.940295330128813e-09,-3.811648707180046e-06,-1.243201459113248e-06,-1.294308954461677e-08,-7.668075020334141e-09,-9.700156764626021e-07,-5.746053272292581e-07,-3.058870874319826e-08,-2.096366387246511e-07,-3.712103874748743e-07,-1.087382699664576e-08,-5.900129387899213e-07,-8.394709429754489e-06,-1.284898254900783e-11,-4.283917964727886e-09,-1.057324410160182e-10,-5.010578420526448e-14,-2.506339230660128e-15,-7.213604808958185e-04,-4.990825541190725e-03,-1.278357275905528e-05,-4.376198713571790e-05,-2.744810493209756e-05,-2.488051426811340e-09,-1.091526961395846e-07,-4.190624813672168e-06,-4.604602009921104e-06,-1.183026444351452e-06,-5.768252448342400e-07,-3.302983644903543e-07,-4.163783207111749e-11,
-1.233504435858603e-02,-9.253950576742707e-02,-2.027436783666834e-01,2.983652846811322e-06,-2.895984834105638e-02,1.837171655347289e-01,-2.279882174298069e-05,-8.207866892234130e-01,-1.878575064869724e-07,-5.896762109205371e-07,-9.087634574691844e-08,-5.725833951269612e-06,-1.543794305797974e-07,-2.255653941057312e-06,-4.488195169118755e-06,-1.251701809148015e-08,-5.511563550617279e-08,-4.465534092164868e-08,-1.135903510801253e+00,7.751506270862129e-01,-1.046071498499822e-07,-7.918065021021895e-06,-5.993747279096889e-07,-2.213161444881328e-05,-6.807851579064592e-06,-7.269059719653225e-09,-2.150003636044360e-06,-8.978668296239302e-07,-3.619782030139232e-08,-1.919536900288616e-08,-2.844303534697768e-06,-5.034779172524522e-07,-9.082149455848748e-08,-3.631604583808404e-07,-9.236025927287097e-07,-3.435128555685636e-08,-1.307954216599280e-06,-9.697518894312699e-06,-8.745156793845847e-11,-3.894501674947086e-08,-1.003490560840571e-10,-8.132652532486054e-14,-2.710565574146540e-15,-1.200074005412922e-03,-8.528048831642944e-03,-1.060758171416760e-05,-2.507358976224698e-04,-1.621839368356438e-04,-9.718019806044036e-09,-3.091036499989015e-07,-4.651687273828269e-06,-6.139727687221519e-06,-6.140339481887651e-06,-1.250705222148758e-06,-1.704979452293244e-06,-4.284483878791434e-11,
-1.539102567888129e-01,-7.589035914477494e-01,-5.297390003315144e-01,-5.067665790955162e-04,-1.473745997350359e-01,4.873405376943670e-01,-2.676901621506275e-04,-3.930624735138326e+00,-2.253717562351216e-06,-5.731812395249117e-06,-8.021329453045932e-07,-7.305514633246132e-05,-1.688128381402298e-06,-2.728177521071510e-05,-4.426175524361853e-05,-1.589108859085836e-07,-8.414229945202249e-07,-5.459530180715896e-07,-4.362451220749902e+00,1.825463590155183e+00,-1.934149699647574e-07,-1.946966280246243e-05,-8.698188147507581e-06,-3.846195532161203e-04,-2.158968718317309e-05,-5.383954061522777e-08,-2.775727747307585e-07,4.031445332558068e-07,-7.906304705009550e-08,-3.467793333130579e-07,-3.793172635490563e-06,-1.059157931450956e-06,-1.228691236640189e-06,-3.560304022740405e-06,-1.381060359427845e-05,-5.433428754481499e-07,-1.636710485065667e-05,-1.952834253746351e-05,-2.852375505281974e-09,-1.491445234352141e-06,-9.043361693869977e-10,-2.825987141872142e-12,-7.617806472122319e-14,-1.409603148527971e-03,-1.039232008259061e-02,7.595669881889195e-07,-1.468485079600106e-02,-1.024920210476044e-02,-5.423479540950615e-07,-1.476594602058089e-05,-8.377337510250596e-06,-2.434134215389961e-04,-9.487925516650180e-05,-1.995992181755458e-05,-2.663863175218540e-05,-1.413467121125223e-10,

4,56
5.697211256884754e+00,2.899328637939323e+01,4.357695141080625e+01,7.411147427378456e+00,1.341502597582236e+01,3.142705785460332e+02,6.147296922669128e-01,1.131972222268018e-05,6.557311906735483e-01,1.401711381462282e+00,1.639925105101106e-01,2.560572108486958e+01,1.602223453212129e+01,1.945069066806489e+00,1.560003581178674e+01,4.267774036097911e-01,1.322105478804802e-01,2.718880503552856e+00,4.619171679933173e+02,2.810001697830455e+02,2.118233630853640e-01,5.987182974668591e+01,3.849116585075523e+00,3.018677334848308e+02,1.259522124143648e+01,2.607324537720314e+01,8.690962577838206e+00,3.485117898088745e+00,1.573127820824327e-02,3.751438213590107e+00,2.393497048549651e+00,1.106580473503942e+00,3.927582494666390e+00,2.322782062947895e+00,3.945487251958258e+00,1.970482792667009e-01,3.486991394121916e+01,1.054940697220089e+00,5.756701577161697e-01,7.988613223862560e+00,1.524641451145391e+00,4.304192660613643e-02,1.114530252451473e-03,7.720787831295403e-02,4.008239198994336e-01,2.467358645313480e+00,4.772877008821690e-01,6.956114981041069e-01,1.848565549855486e-01,1.646854492842335e+01,7.718682297634027e-01,1.321407516578861e-01,9.147101391616977e+01,1.450445143357090e+01,2.564399686001575e+01,3.110471880063415e-10,
-1.938187098062832e-03,-1.162575466446628e-02,-3.217230877472074e-02,6.395468595349629e-06,-5.898433335891286e-03,1.831472778078044e-01,-1.724449599326142e-06,-1.555639584714961e-01,-3.608356029761331e-08,-1.427456398090903e-07,-6.215698023827720e-09,1.008059283085070e-06,-7.792418391278199e-08,-1.851352033366993e-07,-8.851617380070402e-07,-1.237671815621205e-09,-3.659668539747912e-09,-5.116489931548002e-09,-1.610110555397909e-01,7.728817474370785e-01,-5.755079108889122e-08,-4.792637226442539e-06,-1.629548378723031e-08,1.967137693190009e-06,2.003526179286558e-06,2.129889784862098e-09,-1.608484179819673e-06,-7.310529473405437e-07,4.406876561506371e-09,-1.489480261807310e-09,7.819166345689107e-08,6.406661324679823e-07,1.319925839041185e-07,6.770473580699830e-07,1.742531682166684e-06,3.172345911188589e-08,1.723361831274868e-06,8.582260100488963e-06,3.347815261643201e-11,1.662311580184544e-08,-9.193398981131471e-11,-2.232292869632014e-14,-1.501533414507624e-15,-4.533609219566202e-04,-3.089980771667877e-03,-1.061487080841213e-05,-1.176612435582621e-05,-7.209258872077658e-06,4.347761829358706e-09,2.742903273284061e-07,4.518699413687615e-06,1.373685607587586e-05,6.165866344727326e-06,9.824044638139211e-07,1.712244572620880e-06,3.835787243389177e-11,
-3.673319170883195e-03,-3.020581425992571e-02,-8.890128031087763e-02,7.536247754336542e-06,-1.106178915913376e-02,4.850915883520830e-01,-6.739299365368028e-06,-3.381299931047533e-01,-5.439861306013806e-08,-2.254889166703837e-08,1.442812947470593e-08,2.530807559372354e-06,1.446106510030236e-07,-6.410487300830106e-07,-2.470723577658272e-07,1.109176727012934e-09,2.518813906365224e-09,3.629726224743398e-09,-4.810744089148597e-01,1.818343308937014e+00,-3.432431860517748e-08,-3.692160363883425e-07,4.280768754047043e-09,6.261803212288935e-06,1.755506920952401e-06,2.989268490910710e-09,2.003956636200329e-07,5.944678020501450e-07,1.621301300109446e-08,-2.675465506128500e-09,2.409701172393411e-07,5.680860485231324e-07,3.155145948264590e-07,1.114853107798497e-06,3.246710531925858e-06,8.133792799292623e-08,3.644662306538097e-06,1.494366941955490e-05,1.004582359880837e-10,4.925268037162945e-08,5.809730665619443e-11,-4.984211136317023e-14,-1.797942513922574e-15,-7.227423107284568e-04,-5.000719681391005e-03,7.249466962404360e-07,-4.398906789535994e-05,-2.759329700345633e-05,2.167237324627697e-08,1.078973887589680e-06,1.051860420383940e-05,1.542486381342435e-05,1.254506748742167e-05,2.201551895859299e-06,3.482682133381189e-06,4.123373864572955e-11,
-1.240807897448041e-02,-9.304477566765812e-02,-2.034847736493602e-01,2.894398849681880e-06,-2.909156036588416e-02,2.986842875775273e+00,-2.293865913879170e-05,-8.241960490281263e-01,1.466468086643838e-06,5.108562506486309e-06,6.399055590872899e-07,4.759034934707856e-05,2.020528217460661e-06,-2.023607025651982e-06,2.550150658828265e-05,1.022021195616484e-07,5.633213056395999e-07,3.136959642387439e-07,-1.140385331289458e+00,6.905874774714480e+00,6.836449247607301e-07,5.494366791924184e-05,6.437580880950118e-06,2.380205405494872e-04,7.625188005063974e-06,2.741370535976804e-08,1.363132941652361e-05,5.201868608603671e-06,4.616451393369946e-08,2.410308901742034e-07,1.614906944262681e-06,2.837307260928188e-06,2.681013666844356e-06,4.633494975821020e-06,2.212580795261702e-05,7.246209269136077e-07,1.813652083616894e-05,3.672077049162499e-05,2.824791871137847e-09,1.661867239020394e-06,3.717162880019734e-10,1.907280775660531e-13,1.015970489786344e-14,1.111277353464062e-03,7.672271489996853e-03,6.227646410973873e-05,-2.530657279332190e-04,-1.637226133638132e-04,7.675437345859634e-07,1.436569695243801e-05,1.428197866382353e-05,4.006845885938601e-04,1.603452710914089e-04,2.460993880927467e-05,4.464085497956449e-05,1.952513706271475e-10,

