1
0
63
1
(4 0
((0,0) (15,255) (0,0))
((0,768) (15,1023) (0,0))
((0,512) (15,767) (0,0))
((0,256) (15,511) (0,0))
)
4
FabOnDisk: SD_0_New_MF_D_0003 0
FabOnDisk: SD_0_New_MF_D_0000 0
FabOnDisk: SD_0_New_MF_D_0001 0
FabOnDisk: SD_0_New_MF_D_0002 0

4,63
-2.037455536297793e-05,1.906753810419388e+00,1.577304820199022e-01,7.480330271112542e-22,3.149357779322596e-20,3.931935267517283e-16,1.265335669282803e-10,1.299566090373152e-07,2.591603655031047e-08,5.147028909383804e-11,2.859679419383328e-03,0.000000000000000e+00,3.428616666885107e-26,2.245862644799975e-27,1.593518699661491e-12,0.000000000000000e+00,1.046041456136383e-21,1.152421112301606e-10,7.081586999582371e-16,6.262669107791827e-27,8.211949454287648e-12,7.815282989230587e-09,5.998802230455510e-10,2.595006271298856e-32,6.889864955981266e-11,8.852939769808551e-24,0.000000000000000e+00,0.000000000000000e+00,0.000000000000000e+00,8.239530517620921e-26,6.496280113030334e-12,0.000000000000000e+00,8.327556983281196e-22,0.000000000000000e+00,0.000000000000000e+00,0.000000000000000e+00,0.000000000000000e+00,0.000000000000000e+00,0.000000000000000e+00,0.000000000000000e+00,0.000000000000000e+00,0.000000000000000e+00,0.000000000000000e+00,1.309022430384198e-14,1.048170226448138e-16,2.872568365373746e-18,3.857372136364077e-15,1.249783897504551e-15,5.169065073919785e-14,1.200717605449651e-14,2.163509917916476e-14,0.000000000000000e+00,0.000000000000000e+00,0.000000000000000e+00,0.000000000000000e+00,0.000000000000000e+00,0.000000000000000e+00,0.000000000000000e+00,1.131541135463281e-01,3.611220145893551e+03,0.000000000000000e+00,4.430001602496024e+02,1.013013751701618e+05,
-7.742247624913557e-08,5.466172362381108e+00,1.460895417193766e-01,6.114450081997436e-06,5.838265899715079e-05,4.695339938399710e-04,1.349846773782797e-07,5.707632820801169e-05,1.235234478685814e-02,1.211244886978106e-08,1.184815327780125e-03,5.128225396173616e-11,2.717827994276634e-10,2.296599291899334e-11,1.087245187865284e-09,2.978501085618548e-10,8.731799637547149e-10,1.628275128115078e-09,3.547905300392146e-12,1.173274585594766e-11,1.250294425235408e-11,3.571433143020354e-03,2.344024759588038e-02,8.754271949370400e-11,9.034015053797018e-09,1.003192219177462e-10,3.368609668206367e-09,0.000000000000000e+00,1.075069324998340e-15,2.996477634782843e-09,1.623146706044751e-09,4.120052189651813e-15,2.183077641758169e-12,1.148032339621522e-14,8.160717200965931e-14,0.000000000000000e+00,0.000000000000000e+00,0.000000000000000e+00,0.000000000000000e+00,0.000000000000000e+00,0.000000000000000e+00,0.000000000000000e+00,0.000000000000000e+00,7.820863601880654e-14,1.740323600355803e-17,1.195985931310087e-18,5.882557739487854e-07,4.000865067550079e-06,1.797976532100522e-08,1.335031636236170e-08,8.163363999342939e-09,4.254889444273172e-13,0.000000000000000e+00,0.000000000000000e+00,0.000000000000000e+00,0.000000000000000e+00,0.000000000000000e+00,0.000000000000000e+00,1.047771261129193e-01,7.926552312414445e+03,0.000000000000000e+00,2.331043559296389e+03,1.013249935166857e+05,
-1.897184135186118e-07,5.397246988518687e+00,1.469287364638615e-01,7.195423612090197e-06,6.936953984394671e-05,5.058711035325213e-04,1.327192644921515e-07,6.109463461202564e-05,1.235468314127350e-02,1.457077082417183e-08,1.323268228357649e-03,8.153061008718608e-11,3.929412282670433e-10,3.428189874381053e-11,1.510855826046281e-09,3.795782548877557e-10,1.127843929757918e-09,2.351939773124000e-09,5.146223166048492e-12,1.760800957836057e-11,1.782040917723859e-11,3.778880146139594e-03,2.305383979417031e-02,1.280739025971483e-10,1.260215077904439e-08,1.654265859032196e-10,5.016569201011715e-09,0.000000000000000e+00,0.000000000000000e+00,4.187151263825091e-09,2.194278422108793e-09,0.000000000000000e+00,3.977490704689676e-12,0.000000000000000e+00,0.000000000000000e+00,0.000000000000000e+00,0.000000000000000e+00,0.000000000000000e+00,0.000000000000000e+00,0.000000000000000e+00,0.000000000000000e+00,0.000000000000000e+00,0.000000000000000e+00,1.390846459160045e-13,3.859593732330652e-17,2.404334110488586e-18,9.303453598654216e-07,6.352590969359574e-06,2.484373719047863e-08,2.827864562695820e-08,1.745363768949409e-08,7.242569481121663e-13,0.000000000000000e+00,0.000000000000000e+00,0.000000000000000e+00,0.000000000000000e+00,0.000000000000000e+00,0.000000000000000e+00,1.053815622551064e-01,7.836178436668993e+03,0.000000000000000e+00,2.291807978421414e+03,1.013249942150577e+05,
-7.379289433443136e-07,5.146703688772157e+00,1.490465367372360e-01,1.040855701520704e-05,1.011433446297842e-04,5.931332026607467e-04,1.327272560602350e-07,7.159471591505374e-05,1.233354575208697e-02,2.218040773392072e-08,1.660678493330859e-03,1.370754993987910e-10,4.158296120560662e-10,5.035803826518396e-11,1.390336346310647e-09,1.983495271040474e-10,1.888522451687290e-09,2.859994245129189e-09,5.466214632520122e-12,2.614190389059649e-11,1.938671688679152e-11,4.283556684789590e-03,2.218121701752654e-02,1.317062535321772e-10,1.072141010784452e-08,2.993905060913721e-10,6.865801384211660e-09,0.000000000000000e+00,0.000000000000000e+00,2.991417672940616e-09,1.191837419455697e-09,7.408454923437184e-15,8.756085690471671e-12,0.000000000000000e+00,0.000000000000000e+00,0.000000000000000e+00,0.000000000000000e+00,0.000000000000000e+00,0.000000000000000e+00,0.000000000000000e+00,0.000000000000000e+00,0.000000000000000e+00,0.000000000000000e+00,4.655403662446927e-14,8.314717338183509e-17,2.874787108667208e-18,1.550559525198850e-06,1.068680581037323e-05,1.791552251492225e-08,9.457338389120899e-08,5.971403534662831e-08,1.423022504503186e-12,0.000000000000000e+00,0.000000000000000e+00,0.000000000000000e+00,0.000000000000000e+00,0.000000000000000e+00,0.000000000000000e+00,1.069048589743617e-01,5.782941765352753e+03,0.000000000000000e+00,2.147188972466333e+03,1.013249801241185e+05,

4,63
1.871063653665693e-05,5.144401864530337e+00,8.373310426260531e-01,4.969734596310880e-05,4.437489273811138e-04,9.566528059698467e-04,1.176747165498851e-04,3.784685668086537e-04,1.294808785481051e-02,2.141964783506940e-05,1.827788535752883e-01,1.483410093071449e-06,6.642287195808452e-06,7.473710991309713e-07,2.362363992119887e-04,2.662888795061114e-04,2.008477370966951e-05,5.161251230582754e-04,1.469413211195802e-05,9.686001504591302e-07,6.789652013779398e-05,1.430147880558105e-02,2.217791183488768e-02,8.695009511685516e-07,6.470015724099899e-04,2.232692802080166e-05,4.620257178150478e-03,1.017324803484363e-04,4.647363984798288e-04,3.346064797152176e-05,1.146226544251968e-04,1.304547227770596e-07,3.228755520286302e-05,3.770514813199975e-05,1.279002028358456e-05,5.957212885103126e-05,3.201438430162263e-05,4.165761624704922e-05,3.089203822516509e-06,6.562505864952016e-04,1.035069110182761e-05,4.239154148278043e-06,1.165941827917145e-04,1.908592193488433e-05,6.842346961958070e-07,1.665372941855052e-08,2.497119180217918e-06,1.763111647069798e-05,3.056660529250095e-05,1.296076474915331e-05,1.671849356554129e-05,1.685368271614059e-06,4.470306213680895e-04,9.202685949167819e-06,5.259444296954638e-02,1.656170902629641e-03,1.451515929855900e-04,4.518579345836457e-04,6.019575803146983e-01,7.485964336669327e+04,0.000000000000000e+00,2.145825606356808e+03,1.013492637031473e+05,
9.350839915269542e-08,5.495821656285552e+00,1.469238435450167e-01,7.188716549757458e-06,6.930207719211505e-05,5.056594711366997e-04,1.366580560783747e-07,6.107046086494471e-05,1.235467237252344e-02,1.455541133794360e-08,1.322467540195525e-03,8.137163994053330e-11,3.923880996334539e-10,3.422714813348472e-11,1.509062393738622e-09,3.793103016264609e-10,1.126281864087067e-09,2.348648233351620e-09,5.138971774165254e-12,1.757957587834650e-11,1.779716068983989e-11,3.777675180663131e-03,2.360791615618901e-02,1.278859764943394e-10,1.258694418527172e-08,1.650715396347661e-10,5.008722872327241e-09,2.229652825045650e-13,2.349772374858963e-15,4.182108681650215e-09,2.192074973551669e-09,8.649412978432838e-15,3.966834758319787e-12,1.023432696149230e-13,9.157899038596074e-13,6.727279876629849e-14,2.942555561480369e-13,4.798541102891203e-13,5.787094035412338e-15,2.732146651314786e-13,3.221384404254086e-12,5.804883178347953e-18,4.784786867075713e-15,1.388184392439546e-13,3.847309919429940e-17,2.398016641935575e-18,9.285599611843603e-07,6.340255471837481e-06,2.481533106667622e-08,2.817672394930622e-08,1.738978946227978e-08,7.226059410812651e-13,2.031664984075776e-14,1.135740311177654e-12,1.818280266528426e-12,1.258970356303177e-12,9.520203851462740e-13,3.362423471504035e-13,1.053780403760372e-01,7.961041237973041e+03,0.000000000000000e+00,2.346908438539191e+03,1.013250070754500e+05,
2.729236163504407e-07,5.466008362079050e+00,1.490330298625275e-01,1.038632874348405e-05,1.009269360047430e-04,5.926093012687931e-04,1.349749399019956e-07,7.152849455250745e-05,1.235694146132202e-02,2.212606540730850e-08,1.658590269694218e-03,1.368420311539091e-10,5.332514029967870e-10,5.031316697020725e-11,1.902644700393927e-09,4.061965263705945e-10,1.883302673374537e-09,3.224626407120041e-09,7.000688856730975e-12,2.612243552841699e-11,2.351858617768276e-11,4.280479477092880e-03,2.343927924708340e-02,1.761992074714171e-10,1.582715709891293e-08,2.989276487029864e-10,7.219849049044607e-09,4.357516940768408e-13,6.009128536526321e-15,5.178829198181979e-09,2.500628327896861e-09,4.353047681340231e-14,8.734365756683837e-12,1.353464064407048e-12,4.143088104768742e-12,5.043114148409267e-13,1.543996939670662e-12,2.547224155846188e-12,4.526846050785841e-14,1.812068123870408e-12,5.627991285562084e-12,5.550350022454974e-17,3.978979388960275e-14,1.797641574581923e-13,8.292607046096162e-17,4.154818493347073e-18,1.547327083185506e-06,1.066392952678079e-05,3.017602551523164e-08,9.397879587926850e-08,5.933027864953125e-08,1.424938527676471e-12,3.576194504278715e-13,2.221391715203529e-12,7.170051152511406e-12,1.356159793361153e-11,6.285279372249308e-12,3.720365098133980e-12,1.068951383751772e-01,7.930869264413750e+03,0.000000000000000e+00,2.330950801877150e+03,1.013250090467075e+05,
7.626273470126261e-07,5.396825523612714e+00,1.576416313266205e-01,2.838049499934231e-05,2.634121343952419e-04,8.503798935487538e-04,1.896131829134140e-07,1.104650442907968e-04,1.235694958591128e-02,7.124647445900056e-08,2.848741494284109e-03,1.973495649881980e-10,5.619152383098270e-10,5.849755163527198e-11,1.938259969872224e-09,3.975714990225303e-10,6.810984020193863e-09,3.491969323397578e-09,7.368861820019491e-12,3.082014827841223e-11,2.453974146796116e-11,5.912275038661582e-03,2.305160638991903e-02,1.856939127907275e-10,1.603136504426031e-08,5.182554130449523e-10,8.127104216244574e-09,2.494965560500727e-12,2.495498319751909e-14,5.200400089332783e-09,2.488790395851812e-09,1.818014685649023e-13,2.217808717121321e-11,3.759255410166019e-12,6.345002802560551e-12,3.147476865931709e-12,4.274679111716610e-12,1.076457928085591e-11,4.751906029111135e-13,1.180370167452214e-11,1.146239788926810e-11,1.602637284073500e-15,2.027147172567146e-12,1.789332679695709e-13,1.173118873336474e-16,4.525538413697504e-18,2.496053373056580e-06,1.761918205600637e-05,3.025468178380212e-08,1.536329088602117e-06,1.043546590789816e-06,3.658465270807155e-12,7.039940754703139e-12,4.206307542668869e-12,8.353436624219173e-11,6.540084296696520e-11,3.896686556102717e-11,1.802945192867547e-11,1.130901984783946e-01,7.835046479845037e+03,0.000000000000000e+00,2.291561740900803e+03,1.013250324252720e+05,

