1
0
56
1
(4 0
((0,0) (15,255) (0,0))
((0,768) (15,1023) (0,0))
((0,512) (15,767) (0,0))
((0,256) (15,511) (0,0))
)
4
FabOnDisk: SD_5_New_MF_D_0003 0
FabOnDisk: SD_5_New_MF_D_0000 0
FabOnDisk: SD_5_New_MF_D_0001 0
FabOnDisk: SD_5_New_MF_D_0002 0

4,56
-7.593378583673695e+00,-1.652658730803265e+01,-2.633451714204354e+01,-5.995659674753063e+00,-8.007959872426810e+00,-8.095138382557565e+00,-1.147442112453418e+00,-6.267200694950873e+02,-2.637743164524886e-01,-7.766440492835193e-01,-8.734484401227574e-02,-1.373239556901239e+01,-1.238221415877173e+01,-1.372626216379365e+00,-9.409382262408357e+00,-4.482720781293685e-01,-7.061374861968221e-02,-2.749720930512665e+00,-1.320698854606636e+02,2.424547108220709e-17,-9.391411060817009e-02,-4.906630699473202e+01,-1.820494943540223e+00,-2.013134044783328e+02,-7.604163838179679e+00,-2.426061688815955e+01,-4.503844361439819e+00,-2.865587815318827e+00,-8.780822921890140e-03,-1.994843232585371e+00,-1.572656738519681e+00,-9.404972282925284e-01,-3.857656183365647e+00,-2.258002139561578e+00,-3.257375130024388e+00,-2.169515921118999e-01,-3.282491966436556e+01,-4.882362221376332e-01,-3.140810994310817e-01,-8.604109962634293e+00,-9.742007374127898e-01,-1.583992495669151e-02,-6.475446934637211e-04,-8.360712888979971e-02,-1.721576629866233e-01,-2.125714143798845e+00,-7.108735651006598e-02,-4.109562791073249e-01,-1.343017455773018e-01,-2.500430172766593e+01,-4.636643636013332e-01,-5.846989695830090e+02,-9.043052336354143e+01,-9.469888982941203e+00,-2.503322075124136e+01,-2.676188159966841e-10,
-4.109371113208330e-03,-2.982845862648579e-02,-8.797372298407541e-02,2.171009509176809e-07,-1.097970470532479e-02,1.026297653391882e-01,-6.646959134548451e-06,-3.334733938315783e-01,-8.899274145300613e-08,-3.066728074105046e-07,-2.699793154776540e-08,-1.745327389611122e-06,-2.645491920122174e-07,-6.693079163307762e-07,-1.709217203031268e-06,-4.094415334483534e-09,-1.546530471521217e-08,-1.375549019729250e-08,-4.727689266223195e-01,2.534707194345083e-01,-8.186916032968745e-08,-8.274875187958907e-06,-1.594646756858972e-07,-5.260300315054304e-06,-7.009796346010902e-07,-5.727877165542162e-10,-3.738544318601925e-06,-1.241718938376756e-06,-1.358457777455315e-09,-4.636948109111078e-09,-8.101908741994873e-08,-1.004616517849986e-07,-5.043025558215894e-09,-3.948425355017927e-08,-1.041473098244523e-07,-1.618907447680670e-09,-8.542054494636832e-08,-9.712889709157347e-07,-1.890950711018276e-12,-9.950599897389776e-10,-1.032699343992901e-10,-4.954461536116064e-14,-2.487339835468007e-15,-7.165908630637016e-04,-4.956648055442877e-03,-1.276732371749231e-05,-4.298930828724868e-05,-2.696936100677175e-05,-9.745281779690713e-10,-1.866556454390765e-08,-3.440982497072869e-07,-1.042189481719263e-06,-5.760952712332676e-07,-1.655591560289865e-07,-1.627484856129471e-07,-1.938551706312519e-11,
-1.218453717259195e-02,-9.092113230623157e-02,-2.002916646744923e-01,3.363737104566279e-06,-2.858541716244820e-02,1.831154410848391e-01,-2.233133622588314e-05,-8.084858319411747e-01,-1.458211851424688e-07,-3.887500311891261e-07,-5.154980701577233e-08,-2.291518027784918e-06,-1.113688388235235e-07,-2.242958288701846e-06,-2.923617439347488e-06,-7.588645613685424e-09,-3.463207985444906e-08,-2.633000132381206e-08,-1.117307490330451e+00,7.642308645212922e-01,-1.088200831384161e-07,-7.512091564221829e-06,-4.647619906022854e-07,-1.461952927022763e-05,-2.864520384893583e-06,-4.028226717967957e-09,-2.033139908600609e-06,-8.190664148354176e-07,-3.747841627183181e-08,-1.593067013074519e-08,-2.110225979014809e-06,-6.309359817965531e-07,-8.285376797091055e-08,-3.799948328157971e-07,-8.641271051094086e-07,-1.668145293974854e-08,-6.902238627479403e-07,-3.441202713164283e-06,-4.045227456000844e-11,-3.106287282988959e-08,-9.983793192425668e-11,-8.187584584475108e-14,-2.690746512864452e-15,-1.191401276716171e-03,-8.460793826296460e-03,-1.066247535784235e-05,-2.425544705706415e-04,-1.567949081772303e-04,-6.117773855579510e-09,-1.613806128842295e-07,-1.587480988179867e-06,-5.175593446444399e-06,-4.412310233243997e-06,-1.516307609255880e-06,-1.221011016603120e-06,-2.089889372669518e-11,
-1.416855944968403e-01,-7.443339919849861e-01,-5.572167057937127e-01,-4.734260061459308e-04,-1.388007008827415e-01,4.812237136987210e-01,-2.572315032460631e-04,-3.773313455274060e+00,-8.303649733245135e-07,-1.601015887371123e-06,-3.338761735528037e-07,-3.091356915840168e-05,-7.124648143597629e-07,-2.666742613061738e-05,-1.879013891629183e-05,-5.939719293894099e-08,-2.794719598425430e-07,-2.093909791045442e-07,-4.379073605243528e+00,1.795650583285641e+00,-1.083488994036634e-07,-6.893911295170449e-06,-4.808846785630154e-06,-1.507407798397438e-04,-3.973074841094367e-06,-1.855745120822972e-08,-8.483714228460109e-07,2.049620128172709e-07,-6.366042842023022e-08,-1.458515661741648e-07,-3.760670309478021e-06,-2.156190541823496e-06,-1.909948343508368e-06,-3.949977291995623e-06,-1.360299498152995e-05,-5.447554480467493e-07,-1.297010596527485e-05,-1.140614557162924e-05,-2.452443549520800e-09,-2.091090431820520e-06,4.188613949960005e-12,-4.947618958968321e-13,-9.929731011360142e-15,-1.406584460655210e-03,-1.037170201028475e-02,3.916109999291746e-07,-1.328709070565087e-02,-9.259502891315042e-03,-3.651442510726680e-07,-9.748351449175072e-06,-3.843020276424963e-06,-1.603812366663819e-04,-1.031457606838545e-04,-2.334648566686164e-05,-2.883111491386154e-05,-7.254707945492100e-11,

4,56
5.595408791407592e+00,2.906587039210846e+01,4.324937859418861e+01,7.549024688588355e+00,1.352984743862896e+01,3.110515843254337e+02,6.273079802672969e-01,-8.589434025152443e-11,6.305783133731517e-01,1.403642822851528e+00,1.630374159920744e-01,2.575831813511260e+01,1.587557875992698e+01,1.888114682088065e+00,1.551603219370256e+01,3.980139594487026e-01,1.288266632613915e-01,2.715981884534435e+00,4.597392079827894e+02,2.790509918900570e+02,2.062174052989075e-01,6.115997513490281e+01,3.908005916894589e+00,3.015684093085421e+02,1.308934052920744e+01,2.598376235859516e+01,8.701827542924338e+00,3.505548816081408e+00,1.520210345879370e-02,3.777131950354161e+00,2.316496488904496e+00,1.118992362443901e+00,3.992721447673813e+00,2.338028013999060e+00,3.946729397427411e+00,1.966333242120787e-01,3.436268521781039e+01,9.563143208409646e-01,5.879906343768930e-01,7.984050645308549e+00,1.563169585267085e+00,4.215689862017102e-02,1.092404772696771e-03,7.771678661186017e-02,4.011511011424775e-01,2.493571216055567e+00,4.766713270224426e-01,7.072371656672871e-01,1.800474356222723e-01,1.624760054920937e+01,6.980945976407339e-01,5.888808763858372e-01,8.828404938021013e+01,1.471294054382544e+01,2.488876780437378e+01,2.514752850402147e-10,
-1.848907385499933e-03,-1.152305344285554e-02,-3.190539448453839e-02,6.401184400201469e-06,-6.015392814402147e-03,1.825485473130045e-01,-1.690473852350381e-06,-1.529670654006202e-01,-4.138970014799109e-08,-1.773410101508814e-07,-1.590380751832047e-08,-3.395548041360158e-07,-9.190162563280892e-08,-1.873712928759899e-07,-1.055788476222789e-06,-2.240040097333498e-09,-7.942362184361514e-09,-7.738430626124325e-09,-1.537889182411507e-01,7.619295192095833e-01,-6.004697178769294e-08,-5.546327532713494e-06,-8.512931705298534e-08,-1.897892329427298e-06,1.392204366517219e-07,6.149044656481076e-10,-1.848633614700421e-06,-8.070692553177181e-07,2.120857977927191e-10,-2.128519829037234e-09,1.322371673568920e-08,4.949900897253001e-07,5.457461689277157e-08,2.478595851434064e-07,3.929831999524297e-07,5.379629090411537e-09,2.605392107709823e-07,3.066727422211321e-06,5.413107242579676e-12,3.839095688549449e-09,-9.163891161888213e-11,-2.249982972837426e-14,-1.515835462139403e-15,-4.506065272076021e-04,-3.070939211894331e-03,-1.067393986304818e-05,-1.163242385626308e-05,-7.125683957499882e-06,-2.548569087339872e-10,2.222595404622670e-08,1.078628043636269e-06,1.529958290091103e-06,8.701107746667752e-07,3.328164774741443e-07,2.405721428058620e-07,2.057572168201460e-11,
-3.696991552737078e-03,-2.993271734954955e-02,-8.821890279907163e-02,7.559447965917720e-06,-1.101511237784512e-02,4.790235668112424e-01,-6.649532446724058e-06,-3.344955206312960e-01,-6.606462124163211e-08,-5.732267854567057e-08,-1.013542008190928e-08,6.457461964962066e-07,1.453958985278516e-07,-6.685468351347194e-07,-3.001725522045548e-07,2.572544727695435e-10,-3.170531768390460e-09,2.416353746982514e-09,-4.742086038329015e-01,1.788829808010545e+00,-3.830266710472652e-08,-8.767796817472310e-07,-1.375413676020015e-07,1.478396216045857e-06,4.921078423389949e-07,1.632671289449892e-09,1.617843090653931e-07,5.590539971123591e-07,1.058159331684542e-08,-4.428083147797455e-09,2.452392236772140e-07,1.896129624429529e-06,3.025654746613151e-07,1.002158744138314e-06,1.899657812694489e-06,3.464018967954367e-08,1.612281994294656e-06,5.630984377533358e-06,4.985122521478867e-11,3.372878967531130e-08,5.292206999660333e-11,-4.956210487404842e-14,-1.848670347775057e-15,-7.180068648171533e-04,-4.966734923482321e-03,3.529139926014584e-07,-4.321247636110335e-05,-2.709346484977641e-05,7.006118361947036e-09,3.504003931081736e-07,3.826054625502766e-06,7.218157745560154e-06,8.413149827087491e-06,3.870058500700249e-06,2.311422151932860e-06,2.289368694619043e-11,
-1.225635564468593e-02,-9.140999477179557e-02,-2.010106483914209e-01,3.279148617849253e-06,-2.871437438987055e-02,2.818906899585840e+00,-2.245617911584666e-05,-8.117837826589657e-01,1.635165768376767e-06,4.761412219931657e-06,5.467830262064402e-07,3.369499095889354e-05,2.262318586864040e-06,-2.031407301505171e-06,3.757360039482027e-05,1.165422358309976e-07,5.582801361770818e-07,3.987301212978679e-07,-1.121597851371114e+00,6.932279763806121e+00,6.777707994735031e-07,5.663817382739965e-05,4.178297636321940e-06,1.481158347804763e-04,4.249984066537229e-06,1.865145640131002e-08,1.374129447432164e-05,5.419824225585054e-06,2.795727928916834e-08,1.876320198175230e-07,8.495429282359734e-07,3.474012645103496e-06,1.450919102946280e-06,2.691609012418612e-06,6.044015856921733e-06,4.212798701315564e-07,1.071863449103741e-05,1.213390590978081e-05,1.521416484459659e-09,1.269052560848014e-06,3.597557017235799e-10,1.932963285622955e-13,1.036201849779481e-14,8.174050488380076e-04,5.538004912390657e-03,6.220195984438629e-05,-2.447626966230465e-04,-1.582535563236517e-04,3.854772138200914e-07,7.792550917183425e-06,4.031672824904373e-06,1.416274272331793e-04,4.352987510846795e-05,1.434141137146301e-05,1.216919435595314e-05,5.944578163052938e-11,

