1
0
56
1
(4 0
((0,0) (15,255) (0,0))
((0,768) (15,1023) (0,0))
((0,512) (15,767) (0,0))
((0,256) (15,511) (0,0))
)
4
FabOnDisk: SD_5_Old_MF_D_0003 0
FabOnDisk: SD_5_Old_MF_D_0000 0
FabOnDisk: SD_5_Old_MF_D_0001 0
FabOnDisk: SD_5_Old_MF_D_0002 0

4,56
-7.585933679485400e+00,-1.667410538365057e+01,-2.629456983675690e+01,-5.981294456659584e+00,-7.974518498390928e+00,-8.081231135165670e+00,-1.151321489779454e+00,-6.275262137832025e+02,-2.657784586712346e-01,-7.757075202222733e-01,-8.822711759148048e-02,-1.374338047156757e+01,-1.231392097978188e+01,-1.371924532741758e+00,-9.457564726435432e+00,-4.492021881901042e-01,-7.086080268114789e-02,-2.755168959727598e+00,-1.319914468878366e+02,2.826379538398149e-17,-9.395602716222293e-02,-4.919818681070162e+01,-1.832061880199658e+00,-2.023066649452170e+02,-7.525727399753540e+00,-2.434453336585707e+01,-4.524718398070281e+00,-2.866578837865587e+00,-8.825195610821408e-03,-2.003502349734622e+00,-1.577526754456630e+00,-9.487805695781384e-01,-3.847573849070568e+00,-2.251510938538007e+00,-3.246237063975948e+00,-2.173168970947814e-01,-3.286092288527234e+01,-4.904013832876015e-01,-3.139825329476505e-01,-8.636186707592644e+00,-9.695526928336892e-01,-1.583491292636669e-02,-6.479793911303389e-04,-8.349140570669131e-02,-1.710567270659432e-01,-2.134202619063314e+00,-7.111581248215065e-02,-4.087265515302593e-01,-1.326109390056348e-01,-2.482603324700452e+01,-4.557410004777424e-01,-5.910303441744909e+02,-8.942797363201750e+01,-9.507050224431723e+00,-2.480783945421035e+01,-3.464606379566249e-10,
-4.112497506483242e-03,-2.982330325110579e-02,-8.795877309056546e-02,2.205156666203601e-07,-1.097995135945260e-02,1.025655926319941e-01,-6.645137399738731e-06,-3.333482867656824e-01,-8.883122039738841e-08,-3.063961298598562e-07,-2.612738931426805e-08,-1.514833876022049e-06,-2.645364452816021e-07,-6.690317687375519e-07,-1.571661398540312e-06,-3.627255312488512e-09,-1.391019281291705e-08,-1.213845422909755e-08,-4.724918453434082e-01,2.529089745892172e-01,-8.383143907585959e-08,-8.270647144175210e-06,-1.790607464414246e-07,-5.941987143892339e-06,-5.308506928997560e-07,-9.296761020294773e-10,-3.734001760382583e-06,-1.242206387939353e-06,-3.998982844833816e-10,-5.000405953816204e-09,-2.239545716209074e-08,-3.430846061956663e-08,-3.889102235937425e-09,-2.436424117504693e-08,-7.448939760563217e-08,-1.486967834804828e-09,-7.751561460522129e-08,-8.067464651512526e-07,-1.687110378971573e-12,-8.712369856441387e-10,-1.045370114122770e-10,-4.952090657219439e-14,-2.486176709111492e-15,-7.164612097692591e-04,-4.955704660189556e-03,-1.276838057320692e-05,-4.296512832778456e-05,-2.695463149387873e-05,-9.636890480047919e-10,-2.064384667834165e-08,-3.191224363826866e-07,-1.016924017578307e-06,-3.773134347729807e-07,-7.294847112633170e-08,-1.037606119961162e-07,-2.129815768192600e-11,
-1.218285423191183e-02,-9.087817251010297e-02,-2.002267362586671e-01,3.376973499344198e-06,-2.857677045891110e-02,1.831371000123079e-01,-2.231746199609580e-05,-8.081030100904213e-01,-1.524136131652751e-07,-4.078460630625250e-07,-5.356786852524675e-08,-2.196304751625679e-06,-1.243249050201938e-07,-2.261291444600868e-06,-3.295717332570976e-06,-8.721254500485541e-09,-3.798465186544833e-08,-2.993209696066149e-08,-1.116666082776980e+00,7.637871617388399e-01,-1.027669559959144e-07,-7.374786582570466e-06,-4.585334502184551e-07,-1.469251266012206e-05,-3.161837711572688e-06,-3.871157941311414e-09,-2.058295714676600e-06,-8.188073809833494e-07,-3.943408217907702e-08,-1.790444372916982e-08,-2.152275767925557e-06,-5.071816075928111e-07,-7.871338962367911e-08,-3.610316527339200e-07,-6.343677908261242e-07,-1.798735020631049e-08,-7.290141044663107e-07,-4.209724488975492e-06,-3.689175815128482e-11,-2.546933270049192e-08,-9.979120941275087e-11,-8.165781877040760e-14,-2.696149031483709e-15,-1.191144528869430e-03,-8.458813775743618e-03,-1.066555995002199e-05,-2.423176786545344e-04,-1.566395986004863e-04,-5.348965344191479e-09,-1.588725484591994e-07,-1.752390088276884e-06,-4.167750231278904e-06,-3.813409995554179e-06,-1.661917041526722e-06,-1.052894203599021e-06,-2.252636965849319e-11,
-1.414250194510561e-01,-7.439279792677929e-01,-5.581002681850026e-01,-4.724782564725855e-04,-1.388077641163403e-01,4.810969266218855e-01,-2.569575556901866e-04,-3.769077631338007e+00,-9.650943202057113e-07,-1.686134545289366e-06,-4.148251711305032e-07,-3.059931385737315e-05,-7.113081846110733e-07,-2.651815959247717e-05,-2.072155894933111e-05,-5.733331360187963e-08,-3.439202405323081e-07,-2.236827826946620e-07,-4.375209853064635e+00,1.794624064589942e+00,-9.988750954575085e-08,-6.091220833243315e-06,-4.207038900657679e-06,-1.369282474508959e-04,-3.995988279943990e-06,-1.685368246892609e-08,-6.424027721192024e-07,2.580597381152829e-07,-4.109595251693941e-08,-1.586415115648895e-07,-1.834833309078884e-06,-2.918310709918660e-06,-1.775534228994120e-06,-3.278342749335472e-06,-9.972195732762015e-06,-2.537616289549331e-07,-8.090946340032915e-06,-1.172463255893240e-05,-3.214660297943585e-09,-1.622500284929203e-06,1.140903976613301e-11,-4.723844848021021e-13,-9.358588345151698e-15,-1.406446344790191e-03,-1.037075570463276e-02,3.744873765906927e-07,-1.325257085752568e-02,-9.234843856551765e-03,-2.864045267732418e-07,-9.967872198128425e-06,-4.116822442497877e-06,-1.745794027336541e-04,-4.218949143949028e-05,-2.002316354862609e-05,-1.180218051526449e-05,-5.876765740708834e-11,

4,56
5.584001771925406e+00,2.916808881346745e+01,4.316029065978283e+01,7.505354674512855e+00,1.352714243696281e+01,3.106593192411920e+02,6.273890650820177e-01,-9.143519968946023e-11,6.356356915529794e-01,1.408852890340364e+00,1.610859304132311e-01,2.577275894741485e+01,1.581145530966110e+01,1.872948122976004e+00,1.557472220032826e+01,4.006717246150675e-01,1.296989660007946e-01,2.715707084734837e+00,4.606376709034338e+02,2.790688668393759e+02,2.082705811517335e-01,6.130913917312608e+01,3.893826784143116e+00,2.982660790289489e+02,1.316998298592919e+01,2.577583477294688e+01,8.586006506152719e+00,3.515459185106259e+00,1.498204457004950e-02,3.803292996022297e+00,2.336865690756502e+00,1.107890465204853e+00,3.984132064381144e+00,2.355355821812213e+00,3.891606045602373e+00,1.970568684401900e-01,3.471814374161983e+01,9.828861568997124e-01,5.724400480014367e-01,7.924372994208340e+00,1.559796287554333e+00,4.214831918957915e-02,1.093272730100807e-03,7.670034861168311e-02,3.986926402358758e-01,2.465699502038942e+00,4.767157523920789e-01,7.057086003423111e-01,1.749694241010379e-01,1.640446925707806e+01,7.172245712222195e-01,6.049793525637684e-01,8.962523227368470e+01,1.457887446686837e+01,2.507745955320110e+01,2.538058652135078e-10,
-1.844747716563794e-03,-1.151720456041529e-02,-3.188939840715679e-02,6.403163366105815e-06,-6.023716184770309e-03,1.825670554791737e-01,-1.688868156091650e-06,-1.528659168425845e-01,-4.213873320977047e-08,-1.814929991091465e-07,-1.637044727565309e-08,-4.709195178804936e-07,-8.614727720387999e-08,-1.871838292077170e-07,-1.084610055208281e-06,-2.387739790082864e-09,-8.446383754373725e-09,-7.974440485287412e-09,-1.534326683705911e-01,7.614905601454786e-01,-6.004320401990962e-08,-5.545353212267909e-06,-8.514115759343517e-08,-1.881225356516233e-06,8.800430246434142e-08,4.390908032672154e-10,-1.848413887898654e-06,-8.135653040747345e-07,3.706404458982572e-10,-2.128325006395099e-09,2.174836608180982e-08,4.114846046586868e-07,4.257972778375532e-08,1.913387418343794e-07,3.000559587704611e-07,4.047332127921437e-09,1.934248688300954e-07,2.207068872611275e-06,3.994359256477894e-12,2.959758215111002e-09,-9.156734048182127e-11,-2.251884704209224e-14,-1.517217340150380e-15,-4.505305975311447e-04,-3.070426289670278e-03,-1.067675425147559e-05,-1.162863788402947e-05,-7.123443218442665e-06,-5.164744125298475e-11,3.404853137888914e-08,8.734180359372445e-07,1.257108922348757e-06,1.802100833930053e-06,7.739993466428045e-07,4.957040769715416e-07,2.091851691865543e-11,
-3.699907012769201e-03,-2.992728251671577e-02,-8.820317571174706e-02,7.562063359944536e-06,-1.101559024696411e-02,4.788947118385745e-01,-6.646697567216629e-06,-3.343696001772001e-01,-6.574597260019901e-08,-7.650465584414144e-08,-9.824643703223363e-09,6.364553409296836e-07,1.448105164354605e-07,-6.670105563934046e-07,-4.699847293381172e-07,-2.590826666385835e-10,-4.319517193653896e-09,4.747435792138969e-10,-4.739285019578723e-01,1.787813586511170e+00,-4.092840295125360e-08,-1.057434937094743e-06,-1.353085726600392e-07,2.239241553320565e-06,4.755385066385171e-07,1.912928304411790e-09,2.878943611952176e-07,6.168972290561619e-07,9.095106980205110e-09,-4.406026224773116e-09,2.583122621943098e-07,1.832187397717300e-06,3.148466187981830e-07,1.116997535743659e-06,2.102155435975905e-06,3.887849720366312e-08,1.569161943031529e-06,5.138127522003635e-06,5.002132574244820e-11,3.721095583027921e-08,5.580798853226237e-11,-4.955141325425845e-14,-1.801358900826881e-15,-7.178752494651235e-04,-4.965779017905163e-03,3.405377270962754e-07,-4.318808685105558e-05,-2.707727530777451e-05,7.349500875533808e-09,3.617972095624054e-07,4.237700062928283e-06,8.694781162226567e-06,9.737581748533950e-06,3.157514787555690e-06,2.695765165906947e-06,2.275768462567385e-11,
-1.225465916129542e-02,-9.136700968457857e-02,-2.009465664840448e-01,3.288689619261434e-06,-2.870605025222119e-02,2.817110883814965e+00,-2.244242746071270e-05,-8.113975436857102e-01,6.416829246512885e-07,2.406456795669933e-06,4.614115914509491e-07,3.669121736232404e-05,1.622586546826144e-06,-2.044431113571430e-06,1.939089615307272e-05,4.605538914417370e-08,2.504560736075143e-07,1.604338464320648e-07,-1.120949737047670e+00,6.926212759597277e+00,5.312046982604419e-07,4.171426605080914e-05,5.503826388466812e-06,1.767631322485422e-04,4.227461770147653e-06,2.233972816794158e-08,1.326946371272716e-05,5.353185165453507e-06,2.123452870425941e-08,9.580664925470497e-08,7.230768807339823e-07,2.834664232969063e-06,1.830653502530091e-06,2.923983310204891e-06,9.091147163253170e-06,3.484591465456053e-07,8.179447459997509e-06,9.452785814189163e-06,2.069338233473463e-09,2.086391299509690e-06,3.915531853879381e-10,1.914643538771498e-13,1.034239292393605e-14,8.101936033932500e-04,5.484677858230976e-03,6.221697103569834e-05,-2.445264073073935e-04,-1.580945606665315e-04,3.645230616711508e-07,6.865861485468150e-06,3.970322914389897e-06,9.641918769664418e-05,7.348266681158483e-05,2.244830512388670e-05,2.038699676403604e-05,5.818012738245670e-11,

