1
0
63
1
(4 0
((0,0) (7,127) (0,0))
((0,256) (7,383) (0,0))
((0,128) (7,255) (0,0))
((0,384) (7,511) (0,0))
)
4
FabOnDisk: SD_0_New_MF_D_0003 0
FabOnDisk: SD_0_New_MF_D_0001 0
FabOnDisk: SD_0_New_MF_D_0002 0
FabOnDisk: SD_0_New_MF_D_0000 0

4,63
-1.036900070519430e-06,1.161496704214600e+00,1.576446719299110e-01,1.745634048104360e-20,7.078884422308363e-19,4.563644674893246e-15,1.665154844234987e-09,7.346622667441683e-07,2.978205496032728e-07,6.818915074252305e-10,2.851964899979871e-03,0.000000000000000e+00,4.141821098435136e-24,3.215190651409325e-25,0.000000000000000e+00,0.000000000000000e+00,3.132777359134616e-20,3.515432892071929e-10,0.000000000000000e+00,1.219160724282201e-24,0.000000000000000e+00,1.029816809658730e-07,1.023737685937712e-08,4.792506015522501e-30,1.103602657447038e-09,0.000000000000000e+00,0.000000000000000e+00,0.000000000000000e+00,0.000000000000000e+00,1.119996024358588e-23,1.301052515087753e-10,0.000000000000000e+00,0.000000000000000e+00,0.000000000000000e+00,0.000000000000000e+00,0.000000000000000e+00,0.000000000000000e+00,0.000000000000000e+00,0.000000000000000e+00,0.000000000000000e+00,0.000000000000000e+00,0.000000000000000e+00,0.000000000000000e+00,5.138538752655206e-14,1.164330073677591e-16,3.222156186509512e-18,1.161358656412836e-13,3.767810058274638e-14,1.564193748648055e-12,3.638311376363608e-13,6.555681924579674e-13,0.000000000000000e+00,0.000000000000000e+00,0.000000000000000e+00,0.000000000000000e+00,0.000000000000000e+00,0.000000000000000e+00,0.000000000000000e+00,1.130927706155280e-01,3.655225763262375e+03,0.000000000000000e+00,4.430022372702012e+02,1.013043255113715e+05,
-9.607784828705274e-08,4.629636220778329e+00,1.469303810281958e-01,7.198665756124828e-06,6.939946590365996e-05,5.059701727353153e-04,1.327107150018627e-07,6.110785147529045e-05,1.235465390268954e-02,1.457731961707356e-08,1.323474251570477e-03,8.149490649209870e-11,3.926604908026114e-10,3.426045331457581e-11,1.509635920981141e-09,3.792051633595943e-10,1.128272021204372e-09,2.350298758233746e-09,5.142687421945026e-12,1.759747153518133e-11,1.780686983197541e-11,3.779156454088823e-03,2.305663513440726e-02,1.279819698532926e-10,1.259134186970232e-08,1.653466316476461e-10,5.012892727460215e-09,1.271371835303575e-13,2.307604039960033e-15,4.183590111177760e-09,2.192200347401385e-09,8.689937490597632e-15,3.976061638166854e-12,1.031656854690471e-13,1.255067658009733e-13,3.217336082278550e-15,5.389582829095250e-15,4.704780313632052e-15,1.751278419610738e-18,9.088056693317432e-17,0.000000000000000e+00,2.164858439465032e-21,4.906844920242560e-17,1.388152123306788e-13,3.854302062865424e-17,2.400442337827623e-18,9.297589027591152e-07,6.348641557943117e-06,2.481965181130544e-08,2.828092343856934e-08,1.745540595664725e-08,7.239768324011597e-13,1.261879802943157e-15,0.000000000000000e+00,0.000000000000000e+00,0.000000000000000e+00,0.000000000000000e+00,0.000000000000000e+00,1.053827413902559e-01,7.836549945132881e+03,0.000000000000000e+00,2.292107377601148e+03,1.013249624551287e+05,
-8.640345597389427e-07,4.380408005577861e+00,1.490429757195900e-01,1.040437331524163e-05,1.010965422075997e-04,5.930289830524052e-04,1.327183931923969e-07,7.158540405809757e-05,1.233952726726627e-02,2.216859233542129e-08,1.660035953339645e-03,1.368910676891512e-10,4.192330807219193e-10,5.029969598653908e-11,1.400615380923597e-09,2.002822551036308e-10,1.887100113049678e-09,2.875276686671424e-09,5.511099856786429e-12,2.611579475835350e-11,1.946427124402363e-11,4.282618326810710e-03,2.216459088093547e-02,1.330536217440603e-10,1.080918028683674e-08,2.991075998856281e-10,6.897145464021615e-09,0.000000000000000e+00,1.758466003660785e-15,3.022086622746761e-09,1.203442629413592e-09,2.632607889418419e-14,8.745431599918028e-12,0.000000000000000e+00,0.000000000000000e+00,0.000000000000000e+00,0.000000000000000e+00,0.000000000000000e+00,0.000000000000000e+00,0.000000000000000e+00,0.000000000000000e+00,0.000000000000000e+00,0.000000000000000e+00,5.092769588784882e-14,8.289875452764577e-17,3.073326537598908e-18,1.547876550555676e-06,1.066818327633139e-05,1.806375584046085e-08,9.432321947888664e-08,5.955418528176177e-08,1.426159279074071e-12,0.000000000000000e+00,0.000000000000000e+00,0.000000000000000e+00,0.000000000000000e+00,0.000000000000000e+00,0.000000000000000e+00,1.069023610795255e-01,5.971091964537415e+03,0.000000000000000e+00,2.149440939134640e+03,1.013249583614260e+05,
-4.510301993843539e-08,4.698348341851649e+00,1.460870563800734e-01,6.105243526341652e-06,5.829649275363468e-05,4.692084947948014e-04,1.349809628633494e-07,5.703426857942329e-05,1.235210522007427e-02,1.209483752839601e-08,1.183945071191302e-03,5.120673695286607e-11,2.716313377086963e-10,2.294612789358142e-11,1.087026878637871e-09,2.980071846113368e-10,8.714050914128175e-10,1.627478970788666e-09,3.545714175035305e-12,1.172232963213726e-11,1.250007268084189e-11,3.569107158735165e-03,2.344102674887930e-02,8.748330156362977e-11,9.032734759165550e-09,1.001658848213649e-10,3.366370502384445e-09,6.921836253452556e-14,1.251731761386801e-15,2.995897433545397e-09,1.623393891443063e-09,4.105315832274200e-15,2.178389004474196e-12,4.886630507032431e-14,8.163555551592849e-14,1.574935400448988e-15,3.171744674142347e-15,2.785121975658940e-15,9.631861485660267e-19,4.467955782828304e-17,1.677177129339618e-20,7.868607330584966e-22,2.130940528550260e-17,7.829009420966237e-14,1.739055015861452e-17,1.196063549757962e-18,5.876158271816517e-07,3.996422309874883e-06,1.798008159852753e-08,1.330773959460775e-08,8.136954750777189e-09,4.247660438179439e-13,6.990295143063558e-16,0.000000000000000e+00,0.000000000000000e+00,1.509907401533503e-27,1.172427823794335e-26,0.000000000000000e+00,1.047756852366004e-01,7.926243703688830e+03,0.000000000000000e+00,2.331096776691274e+03,1.013249779637402e+05,

4,63
1.037543168523799e-06,4.375787800587291e+00,8.373184390303703e-01,4.987797256642059e-05,4.574247503125465e-04,9.645721841291248e-04,1.199573479921408e-04,3.520221429296178e-04,1.297012973827812e-02,2.147397745169579e-05,1.827757443986104e-01,1.400250817661291e-06,6.429141288533634e-06,7.296595536650048e-07,2.336902391410949e-04,2.582340506703927e-04,2.033902836074174e-05,5.127891339445027e-04,1.514733808169957e-05,9.584636295922983e-07,6.761513721274518e-05,1.410170235464157e-02,2.215574437872217e-02,7.842874118948496e-07,6.144195046252498e-04,2.235775126916767e-05,4.579970932923379e-03,1.024496620124987e-04,4.556580799591845e-04,3.281496155734020e-05,1.162065339901365e-04,1.318566712965926e-07,3.238664299697943e-05,3.841397360785806e-05,1.245353494728065e-05,5.841077428189284e-05,3.176169398871671e-05,4.201779547664425e-05,3.101454871729507e-06,6.574477089845842e-04,1.123435341471353e-05,4.084320507652913e-06,1.174931434341844e-04,1.708495913253406e-05,6.301752287198737e-07,1.488916790547396e-08,2.491219503271731e-06,1.758872101558661e-05,3.051437768569321e-05,1.288629610064611e-05,1.664018379920951e-05,1.669029806194358e-06,4.585049751192047e-04,1.001417897549596e-05,5.259384208883664e-02,1.666554973456156e-03,1.445386962520656e-04,4.519002396260832e-04,6.019476842854835e-01,7.529719857159352e+04,0.000000000000000e+00,2.146785668937190e+03,1.013381838387059e+05,
1.025783511505615e-07,4.698032712007701e+00,1.490163850682491e-01,1.036052670469863e-05,1.006699298287730e-04,5.919945740057242e-04,1.349619296674479e-07,7.145449008242387e-05,1.235704189990087e-02,2.206154461265317e-08,1.655921071572349e-03,1.363325277658757e-10,5.320223454658912e-10,5.016861783514860e-11,1.899027201793045e-09,4.056073861916237e-10,1.876486222097725e-09,3.216672270228540e-09,6.984421951875959e-12,2.604510159980866e-11,2.346644377802777e-11,4.276544322062330e-03,2.343915058357750e-02,1.757874259407555e-10,1.579851445642179e-08,2.976391192711964e-10,7.199259653365650e-09,2.929690683519962e-13,5.291419841284996e-15,5.170385175454719e-09,2.497389932675375e-09,2.665669120237226e-14,8.684633221186324e-12,3.157203637515029e-13,1.835429686247094e-13,8.435752491175743e-15,1.050053611422749e-14,1.085004617966844e-14,2.348923776925113e-17,6.461356902528404e-16,7.619357002613367e-19,2.576509470447685e-20,2.094586112872490e-16,1.792698733410617e-13,8.245473265433336e-17,4.137455717048213e-18,1.541477012074304e-06,1.062290336042017e-05,3.012947648628113e-08,9.315465225787815e-08,5.880010764755967e-08,1.417508295352391e-12,2.791389198376127e-15,5.339291496726968e-20,2.105337615818612e-15,7.867482601823863e-15,2.776714450031868e-14,2.117575878385365e-15,1.068832223855352e-01,7.930277006339892e+03,0.000000000000000e+00,2.330918661755846e+03,1.013250456856841e+05,
1.253562968492533e-06,4.628807015749676e+00,1.574739186948294e-01,2.816870420792196e-05,2.612664325882068e-04,8.488006452632475e-04,1.880676903239963e-07,1.102870903683447e-04,1.235708770286982e-02,7.041502679769197e-08,2.830582417448099e-03,1.982352107487809e-10,5.608578275663112e-10,5.838904557248488e-11,1.937973772012741e-09,3.970497552741512e-10,6.739216982043818e-09,3.479326423858779e-09,7.352116391824676e-12,3.103042032156121e-11,2.447615669250395e-11,5.897922585368831e-03,2.305220284275588e-02,1.853485080198334e-10,1.600514425106708e-08,5.174749292067570e-10,8.066480809917135e-09,1.656630060185941e-12,2.282904007087439e-14,5.193488872985970e-09,2.485582737505387e-09,1.789032461878971e-13,2.204336756792942e-11,2.247738831810547e-12,1.081969242049058e-11,3.966286569131717e-12,5.057880484147854e-12,1.462699667216614e-11,5.151249657745499e-13,8.573684788887533e-12,1.232930703830604e-11,4.398532469042173e-15,6.434136576380466e-12,1.785038058173459e-13,1.169468894733653e-16,4.509587667278353e-18,2.489227636924836e-06,1.756844884451372e-05,3.021672620190494e-08,1.487766572612114e-06,1.009676541999271e-06,3.633268048498580e-12,5.282664623690030e-12,3.044332539645421e-13,8.030092856447476e-11,7.885144345339936e-11,4.108122769674759e-11,2.170707870391224e-11,1.129699005165321e-01,7.834511704251722e+03,0.000000000000000e+00,2.291622419323752e+03,1.013250556806752e+05,
4.554579482726272e-08,4.728042646315497e+00,1.469210068881766e-01,7.185642990193018e-06,6.926875068150081e-05,5.055594355931549e-04,1.366653226345174e-07,6.106075047353229e-05,1.235463631673676e-02,1.454761149354094e-08,1.321934520294319e-03,8.118913386786336e-11,3.916006225911890e-10,3.415549950303623e-11,1.506187097119902e-09,3.786919461676687e-10,1.125248977657757e-09,2.343927693609653e-09,5.128649308986137e-12,1.754255500042639e-11,1.776169461172413e-11,3.776827483231781e-03,2.361077568301992e-02,1.276230403522313e-10,1.256243631768632e-08,1.646673537187025e-10,4.997908799169117e-09,1.264647716052371e-13,2.295365348867426e-15,4.174022829115440e-09,2.188040579079250e-09,8.630979627470007e-15,3.955633367660829e-12,1.024690147240501e-13,1.251683153662177e-13,3.198631318324157e-15,5.368038238903532e-15,4.810406146899552e-15,2.328251553346240e-18,9.915489059955762e-17,5.823385345601734e-20,2.145232794950464e-21,4.870539374744692e-17,1.383117569847432e-13,3.830879495804357e-17,2.388426832902845e-18,9.263633179975881e-07,6.325178307910058e-06,2.476622695109336e-08,2.808580165810203e-08,1.733316815216377e-08,7.207407546183766e-13,1.255447108586248e-15,3.970598551861398e-23,1.686647938520723e-22,3.873553928252560e-20,2.060745365623362e-19,4.386314590962521e-21,1.053760054119281e-01,7.951256028687382e+03,0.000000000000000e+00,2.346982587197105e+03,1.013250278285576e+05,

