1
0
63
1
(4 0
((0,0) (7,127) (0,0))
((0,256) (7,383) (0,0))
((0,128) (7,255) (0,0))
((0,384) (7,511) (0,0))
)
4
FabOnDisk: SD_0_Old_MF_D_0003 0
FabOnDisk: SD_0_Old_MF_D_0001 0
FabOnDisk: SD_0_Old_MF_D_0002 0
FabOnDisk: SD_0_Old_MF_D_0000 0

4,63
-7.474525739373517e-07,1.064107072479399e+00,1.576442162409558e-01,2.078945075373264e-20,8.402495138414073e-19,5.234881959727488e-15,1.910693298281956e-09,8.097007878230556e-07,3.399435091969617e-07,7.826360734096680e-10,2.851952110594433e-03,0.000000000000000e+00,5.371232765803812e-24,4.185862771131960e-25,2.195891586367692e-11,0.000000000000000e+00,3.757242660445981e-20,1.143870586377914e-09,2.040262196986391e-14,1.603581739523863e-24,4.633434474848013e-12,1.181728187236579e-07,1.185442294205887e-08,6.293490567574501e-30,1.275211191569916e-09,3.644741891106568e-21,0.000000000000000e+00,0.000000000000000e+00,0.000000000000000e+00,1.451955086268521e-23,1.514355128883639e-10,0.000000000000000e+00,1.053329108831115e-19,0.000000000000000e+00,0.000000000000000e+00,0.000000000000000e+00,0.000000000000000e+00,0.000000000000000e+00,0.000000000000000e+00,0.000000000000000e+00,0.000000000000000e+00,0.000000000000000e+00,0.000000000000000e+00,5.283629865130441e-14,1.197596274818841e-16,3.320215232027480e-18,1.368746031474698e-13,4.440818111090852e-14,1.843798713672691e-12,4.288844744163575e-13,7.727843781961691e-13,0.000000000000000e+00,0.000000000000000e+00,0.000000000000000e+00,0.000000000000000e+00,0.000000000000000e+00,0.000000000000000e+00,0.000000000000000e+00,1.130925295202517e-01,3.701254256151845e+03,0.000000000000000e+00,4.430026334241097e+02,1.013116427787573e+05,
-8.433330240441965e-08,4.532513065884589e+00,1.469307417695858e-01,7.199236482075492e-06,6.940488073961621e-05,5.059875904417612e-04,1.327095936532777e-07,6.111007522468050e-05,1.235465019260095e-02,1.457853249116272e-08,1.323523634071947e-03,8.150313755566911e-11,3.926815814834880e-10,3.426283733780748e-11,1.509691295610242e-09,3.792057411787423e-10,1.128382518274614e-09,2.350428428712821e-09,5.142974122192550e-12,1.759874718683304e-11,1.780767316237806e-11,3.779219875142945e-03,2.305660266307636e-02,1.279891396426286e-10,1.259175061702109e-08,1.653634978998363e-10,5.013173881846069e-09,1.271567611717507e-13,2.307958971071616e-15,4.183726300623746e-09,2.192237107228891e-09,8.691751343410967e-15,3.976591819426442e-12,1.031873926866507e-13,1.255048203763999e-13,3.217697046586213e-15,5.389759468723882e-15,4.831443521430712e-15,2.344941874406627e-18,9.983067410749823e-17,0.000000000000000e+00,2.165143748966528e-21,4.907857980031264e-17,1.388133972171014e-13,3.854652095956875e-17,2.400548238618531e-18,9.298311368274381e-07,6.349145941309527e-06,2.482005387697454e-08,2.828691825321441e-08,1.745917967984253e-08,7.240601186496405e-13,1.262065551040887e-15,0.000000000000000e+00,0.000000000000000e+00,0.000000000000000e+00,0.000000000000000e+00,0.000000000000000e+00,1.053830061401686e-01,7.836396024493391e+03,0.000000000000000e+00,2.292100305741609e+03,1.013249638243595e+05,
-5.340654314256730e-07,4.283179949638231e+00,1.490433203157729e-01,1.040513086039304e-05,1.011032456306578e-04,5.930462462251315e-04,1.327173536393352e-07,7.158800075207117e-05,1.233973624235742e-02,2.217024427383818e-08,1.660075722278819e-03,1.368925412979994e-10,4.191688578774695e-10,5.029903106503912e-11,1.400521012705061e-09,2.002514853191935e-10,1.887244672413821e-09,2.874977209054885e-09,5.510666076830411e-12,2.611596535357737e-11,1.946222720489278e-11,4.282669028595179e-03,2.216392527719366e-02,1.330322546912100e-10,1.080703621190806e-08,2.991195960877475e-10,6.896380807162776e-09,0.000000000000000e+00,2.888621808239978e-15,3.021310258204560e-09,1.203104902973730e-09,2.392539372342181e-14,8.746019933862338e-12,4.028028948132320e-14,0.000000000000000e+00,0.000000000000000e+00,0.000000000000000e+00,0.000000000000000e+00,0.000000000000000e+00,0.000000000000000e+00,0.000000000000000e+00,0.000000000000000e+00,0.000000000000000e+00,5.195976176639394e-14,8.289085927188938e-17,3.108457492562030e-18,1.547822114766654e-06,1.066782612780611e-05,1.805836644639238e-08,9.433190824837440e-08,5.955991848175387e-08,1.425838556237430e-12,0.000000000000000e+00,0.000000000000000e+00,0.000000000000000e+00,0.000000000000000e+00,0.000000000000000e+00,0.000000000000000e+00,1.069026150717326e-01,5.974058313463170e+03,0.000000000000000e+00,2.149433507505190e+03,1.013249240453519e+05,
-4.732755183066616e-08,4.601234537182439e+00,1.460868728830284e-01,6.104069474993337e-06,5.828560832662368e-05,4.691661468518652e-04,1.349792060919188e-07,5.702865450474041e-05,1.235209014670137e-02,1.209268222051968e-08,1.183868510743724e-03,5.120620129064992e-11,2.716610705131544e-10,2.294773449204732e-11,1.087199773093595e-09,2.980829105052457e-10,8.712132185442556e-10,1.627675507243987e-09,3.546082642980303e-12,1.172313819075409e-11,1.250211494483512e-11,3.568874927038849e-03,2.344097642482920e-02,8.749092575138362e-11,9.034203736437292e-09,1.001636472649597e-10,3.366682408460517e-09,6.921038793706901e-14,1.251596143960220e-15,2.996374375243462e-09,1.623724845065437e-09,4.104245424030258e-15,2.178233889458683e-12,4.885391019126149e-14,8.165246078785084e-14,1.574925261345951e-15,3.172047147457976e-15,2.785096096309151e-15,9.628644923478665e-19,4.466975520999586e-17,9.822632359954104e-21,7.865306713896582e-22,2.130446454862856e-17,7.831925263070960e-14,1.739326377225858e-17,1.196364046922960e-18,5.876307405474579e-07,3.996514368160493e-06,1.798309788751410e-08,1.330478011768296e-08,8.135111602503117e-09,4.247473543126911e-13,6.989382199218453e-16,0.000000000000000e+00,0.000000000000000e+00,0.000000000000000e+00,1.670271975477252e-26,0.000000000000000e+00,1.047756047261112e-01,7.926306709466825e+03,0.000000000000000e+00,2.331088780396747e+03,1.013249753209916e+05,

4,63
1.149066585297829e-06,4.278554809112358e+00,8.373166033436564e-01,4.996359404022710e-05,4.582910386365003e-04,9.653522918752782e-04,1.202353224510221e-04,3.495004504626018e-04,1.298085336900139e-02,2.146692544279302e-05,1.827752878918579e-01,1.389562458389196e-06,6.383843578299416e-06,7.270389015715807e-07,2.338028177218911e-04,2.574577083689317e-04,2.038575647282263e-05,5.130019671325676e-04,1.512846988837937e-05,9.570480553841424e-07,6.761991005862697e-05,1.408431688467331e-02,2.215499400137120e-02,7.709179257712045e-07,6.099588941744770e-04,2.230277891659166e-05,4.568225326073122e-03,1.026905189331707e-04,4.541454060294168e-04,3.266418522651335e-05,1.162375219242314e-04,1.320152892175047e-07,3.230951955641839e-05,3.845388215199695e-05,1.240422728703548e-05,5.808836600429192e-05,3.162215076767371e-05,4.182877672756070e-05,3.111202667700026e-06,6.557148477979042e-04,1.123988465416832e-05,4.036321211395413e-06,1.177685166429459e-04,1.693558096507334e-05,6.270698215733091e-07,1.476746790783165e-08,2.490780948344938e-06,1.758578773000043e-05,3.039023028324266e-05,1.285895593924199e-05,1.664132202559054e-05,1.654909306348226e-06,4.596913021291362e-04,1.003937531509719e-05,5.259376942462162e-02,1.661019805087769e-03,1.435848076809973e-04,4.501602390469813e-04,6.019462403295146e-01,7.543813386740144e+04,0.000000000000000e+00,2.146780616136379e+03,1.013334293371736e+05,
7.265293314820786e-08,4.600920227053970e+00,1.490167638311685e-01,1.036133513781113e-05,1.006771526979816e-04,5.920131510156639e-04,1.349601677945003e-07,7.145722860565336e-05,1.235704445541507e-02,2.206332339043356e-08,1.655965596405839e-03,1.363300787618333e-10,5.319880298975812e-10,5.016626402671758e-11,1.898887277214118e-09,4.055681407846016e-10,1.876628969486461e-09,3.216472105776246e-09,6.983990384613371e-12,2.604400078323792e-11,2.346476290606725e-11,4.276601748914500e-03,2.343911170627036e-02,1.757760345997830e-10,1.579719209263629e-08,2.976361154502123e-10,7.198907265447494e-09,2.931394003196099e-13,5.302707667480636e-15,5.169904248633558e-09,2.497038111826603e-09,2.667332985633134e-14,8.684709408794838e-12,3.164013394487335e-13,1.480207777956788e-13,7.060699569071045e-15,8.871741665810090e-15,9.179192595406840e-15,1.419383242788814e-17,4.600834701391442e-16,2.015833987977892e-18,1.606163995347242e-20,1.812594992705412e-16,1.792098559990353e-13,8.244692832222039e-17,4.136892082023749e-18,1.541425614654179e-06,1.062256873202460e-05,3.012656309892136e-08,9.316435614186230e-08,5.880649627260324e-08,1.417515302907648e-12,2.943419792240700e-15,1.000995362957180e-18,1.402638786346966e-16,1.362872913908217e-15,2.678609296636507e-16,4.253702147269900e-16,1.068834999577268e-01,7.930192575210588e+03,0.000000000000000e+00,2.330911901848346e+03,1.013250436337653e+05,
6.119672201598617e-07,4.531685542423418e+00,1.574737230176394e-01,2.817402542766810e-05,2.612970288015740e-04,8.488532984356003e-04,1.880812567330209e-07,1.103018724766900e-04,1.235709456642194e-02,7.042424048575843e-08,2.830588782174065e-03,1.967988287317046e-10,5.607846608931337e-10,5.838099914622192e-11,1.938310421205648e-09,3.970125935570067e-10,6.740471337208161e-09,3.482689736421868e-09,7.351178599324590e-12,3.076666487309975e-11,2.448392281554599e-11,5.898139852325407e-03,2.305217290109768e-02,1.853254234034345e-10,1.600331575726266e-08,5.174050272284952e-10,8.068681718372840e-09,1.824062943977414e-12,2.276522631410616e-14,5.193332683072236e-09,2.485311776869333e-09,1.788476037276535e-13,2.203958018175239e-11,2.245695804495996e-12,6.744548326519209e-12,4.160363352144225e-12,7.156034767740920e-12,2.052788397017727e-11,4.147030872176455e-13,9.148260320796797e-12,1.374428200130709e-12,8.996935461427222e-16,2.598958893258543e-12,1.784684925186933e-13,1.169151019606702e-16,4.508419237149696e-18,2.488815141466836e-06,1.756564897447265e-05,3.021379123039078e-08,1.487902215137964e-06,1.009780894132715e-06,3.632788460167820e-12,5.123253037608463e-12,9.585315901537312e-13,3.627000803396649e-11,1.154089601498823e-10,5.667148569688149e-11,3.180175300981922e-11,1.129698380352186e-01,7.834374319700306e+03,0.000000000000000e+00,2.291615937394925e+03,1.013250587245841e+05,
4.761763640174345e-08,4.630954392110280e+00,1.469214445599905e-01,7.186265449168534e-06,6.927475111680993e-05,5.055785471245252e-04,1.366682585963726e-07,6.106312898896722e-05,1.235463454168947e-02,1.454897136718954e-08,1.321994537282525e-03,8.119929859389665e-11,3.916296781587038e-10,3.415862003550858e-11,1.506270030670522e-09,3.786972007470326e-10,1.125374753886958e-09,2.344104382340499e-09,5.129038092367954e-12,1.754421142267726e-11,1.776286488450680e-11,3.776905046748800e-03,2.361105634544149e-02,1.276329884591465e-10,1.256310467864464e-08,1.646892387190455e-10,4.998316738931382e-09,1.264888569821221e-13,2.295803366135343e-15,4.174241128765182e-09,2.188117420839738e-09,8.633162176540699e-15,3.956313566839790e-12,1.024950826614534e-13,1.251683330454175e-13,3.199152191180791e-15,5.368655740016950e-15,4.811118196903427e-15,2.328989703183187e-18,9.918200396690450e-17,3.638020959306575e-20,2.146054468133797e-21,4.871950157820420e-17,1.383128963565453e-13,3.831354417361254e-17,2.388597988177378e-18,9.264629981552936e-07,6.325871784101152e-06,2.476719070208247e-08,2.809308280939310e-08,1.733774684170528e-08,7.208478528434822e-13,1.255674827421017e-15,3.782571164540719e-23,1.660497125192598e-22,7.485146934338840e-20,3.997704999300917e-19,1.103399699521723e-20,1.053763281166903e-01,7.950079288377578e+03,0.000000000000000e+00,2.346989389477452e+03,1.013250226168908e+05,

