1
0
56
1
(4 0
((0,0) (7,127) (0,0))
((0,256) (7,383) (0,0))
((0,128) (7,255) (0,0))
((0,384) (7,511) (0,0))
)
4
FabOnDisk: SD_5_New_MF_D_0003 0
FabOnDisk: SD_5_New_MF_D_0001 0
FabOnDisk: SD_5_New_MF_D_0002 0
FabOnDisk: SD_5_New_MF_D_0000 0

4,56
-7.550082114075126e+00,-1.756841361264541e+01,-2.675900973914351e+01,-5.836864698342003e+00,-7.994779945825359e+00,-8.486035342365726e+00,-1.081226715253473e+00,-6.266298385813841e+02,-2.370592246555621e-01,-7.331179278880046e-01,-8.055839256006031e-02,-1.353157610403648e+01,-1.173716937926455e+01,-1.391872843482580e+00,-9.639872790610413e+00,-4.420415755666557e-01,-6.846836684731829e-02,-2.649048171913723e+00,-1.335232184734857e+02,3.180615493203476e-15,-7.734093892549783e-02,-4.600519640875059e+01,-1.718853085756239e+00,-1.926384100912561e+02,-7.375950098879542e+00,-2.365131196768301e+01,-4.241170685971358e+00,-2.889807681820846e+00,-8.528152806193630e-03,-1.959631014241324e+00,-1.602178428684866e+00,-9.049518584268507e-01,-3.627003785233694e+00,-2.105799469459925e+00,-3.145051928518179e+00,-2.103885178847699e-01,-3.222862487025311e+01,-4.403013769583474e-01,-2.993508969893484e-01,-8.457562591665720e+00,-8.219688462791891e-01,-1.393520241543811e-02,-5.661532597291557e-04,-7.556760457151546e-02,-1.540727554458458e-01,-2.078055953637123e+00,-7.158071990846497e-02,-3.776369502757280e-01,-1.305546369367055e-01,-2.542165478270027e+01,-4.516412266472372e-01,-5.487809753297290e+02,-8.503110739289852e+01,-8.636991749622558e+00,-2.366784632115053e+01,-2.316316027872745e-10,
-1.232331491319330e-02,-9.046946188118958e-02,-1.996024364337685e-01,3.670565509184940e-06,-2.858364280522831e-02,1.856644862070679e-01,-2.212373137881014e-05,-8.008197454292026e-01,-1.087422832073177e-07,-2.293978780141526e-07,-2.479051794245603e-08,-7.324843272022152e-07,-1.010671069540250e-07,-2.173645959145309e-06,-1.355389989892353e-06,-2.975869900491382e-09,-1.320983949567606e-08,-9.552148086193675e-09,-1.100843592977397e+00,7.517585712238808e-01,-7.637294929453288e-08,-6.047672050464903e-06,-2.868046065048869e-07,-3.344411727125362e-06,-6.683924033285619e-10,-1.542380538138297e-11,-2.051002919295512e-06,-8.437236222255329e-07,-8.196655103077723e-11,-1.216580603625974e-08,-1.642622407063109e-09,-5.717538040768229e-09,-2.387001728704679e-10,-2.182193056725644e-10,-6.852099586257250e-10,-5.093867765244173e-11,-1.697552404616626e-09,-2.978440217967635e-09,-1.325438162346514e-13,-5.552793816665487e-13,-9.979336337442458e-11,-8.112149732372724e-14,-2.624796772293272e-15,-1.187722988045057e-03,-8.431420612674857e-03,-1.081618219987362e-05,-2.386620054167124e-04,-1.542432794502212e-04,-1.713640065102657e-09,-7.545554799994981e-12,-7.712089556531360e-10,-2.682346987464820e-10,-1.136730556119014e-09,-1.529297610679603e-08,-7.284763584665094e-11,-1.262603910312521e-11,
-1.412622737563518e-01,-7.318792284782464e-01,-5.552451169494298e-01,-4.569131908421438e-04,-1.409860611003647e-01,4.842572476907828e-01,-2.510676422423956e-04,-3.703360468081933e+00,-7.385091832820807e-07,-1.177364506948556e-06,-2.102223677658505e-07,-1.672464822500159e-05,-6.132731588304340e-07,-2.554045307385545e-05,-1.588822902089786e-05,-4.291708956594466e-08,-2.152578596619874e-07,-1.650932830704386e-07,-4.208801500642812e+00,1.776327208308028e+00,-4.853286686059985e-08,-1.409920590335148e-06,-3.410387019041648e-06,-8.454850684650543e-05,-1.658823590395751e-06,-8.645977836022877e-09,-1.518340283014079e-09,5.082847545554386e-07,-1.239714544800078e-08,-1.129503584245761e-07,-3.663968297465776e-07,-2.912516124027273e-06,-2.653858492974584e-06,-3.148649525082251e-06,-7.376184696076028e-06,-2.656319223662873e-07,-5.989982058455641e-06,-4.275601156434724e-06,-1.807564422946429e-09,-4.070196698520607e-06,-8.747882883733037e-10,-2.693476023991361e-12,-7.262969384217271e-14,-1.403206287790121e-03,-1.034369959183011e-02,2.905142109934107e-07,-1.273134231091787e-02,-8.873752687682198e-03,-1.756755672217055e-07,-4.382800072390773e-06,-2.387876939794855e-06,-4.655922804047948e-05,-4.825421685284043e-05,-3.501124630592345e-05,-1.349816583312644e-05,-2.231265172625285e-11,
-4.278442413093726e-03,-2.978045862538925e-02,-8.759439202260166e-02,-7.692392344408347e-07,-1.105168620429913e-02,1.007842916772537e-01,-6.568066469108353e-06,-3.305622042638204e-01,-8.464567220576334e-08,-3.021237953312913e-07,-2.571864231378843e-08,-1.131879686020644e-06,-2.708236845823671e-07,-6.621979757478782e-07,-1.406344384854064e-06,-3.003386599947660e-09,-1.172870629639113e-08,-1.086124278885974e-08,-4.640361029019894e-01,2.451705339282367e-01,-8.137922792533185e-08,-8.328344417196730e-06,-1.479274628284356e-07,-3.391231936933445e-06,-1.478536554535932e-10,-2.687785542956492e-12,-3.666086823264163e-06,-1.292246762091105e-06,-1.304883222732419e-11,-4.460274595291227e-09,-1.542324177722079e-10,-8.102144164057406e-11,-4.012107821730718e-12,-4.651990446784682e-12,-5.149047883230186e-12,-8.518488607019053e-15,-2.594669035310921e-13,-1.003118125366378e-13,-1.224511599545515e-18,-8.220220037552262e-14,-9.967035419863546e-11,-4.888059909286324e-14,-2.462533635880834e-15,-7.152198052346270e-04,-4.945718633678570e-03,-1.312619143632053e-05,-4.243982643084101e-05,-2.660937045874920e-05,-6.895762756958081e-10,-1.414785697265958e-12,-2.034987517786926e-14,-6.529282784883461e-13,-2.080976592293516e-14,-7.003529771741185e-14,-3.940162685269271e-15,-1.105618374630524e-11,

4,56
5.454540468538656e+00,2.994268371138789e+01,4.359374214098005e+01,7.145857668344878e+00,1.350194787304042e+01,3.121876005417573e+02,6.283240628538457e-01,-1.237075747395622e-09,5.858312694401342e-01,1.367513134407913e+00,1.572521532079583e-01,2.526423107863976e+01,1.554871921109522e+01,1.856036191217499e+00,1.531547688204447e+01,4.374971144065786e-01,1.248239291758609e-01,2.723991481866062e+00,4.543918490243812e+02,2.799812661302949e+02,1.744654393492076e-01,5.859984106273423e+01,3.729036617137279e+00,2.902566739511855e+02,1.125048032151031e+01,2.472885323526977e+01,8.619418322999689e+00,3.412237472037950e+00,1.519957832412361e-02,3.794264723814437e+00,2.142049810819231e+00,1.057396721558830e+00,4.109707302401603e+00,2.252326797430797e+00,4.011420841015409e+00,2.130824223054089e-01,3.213022494444049e+01,1.011701047906588e+00,5.136486451090894e-01,7.800971998844027e+00,1.414190910688277e+00,3.671765647460862e-02,9.516636033461745e-04,8.501459802909715e-02,3.687055190768448e-01,2.513793210847997e+00,4.604993975477014e-01,6.983407835200259e-01,1.916561587049774e-01,1.562390739971019e+01,7.424699861469488e-01,3.124860362677445e-01,9.340872764290626e+01,1.425503342938900e+01,2.622037404472379e+01,2.287379174958915e-10,
-3.889354902959281e-03,-2.997865678616186e-02,-8.801822683952111e-02,7.774068785084298e-06,-1.111989124793726e-02,4.798478306730528e-01,-6.605316187374903e-06,-3.323624074734868e-01,-6.898352964851390e-08,-1.343848367755068e-07,-2.217033525443179e-08,-1.879505893926595e-07,1.297000631750823e-07,-6.663890779696270e-07,-9.764374338601025e-07,-1.790017131128247e-09,-1.167379304673574e-08,-4.903321453284613e-09,-4.662746154568130e-01,1.762833509145000e+00,-4.737889338837756e-08,-1.311264703669477e-06,-1.486829700803367e-07,-2.909598401318004e-06,7.190326099139068e-10,-1.840429657365801e-12,6.480746580712126e-09,5.071249776727205e-07,-1.317261503419683e-11,-4.491083979247523e-09,-1.556946213136858e-10,6.124356106457062e-10,6.742433232817202e-11,5.004993945772135e-10,2.391638572471312e-09,9.635027159119132e-12,6.376676068574632e-10,4.951752621101386e-12,3.086112849351370e-16,1.031783615179590e-10,4.889100682531785e-11,-4.922256271655784e-14,-1.904798463529287e-15,-7.179271388068671e-04,-4.964951564899430e-03,1.048479430778722e-07,-4.284167155110341e-05,-2.686120497148863e-05,-6.932900503209122e-10,2.101174010490161e-09,1.774986154667429e-12,5.995369540650384e-08,2.310096924611927e-08,4.096904073291070e-09,6.569650178135216e-09,1.085082024232520e-11,
-1.246876716295002e-02,-9.141616537529364e-02,-2.009660781089460e-01,3.474764960105104e-06,-2.884607679810480e-02,2.833505744748509e+00,-2.238293921483839e-05,-8.074772622974798e-01,6.862432286344336e-07,2.325767784609994e-06,2.424959984164289e-07,1.440808676545952e-05,2.010542636124070e-06,-2.188605294792164e-06,1.967944764773057e-05,5.220717308673838e-08,2.243143625666114e-07,1.815529595765945e-07,-1.109335888437402e+00,6.664814171330100e+00,5.869746827355305e-07,4.736160907216510e-05,1.447582372329901e-06,6.067974374998972e-05,9.398391053775170e-07,4.470939960689805e-09,1.655348823608577e-05,6.365892858443332e-06,1.469705926866959e-08,5.191724607334839e-08,3.652154103069379e-07,2.581031709528170e-06,1.337907543700753e-06,2.323261189991944e-06,8.790889922496960e-06,2.298939721782676e-07,5.408331788325626e-06,5.988483122563708e-06,2.360291437834727e-09,3.355990505677181e-06,3.993071229215609e-10,1.891864690507259e-13,9.734445716498039e-15,7.155847143342975e-04,4.695278799704706e-03,6.126831115279515e-05,-2.430468804498426e-04,-1.571283719230928e-04,3.068178155547197e-07,5.430203188877906e-06,4.735406040245729e-07,7.230269821677624e-05,4.672436066174255e-05,1.831357346058939e-05,1.304210881666563e-05,3.696215555848426e-11,
-1.747924649171972e-03,-1.058399214920797e-02,-2.799605556067724e-02,6.431907613921653e-06,-5.995624924907268e-03,1.844676861310817e-01,-1.476622020174174e-06,-1.539015640485467e-01,-4.231584589902212e-08,-1.807064156990103e-07,-1.640951190228993e-08,-6.468484042530458e-07,-9.327515791181290e-08,-1.710290073239416e-07,-1.077507438670405e-06,-2.379614327708432e-09,-8.444010743061742e-09,-8.041420971216097e-09,-1.485169838987908e-01,7.481664431511030e-01,-6.000229006389825e-08,-5.482096918484840e-06,-8.547704275063872e-08,-2.417504469441475e-06,-6.580641358114456e-11,-1.203567949181955e-12,-1.829739970250178e-06,-8.158762966546503e-07,-4.330360742241859e-12,-2.129242454751995e-09,-5.084609201833429e-11,-5.835988622423658e-11,-1.787696373190664e-12,-3.003277206215202e-12,-2.529887007587705e-12,-9.770220025178234e-16,-4.499466193081293e-14,6.353081718002007e-13,1.595465024504637e-18,-1.948157909439614e-14,-8.602544651790364e-11,-2.272488785268559e-14,-1.539097319847397e-15,-4.500559467752299e-04,-3.066614527703985e-03,-1.058900343937154e-05,-1.129547488401362e-05,-6.934147790373809e-06,-3.240615967444109e-10,-5.260074651522815e-13,1.129029482106190e-13,1.489083118535376e-12,1.099741263213617e-15,-2.868309115426575e-21,2.818748583312876e-16,1.125406018376296e-11,

