1
0
56
1
(4 0
((0,0) (7,127) (0,0))
((0,256) (7,383) (0,0))
((0,128) (7,255) (0,0))
((0,384) (7,511) (0,0))
)
4
FabOnDisk: SD_5_Old_MF_D_0003 0
FabOnDisk: SD_5_Old_MF_D_0001 0
FabOnDisk: SD_5_Old_MF_D_0002 0
FabOnDisk: SD_5_Old_MF_D_0000 0

4,56
-7.571657995148991e+00,-1.766358060272688e+01,-2.656831279816857e+01,-5.838407080769300e+00,-8.008909568946903e+00,-8.591375926600382e+00,-1.092740166341628e+00,-6.264093172672805e+02,-2.355575315289251e-01,-7.373429802769073e-01,-8.165172776615560e-02,-1.358381717541354e+01,-1.167090261113999e+01,-1.396988811932953e+00,-9.685924691098716e+00,-4.478110914474231e-01,-6.838007220491643e-02,-2.672347646321151e+00,-1.341259731593435e+02,4.287585911311176e-15,-7.861754404687407e-02,-4.561289916092171e+01,-1.737701977181446e+00,-1.935596283970395e+02,-7.323583520605459e+00,-2.354926034669771e+01,-4.283451131136824e+00,-2.880075968626495e+00,-8.666681359244069e-03,-1.962635108813499e+00,-1.605054427081393e+00,-8.961424655159898e-01,-3.589932550890814e+00,-2.083591004194193e+00,-3.153289821445375e+00,-2.120313646494285e-01,-3.204826313202799e+01,-4.450944774013960e-01,-2.993127910726160e-01,-8.414005053140338e+00,-8.084002833326727e-01,-1.411573931911779e-02,-5.648835394161927e-04,-7.478908857931960e-02,-1.522543651332359e-01,-2.064470547938424e+00,-7.151179507704067e-02,-3.760543301847991e-01,-1.312262304300254e-01,-2.553692974468867e+01,-4.506351952231767e-01,-5.541291061644864e+02,-8.423680689659332e+01,-8.756950761635848e+00,-2.346831740405831e+01,-1.735429577820469e-10,
-1.236157517845043e-02,-9.049239559167296e-02,-1.995997857860875e-01,3.687005612280805e-06,-2.860703768193426e-02,1.859178115727884e-01,-2.211760802152808e-05,-8.004273108430798e-01,-1.088805582028803e-07,-2.305370317240317e-07,-2.486560217835486e-08,-7.364114641003800e-07,-1.016409530865688e-07,-2.171842605328909e-06,-1.360980246099378e-06,-2.987271441532658e-09,-1.324804729799231e-08,-9.592727501137432e-09,-1.099337082401058e+00,7.504230394543264e-01,-7.669172669956729e-08,-6.077791960724066e-06,-2.866338221103909e-07,-3.351305055647688e-06,-2.724219461807010e-09,-3.247895274065324e-11,-2.063809038081318e-06,-8.482359887240235e-07,-8.542813223165812e-11,-1.213964858689225e-08,-1.622807942427812e-09,-4.145665723579240e-09,-1.235007201844195e-11,-1.088044409685962e-11,-6.082910160017677e-11,-7.345861573799036e-12,-6.233815371325311e-10,-6.908762757008092e-10,-6.668959758593740e-15,-7.366871569111372e-11,-9.939339156979997e-11,-8.116971152584272e-14,-2.613578178967010e-15,-1.187764212679572e-03,-8.431575325032747e-03,-1.085095620070180e-05,-2.385441721010594e-04,-1.541674214196853e-04,-1.705419319411560e-09,-1.240218251167781e-09,-5.200607837820482e-10,-2.153415578800214e-08,-7.608811751085509e-10,-1.752235688997612e-09,-2.007739559480660e-10,-1.320385467629137e-11,
-1.415292712816239e-01,-7.312416288236884e-01,-5.537805773339148e-01,-4.567177637008969e-04,-1.410432495461489e-01,4.848450086049822e-01,-2.508828709652157e-04,-3.704571998555276e+00,-8.923380457980657e-07,-1.683930510967337e-06,-2.409764731305534e-07,-1.527406458831911e-05,-9.798473898131654e-07,-2.552536705680236e-05,-2.110299957112179e-05,-5.590659284523814e-08,-2.713228411967993e-07,-2.137749342486179e-07,-4.204102885970843e+00,1.773899471821906e+00,-5.799238470773881e-08,-2.717987944786312e-06,-1.948716173848772e-06,-6.144008612720305e-05,-1.904017281588267e-06,-6.485965273264366e-09,5.644611099838535e-08,5.267039404712135e-07,-1.556906148672145e-08,-1.056387817635497e-07,-4.803057079118834e-07,-1.788958061418531e-06,-9.094586586472430e-07,-1.820658871023420e-06,-6.871048670627342e-06,-2.387759903656662e-07,-5.811594146779263e-06,-2.196179380706359e-06,-1.444700875550278e-09,-3.554972737605386e-06,-1.150215285406313e-09,-3.328407422075188e-12,-9.121215840310817e-14,-1.402923540145803e-03,-1.034133170759571e-02,2.667116100349881e-07,-1.272559780700537e-02,-8.869979845213561e-03,-1.977476390331584e-07,-4.207931756940865e-06,-4.072538906110640e-07,-5.115172325509177e-05,-4.895858682489198e-05,-1.325702398958018e-05,-1.365073968543183e-05,-4.682548793155661e-11,
-4.302896001447754e-03,-2.976109777584592e-02,-8.747900914188400e-02,-1.081077009119978e-06,-1.106163208367670e-02,1.005381764109626e-01,-6.557595083118318e-06,-3.305153952319458e-01,-8.450426492550522e-08,-3.025556682904072e-07,-2.572869900385595e-08,-1.135019681198165e-06,-2.719729280619591e-07,-6.612518953491107e-07,-1.409981010830736e-06,-3.009161232605726e-09,-1.173680778187367e-08,-1.091354460848118e-08,-4.633726801677330e-01,2.466111789207929e-01,-8.154652066896480e-08,-8.371145563036840e-06,-1.479725287824139e-07,-3.401749515121847e-06,-1.478347050816202e-10,-2.687688224889913e-12,-3.676752411129857e-06,-1.302096694008850e-06,-1.304012592659982e-11,-4.460118735201807e-09,-1.541245379846233e-10,-8.035511004825446e-11,-4.000908410078006e-12,-4.658973846120372e-12,-5.251563925643548e-12,-8.520872345539784e-15,-2.588826499301369e-13,-7.239319160142848e-14,-1.345020272798671e-18,-8.333921542015192e-14,-9.934839310920042e-11,-4.862848650661531e-14,-2.447516896769110e-15,-7.153412448644734e-04,-4.946456590156665e-03,-1.321976405548514e-05,-4.239872631563625e-05,-2.658404440513895e-05,-6.895157099194175e-10,-1.416139929450607e-12,-1.501398107838016e-14,-6.439650939117120e-13,-3.163112553850834e-14,-1.366413056181890e-13,-5.504418039167026e-15,-1.284164441450741e-11,

4,56
5.453898927335922e+00,3.002465754970966e+01,4.362164056882559e+01,7.091256204548939e+00,1.351834608124889e+01,3.123911647590259e+02,6.319750236355589e-01,-1.464774440629313e-09,5.808280927554162e-01,1.355543224023019e+00,1.568065126587047e-01,2.545233006498773e+01,1.558113951830440e+01,1.872836287012574e+00,1.539071050026152e+01,4.417028660364725e-01,1.246492528680882e-01,2.724608132378127e+00,4.554891245301803e+02,2.805533203797282e+02,1.747667657630682e-01,5.876877403136589e+01,3.716349063182944e+00,2.867149695901192e+02,1.133007926593252e+01,2.446101028476068e+01,8.585549948608008e+00,3.437776828728196e+00,1.520452718600647e-02,3.790838712359722e+00,2.167241644856201e+00,1.044916260764525e+00,4.122246217002967e+00,2.270478440771422e+00,4.015951618115380e+00,2.120268173725628e-01,3.243834060699221e+01,1.000377763877366e+00,5.002275508259362e-01,7.719320434891740e+00,1.402997955678366e+00,3.590548316521162e-02,9.341499344540669e-04,8.558209003943174e-02,3.660532395876900e-01,2.526127325051453e+00,4.627612737156752e-01,6.963624665549437e-01,1.886733951933983e-01,1.574120863808632e+01,7.264801525738979e-01,1.704627500361376e-01,9.346124994853858e+01,1.408153954273724e+01,2.624605077451217e+01,2.798756781885459e-10,
-3.915964644202406e-03,-2.995759828311362e-02,-8.788390508908500e-02,7.803816204763368e-06,-1.112945072091245e-02,4.803970306903282e-01,-6.592682911363535e-06,-3.322497799140678e-01,-6.895457926378735e-08,-1.341834925947755e-07,-2.212434086870170e-08,-1.899033351813029e-07,1.306466229880596e-07,-6.653136798069105e-07,-9.710527548586323e-07,-1.773890442705656e-09,-1.165729034680855e-08,-4.842546957873080e-09,-4.654231077253227e-01,1.760466573540499e+00,-4.715485802799189e-08,-1.290156490788645e-06,-1.488025790870989e-07,-2.890248578020477e-06,1.004803465513328e-10,-2.707665434676979e-12,1.126032091331656e-08,5.056343213680420e-07,-1.316369390056796e-11,-4.491784410952120e-09,-1.555810619501369e-10,1.040256899414201e-10,7.614526985442492e-10,2.214545731884034e-09,2.273553926657396e-09,4.065280224530971e-11,4.390410016564663e-10,3.489814180432081e-10,1.371912063738432e-13,5.823524520282922e-14,4.857309454324008e-11,-4.901046407101587e-14,-1.887517695920361e-15,-7.180361347503043e-04,-4.965558578910318e-03,8.176302994745002e-08,-4.278649807476049e-05,-2.682629670103225e-05,-6.931199576173128e-10,3.170153514250968e-13,4.990335608730665e-11,2.371234090689358e-10,4.147305084750558e-09,1.634528800631817e-09,1.392235055676357e-09,1.235811453170754e-11,
-1.250777809195263e-02,-9.143613948946983e-02,-2.009572195122948e-01,3.490459505703877e-06,-2.887324736264066e-02,2.835622003651423e+00,-2.237636204438378e-05,-8.070945444994464e-01,7.747805022333850e-07,2.634083052525720e-06,3.088675853059671e-07,1.848857774558744e-05,1.545109450346356e-06,-2.195911894502153e-06,2.054881421482503e-05,5.672341947376806e-08,2.581183841450148e-07,1.968101673783541e-07,-1.107790692017624e+00,6.657429948644919e+00,4.888498474906315e-07,4.077380832004418e-05,1.965828148782366e-06,7.817136916551238e-05,1.059762364214592e-06,5.226683176327490e-09,1.243493294999997e-05,4.862162187726133e-06,7.617081640695439e-09,6.828614847853326e-08,3.124634457482452e-07,2.938489613689974e-06,2.685950420038203e-06,4.546318120313241e-06,1.126823419170479e-05,2.202459264544917e-07,4.947133006419879e-06,2.590805192528393e-06,1.146891768590946e-09,2.224138824312106e-06,3.628834838151651e-10,1.276007392634412e-13,8.781558995172318e-15,7.139788364704345e-04,4.689558819608469e-03,6.115577769211709e-05,-2.429451003386945e-04,-1.570607386331077e-04,1.799753213187528e-07,3.259656008831000e-06,6.569083176109278e-07,4.027856419148196e-05,6.051193539994690e-05,3.304771728001931e-05,1.685465097332820e-05,2.969424706122936e-11,
-1.741444275113028e-03,-1.034688897774820e-02,-2.696515093448789e-02,6.407940403165778e-06,-5.919112498550268e-03,1.846932872423386e-01,-1.421022579125343e-06,-1.547341171640059e-01,-4.222655502500742e-08,-1.800385465300778e-07,-1.636258188596810e-08,-6.427870811482633e-07,-9.073673301502688e-08,-1.667771756749830e-07,-1.071972293367820e-06,-2.369055038448841e-09,-8.416803429265556e-09,-7.988058259932675e-09,-1.494338815692335e-01,7.471268862053221e-01,-5.989057148424018e-08,-5.462894718263703e-06,-8.546038498314799e-08,-2.415702371863451e-06,-6.555659913312811e-11,-1.199321365071438e-12,-1.822521013340422e-06,-8.076835790892116e-07,-4.302121912925726e-12,-2.128082686884164e-09,-5.046436506940945e-11,-5.594372476639725e-11,-1.773389847562260e-12,-2.998782645082773e-12,-2.524708224477580e-12,-9.656814570844816e-16,-4.466766333034446e-14,6.458084706080268e-13,1.376818638440152e-18,-1.932732922160351e-14,-8.324472602543817e-11,-2.250669981731506e-14,-1.527160737494215e-15,-4.500813381520968e-04,-3.066589455303006e-03,-1.054230511576180e-05,-1.119715578204642e-05,-6.873778491942355e-06,-3.233433742001678e-10,-5.223681268091455e-13,1.157569048026703e-13,1.672783764338458e-12,-5.292686244959608e-22,1.979503669925942e-18,9.721191903400212e-19,1.323290435562008e-11,

