1
0
63
1
(4 0
((0,0) (7,127) (0,0))
((0,256) (7,383) (0,0))
((0,128) (7,255) (0,0))
((0,384) (7,511) (0,0))
)
4
FabOnDisk: SD_0_New_MF_D_0003 0
FabOnDisk: SD_0_New_MF_D_0001 0
FabOnDisk: SD_0_New_MF_D_0002 0
FabOnDisk: SD_0_New_MF_D_0000 0

4,63
-1.048897736193057e-03,7.306582632529001e-01,1.588631251905065e-01,0.000000000000000e+00,2.015838093843067e-25,1.955106485795903e-18,5.703779158888607e-13,2.375531357425445e-08,2.255232008515814e-10,2.244141835481417e-13,3.315259131734802e-03,0.000000000000000e+00,0.000000000000000e+00,0.000000000000000e+00,1.095991101658054e-14,2.385259475232628e-12,9.253592155939785e-26,1.556997805058976e-13,8.331044968654325e-21,0.000000000000000e+00,1.531912605869662e-14,3.499371702009085e-11,7.311211407674568e-13,2.049134927239137e-37,1.160876275484648e-13,6.521068044465836e-30,9.835575429557829e-13,0.000000000000000e+00,1.404694041640581e-14,1.100949563929953e-31,3.451585619712175e-15,3.258729090885076e-23,1.859266633885946e-28,6.812123272280780e-16,0.000000000000000e+00,0.000000000000000e+00,0.000000000000000e+00,0.000000000000000e+00,0.000000000000000e+00,0.000000000000000e+00,0.000000000000000e+00,0.000000000000000e+00,0.000000000000000e+00,8.609289150448927e-19,8.606519218107362e-20,2.442224042128239e-21,2.343293962121531e-19,7.538113101896592e-20,3.055791822184933e-18,7.047551220270546e-19,1.269861205844504e-18,0.000000000000000e+00,0.000000000000000e+00,0.000000000000000e+00,0.000000000000000e+00,0.000000000000000e+00,0.000000000000000e+00,0.000000000000000e+00,1.145114950157826e-01,3.401300228225908e+03,0.000000000000000e+00,4.430000015742422e+02,9.282445971144697e+04,
-1.376245599920115e-07,4.300992878783052e+00,1.468832999365243e-01,7.137511551818694e-06,6.879989616388085e-05,5.040800772339802e-04,1.310799896770643e-07,6.087849802999799e-05,1.232509814993617e-02,1.443710909622718e-08,1.316642757588414e-03,8.181293887787959e-11,3.961254263338463e-10,3.450476884271915e-11,1.525667329885073e-09,3.848949163348643e-10,1.117824330303424e-09,2.370618997111063e-09,5.186952626785683e-12,1.771509078585988e-11,1.797109554275746e-11,3.768968332469658e-03,2.305346862845362e-02,1.290733629419048e-10,1.272602663762925e-08,1.657142314798173e-10,5.049569628906988e-09,7.774971107908508e-14,1.685968603711836e-15,4.229176278969457e-09,2.219907327410013e-09,4.744058140259011e-15,3.966848323992662e-12,0.000000000000000e+00,0.000000000000000e+00,0.000000000000000e+00,0.000000000000000e+00,0.000000000000000e+00,0.000000000000000e+00,0.000000000000000e+00,0.000000000000000e+00,0.000000000000000e+00,0.000000000000000e+00,1.424669411624571e-13,3.909175228431600e-17,2.446764038429859e-18,9.340932138409629e-07,6.376826043474951e-06,2.511110527461743e-08,2.796513338124939e-08,1.725138063816429e-08,7.243487398456466e-13,0.000000000000000e+00,0.000000000000000e+00,0.000000000000000e+00,0.000000000000000e+00,0.000000000000000e+00,0.000000000000000e+00,1.053480282147837e-01,7.950310379984704e+03,0.000000000000000e+00,2.292800793438026e+03,1.013249910186774e+05,
-8.824864070201602e-07,4.037159090552362e+00,1.489962218143914e-01,1.054680071248337e-05,1.008461729771417e-04,5.918061899567685e-04,1.289043937911053e-07,7.259008596884625e-05,1.220900250620472e-02,2.201603941472927e-08,1.628954324489923e-03,1.438264974278996e-10,3.350292313575750e-10,4.332361393171159e-11,1.138821453143320e-09,1.559015405424531e-10,1.945192421230760e-09,2.431130376279771e-09,4.462530223423942e-12,2.350271919809492e-11,1.678267473642269e-11,4.354155097847352e-03,2.239261068745938e-02,1.026805788801628e-10,8.582686813409125e-09,3.095697984388595e-10,5.893065433880992e-09,0.000000000000000e+00,0.000000000000000e+00,2.371152758216776e-09,9.714491692608604e-10,5.639986273536816e-16,8.866113716663235e-12,0.000000000000000e+00,0.000000000000000e+00,0.000000000000000e+00,0.000000000000000e+00,0.000000000000000e+00,0.000000000000000e+00,0.000000000000000e+00,0.000000000000000e+00,0.000000000000000e+00,0.000000000000000e+00,4.390381765350185e-14,8.918851863667061e-17,2.671733008422930e-18,1.589584582363944e-06,1.095513407984168e-05,1.488679804331574e-08,9.762220895559257e-08,6.161942148099880e-08,1.468242705953265e-12,0.000000000000000e+00,0.000000000000000e+00,0.000000000000000e+00,0.000000000000000e+00,0.000000000000000e+00,0.000000000000000e+00,1.068507157564279e-01,4.366597603780127e+03,0.000000000000000e+00,2.113598174490759e+03,1.013247313092322e+05,
-8.712830680854641e-08,4.369053294145051e+00,1.460398544739601e-01,6.069005381391238e-06,5.790033001064444e-05,4.678933890780375e-04,1.351291174614440e-07,5.691600592716184e-05,1.235263716607398e-02,1.200354369774537e-08,1.178151519573208e-03,5.050650442572161e-11,2.688379056129682e-10,2.268591226363669e-11,1.077573153237189e-09,2.964298611542548e-10,8.641052075962616e-10,1.610526678998494e-09,3.509007917414464e-12,1.158562044118772e-11,1.236992935607813e-11,3.564176693419084e-03,2.345000752127060e-02,8.655545728153692e-11,8.951097921951439e-09,9.861269307469434e-11,3.327063636214323e-09,3.012320716517397e-15,4.246236314271498e-16,2.967848468372795e-09,1.609950468271297e-09,3.569208345711567e-15,2.134711729959243e-12,0.000000000000000e+00,0.000000000000000e+00,0.000000000000000e+00,0.000000000000000e+00,0.000000000000000e+00,0.000000000000000e+00,0.000000000000000e+00,0.000000000000000e+00,0.000000000000000e+00,0.000000000000000e+00,7.703901077887537e-14,1.696143480922112e-17,1.171284073397966e-18,5.794036596344203e-07,3.939827870486304e-06,1.782374467998506e-08,1.295969435980813e-08,7.920435077671380e-09,4.176129648782944e-13,0.000000000000000e+00,0.000000000000000e+00,0.000000000000000e+00,0.000000000000000e+00,0.000000000000000e+00,0.000000000000000e+00,1.047401230983682e-01,7.945416496289650e+03,0.000000000000000e+00,2.332007145679354e+03,1.013249887742907e+05,

4,63
1.075459463913396e-03,4.031478314754528e+00,8.373328373529413e-01,5.272345364158536e-05,5.235390399318007e-04,1.035435235269338e-03,1.215389525848277e-04,4.144918960692513e-04,1.435652699323276e-02,1.981319016630252e-05,1.827792823023535e-01,1.196755379268536e-06,5.878690312863569e-06,6.672137550778874e-07,2.225178505455776e-04,2.615785980583963e-04,2.030622459843726e-05,4.905574345049479e-04,1.600935006070182e-05,9.363997497949984e-07,7.117798025887804e-05,1.365452598676232e-02,2.238056023929792e-02,6.407510756440121e-07,5.450771595618265e-04,2.090602599470263e-05,4.198785826587499e-03,9.843219172198384e-05,4.478212481348063e-04,3.015563520883957e-05,1.071277190943964e-04,1.363463913273716e-07,3.116238014830124e-05,3.929107831761145e-05,1.098866511386498e-05,5.316799525502168e-05,2.871505006296650e-05,3.781675055416183e-05,3.063374659685040e-06,6.151124203657567e-04,1.215580114294882e-05,4.311329777398961e-06,1.108335791034279e-04,1.353979090706191e-05,5.396871648228895e-07,1.210314851337928e-08,2.442969143407457e-06,1.726477584156854e-05,2.765147446580619e-05,1.231169737975321e-05,1.563160456898827e-05,1.654233139278174e-06,4.286096385690376e-04,1.067470068781444e-05,5.259455623133465e-02,1.539442055164040e-03,1.317395939725570e-04,4.191644325222799e-04,6.019589747981854e-01,7.044576863880557e+04,0.000000000000000e+00,2.109815891046020e+03,1.133312622309153e+05,
1.317873449571052e-07,4.368728514829890e+00,1.489691875831259e-01,1.049715464518816e-05,1.004301339906574e-04,5.908310102568145e-04,1.351094073092576e-07,7.242160077671112e-05,1.235319156354249e-02,2.191359038896861e-08,1.626013462871101e-03,1.430832389881935e-10,5.530782090580183e-10,5.224754605852214e-11,1.974372483458171e-09,4.156605657041137e-10,1.932274106638244e-09,3.340369313855763e-09,7.240785730668066e-12,2.706797194447920e-11,2.421217832583718e-11,4.345321245524882e-03,2.344802472589023e-02,1.828615715289517e-10,1.639029184365449e-08,3.078709759430617e-10,7.448129966039779e-09,3.115044796165403e-13,5.688062982419208e-15,5.321157108042540e-09,2.554892462071683e-09,2.797705564112809e-14,8.805513185827504e-12,3.485183253954269e-13,3.418794048174723e-12,1.681125340969770e-13,2.915676000264046e-13,4.138875919639077e-13,5.712913828679846e-15,3.074812432803145e-13,1.237238113724788e-12,5.313335324607756e-18,5.403854063999196e-15,1.899377234961090e-13,8.858551627736472e-17,4.447020973465738e-18,1.582476202069901e-06,1.090489357877417e-05,3.077064050885462e-08,9.632805827743655e-08,6.078536818906418e-08,1.463746146495662e-12,3.647018420921301e-14,1.067634874307663e-13,1.646141275403771e-12,2.334660845094600e-12,3.886019430092829e-12,6.157778055283858e-13,1.068322341857735e-01,8.066183306421718e+03,0.000000000000000e+00,2.331819524817414e+03,1.013250152145192e+05,
8.735983655538942e-07,4.300144074196542e+00,1.602201159527471e-01,3.148561123286468e-05,3.052613651320192e-04,8.844550579720286e-04,2.227338238093126e-07,1.107381676932033e-04,1.232399913461801e-02,8.649867237037203e-08,3.276509520882306e-03,2.005678264495101e-10,6.097535159693330e-10,6.236355617574866e-11,2.096016653098466e-09,4.136209928350214e-10,7.647004655501675e-09,3.755625606264972e-09,7.894802467223981e-12,3.252859202072197e-11,2.618386710209017e-11,5.952618216590971e-03,2.304968401702204e-02,2.016197770282204e-10,1.725410681745805e-08,5.079523505944892e-10,8.628544413094960e-09,1.233552614040650e-12,2.159645390456958e-14,5.416280120518157e-09,2.551684653021242e-09,2.105377491026034e-13,2.344744353872816e-11,2.736141385110511e-12,1.098343090969566e-11,2.721235812210157e-12,3.571317951137131e-12,7.133876193693672e-12,1.508522844538864e-13,3.393154730931098e-12,2.285026629592769e-12,9.349734689463925e-16,3.868654704326934e-12,1.977568156439642e-13,5.681095277606361e-16,1.441248395926220e-17,2.483750767372255e-06,1.754736977437256e-05,3.095317338688553e-08,2.335224932089347e-06,1.605368930133781e-06,3.784005964108852e-12,2.257744282247706e-12,1.618144595699678e-12,3.094246504682692e-11,3.944523951001291e-11,3.762447357937094e-11,1.071887092062056e-11,1.150200016139889e-01,8.040943303566423e+03,0.000000000000000e+00,2.292310210772162e+03,1.013250281476429e+05,
9.686578165828444e-08,4.397174306853850e+00,1.468734201834629e-01,7.123869799678741e-06,6.866260141387988e-05,5.036464988973201e-04,1.367981567417813e-07,6.082909743738105e-05,1.235317837262706e-02,1.440600967859526e-08,1.315011042398133e-03,8.148755859095077e-11,3.949915439107721e-10,3.439363981430483e-11,1.522066516894515e-09,3.843373103620688e-10,1.114648708091298e-09,2.363762296011380e-09,5.172134411951564e-12,1.765761797753118e-11,1.792323632511538e-11,3.766497498373701e-03,2.361110564341183e-02,1.286846938281348e-10,1.269456344677084e-08,1.649994509634568e-10,5.034262418066102e-09,1.264546732344018e-13,2.291016291120703e-15,4.218769666906991e-09,2.215350027112744e-09,8.615291753889551e-15,3.945213699701919e-12,1.052846341034256e-13,2.598926412626385e-12,7.799407785629086e-14,2.786037375843392e-13,3.267030449930361e-13,4.566041537131886e-15,2.398498040287067e-13,5.899913543597394e-13,4.520208078469382e-18,2.813826432343690e-15,1.419034219224829e-13,3.883606393724119e-17,2.433535692285397e-18,9.304046828597972e-07,6.351351796834075e-06,2.505173837914396e-08,2.775895376126057e-08,1.712231194870871e-08,7.208948887994903e-13,3.468632906649434e-14,8.245568471532407e-14,2.088280648261438e-12,4.021003083665666e-12,3.382566043959577e-12,1.078540758819063e-12,1.053409310331481e-01,7.994047841383252e+03,0.000000000000000e+00,2.347788722069045e+03,1.013250728010415e+05,

