1
0
63
1
(4 0
((0,0) (7,127) (0,0))
((0,256) (7,383) (0,0))
((0,128) (7,255) (0,0))
((0,384) (7,511) (0,0))
)
4
FabOnDisk: SD_0_Old_MF_D_0003 0
FabOnDisk: SD_0_Old_MF_D_0001 0
FabOnDisk: SD_0_Old_MF_D_0002 0
FabOnDisk: SD_0_Old_MF_D_0000 0

4,63
-1.243307118662115e-03,7.305709404319679e-01,1.604675895665509e-01,0.000000000000000e+00,2.043417177197455e-25,1.975007969502299e-18,5.765193577841098e-13,2.384664155584564e-08,2.276722332265905e-10,2.268450064557790e-13,3.310320322112176e-03,0.000000000000000e+00,0.000000000000000e+00,0.000000000000000e+00,1.106972749562592e-14,2.409087038673344e-12,9.416527534163802e-26,1.577349579301350e-13,8.637404125202428e-21,0.000000000000000e+00,1.552279155228182e-14,3.537100782068844e-11,7.408256102594831e-13,2.096160732846855e-37,1.175555512824690e-13,6.703707955168175e-30,9.963022704181523e-13,0.000000000000000e+00,1.360791045337234e-14,1.128722721217311e-31,3.503090586212031e-15,3.319166603086631e-23,1.911136865051897e-28,6.914637271123705e-16,0.000000000000000e+00,0.000000000000000e+00,0.000000000000000e+00,0.000000000000000e+00,0.000000000000000e+00,0.000000000000000e+00,0.000000000000000e+00,0.000000000000000e+00,0.000000000000000e+00,8.776231113194160e-19,8.773987700104258e-20,2.490502244232853e-21,2.389155619104741e-19,7.685767844303950e-20,3.115787847960695e-18,7.186035026799343e-19,1.294813874945040e-18,0.000000000000000e+00,0.000000000000000e+00,0.000000000000000e+00,0.000000000000000e+00,0.000000000000000e+00,0.000000000000000e+00,0.000000000000000e+00,1.152007461101886e-01,3.401973520583063e+03,0.000000000000000e+00,4.430000015847875e+02,9.339943324785808e+04,
-1.127889297232745e-07,4.281209594844086e+00,1.468844057542469e-01,7.138917644442718e-06,6.881403576007477e-05,5.041244875508335e-04,1.311395609945102e-07,6.088358246654112e-05,1.232593694899848e-02,1.444038313615438e-08,1.316813313951988e-03,8.183890169816535e-11,3.962167697008308e-10,3.451448331723111e-11,1.525954060881324e-09,3.848572382461070e-10,1.118123788783462e-09,2.370909908831922e-09,5.187954516354589e-12,1.772003795727215e-11,1.797325901701206e-11,3.769216309250835e-03,2.305256378102495e-02,1.290973895240393e-10,1.272786475237970e-08,1.657798642909200e-10,5.051018589881874e-09,7.872288825510924e-14,1.719241705503426e-15,4.229796628402056e-09,2.220147287904183e-09,5.047422202944751e-15,3.968723538566286e-12,0.000000000000000e+00,0.000000000000000e+00,0.000000000000000e+00,0.000000000000000e+00,0.000000000000000e+00,0.000000000000000e+00,0.000000000000000e+00,0.000000000000000e+00,0.000000000000000e+00,0.000000000000000e+00,1.424920698258635e-13,3.910934141768259e-17,2.447567788247870e-18,9.343623726423517e-07,6.378696076822512e-06,2.511419541650137e-08,2.798347866670941e-08,1.726290776697053e-08,7.245664054229384e-13,0.000000000000000e+00,0.000000000000000e+00,0.000000000000000e+00,0.000000000000000e+00,0.000000000000000e+00,0.000000000000000e+00,1.053488328079915e-01,7.949994458538996e+03,0.000000000000000e+00,2.292749846108044e+03,1.013249893445472e+05,
-1.015441380957900e-06,4.017303678887129e+00,1.489989094317722e-01,1.054757486440243e-05,1.009037848809454e-04,5.919730994127647e-04,1.289677592563625e-07,7.257516715259015e-05,1.220889670103993e-02,2.203159425125780e-08,1.630341951862619e-03,1.437179259537462e-10,3.355330095339859e-10,4.339402520978442e-11,1.140699998767507e-09,1.562959174208032e-10,1.944647484116419e-09,2.434648695208350e-09,4.468936602893955e-12,2.354117454009510e-11,1.680057823309060e-11,4.352648373062954e-03,2.239070628028044e-02,1.028512561811918e-10,8.594414337339021e-09,3.095154717634660e-10,5.899120326204135e-09,0.000000000000000e+00,0.000000000000000e+00,2.372959571813178e-09,9.716656607505842e-10,2.587208865156074e-14,8.872393715511082e-12,5.658183398310455e-14,0.000000000000000e+00,0.000000000000000e+00,0.000000000000000e+00,0.000000000000000e+00,0.000000000000000e+00,0.000000000000000e+00,0.000000000000000e+00,0.000000000000000e+00,0.000000000000000e+00,4.455424963272924e-14,8.909431752967362e-17,2.701773149073350e-18,1.589689755938017e-06,1.095595674480987e-05,1.488377881374352e-08,9.767797058530290e-08,6.165625473571585e-08,1.473397560248648e-12,0.000000000000000e+00,0.000000000000000e+00,0.000000000000000e+00,0.000000000000000e+00,0.000000000000000e+00,0.000000000000000e+00,1.068534073239697e-01,4.364998832815713e+03,0.000000000000000e+00,2.113703644745959e+03,1.013247567065418e+05,
-1.003809672785759e-07,4.349316866206611e+00,1.460405233596570e-01,6.069787671186496e-06,5.790832876385418e-05,4.679214257534681e-04,1.351265497276137e-07,5.691903216823918e-05,1.235264353952204e-02,1.200530881033190e-08,1.178257546293121e-03,5.052714419869665e-11,2.689275101227121e-10,2.269401943228312e-11,1.077896409155836e-09,2.964983536385669e-10,8.642794730362406e-10,1.611060479549920e-09,3.510187985226220e-12,1.158981914862948e-11,1.237393025036823e-11,3.564328306084076e-03,2.344980507767261e-02,8.658519079567457e-11,8.953826598032587e-09,9.865590871647791e-11,3.328251874405382e-09,4.189761809475939e-14,7.182016659438632e-16,2.968764115882060e-09,1.610408361227685e-09,3.376603107330485e-15,2.135823369585910e-12,0.000000000000000e+00,0.000000000000000e+00,0.000000000000000e+00,0.000000000000000e+00,0.000000000000000e+00,0.000000000000000e+00,0.000000000000000e+00,0.000000000000000e+00,0.000000000000000e+00,0.000000000000000e+00,7.708075995087586e-14,1.697359607284797e-17,1.172031823813687e-18,5.796375163325287e-07,3.941430609140953e-06,1.782904283644699e-08,1.296792743337506e-08,7.925526157514583e-09,4.178061201537299e-13,0.000000000000000e+00,0.000000000000000e+00,0.000000000000000e+00,0.000000000000000e+00,0.000000000000000e+00,0.000000000000000e+00,1.047406101702540e-01,7.945275509928490e+03,0.000000000000000e+00,2.331986320444975e+03,1.013249905753700e+05,

4,63
1.169421013545622e-03,4.011623957755741e+00,8.373328353542702e-01,5.183320810601635e-05,5.137075728864069e-04,1.015457759060650e-03,1.215464051439115e-04,4.146657812458926e-04,1.427156493223457e-02,1.981385119835151e-05,1.827792818462023e-01,1.196038931873444e-06,5.873589824921052e-06,6.665887705217932e-07,2.225533767277183e-04,2.616626637240501e-04,2.030902661174241e-05,4.906140892317295e-04,1.601432041429853e-05,9.367043612575764e-07,7.118146554007014e-05,1.364330191714074e-02,2.237862865338269e-02,6.458481273261522e-07,5.452162412945081e-04,2.091003377269179e-05,4.199335913490812e-03,9.842888103642590e-05,4.479426532357632e-04,3.010530984934370e-05,1.071124446543762e-04,1.363919374604569e-07,3.116402381755211e-05,3.929267323802727e-05,1.098768121436467e-05,5.318049150659012e-05,2.872065270856750e-05,3.782385771457532e-05,3.063624831534199e-06,6.151989383360416e-04,1.215976451399159e-05,4.313514040804301e-06,1.108210682445006e-04,1.355541319798306e-05,5.400807045920056e-07,1.211324182886012e-08,2.442772944825024e-06,1.726310226012470e-05,2.765548114129460e-05,1.232149415003973e-05,1.562659249690320e-05,1.655097705249667e-06,4.285574784153695e-04,1.067717085004557e-05,5.259455610250852e-02,1.539674933041849e-03,1.317760466533618e-04,4.192430664134348e-04,6.019589732905781e-01,7.046963019039172e+04,0.000000000000000e+00,2.109920718908218e+03,1.119675287176708e+05,
1.169142853190342e-07,4.348991853893962e+00,1.489719047895250e-01,1.049791711779599e-05,1.004865871525686e-04,5.909945342686233e-04,1.351068285918120e-07,7.240693569361837e-05,1.235321348997557e-02,2.192884934224589e-08,1.627375866463891e-03,1.430007462613357e-10,5.527594928944633e-10,5.222105553524295e-11,1.973007864021034e-09,4.155229552196567e-10,1.931818841410436e-09,3.338409650225682e-09,7.237030959779333e-12,2.705505120791797e-11,2.419984230992496e-11,4.343850058427692e-03,2.344782107682391e-02,1.827618755467816e-10,1.637979152868624e-08,3.078450561678838e-10,7.444962955487796e-09,3.439769737870460e-13,6.057565418272064e-15,5.318958549359296e-09,2.554381043824730e-09,2.769665700894907e-14,8.812134530901207e-12,3.955898709153158e-13,3.470285100149652e-12,1.734699041274153e-13,3.297739518408211e-13,4.594302173020163e-13,5.720270367857115e-15,2.952720554073002e-13,1.325459761909372e-12,5.188033526754421e-18,5.421131840410692e-15,1.897129262978160e-13,8.850436810244050e-17,4.441670217946236e-18,1.582594036385535e-06,1.090580267018635e-05,3.076578269354951e-08,9.638367435547309e-08,6.082206859198463e-08,1.463858348625000e-12,5.528876673071711e-14,6.747676477455003e-14,1.970177246988176e-12,3.842955657258930e-12,3.494576916893633e-12,1.048622354303776e-12,1.068349169315114e-01,8.064436529014150e+03,0.000000000000000e+00,2.331798603957052e+03,1.013250187367980e+05,
8.325510652031723e-07,4.280359493800718e+00,1.602087130168160e-01,3.150963438292476e-05,3.051211553509290e-04,8.843398065595205e-04,2.225281466753230e-07,1.108565757335620e-04,1.232485852358927e-02,8.644324931553903e-08,3.271532279718723e-03,2.011434450574694e-10,6.097688756532893e-10,6.254908073403584e-11,2.094618956731394e-09,4.132276414072867e-10,7.658727111252391e-09,3.756610511393577e-09,7.891938016266118e-12,3.264037913075283e-11,2.617360149643694e-11,5.958772103187154e-03,2.304872790408220e-02,2.016206288991977e-10,1.724672196617238e-08,5.087409792269722e-10,8.637355103023845e-09,1.929433253036257e-12,2.855004800182708e-14,5.412802442600894e-09,2.550445834912374e-09,2.095095136805441e-13,2.341197761481025e-11,2.704992658055438e-12,1.685374102101630e-11,8.117888392667596e-12,9.378368125713017e-12,1.838806485746160e-11,5.354781160289269e-13,1.141104077528739e-11,2.532200739018942e-12,2.598106721291539e-15,5.136864320384959e-12,2.120804206803214e-13,6.099391974856799e-16,1.558397907076381e-17,2.483810015507125e-06,1.754741665027316e-05,3.094166552145133e-08,2.334362479842024e-06,1.604692255330311e-06,3.918256590783690e-12,7.901227352196459e-12,1.838788079017565e-13,8.358634318906573e-11,9.430426243014156e-11,8.271640500567775e-11,2.603944636971551e-11,1.150093057372878e-01,8.042229535889794e+03,0.000000000000000e+00,2.292259143816556e+03,1.013250207741148e+05,
8.179968597071577e-08,4.377457943223734e+00,1.468745218502111e-01,7.125268852426615e-06,6.867667081627635e-05,5.036907494821505e-04,1.367965034477028e-07,6.083416230459224e-05,1.235319756475806e-02,1.440926516862641e-08,1.315180883571868e-03,8.151180700511800e-11,3.950642140652023e-10,3.440129740707044e-11,1.522282798821860e-09,3.843422238652611e-10,1.114956014726622e-09,2.364209042857564e-09,5.173129130433093e-12,1.766177737274953e-11,1.792639258831892e-11,3.766744615735749e-03,2.361098405603106e-02,1.287084202178365e-10,1.269631601567241e-08,1.650551282418275e-10,5.035329315524788e-09,1.266475616722775e-13,2.295269831785446e-15,4.219343913020865e-09,2.215556914482973e-09,8.567761354088675e-15,3.946995381560975e-12,1.026179155108252e-13,2.705636899995694e-12,1.371488318465926e-13,6.254985368530215e-13,9.151414230143191e-13,9.302465335599685e-15,5.240881311091173e-13,2.622535636021735e-12,6.932612646208839e-18,6.517184474256849e-15,1.419280459714345e-13,3.885339383250652e-17,2.434335252283769e-18,9.306738732464574e-07,6.353221660182106e-06,2.505486778081161e-08,2.777715568950242e-08,1.713374703083387e-08,7.211732924422196e-13,3.074341323890417e-14,2.992515665660144e-14,1.232624048947499e-12,5.199964831030666e-12,4.282019372416726e-12,1.393935876835834e-12,1.053417325616457e-01,7.993904843746927e+03,0.000000000000000e+00,2.347775958472482e+03,1.013250657755369e+05,

