1
0
56
1
(4 0
((0,0) (7,127) (0,0))
((0,256) (7,383) (0,0))
((0,128) (7,255) (0,0))
((0,384) (7,511) (0,0))
)
4
FabOnDisk: SD_5_New_MF_D_0003 0
FabOnDisk: SD_5_New_MF_D_0001 0
FabOnDisk: SD_5_New_MF_D_0002 0
FabOnDisk: SD_5_New_MF_D_0000 0

4,56
-7.341341541369816e+00,-1.810501002162857e+01,-2.648811613866877e+01,-5.926958821753238e+00,-8.379200363741965e+00,-8.036921623194146e+00,-9.583257261294063e-01,-6.145553738911539e+02,-2.076220516706097e-01,-7.069595708179557e-01,-7.782002493127325e-02,-1.322877565398229e+01,-1.190086796449786e+01,-1.445635515478584e+00,-1.014619513521512e+01,-4.437388221147421e-01,-6.864275883402873e-02,-2.742945552425900e+00,-1.417369519819765e+02,6.402377941160434e-22,-6.673305807681400e-02,-4.161635913520099e+01,-1.628547107945255e+00,-1.809035831226533e+02,-7.392935143509425e+00,-2.345708426421740e+01,-4.095671164391966e+00,-2.928418325329175e+00,-8.675261807642715e-03,-1.901286822362265e+00,-1.637990570727615e+00,-8.090733761503226e-01,-3.340679322445530e+00,-1.923657883365182e+00,-2.818803461817967e+00,-2.020946645478637e-01,-3.046046028529152e+01,-5.308228913953710e-01,-3.239356062479402e-01,-7.995135590303085e+00,-6.792779278117874e-01,-1.269118945538168e-02,-4.883320343560877e-04,-7.812067250864041e-02,-1.397609213434919e-01,-1.912187258199676e+00,-6.623375281076606e-02,-3.125988320566424e-01,-1.238792689251463e-01,-2.306746442928358e+01,-4.441920357830331e-01,-5.298850071958200e+02,-8.058652209902166e+01,-8.035908443825599e+00,-2.240218913872785e+01,-5.205258446494554e-11,
-1.257134912728335e-02,-8.953428172843921e-02,-1.968231269767708e-01,1.592555792015680e-06,-2.996511012871256e-02,1.764906627971456e-01,-2.210431106549788e-05,-8.115679277070580e-01,-1.212130243674263e-07,-2.478772844346297e-07,-2.678752481509235e-08,-1.117355488782898e-06,-1.217312862017105e-07,-2.240724400052345e-06,-1.515112618981902e-06,-3.569692983053854e-09,-1.466087584138130e-08,-1.151148113202657e-08,-1.091158698163954e+00,7.535141449599424e-01,-8.350379812609531e-08,-6.529846687188202e-06,-3.135186002587566e-07,-4.703634495856599e-06,-7.804818150737618e-08,-5.451021598637215e-10,-2.126594364946811e-06,-9.013543561981106e-07,-2.000360570657609e-09,-1.297842114958630e-08,-1.443031198539560e-07,-2.578830935517180e-07,-3.055386621570986e-08,-9.705693820544208e-08,-1.117259145754357e-07,-4.661466600901965e-09,-2.072879315769351e-07,-8.733141313722779e-07,-9.803900526981887e-12,-8.259457803263130e-09,-1.050921190215009e-10,-8.537980553629707e-14,-2.833416845815147e-15,-1.228740708558296e-03,-8.722283927743987e-03,-1.088708601923188e-05,-2.490692482158391e-04,-1.609948682529471e-04,-2.371297317149394e-09,-5.490268774137118e-08,-3.564474482793549e-07,-1.153896019039349e-06,-7.788118816853266e-07,-8.601464650760251e-07,-2.097113730150132e-07,-9.396483591217475e-12,
-1.813527680981915e-01,-9.267562542997804e-01,-5.029225232120729e-01,-7.540057510574526e-04,-1.429877646830343e-01,4.975759442059803e-01,-3.509132313826986e-04,-4.793469889725027e+00,-1.881481386501954e-07,-1.722568081832094e-07,-4.552344078153247e-08,-3.105375169672422e-06,1.189987196882884e-07,-3.389635441251862e-05,-1.570784272757826e-06,-4.348823286579755e-09,-3.912636903425085e-08,-1.636719140003388e-08,-5.821107091186815e+00,1.763379002866810e+00,-5.032604960942548e-08,-1.231684447989512e-06,-9.941468331212673e-07,-1.991771786224463e-05,-4.621737215476312e-07,-3.791039002621204e-09,-1.979701220220822e-08,5.351295814045108e-07,-2.712021027376751e-08,-4.625447621533980e-08,-9.339434251457423e-07,-3.501206865443862e-06,-1.357481244466026e-06,-1.736535359543922e-06,-2.950934546696867e-06,-1.335481032989686e-07,-3.407935639240590e-06,-2.492718135695013e-06,-7.581935004810683e-10,-5.851052426287850e-06,-4.002968835828653e-08,-1.607955601714563e-12,-1.426959038821872e-12,-1.485882342649982e-03,-1.089932395023267e-02,3.220965023062993e-07,-2.279523894584524e-02,-1.598154880956344e-02,-1.072561127098330e-07,-2.859393812511219e-06,-7.224954025683540e-07,-3.182307566170315e-05,-1.834482096530596e-05,-1.671579506291956e-05,-5.128465892268818e-06,-3.403854975658760e-11,
-3.445917807271813e-03,-2.880009723179376e-02,-8.555109720283559e-02,1.439019361199561e-06,-1.055410608940219e-02,1.009012399006584e-01,-6.419148323415752e-06,-3.257024745581496e-01,-8.106980055193166e-08,-2.891979242605461e-07,-2.487371008631813e-08,-1.078508168799921e-06,-2.524212763628570e-07,-6.525203377067277e-07,-1.461026128607740e-06,-3.317884663064548e-09,-1.239525886812660e-08,-1.116873982311085e-08,-4.645747732819675e-01,2.704339066097247e-01,-8.096511330233328e-08,-7.797485680853409e-06,-1.459541677161922e-07,-4.072441983119317e-06,-7.766019646383744e-08,-4.858220362417651e-10,-3.435124527174631e-06,-1.196233915076599e-06,-3.248718907723005e-10,-4.447555786609751e-09,-3.621176270387800e-08,-1.047029173408881e-07,-6.716953929211683e-09,-4.624736852976571e-08,-5.532155928836081e-08,-1.276755105694854e-09,-6.820925334208614e-08,-5.289352160491107e-07,-1.664612131804274e-12,-8.718876058014380e-10,-1.103371112284938e-10,-5.021472420644369e-14,-2.548438264475757e-15,-7.175975073256812e-04,-4.961445602329615e-03,-1.208036532641386e-05,-4.200586043752471e-05,-2.632191475418484e-05,-7.596297175759112e-10,-6.815126327660074e-09,-1.661754429540814e-07,-3.161003608210462e-07,-2.728946752069240e-07,-1.796139390338318e-07,-7.352845725651272e-08,-8.670120177356466e-12,

4,56
5.455086783259429e+00,3.254905274003286e+01,4.712610591092044e+01,7.319056945242254e+00,1.202623456133171e+01,3.098825821393265e+02,6.023508348187432e-01,5.380554183621877e-12,5.002926104752479e-01,1.229019221261409e+00,1.417131403412850e-01,2.405715503487928e+01,1.492190903319547e+01,1.853923797438479e+00,1.453326425948918e+01,4.660115127013491e-01,1.231267520529638e-01,2.853629638723034e+00,4.371036124644344e+02,2.880212898372735e+02,1.421930334099314e-01,4.972801888306417e+01,3.534089816778816e+00,2.724827870306386e+02,9.969599065719063e+00,2.447920792697366e+01,7.904761282540695e+00,3.279768641872792e+00,1.558322643954571e-02,3.567330656940940e+00,2.332258005038355e+00,8.962475536529162e-01,3.667564769556909e+00,1.971180405109842e+00,3.487772756025961e+00,2.025425373275425e-01,2.994986380238998e+01,1.167009474050489e+00,5.450054922066769e-01,7.662972647847149e+00,1.039599131691611e+00,3.177058657911958e-02,7.748910798417044e-04,7.702746153081011e-02,2.936373759985749e-01,2.189866617150951e+00,4.293060547196432e-01,6.364453881399958e-01,1.818317503071238e-01,1.455493138483607e+01,8.729657309763540e-01,5.644087880832366e-02,8.542982596390235e+01,1.308065772386469e+01,2.391778439969275e+01,5.184119800105691e-11,
-3.473332809251781e-03,-2.901170317983153e-02,-8.605369621402785e-02,7.495920380223315e-06,-1.062418320563928e-02,4.932367833274578e-01,-6.468917658095790e-06,-3.276917278332930e-01,-6.379605450501225e-08,-1.262967262777455e-07,-2.030743468834230e-08,-9.084773127130939e-08,1.475958152387819e-07,-6.514505579414488e-07,-8.926372010473996e-07,-1.490881954142566e-09,-1.041794296109719e-08,-3.792337553108675e-09,-4.673519206627320e-01,1.748772079500469e+00,-4.595022379583564e-08,-9.939562694103919e-07,-1.427037089652887e-07,-2.056223568812507e-06,6.318074928579339e-08,4.195764413912161e-10,7.652992084953099e-08,5.577896993574853e-07,5.369660190285408e-10,-4.380896547319267e-09,2.085284505320199e-08,7.842609215567946e-07,6.516611885481684e-08,1.522066374584269e-07,1.827344823020012e-07,3.250439953228037e-09,1.864030805042384e-07,1.127846461368391e-06,8.820250117243337e-12,8.088273212911314e-09,5.809335976153668e-11,-5.021310414608149e-14,-1.870214711294297e-15,-7.205079814676769e-04,-4.982168876304475e-03,1.508214557668559e-07,-4.244236262462747e-05,-2.659934495500677e-05,-1.588228133913549e-11,5.567139096695934e-08,1.379143199149298e-07,1.226803238078965e-06,9.589480082344552e-07,1.009254285347263e-06,2.637599889308066e-07,9.265643807765400e-12,
-1.272447040373798e-02,-9.053983206058396e-02,-1.983682003166411e-01,1.345341375559597e-06,-3.020054447640531e-02,3.140297748237253e+00,-2.237460302876977e-05,-8.183362193463088e-01,6.662770288351359e-07,1.716655205662865e-06,1.966725109050962e-07,9.861800071187628e-06,8.845852696672440e-07,-2.199370589788880e-06,1.294490126574564e-05,3.195421315397565e-08,1.452635278345005e-07,1.128758155416790e-07,-1.100342701335772e+00,9.193316352596371e+00,4.891228437624530e-07,3.702916073685543e-05,1.214120857598069e-06,4.268157640358255e-05,7.222255008204634e-07,6.004415475048766e-09,1.259815540228224e-05,4.433045700816433e-06,3.204125321097507e-09,4.309686189324174e-08,1.021241428647914e-07,2.374752527109914e-06,4.747111623178953e-07,6.279445452890646e-07,1.477185377317222e-06,6.243186473252611e-08,1.398917133799936e-06,1.384901320581290e-06,4.384465922377548e-10,3.056033658000649e-06,3.402705161777230e-10,1.267603244037165e-11,2.458182316236026e-14,2.837240652573335e-03,2.083804776271823e-02,6.752020247095616e-05,-2.538916297297994e-04,-1.640851908247896e-04,5.486417087751034e-08,1.245739855263856e-06,5.553564077820881e-07,1.449964563422917e-05,9.814831339767429e-06,5.314978465950060e-06,2.720318964076782e-06,4.784084239872755e-11,
-1.930213582776855e-03,-1.183556336865900e-02,-3.543801998453350e-02,6.203559909961341e-06,-5.766123672890035e-03,1.753320434149270e-01,-1.982274222740106e-06,-1.491606141819833e-01,-4.270453141437397e-08,-1.798959375873375e-07,-1.612138801615926e-08,-5.171095913463678e-07,-9.343774596176983e-08,-2.209392896866431e-07,-1.023023477975909e-06,-2.098692963569978e-09,-7.610508726952183e-09,-7.092845696129443e-09,-1.647053278999392e-01,7.490697551772054e-01,-6.058878501152452e-08,-5.614682827713418e-06,-8.431825563487008e-08,-2.272662812250823e-06,2.824973395497165e-08,1.445449696314867e-10,-1.896586077277475e-06,-8.319071691492542e-07,1.251247277870034e-10,-2.082001921173632e-09,8.792771237264574e-09,3.520921846874189e-07,2.587298234448687e-08,1.187178627959024e-07,1.755238254390494e-07,2.225391476384570e-09,1.040196881222658e-07,5.455779750182639e-07,2.318817483481121e-12,1.516198065628968e-09,-9.358873621862145e-11,-2.273985813279668e-14,-1.502173497782351e-15,-4.430996325838791e-04,-3.022347900932432e-03,-1.090682427387559e-05,-1.224249936597822e-05,-7.527606943425600e-06,-2.895320275621631e-10,1.511003585371838e-08,1.187237371594057e-07,9.230706249777348e-07,9.964448645548051e-07,8.103143511252961e-07,2.710921553178587e-07,9.179879079113107e-12,

