1
0
56
1
(4 0
((0,0) (7,127) (0,0))
((0,256) (7,383) (0,0))
((0,128) (7,255) (0,0))
((0,384) (7,511) (0,0))
)
4
FabOnDisk: SD_5_Old_MF_D_0003 0
FabOnDisk: SD_5_Old_MF_D_0001 0
FabOnDisk: SD_5_Old_MF_D_0002 0
FabOnDisk: SD_5_Old_MF_D_0000 0

4,56
-7.343458669962556e+00,-1.808477730922014e+01,-2.649075888838713e+01,-5.927198015835440e+00,-8.476932257144570e+00,-8.034009879788499e+00,-9.580546085914454e-01,-6.150094051503496e+02,-2.089966266558076e-01,-6.969997827233613e-01,-7.645449697221456e-02,-1.323182952595897e+01,-1.189134557154805e+01,-1.420133634721865e+00,-1.024737601775641e+01,-4.437955572041504e-01,-6.765439665485254e-02,-2.743026104859215e+00,-1.438999480338349e+02,6.522319129980623e-22,-6.550254280820303e-02,-4.199008877329331e+01,-1.628862250206464e+00,-1.809992727694941e+02,-7.396635977076428e+00,-2.346788051456503e+01,-4.040066840695549e+00,-2.953820311780504e+00,-8.677142765906908e-03,-1.900494119672708e+00,-1.638860201041474e+00,-8.121638311468219e-01,-3.341400925726650e+00,-1.925134109999282e+00,-2.818189047070402e+00,-2.021287411097314e-01,-3.047580809902443e+01,-5.312888856656346e-01,-3.241376364051936e-01,-7.963809168841019e+00,-6.790906660823279e-01,-1.286011609365540e-02,-4.838637274466776e-04,-7.813188653599418e-02,-1.396398827618374e-01,-1.913023244223427e+00,-6.638548014154232e-02,-3.129511605643501e-01,-1.239294344520600e-01,-2.306621446327244e+01,-4.442033027475031e-01,-5.303306524451572e+02,-8.063098721203370e+01,-8.041071597999624e+00,-2.241379565034730e+01,-6.068034963391256e-11,
-1.258839731357738e-02,-8.959943529811365e-02,-1.968573071562627e-01,1.620605478958571e-06,-3.002262769607010e-02,1.766026448541843e-01,-2.212572981157606e-05,-8.121222517811357e-01,-1.183520949933091e-07,-2.366088848112188e-07,-2.833339759553499e-08,-9.131268474385646e-07,-1.184896566534953e-07,-2.234549805694536e-06,-1.465164243794288e-06,-3.332409348101149e-09,-1.509800603331781e-08,-1.079639478825786e-08,-1.091241240935076e+00,7.540599083962866e-01,-8.161187268867403e-08,-6.518077405692286e-06,-3.112236411266414e-07,-5.106182569117382e-06,-7.653008794617132e-08,-5.618405807302575e-10,-2.131811231137794e-06,-9.094801412830193e-07,-1.785576229187155e-09,-1.298120065769354e-08,-1.441031264786597e-07,-3.577606540762314e-07,-2.486105435462180e-08,-6.988735089452649e-08,-7.899186542239520e-08,-3.726407768886701e-09,-1.659523316618410e-07,-6.603824454351405e-07,-1.041050613123332e-11,-7.646637974062244e-09,-1.056482517930663e-10,-8.524743338964682e-14,-2.824597249468392e-15,-1.228544300573312e-03,-8.721203122122519e-03,-1.088345445035805e-05,-2.492820817705341e-04,-1.611386530262291e-04,-2.387122553820253e-09,-5.693512979874601e-08,-2.819634033107472e-07,-1.137742547264164e-06,-4.885906414131739e-07,-5.097138177470033e-07,-1.353424099952704e-07,-8.704453824392999e-12,
-1.813775014877145e-01,-9.269318155703334e-01,-5.034782807479425e-01,-7.536444763995438e-04,-1.428693649836340e-01,4.983093260147594e-01,-3.508871523762834e-04,-4.794112575251397e+00,-3.135522945941230e-07,-3.060496648881113e-07,-9.349160872420722e-08,-5.758030209144728e-06,-1.865466090296801e-07,-3.362472744507282e-05,-4.170885749596927e-06,-1.217924280885255e-08,-9.187337483864986e-08,-6.329065095604689e-08,-5.824201558233929e+00,1.763464180331100e+00,-5.002157022644037e-08,-1.304379333127251e-06,-1.297867565148194e-06,-3.363586617050689e-05,-4.958646305752118e-07,-4.610962056549743e-09,-2.408445076280948e-07,3.867946763863749e-07,-8.508668640513659e-09,-6.551938172051280e-08,-3.140359630574016e-07,-2.886145657214530e-06,-1.164279429636370e-06,-1.016895027370257e-06,-2.231699102349762e-06,-1.417476933774208e-07,-3.798533637924524e-06,-2.210363382408226e-06,-8.459725852042493e-10,-7.472248493455661e-06,-4.329524561999611e-08,-2.240758462447446e-11,-1.863046348237582e-12,-1.486492378310941e-03,-1.090576810062249e-02,3.443093959766679e-07,-2.279047413417176e-02,-1.597744392920848e-02,-8.980972161688850e-08,-3.165935030844725e-06,-8.866048846648855e-07,-3.594401300085736e-05,-2.018519286771394e-05,-1.162293397753638e-05,-5.791048592044529e-06,-1.729594245603039e-11,
-3.448233591729592e-03,-2.882294297930290e-02,-8.560716073884114e-02,1.440502945474518e-06,-1.056057947823238e-02,1.009688052167011e-01,-6.424622104125401e-06,-3.259198590958315e-01,-8.108204307483194e-08,-2.892610960847169e-07,-2.487665587774913e-08,-1.078955386059275e-06,-2.524617266513750e-07,-6.522981645825501e-07,-1.520606455166034e-06,-3.512472593451656e-09,-1.304988365310552e-08,-1.190230171296599e-08,-4.649093808454118e-01,2.706297837173864e-01,-7.972328506156907e-08,-7.798217868292182e-06,-1.456958401644948e-07,-3.901622612264212e-06,-3.099321074024963e-08,-3.163694129098401e-10,-3.434899447442153e-06,-1.196349811277356e-06,-4.181701498917668e-10,-4.450159122610921e-09,-3.399511143148797e-08,-1.069699078042532e-07,-6.862095721972834e-09,-4.431841348432407e-08,-3.863540543396528e-08,-7.653337304952477e-10,-5.103160249921168e-08,-5.309493452915608e-07,-1.291888942467927e-12,-6.160898979405481e-10,-1.087710009172531e-10,-5.018803083370640e-14,-2.546933768696818e-15,-7.178143331422474e-04,-4.963009018224787e-03,-1.208314151309309e-05,-4.204703460639543e-05,-2.634819241385202e-05,-7.719519440856635e-10,-6.039481923914121e-09,-1.384853430866853e-07,-3.272868309804336e-07,-2.190584128915277e-07,-1.703764926222773e-07,-5.901614222229468e-08,-9.270778589254292e-12,

4,56
5.432426273181510e+00,3.202051929651942e+01,4.649872475032080e+01,7.320998623625051e+00,1.202969565430480e+01,3.099572494211786e+02,6.021995839140641e-01,6.359162166031523e-12,5.000860509157062e-01,1.229437290638582e+00,1.417876871238195e-01,2.406077555103539e+01,1.492602138400488e+01,1.853949846142199e+00,1.454097505236230e+01,4.661752475368358e-01,1.231083741388733e-01,2.854654861642197e+00,4.371260775011211e+02,2.878794258156451e+02,1.421975830042543e-01,4.973001983728462e+01,3.535675198724026e+00,2.726990442786759e+02,9.990258419030944e+00,2.449778136266560e+01,7.902053408025265e+00,3.281137004469121e+00,1.558691025195713e-02,3.567453789765100e+00,2.334253358558263e+00,8.969071035989828e-01,3.667969090630407e+00,1.971188652082282e+00,3.488242713850850e+00,2.027057316326615e-01,2.998308684365007e+01,1.167211669522186e+00,5.453807000703477e-01,7.666408045768509e+00,1.039643560514363e+00,3.179946412999532e-02,7.757326925086258e-04,7.699601009510747e-02,3.000853829315859e-01,2.189819660943805e+00,4.295040822350153e-01,6.364530743788942e-01,1.819254899579241e-01,1.455431247692708e+01,8.732441786555450e-01,5.599776899413714e-02,8.543626368416825e+01,1.309083764960411e+01,2.391899546870562e+01,6.659206519543659e-11,
-3.475707896782747e-03,-2.903521200289536e-02,-8.611082413499557e-02,7.500337043982254e-06,-1.063072617126614e-02,4.939200508045296e-01,-6.474529509397610e-06,-3.279145514489539e-01,-6.370025912579376e-08,-1.250644957344006e-07,-2.041096468708984e-08,-7.526968719680042e-08,1.491611164794791e-07,-6.511157419176419e-07,-8.582524750625541e-07,-1.444227658875558e-09,-1.044852888416825e-08,-3.534287722761099e-09,-4.676955659436746e-01,1.748898174764531e+00,-4.621253363636919e-08,-1.044525727562328e-06,-1.428094772605939e-07,-2.333462395875878e-06,5.975850797563395e-08,3.279795598095663e-10,4.888206024500397e-08,5.578201839805806e-07,5.034257773933887e-10,-4.364481463006407e-09,2.122297369074083e-08,7.643367646218994e-07,6.893209020639720e-08,1.513843419073271e-07,1.497358478675004e-07,4.335924992604616e-09,1.617097849701269e-07,6.459863081081305e-07,1.062127922865878e-11,7.954637780693581e-09,5.841509432228350e-11,-5.007596046155782e-14,-1.871226680674986e-15,-7.207277153261664e-04,-4.983760108273698e-03,1.593749217323221e-07,-4.248498424961601e-05,-2.662627353501471e-05,3.539089483435076e-10,6.129422371942830e-08,1.373111303701977e-07,1.165759186275943e-06,1.068320799796566e-06,1.030886764276062e-06,2.925657464563805e-07,9.517775456657773e-12,
-1.274210098716791e-02,-9.060649914732644e-02,-1.984014248741097e-01,1.369896481581528e-06,-3.026289457724856e-02,3.139614427683766e+00,-2.239716054987078e-05,-8.189172431829550e-01,6.468889804197372e-07,1.511160706863933e-06,1.632650700502746e-07,9.144519571371061e-06,8.477846237463471e-07,-2.211603397233524e-06,9.196648011149655e-06,2.382716674562856e-08,1.021570234400111e-07,7.863256658656281e-08,-1.100399806287192e+00,9.198219510759246e+00,4.862943971435072e-07,3.678699345394328e-05,1.072521183866262e-06,3.804497356515958e-05,6.965529365902060e-07,5.847014087222881e-09,1.255808861315010e-05,4.381203933469113e-06,7.548412782990005e-09,3.203863480998755e-08,2.221450116964142e-07,3.961961775252647e-06,2.100052975745580e-06,2.620906970730271e-06,5.007695172018430e-06,1.602781728948502e-07,3.522987716001752e-06,1.549781340914580e-06,9.229718348273055e-10,2.790866686523025e-06,3.270252802810375e-10,6.704641147937787e-12,1.520196451276762e-14,2.835097889158959e-03,2.082299386546577e-02,6.740959608637555e-05,-2.541084762521994e-04,-1.642119991522430e-04,1.393279072356479e-07,2.286314025627359e-06,3.442580907655746e-07,2.737513025108929e-05,2.394699970683967e-05,2.181679150916442e-05,6.632656644424642e-06,3.339062359941636e-11,
-1.931528748471557e-03,-1.184509428127193e-02,-3.546523309919949e-02,6.206924490939304e-06,-5.771299081315221e-03,1.754417878864833e-01,-1.984157499860912e-06,-1.492712994937077e-01,-4.271819391225936e-08,-1.814542808283770e-07,-1.658860399427354e-08,-5.506964643498629e-07,-9.352113794899593e-08,-2.211184910072389e-07,-1.016941576769033e-06,-2.134738190546066e-09,-7.853254087077286e-09,-7.017521917056554e-09,-1.648268508438621e-01,7.496015809658272e-01,-6.060028968103082e-08,-5.581036745031045e-06,-8.435187217257920e-08,-2.335270143277224e-06,2.700067414873364e-08,1.402403812137940e-10,-1.889748595250104e-06,-8.304282786853082e-07,1.398584110288626e-10,-2.083252364799765e-09,1.009861639806102e-08,4.525743220592699e-07,3.439940652438585e-08,1.701623450790528e-07,2.428017478878644e-07,2.604343316435082e-09,1.500986229564134e-07,8.840255356545028e-07,2.310951632036121e-12,1.716287427226233e-09,-9.362650698509325e-11,-2.275602056083749e-14,-1.503025157932642e-15,-4.432843197027839e-04,-3.023631561775827e-03,-1.090290194476574e-05,-1.225308019050816e-05,-7.534254422260815e-06,-2.553975602888800e-10,1.155718301061388e-08,1.154936641537525e-07,5.745387513153157e-07,1.088070430042984e-06,9.467354063658336e-07,2.904808556679416e-07,9.501510689347015e-12,

