1
0
63
1
(4 0
((0,0) (7,127) (0,0))
((0,256) (7,383) (0,0))
((0,128) (7,255) (0,0))
((0,384) (7,511) (0,0))
)
4
FabOnDisk: SD_0_New_MF_D_0003 0
FabOnDisk: SD_0_New_MF_D_0001 0
FabOnDisk: SD_0_New_MF_D_0002 0
FabOnDisk: SD_0_New_MF_D_0000 0

4,63
-7.411418754976235e-04,7.297786525265334e-01,1.603573712493530e-01,0.000000000000000e+00,2.313904740818669e-25,2.159553543950606e-18,6.334332760790027e-13,2.466807000279005e-08,2.474642984961104e-10,2.493794963302658e-13,3.262565264998890e-03,0.000000000000000e+00,0.000000000000000e+00,0.000000000000000e+00,1.208391395237214e-14,2.629037318497938e-12,1.104054770631798e-25,1.768257709693684e-13,1.037112477769443e-20,0.000000000000000e+00,1.743559566166823e-14,3.886771944938795e-11,8.319582476062563e-13,2.559743212400066e-37,1.312936322087248e-13,8.550612588352966e-30,1.115779716124035e-12,0.000000000000000e+00,1.897319073038155e-14,1.405580705261510e-31,3.991220512676091e-15,3.935934398310755e-23,2.434425035051395e-28,7.886893585019873e-16,0.000000000000000e+00,0.000000000000000e+00,0.000000000000000e+00,0.000000000000000e+00,0.000000000000000e+00,0.000000000000000e+00,0.000000000000000e+00,0.000000000000000e+00,0.000000000000000e+00,1.039988402602571e-18,1.040340728129517e-19,2.938372199310544e-21,2.835673193209542e-19,9.123499685174015e-20,3.700133706817892e-18,8.534961644891841e-19,1.537869871033679e-18,0.000000000000000e+00,0.000000000000000e+00,0.000000000000000e+00,0.000000000000000e+00,0.000000000000000e+00,0.000000000000000e+00,0.000000000000000e+00,1.150976864288231e-01,3.414093730065736e+03,0.000000000000000e+00,4.430000016799789e+02,9.710444068963308e+04,
-1.351487386194987e-07,4.153039171340103e+00,1.468944684462497e-01,7.151764281962294e-06,6.894308356254552e-05,5.045297371356763e-04,1.316401153417454e-07,6.093009839760356e-05,1.233294182498121e-02,1.447024238454354e-08,1.318365516125030e-03,8.206056329359419e-11,3.968697906593036e-10,3.458398624854532e-11,1.527932782122190e-09,3.850322408114046e-10,1.120951218733478e-09,2.375078549677944e-09,5.197085878102759e-12,1.775788828483289e-11,1.800303546060743e-11,3.771484875381189e-03,2.304608292636842e-02,1.293236433013395e-10,1.274404133829373e-08,1.662777444475644e-10,5.060356682870547e-09,7.073431118762189e-14,1.593895557734573e-15,4.235078894008502e-09,2.222081541061722e-09,8.568517181080549e-15,3.985043805775014e-12,3.852263558665834e-14,0.000000000000000e+00,0.000000000000000e+00,0.000000000000000e+00,0.000000000000000e+00,0.000000000000000e+00,0.000000000000000e+00,0.000000000000000e+00,0.000000000000000e+00,0.000000000000000e+00,1.427099322676084e-13,3.926693681070987e-17,2.454796119143811e-18,9.368061951524420e-07,6.395675975658148e-06,2.514203572896474e-08,2.815076986155698e-08,1.736803105443913e-08,7.271401709230846e-13,0.000000000000000e+00,0.000000000000000e+00,0.000000000000000e+00,0.000000000000000e+00,0.000000000000000e+00,0.000000000000000e+00,1.053561517536797e-01,7.947268672023312e+03,0.000000000000000e+00,2.292281695038742e+03,1.013249945326914e+05,
-1.511606438451159e-06,3.888399286518325e+00,1.490247506535934e-01,1.055379494579757e-05,1.013990258780950e-04,5.933871110043382e-04,1.296078970720606e-07,7.244246698560444e-05,1.220777853070623e-02,2.216675616399502e-08,1.642371108045421e-03,1.430357180384983e-10,3.391559986531518e-10,4.390537459938493e-11,1.152554065465041e-09,1.585655173803719e-10,1.940861876262513e-09,2.453364721913058e-09,4.503669798125906e-12,2.378128804885578e-11,1.686825579776548e-11,4.339753896742199e-03,2.237357731834907e-02,1.042474403946408e-10,8.689091564151794e-09,3.093879971823353e-10,5.940334698113536e-09,0.000000000000000e+00,0.000000000000000e+00,2.385164616899397e-09,9.718428854438285e-10,1.241129362730905e-14,8.933488478786087e-12,0.000000000000000e+00,0.000000000000000e+00,0.000000000000000e+00,0.000000000000000e+00,0.000000000000000e+00,0.000000000000000e+00,0.000000000000000e+00,0.000000000000000e+00,0.000000000000000e+00,0.000000000000000e+00,4.737822398226163e-14,8.845317627309900e-17,2.858164461956588e-18,1.590925546515484e-06,1.096537771957470e-05,1.486333565745236e-08,9.820118560130509e-08,6.200167589513370e-08,1.473789714614477e-12,0.000000000000000e+00,0.000000000000000e+00,0.000000000000000e+00,0.000000000000000e+00,0.000000000000000e+00,0.000000000000000e+00,1.068780113886761e-01,4.346415829393935e+03,0.000000000000000e+00,2.114738742195578e+03,1.013249191991664e+05,
-7.572579958845733e-08,4.221542990913597e+00,1.460466617836097e-01,6.076927821697018e-06,5.798143458835299e-05,4.681773265124667e-04,1.351032004530074e-07,5.694655935393584e-05,1.235269800377184e-02,1.202145357232167e-08,1.179228650198019e-03,5.071665267849237e-11,2.697509849987129e-10,2.276856382371274e-11,1.080873440875238e-09,2.971290960074863e-10,8.658726691264631e-10,1.615969098971729e-09,3.521039730905517e-12,1.162841854330321e-11,1.241074307135578e-11,3.565708118432051e-03,2.344794980005935e-02,8.685836067904815e-11,8.978914293721892e-09,9.905314463287102e-11,3.339195477176948e-09,3.210809542033361e-14,7.635103004164866e-16,2.977184412247693e-09,1.614620587150213e-09,4.025587761793491e-15,2.146040159967058e-12,0.000000000000000e+00,0.000000000000000e+00,0.000000000000000e+00,0.000000000000000e+00,0.000000000000000e+00,0.000000000000000e+00,0.000000000000000e+00,0.000000000000000e+00,0.000000000000000e+00,0.000000000000000e+00,7.746545624763027e-14,1.708559516082198e-17,1.178918709497931e-18,5.817871320923541e-07,3.956163108264419e-06,1.787778546812282e-08,1.304360990515288e-08,7.972328237571590e-09,4.195810729376290e-13,0.000000000000000e+00,0.000000000000000e+00,0.000000000000000e+00,0.000000000000000e+00,0.000000000000000e+00,0.000000000000000e+00,1.047450823770006e-01,7.943981312028186e+03,0.000000000000000e+00,2.331797073591696e+03,1.013249926599516e+05,

4,63
7.278760970776687e-04,3.882729764335383e+00,8.373328227251885e-01,4.953876718417496e-05,4.879557068231688e-04,9.729869314882265e-04,1.216254372165505e-04,4.163033959308172e-04,1.352929643591910e-02,1.982085499598105e-05,1.827792789105385e-01,1.205780425496914e-06,5.904469249729170e-06,6.694546028541230e-07,2.228961560713987e-04,2.625037782184390e-04,2.033333282223720e-05,4.911828845859220e-04,1.605907340586591e-05,9.397230242611329e-07,7.120413223315078e-05,1.367481302790145e-02,2.236127053413614e-02,6.486338145509216e-07,5.477065328892021e-04,2.095780971558392e-05,4.204818724740037e-03,9.838551826342496e-05,4.491522239986228e-04,3.020041890502870e-05,1.069612336575865e-04,1.368020805013416e-07,3.118916491179831e-05,3.931317364586996e-05,1.100382810685000e-05,5.330107131098659e-05,2.877533672181248e-05,3.790005490981543e-05,3.066239748247864e-06,6.159922322406821e-04,1.220213240443973e-05,4.335706482196752e-06,1.106762626011155e-04,1.363575671714995e-05,5.440172628795802e-07,1.220767144129785e-08,2.441889845248889e-06,1.725425670086972e-05,2.769478809746481e-05,1.227930683733404e-05,1.557698249901225e-05,1.663913817061405e-06,4.292352512852266e-04,1.070438395128161e-05,5.259455527836621e-02,1.541964129772576e-03,1.321422846226066e-04,4.200367734848273e-04,6.019589635760342e-01,7.067755880306888e+04,0.000000000000000e+00,2.110953049021229e+03,1.063450921095375e+05,
1.566197799264986e-07,4.221216075559927e+00,1.489977893203812e-01,1.050412521521381e-05,1.009708107588680e-04,5.923761925474794e-04,1.350834344369931e-07,7.227733447524046e-05,1.235341879863264e-02,2.206112379967434e-08,1.639146017866526e-03,1.423277547181147e-10,5.501705276764525e-10,5.200624912039898e-11,1.962114910867365e-09,4.145167846885497e-10,1.928142807189714e-09,3.323864139136950e-09,7.208681839059984e-12,2.695661686202613e-11,2.411328735806828e-11,4.331319247641073e-03,2.344595922165383e-02,1.819284149644080e-10,1.629461379269129e-08,3.077119595619326e-10,7.422268492622080e-09,4.657399846757024e-13,7.446654769547942e-15,5.302346973108263e-09,2.549175762461659e-09,2.791455632785859e-14,8.871971109943334e-12,3.871293227065309e-13,3.605609222407226e-12,1.475927479171130e-13,3.416233742442789e-13,5.467806849308706e-13,6.129476745389111e-15,3.259221821677807e-13,1.091040760433983e-12,5.616101649549353e-18,4.884265478221749e-15,1.879381503429718e-13,8.788441484617732e-17,4.399585851402149e-18,1.583933122431320e-06,1.091592831916500e-05,3.072917864758076e-08,9.690473189338707e-08,6.116577351446172e-08,1.465116677264326e-12,3.784376625553611e-14,1.008811102864188e-13,2.012102005878591e-12,1.872575443248569e-12,3.564091735020116e-12,5.012779242333836e-13,1.068592843433577e-01,8.046843175157648e+03,0.000000000000000e+00,2.331608543011550e+03,1.013250173704568e+05,
1.352108589454439e-06,4.152178620147919e+00,1.600986881135991e-01,3.173192054307184e-05,3.036900902803119e-04,8.831032481461493e-04,2.205000846027019e-07,1.119823643371375e-04,1.233205999660715e-02,8.588448697141046e-08,3.223512888387018e-03,2.046997413472324e-10,6.093272438832234e-10,6.289748670887687e-11,2.083923172017376e-09,4.099069215030531e-10,7.772356239347295e-09,3.767032632851785e-09,7.884872180073915e-12,3.282628349223164e-11,2.612663056387491e-11,6.017700971460056e-03,2.304183406767806e-02,2.014432679668976e-10,1.714443812157484e-08,5.137518181754197e-10,8.685096302606089e-09,1.909325176975615e-12,2.674433903856946e-14,5.379289678619356e-09,2.540793716623246e-09,2.098356375566386e-13,2.310714929344395e-11,2.727445827397025e-12,2.222906905559951e-11,6.610783941747514e-12,1.188232090455139e-11,2.428206831416711e-11,3.748062565132291e-13,8.893496554468247e-12,3.773572820665314e-12,2.651461729069851e-15,1.504716439845217e-11,3.007649382108499e-13,8.703615112144831e-16,2.303585635629134e-17,2.485946626504616e-06,1.755719868417084e-05,3.084514354402560e-08,2.325874327325830e-06,1.598062292016220e-06,3.794228955164910e-12,5.832914679139926e-12,4.448299358635565e-13,8.947154494516556e-11,1.299796091031950e-10,9.062131921879376e-11,3.556903456816321e-11,1.149061141431356e-01,8.042746825947639e+03,0.000000000000000e+00,2.291788710072532e+03,1.013250895550517e+05,
7.370385177074355e-08,4.249866684508241e+00,1.468845399791151e-01,7.138050073985914e-06,6.880507626231606e-05,5.040945017432278e-04,1.367813767114335e-07,6.088048530625647e-05,1.235336764323805e-02,1.443895706490020e-08,1.316726788153546e-03,8.173117628896786e-11,3.957185448781944e-10,3.447042226418311e-11,1.524178122969919e-09,3.844677760171822e-10,1.117754560911778e-09,2.368165816310181e-09,5.181840347139126e-12,1.769850092272287e-11,1.795403292203406e-11,3.769004748471751e-03,2.360989101075554e-02,1.289335624012373e-10,1.271253026277252e-08,1.655652398672230e-10,5.045306172678118e-09,1.271249762146388e-13,2.292790170259584e-15,4.224645729064204e-09,2.217518691994952e-09,8.612534605147766e-15,3.963361849387908e-12,1.032014731236601e-13,1.291848870530084e-12,6.601967974324024e-14,2.954115955165300e-13,4.179953027838196e-13,2.960704258655670e-15,1.620778733263854e-13,3.551955231380493e-13,3.110757514607066e-18,3.629840535431877e-15,1.421503084296958e-13,3.901105048389848e-17,2.441592845123743e-18,9.331181952282366e-07,6.370201873551069e-06,2.508304367295533e-08,2.794316605824567e-08,1.723804674220139e-08,7.236707135595255e-13,5.170667643725369e-14,7.806767215087757e-14,1.458902062131051e-12,5.178363646217414e-12,4.360448738901539e-12,1.388250091628084e-12,1.053490188150094e-01,7.992509945461686e+03,0.000000000000000e+00,2.347658852822029e+03,1.013250205352468e+05,

