1
0
63
1
(4 0
((0,0) (7,127) (0,0))
((0,256) (7,383) (0,0))
((0,128) (7,255) (0,0))
((0,384) (7,511) (0,0))
)
4
FabOnDisk: SD_0_Old_MF_D_0003 0
FabOnDisk: SD_0_Old_MF_D_0001 0
FabOnDisk: SD_0_Old_MF_D_0002 0
FabOnDisk: SD_0_Old_MF_D_0000 0

4,63
-8.271364505522491e-04,7.297032376610939e-01,1.603442313607970e-01,0.000000000000000e+00,2.346436883571149e-25,2.180417076624759e-18,6.398567035553313e-13,2.475804481128498e-08,2.496842544989703e-10,2.519236469724795e-13,3.256899902512669e-03,0.000000000000000e+00,0.000000000000000e+00,0.000000000000000e+00,1.219799134651693e-14,2.653764409096568e-12,1.124088629939070e-25,1.790067161922298e-13,1.063912976934496e-20,0.000000000000000e+00,1.765438306942311e-14,3.926239875007012e-11,8.423808181175398e-13,2.615274140223283e-37,1.328594707201177e-13,8.777196031870546e-30,1.129420507974133e-12,0.000000000000000e+00,2.076046240989674e-14,1.439097714951539e-31,4.047561093985315e-15,4.013413470815376e-23,2.498468967585649e-28,7.999193082052166e-16,0.000000000000000e+00,0.000000000000000e+00,0.000000000000000e+00,0.000000000000000e+00,0.000000000000000e+00,0.000000000000000e+00,0.000000000000000e+00,0.000000000000000e+00,0.000000000000000e+00,1.059217935990769e-18,1.059646133131744e-19,2.985998061509181e-21,2.888611559295444e-19,9.293970919746983e-20,3.769437809640652e-18,8.694961171651947e-19,1.566699344648790e-18,0.000000000000000e+00,0.000000000000000e+00,0.000000000000000e+00,0.000000000000000e+00,0.000000000000000e+00,0.000000000000000e+00,0.000000000000000e+00,1.150854185258611e-01,3.415384480685915e+03,0.000000000000000e+00,4.430000016904860e+02,9.773323604294717e+04,
-1.431299946653477e-07,4.145872453513317e+00,1.468955844221513e-01,7.153196763228816e-06,6.895746245555650e-05,5.045748605310426e-04,1.316908408174918e-07,6.093528728355834e-05,1.233365092582712e-02,1.447356775579543e-08,1.318538070194908e-03,8.208464666778240e-11,3.969397023351246e-10,3.459163267217031e-11,1.528130169552155e-09,3.850446669340085e-10,1.121266755886599e-09,2.375521270646364e-09,5.198004741424789e-12,1.776188884461816e-11,1.800601445589843e-11,3.771737835493483e-03,2.304554650357288e-02,1.293460025441527e-10,1.274562987539565e-08,1.663544363094387e-10,5.062605352731755e-09,7.702650333333653e-14,1.676834463894702e-15,4.235588260141872e-09,2.222260525308031e-09,8.426128574623013e-15,3.987125394478187e-12,3.069439406946815e-14,0.000000000000000e+00,0.000000000000000e+00,0.000000000000000e+00,0.000000000000000e+00,0.000000000000000e+00,0.000000000000000e+00,0.000000000000000e+00,0.000000000000000e+00,0.000000000000000e+00,1.427332443838669e-13,3.928425210642311e-17,2.455588162528029e-18,9.370766637929571e-07,6.397555439293605e-06,2.514508219989623e-08,2.816938837330808e-08,1.737973235698173e-08,7.273814108503282e-13,0.000000000000000e+00,0.000000000000000e+00,0.000000000000000e+00,0.000000000000000e+00,0.000000000000000e+00,0.000000000000000e+00,1.053569632627080e-01,7.946976792842886e+03,0.000000000000000e+00,2.292229585658013e+03,1.013249927266884e+05,
-9.509899976898248e-07,3.881141630171310e+00,1.490277333888247e-01,1.055440444317262e-05,1.014505382566600e-04,5.935319190185983e-04,1.296873631375039e-07,7.242824291500383e-05,1.220763624246217e-02,2.218098096422065e-08,1.643632123376761e-03,1.429573614053880e-10,3.396674494257560e-10,4.397603586969755e-11,1.154236492412384e-09,1.588911260225543e-10,1.940453635436735e-09,2.456386616961826e-09,4.509264280109077e-12,2.381710482229338e-11,1.688212741005577e-11,4.338421431868328e-03,2.237170035852458e-02,1.044342210986481e-10,8.702028726783590e-09,3.093838375710912e-10,5.946301074762426e-09,0.000000000000000e+00,3.870302159579864e-15,2.387090247345517e-09,9.720473462589317e-10,2.674495128816574e-14,8.939973784297334e-12,0.000000000000000e+00,0.000000000000000e+00,0.000000000000000e+00,0.000000000000000e+00,0.000000000000000e+00,0.000000000000000e+00,0.000000000000000e+00,0.000000000000000e+00,0.000000000000000e+00,0.000000000000000e+00,4.758181215955865e-14,8.838917514663870e-17,2.869981629233576e-18,1.591089220721959e-06,1.096660740703518e-05,1.486223873102585e-08,9.826054756427131e-08,6.204086034204620e-08,1.474610944390259e-12,0.000000000000000e+00,0.000000000000000e+00,0.000000000000000e+00,0.000000000000000e+00,0.000000000000000e+00,0.000000000000000e+00,1.068807284675478e-01,4.343919596795789e+03,0.000000000000000e+00,2.114864476019624e+03,1.013249311317974e+05,
-1.095107458503089e-07,4.214417273700933e+00,1.460473582964691e-01,6.077727957827455e-06,5.798963876209051e-05,4.682060128022385e-04,1.351006082971462e-07,5.694963441534391e-05,1.235270391592635e-02,1.202326701474171e-08,1.179337879984869e-03,5.073799652988675e-11,2.698437794385813e-10,2.277695021629214e-11,1.081208012088596e-09,2.972001376493238e-10,8.660514029349373e-10,1.616521860239005e-09,3.522260068351198e-12,1.163275799917632e-11,1.241488902452345e-11,3.565862355832284e-03,2.344774322750068e-02,8.688912220345472e-11,8.981741416732240e-09,9.909785570610225e-11,3.340424289577856e-09,0.000000000000000e+00,4.508210509509396e-16,2.978133465527796e-09,1.615095423972611e-09,3.383141295573407e-15,2.147191052467891e-12,0.000000000000000e+00,0.000000000000000e+00,0.000000000000000e+00,0.000000000000000e+00,0.000000000000000e+00,0.000000000000000e+00,0.000000000000000e+00,0.000000000000000e+00,0.000000000000000e+00,0.000000000000000e+00,7.750888897949472e-14,1.709823962936124e-17,1.179696154704674e-18,5.820294006731912e-07,3.957823535447714e-06,1.788328105531003e-08,1.305214409818607e-08,7.977606085813782e-09,4.197810932311807e-13,0.000000000000000e+00,0.000000000000000e+00,0.000000000000000e+00,0.000000000000000e+00,0.000000000000000e+00,0.000000000000000e+00,1.047455900478638e-01,7.943833590199315e+03,0.000000000000000e+00,2.331776054949703e+03,1.013249962952613e+05,

4,63
7.946435301898004e-04,3.875473177473002e+00,8.373328214448813e-01,4.916112617662943e-05,4.816255077679831e-04,9.728026952556519e-04,1.216341497545800e-04,4.164925524129928e-04,1.351707295997216e-02,1.982170248228551e-05,1.827792786114451e-01,1.202454685635662e-06,5.904386539651737e-06,6.694872342139748e-07,2.229351991594950e-04,2.626068279986838e-04,2.033615251664630e-05,4.912526896473878e-04,1.606415928782023e-05,9.402247877623683e-07,7.120547042927497e-05,1.367086126681440e-02,2.235936620807149e-02,6.493753755259071e-07,5.479729100789232e-04,2.096287323185242e-05,4.205487176584151e-03,9.837819677069022e-05,4.493010802709531e-04,3.018431297985490e-05,1.069427760522115e-04,1.368579653960277e-07,3.119199579612348e-05,3.931536847291833e-05,1.100477701600483e-05,5.331628130231823e-05,2.878213264744594e-05,3.790922088129248e-05,3.066506355119167e-06,6.160849953652055e-04,1.220689230371048e-05,4.338471472585161e-06,1.106588861163623e-04,1.365094517884734e-05,5.445046022550878e-07,1.221953981282489e-08,2.441912248559213e-06,1.725413689500700e-05,2.769937474177022e-05,1.227091908505701e-05,1.557301208486126e-05,1.664994513951621e-06,4.293283448204966e-04,1.070728102290496e-05,5.259455519443094e-02,1.542238065847696e-03,1.321867496260489e-04,4.201358141802979e-04,6.019589625861038e-01,7.069985337495321e+04,0.000000000000000e+00,2.111078841590714e+03,1.057448196342757e+05,
1.161866381208574e-07,4.214090096979555e+00,1.490007701397581e-01,1.050474333688818e-05,1.010210746469687e-04,5.925173625698691e-04,1.350808336793688e-07,7.226353432972792e-05,1.235344252414973e-02,2.207501622733648e-08,1.640375723985339e-03,1.422617148511759e-10,5.499181222051806e-10,5.198534047385612e-11,1.961048298268368e-09,4.144326689263269e-10,1.927778174506216e-09,3.322450484005632e-09,7.205957706481786e-12,2.694722126948799e-11,2.410529240281207e-11,4.330031374726794e-03,2.344575112988416e-02,1.818453302375567e-10,1.628620968433161e-08,3.077066478003542e-10,7.420235322891589e-09,4.435269466106813e-13,7.198515579867135e-15,5.300730854506475e-09,2.548632721572057e-09,2.781751335965076e-14,8.878498589721328e-12,3.770684658889864e-13,3.649038499955438e-12,1.390705651492447e-13,3.788953826381950e-13,6.825757515649786e-13,3.854095975861763e-15,2.160712622437443e-13,5.112002222992101e-13,4.095208126310904e-18,5.906128891812502e-15,1.877760618523782e-13,8.782529983785390e-17,4.395476782923848e-18,1.584106983320288e-06,1.091722699314785e-05,3.072589339183607e-08,9.696375308714191e-08,6.120469241324084e-08,1.465275209381995e-12,3.156172087204256e-14,8.289887635721166e-14,1.619665855716368e-12,2.733259316923251e-12,3.675460733050578e-12,7.148043475630028e-13,1.068619714965138e-01,8.044683059923202e+03,0.000000000000000e+00,2.331587434143416e+03,1.013250156469153e+05,
8.548204059342389e-07,4.145010862027908e+00,1.600855932130756e-01,3.175688514484313e-05,3.035102333807033e-04,8.829412658523478e-04,2.202540559391955e-07,1.121131821894681e-04,1.233279095623441e-02,8.581500961641855e-08,3.217828937764710e-03,2.050899592255762e-10,6.091998305737856e-10,6.322225412550253e-11,2.082668357092709e-09,4.095183923391966e-10,7.785522891888049e-09,3.781745017883337e-09,7.883195175484655e-12,3.309795645401784e-11,2.617897933978018e-11,6.024602606538311e-03,2.304125669277732e-02,2.013955099881934e-10,1.713217398678255e-08,5.132127815193333e-10,8.779019425809820e-09,1.541391179397148e-12,2.922250319314078e-14,5.376258171319666e-09,2.539922891105544e-09,2.092173388879587e-13,2.307365669649562e-11,2.711222816699807e-12,2.392014444460887e-11,8.469279278632598e-12,9.819119641339909e-12,1.706702618487378e-11,3.309209719511681e-13,6.907086601695174e-12,6.802047685441357e-12,3.381716100492855e-15,5.818200673316671e-12,3.051659487877490e-13,8.834393511242222e-16,2.342690295005168e-17,2.486361368847060e-06,1.755955151979083e-05,3.083584989618010e-08,2.324815336887853e-06,1.597241725355344e-06,3.808885503725007e-12,5.966989297597684e-12,5.235063469062501e-13,7.537452225476137e-11,9.314907130112159e-11,8.113658612920018e-11,2.569594379053065e-11,1.148938502814928e-01,8.041629966817618e+03,0.000000000000000e+00,2.291736224310328e+03,1.013250328510629e+05,
1.240251230643710e-07,4.242761365763730e+00,1.468856528905879e-01,7.139474839371204e-06,6.881938040179038e-05,5.041394535301201e-04,1.367796770446356e-07,6.088565129752790e-05,1.235338605684694e-02,1.444226321605201e-08,1.316898641557096e-03,8.175547160196492e-11,3.957907673481425e-10,3.447809048656470e-11,1.524392764984681e-09,3.844823465724061e-10,1.118066302760933e-09,2.368608288838531e-09,5.182813997855393e-12,1.770258710311244e-11,1.795716860521391e-11,3.769256730722813e-03,2.360977038846403e-02,1.289582008356222e-10,1.271429985208230e-08,1.656227416605780e-10,5.046472199546029e-09,1.272744708240426e-13,2.299948059725191e-15,4.225225203523002e-09,2.217731897669100e-09,8.618980523255327e-15,3.965202428920116e-12,1.030992197264357e-13,2.302286126788300e-12,8.261487983262557e-14,3.228730553382607e-13,3.365311966530850e-13,4.148560017752357e-15,2.413601276937329e-13,1.646990942106733e-12,3.817210985328793e-18,2.719190879189343e-15,1.421742640048113e-13,3.902841561570556e-17,2.442388452047972e-18,9.333887090337852e-07,6.372081304509922e-06,2.508612929151568e-08,2.796163973378338e-08,1.724965428597234e-08,7.239495072948349e-13,4.369978621269877e-14,3.738138353794117e-13,3.381074238354594e-12,2.473670382801792e-12,1.489542193136854e-12,6.721962227702021e-13,1.053498280641990e-01,7.992343173625977e+03,0.000000000000000e+00,2.347645664173026e+03,1.013250171286144e+05,

