1
0
56
1
(4 0
((0,0) (7,127) (0,0))
((0,256) (7,383) (0,0))
((0,128) (7,255) (0,0))
((0,384) (7,511) (0,0))
)
4
FabOnDisk: SD_5_New_MF_D_0003 0
FabOnDisk: SD_5_New_MF_D_0001 0
FabOnDisk: SD_5_New_MF_D_0002 0
FabOnDisk: SD_5_New_MF_D_0000 0

4,56
-7.361880419637142e+00,-1.797064044482182e+01,-2.655404254874429e+01,-5.948125134702976e+00,-8.433239219926904e+00,-8.063252262773101e+00,-9.658171876191914e-01,-6.163720780299878e+02,-2.093410737785151e-01,-7.012987296409109e-01,-7.683919773781964e-02,-1.322658499827960e+01,-1.195077260360758e+01,-1.429422102967367e+00,-1.005659100632585e+01,-4.440022794851035e-01,-6.820534964325937e-02,-2.743093600655112e+00,-1.353965527240021e+02,8.052603263203724e-22,-6.616275688126491e-02,-4.184707593445957e+01,-1.624492011918333e+00,-1.819323339609490e+02,-7.437179922611820e+00,-2.360035516783176e+01,-4.049145466074577e+00,-2.923907103961904e+00,-8.691717825582077e-03,-1.905909820181332e+00,-1.644050945471265e+00,-8.121697887354437e-01,-3.356386230477678e+00,-1.934178650926937e+00,-2.820707434123924e+00,-2.024244464192289e-01,-3.062275404143512e+01,-5.354533221832266e-01,-3.262652376636916e-01,-7.999161326000464e+00,-6.709372906828671e-01,-1.269871040436894e-02,-4.895604605703309e-04,-7.826665807549908e-02,-1.397820950729137e-01,-1.922707570578890e+00,-6.595641546922312e-02,-2.942342281333711e-01,-1.244373666914298e-01,-2.303324212820043e+01,-4.437820350549036e-01,-5.349123348599722e+02,-8.119334932270785e+01,-8.098753993086701e+00,-2.256151384075617e+01,-5.960032467555720e-11,
-1.272998798844769e-02,-9.023378411085177e-02,-1.973390796429323e-01,1.879835694616063e-06,-3.042663255707111e-02,1.776234773368499e-01,-2.231296438268688e-05,-8.166449828647613e-01,-1.178510165146544e-07,-2.410925724328945e-07,-2.777949719138205e-08,-9.243253461658266e-07,-1.033753088894457e-07,-2.234698852139907e-06,-1.478044931892509e-06,-3.417433203422088e-09,-1.544214818769681e-08,-1.105593074654518e-08,-1.093122599543200e+00,7.588321001320381e-01,-8.520699427634040e-08,-6.379997614891195e-06,-3.140940158669952e-07,-4.990447718226582e-06,-8.978332025236714e-08,-6.925802346347214e-10,-2.043739895185454e-06,-8.529716951521539e-07,-1.220017503599135e-09,-1.306374731563863e-08,-6.175908078384708e-08,-1.891627869340699e-07,-1.923706186206874e-08,-9.494654589245575e-08,-1.196546223206502e-07,-5.229382506472307e-09,-1.791470308919334e-07,-4.769496821704194e-07,-1.840789486939768e-11,-7.980326463472602e-09,-1.032990901138482e-10,-8.458630378814604e-14,-2.882918056742082e-15,-1.226965472880497e-03,-8.712846140003365e-03,-1.084732101911528e-05,-2.512150209502220e-04,-1.624624581063565e-04,-3.972201057831443e-09,-1.139579527131302e-07,-1.802408684492212e-07,-2.081109254479660e-06,-8.670852753091994e-07,-6.477383956897848e-07,-2.509461465276750e-07,-9.374029330544431e-12,
-1.815678893360804e-01,-9.283415411860374e-01,-5.091385035215052e-01,-7.495395200379591e-04,-1.416373766228382e-01,5.037385963701138e-01,-3.503500018313161e-04,-4.794963116144682e+00,-5.776347060300992e-07,-9.881910584415539e-07,-1.519680705228527e-07,-7.326724768221161e-06,-3.829087182087642e-07,-3.420439875080737e-05,-1.054598201000428e-05,-2.916339487525362e-08,-1.596351611708584e-07,-1.017420120237153e-07,-5.846034057008053e+00,1.765934094158944e+00,-9.261719393122084e-08,-4.352410575419479e-06,-1.699705332974199e-06,-4.236293337797922e-05,-7.187907378080983e-07,-6.175863129122968e-09,-1.903836165939122e-07,4.399781218974878e-07,-1.647405957441379e-08,-8.568847805779276e-08,-5.640022931732259e-07,-3.844379253452780e-06,-9.711189109915352e-07,-1.126430326069116e-06,-3.707697468864583e-06,-1.790754079547230e-07,-3.167537014231498e-06,-3.561715894542868e-06,-1.884773611673645e-09,-1.005598599147195e-05,-6.291169378697053e-08,-1.700668869686518e-10,-4.873066375418340e-12,-1.490473760361764e-03,-1.095728116019039e-02,4.484546908396380e-07,-2.272714703162965e-02,-1.592659515828408e-02,-1.008979337092009e-07,-2.413955601224853e-06,-4.802972097319343e-07,-2.343989533284535e-05,-2.223889119394234e-05,-1.137406738393767e-05,-6.179708230083610e-06,-5.205125219731599e-11,
-3.469853724915639e-03,-2.902980351976713e-02,-8.611293558760290e-02,1.448363354833830e-06,-1.062169128033894e-02,1.015866240192500e-01,-6.474635568964125e-06,-3.278883750556497e-01,-8.120666411231434e-08,-2.897138874628624e-07,-2.491753135876636e-08,-1.084393837233066e-06,-2.523061818961615e-07,-6.569919252004490e-07,-1.357190789072512e-06,-2.998968615696672e-09,-1.184131530896769e-08,-1.031903425249300e-08,-4.678923846657767e-01,2.724209478242117e-01,-8.251607746380019e-08,-7.805028460090354e-06,-1.470013678861754e-07,-4.053104340904338e-06,-3.845347783476284e-08,-3.630205626114430e-10,-3.434010081954556e-06,-1.197701055581417e-06,-4.015684417618352e-10,-4.481277691869636e-09,-2.147505814668667e-08,-1.027477736301159e-07,-4.476928376056507e-09,-2.618479862100503e-08,-2.658219364232362e-08,-9.009340327075578e-10,-5.614730399482815e-08,-4.618418407949214e-07,-1.538679189895663e-12,-5.458416079101535e-10,-1.110118109605464e-10,-5.033499654512401e-14,-2.547102604163033e-15,-7.197725558576551e-04,-4.977138951520063e-03,-1.210846350011716e-05,-4.242480255010937e-05,-2.658896873634943e-05,-7.531616205293264e-10,-7.811219353700529e-09,-1.598300683520808e-07,-3.832826227785468e-07,-1.535459995990145e-07,-1.401601030140250e-07,-4.022089012296258e-08,-1.024619278311434e-11,

4,56
5.453228139794329e+00,3.215437986829918e+01,4.563945229291219e+01,7.343921845670129e+00,1.207215336070934e+01,3.108170677910002e+02,6.004952260483013e-01,5.169074884922228e-12,5.047126364912414e-01,1.235037981640428e+00,1.421655512382797e-01,2.408730971014838e+01,1.496110301669870e+01,1.855367001209885e+00,1.462035314097870e+01,4.672463576580303e-01,1.236952292562510e-01,2.865365016440521e+00,4.380249729924263e+02,2.800977943953382e+02,1.424417967730435e-01,4.978546408802891e+01,3.552705627415467e+00,2.748631734643373e+02,1.021204647324702e+01,2.467822878040879e+01,7.916713577328743e+00,3.296185972288767e+00,1.564941873943205e-02,3.569885152820234e+00,2.356716376648839e+00,9.064289178867553e-01,3.671487579178340e+00,1.970788877490012e+00,3.494172333941318e+00,2.048439680901758e-01,3.032638777703571e+01,1.170512444533938e+00,5.493114471286955e-01,7.713715039160072e+00,1.046800674289421e+00,3.207446374051912e-02,7.830158127157009e-04,7.673970475412102e-02,2.735898469230818e-01,2.187377010934937e+00,4.318515819804823e-01,6.369723395230745e-01,1.830115951698801e-01,1.454327655906775e+01,8.774390108433248e-01,4.663964029479239e-02,8.546027070870345e+01,1.320021255369875e+01,2.391932738492400e+01,6.542322239511122e-11,
-3.497258852190923e-03,-2.924297571152610e-02,-8.661928930699993e-02,7.530430763911167e-06,-1.069174617343849e-02,4.990464216194153e-01,-6.525075675454407e-06,-3.298897007877141e-01,-6.527211359302790e-08,-1.220808003364697e-07,-2.062231147665435e-08,-2.558310905453881e-08,1.450780259989224e-07,-6.583689373660820e-07,-8.865517700011095e-07,-1.359520371480329e-09,-9.904551217674754e-09,-3.755056197529593e-09,-4.706978869231483e-01,1.751831193115278e+00,-4.456516828864617e-08,-1.008075796647392e-06,-1.442791000809450e-07,-5.747536091754931e-07,8.225873091634501e-08,7.704555315162424e-10,5.644845348261799e-08,5.748549212954839e-07,9.476212279294370e-10,-4.439162123999205e-09,4.691962263913250e-08,7.270205984832826e-07,4.578926755464893e-08,1.332190830165116e-07,1.564767132279418e-07,2.829009649754468e-09,1.377761348215327e-07,6.014614812151036e-07,9.626949865048432e-12,9.225130399894674e-09,5.913440688508369e-11,-5.027516551676226e-14,-1.835516480868730e-15,-7.226830904738248e-04,-4.997864255608380e-03,2.605638749481167e-07,-4.286532259569583e-05,-2.686849951072844e-05,7.308180644302697e-10,7.652519138754932e-08,1.459119139078613e-07,1.447716415742316e-06,7.355530634695602e-07,7.806835506571268e-07,1.960770606635068e-07,8.586964472812042e-12,
-1.288864206240771e-02,-9.123675485967314e-02,-1.988370877078412e-01,1.630456853246664e-06,-3.069897280874029e-02,3.132866351236685e+00,-2.258802273660088e-05,-8.235878019671945e-01,5.930725721234857e-07,1.556791718810430e-06,1.944393279308100e-07,1.020633543681917e-05,8.261998262825536e-07,-2.226232461914133e-06,9.676210057957751e-06,2.506986923217097e-08,1.167318914718379e-07,8.476404457133273e-08,-1.101989224620383e+00,9.232819393538453e+00,4.848615732389197e-07,3.654196242526531e-05,1.183234390845737e-06,3.983801953815351e-05,3.937047955824133e-07,3.639892053532126e-09,1.221283125563866e-05,4.384405577791125e-06,6.480537136728866e-09,3.646411250107201e-08,2.273672376684899e-07,4.112573177136780e-06,1.704815205776571e-06,2.495740466002868e-06,6.019114376961696e-06,1.490720984540726e-07,3.393620370179457e-06,2.134454939144712e-06,7.802867136272086e-10,6.211077910999427e-06,3.380177348827267e-10,1.922196644977206e-13,9.517070559783300e-15,2.811022135151133e-03,2.064720947788689e-02,6.728240206743419e-05,-2.560693294641429e-04,-1.654987225211922e-04,1.195224702420000e-07,2.229295200861209e-06,2.622822720633566e-07,2.745382970451827e-05,3.681492187993533e-05,1.877837855961748e-05,1.024202632624680e-05,5.865152807871254e-11,
-1.943792150166872e-03,-1.192884533965759e-02,-3.569356143681514e-02,6.233690858017215e-06,-5.816029626968046e-03,1.764632986646722e-01,-2.000335469506009e-06,-1.502868245827544e-01,-4.284856076784660e-08,-1.813610927013996e-07,-1.661596652016292e-08,-5.743574731906997e-07,-8.995689028505376e-08,-2.224828923275169e-07,-1.062779185292876e-06,-2.281587320441398e-09,-8.240293003470222e-09,-7.685945389195206e-09,-1.659380058106057e-01,7.543438056207328e-01,-6.070372712697318e-08,-5.610483755353179e-06,-8.468149712597797e-08,-2.400928648399552e-06,2.430502793795474e-08,1.355514179648266e-10,-1.893485897253416e-06,-8.294861965310572e-07,8.207279717497715e-11,-2.093620151678763e-09,5.675978971736239e-09,4.901190947358376e-07,2.386054849686414e-08,9.346950004498740e-08,9.298467603929462e-08,9.763853941636543e-10,6.137603445137823e-08,3.973804659330388e-07,2.012691094138232e-12,9.307325134416472e-10,-9.391312710191174e-11,-2.289863671881619e-14,-1.510745303918751e-15,-4.449842693740975e-04,-3.035413215384725e-03,-1.086757737508978e-05,-1.234519125998038e-05,-7.591883804509901e-06,-1.721903802676817e-10,1.633841489408124e-08,1.189064317560100e-07,5.499886764829342e-07,1.252780406569533e-06,1.021657238058042e-06,3.356108877862009e-07,9.403477996272613e-12,

