1
0
56
1
(4 0
((0,0) (7,127) (0,0))
((0,256) (7,383) (0,0))
((0,128) (7,255) (0,0))
((0,384) (7,511) (0,0))
)
4
FabOnDisk: SD_5_Old_MF_D_0003 0
FabOnDisk: SD_5_Old_MF_D_0001 0
FabOnDisk: SD_5_Old_MF_D_0002 0
FabOnDisk: SD_5_Old_MF_D_0000 0

4,56
-7.363965995288982e+00,-1.795511060145569e+01,-2.656175583321357e+01,-5.950050102428638e+00,-8.443001565013674e+00,-8.047085889183085e+00,-9.668039711181313e-01,-6.167666102251611e+02,-2.098517785686994e-01,-6.985772558567011e-01,-7.645028032760233e-02,-1.322985442069010e+01,-1.195299798674001e+01,-1.421388515293907e+00,-1.010190542324587e+01,-4.439904611512289e-01,-6.792453248172838e-02,-2.742969330929287e+00,-1.371161141190980e+02,8.073282778517550e-22,-6.629418650522498e-02,-4.194155926485452e+01,-1.624330267987172e+00,-1.820641475084235e+02,-7.442374718860928e+00,-2.361603189351978e+01,-4.034015020370645e+00,-2.929831161387324e+00,-8.691401640453499e-03,-1.906148897643161e+00,-1.644898202689994e+00,-8.109543932902026e-01,-3.358452966419870e+00,-1.935977596012585e+00,-2.821334815174091e+00,-2.024970191087504e-01,-3.064198104758657e+01,-5.359440895190801e-01,-3.265273062514992e-01,-7.987448031321529e+00,-6.736034141028525e-01,-1.284798974818652e-02,-4.879432441586409e-04,-7.835476591867790e-02,-1.397455611527247e-01,-1.924022510413028e+00,-6.599668218805430e-02,-2.932376025852751e-01,-1.244898035664559e-01,-2.302677200337317e+01,-4.437047230945569e-01,-5.354749818542247e+02,-8.126268180924677e+01,-8.107299062677127e+00,-2.257970715264101e+01,-5.968558980384842e-11,
-1.274396528145151e-02,-9.030944485836337e-02,-1.974136530769867e-01,1.908049975930610e-06,-3.045833482095612e-02,1.777414191112019e-01,-2.233348062680778e-05,-8.170948927763058e-01,-1.180654459444382e-07,-2.357439273065277e-07,-2.879388071851978e-08,-8.914722230543601e-07,-1.003540165489821e-07,-2.237302279522633e-06,-1.449945224485833e-06,-3.335472173752195e-09,-1.575364054816838e-08,-1.072938349917495e-08,-1.093472310668649e+00,7.593655940173289e-01,-8.332823786726382e-08,-6.203370273153636e-06,-3.150578892881796e-07,-5.121703718859955e-06,-7.769546583413174e-08,-6.129378901301453e-10,-2.007493580626963e-06,-8.404664995301870e-07,-1.246941541579531e-09,-1.315210448538826e-08,-7.161993964696217e-08,-1.651704706404288e-07,-1.984270255314185e-08,-8.004715655935765e-08,-1.401277696614730e-07,-7.050227737913751e-09,-1.691380780229277e-07,-4.707194331472851e-07,-2.283234892703724e-11,-9.237132699985142e-09,-1.039313778770735e-10,-8.463955641077622e-14,-2.833162081908441e-15,-1.226817594055873e-03,-8.712088823293872e-03,-1.084328567328574e-05,-2.514327668551394e-04,-1.626135610309185e-04,-3.306580369029133e-09,-1.156305007701651e-07,-1.481041348671558e-07,-1.969500991219926e-06,-1.029498391345593e-06,-5.909980703659425e-07,-3.004328932465063e-07,-8.719414079649823e-12,
-1.815880525995765e-01,-9.284573277821778e-01,-5.098384093875082e-01,-7.489452131337889e-04,-1.414788074424846e-01,5.041949875605934e-01,-3.502492200129277e-04,-4.794492162154019e+00,-3.327945429170147e-07,-1.672505108919301e-07,-8.369761207117447e-08,-7.659809908159421e-06,-3.396924954915018e-07,-3.433380502800700e-05,-9.372587064597108e-06,-2.044254294538065e-08,-1.234819645995114e-07,-9.630651203612894e-08,-5.847737997623551e+00,1.766401075080529e+00,-5.080319302747431e-08,-1.435619537920784e-06,-1.551611234185096e-06,-3.548017624278422e-05,-6.651706968919644e-07,-5.612866736199477e-09,-1.113560015548775e-07,4.958260068853785e-07,-1.118819336494943e-08,-7.599322877596343e-08,-3.392717853228443e-07,-2.660220777679330e-06,-9.312654837203510e-07,-1.241698955129355e-06,-3.155903057498162e-06,-2.420315258133956e-07,-4.219727359437293e-06,-4.212824296125395e-06,-2.322871739033621e-09,-1.196216610894203e-05,-6.390032182311782e-08,-1.794185479097534e-10,-5.054773085940027e-12,-1.490730971820065e-03,-1.096015706149785e-02,4.609274730164590e-07,-2.271747627837588e-02,-1.591905849382850e-02,-1.294273651701590e-07,-3.006529621376093e-06,-5.525455781929231e-07,-2.777372771366047e-05,-1.984566354058118e-05,-1.066733246441127e-05,-5.708702557846289e-06,-3.203748377700322e-11,
-3.472355598339884e-03,-2.905269053232968e-02,-8.616880506276554e-02,1.449231415780554e-06,-1.062870636876534e-02,1.016561988567321e-01,-6.480111410350058e-06,-3.281072147048321e-01,-8.123175654982107e-08,-2.897996396719552e-07,-2.492095711515685e-08,-1.085115058903500e-06,-2.523815381436811e-07,-6.575409139300261e-07,-1.358397785888477e-06,-3.032128758332313e-09,-1.191240250837269e-08,-1.032794875292517e-08,-4.682194399190762e-01,2.726236675061168e-01,-7.858708860842206e-08,-7.806015687247409e-06,-1.473194182857787e-07,-3.889011079123717e-06,-4.819145991204215e-08,-4.058933894227198e-10,-3.434036900149434e-06,-1.197837622382078e-06,-3.586989316702497e-10,-4.491834257702104e-09,-1.967198505424847e-08,-1.079597059025857e-07,-5.782985294757517e-09,-3.455241685793969e-08,-3.537988157041745e-08,-1.088798916451772e-09,-6.353396533244391e-08,-5.122742952485669e-07,-1.676123040649630e-12,-5.069064827931096e-10,-1.075696327173858e-10,-5.036548537533098e-14,-2.548369376937100e-15,-7.199895197431153e-04,-4.978705884108880e-03,-1.211129773988384e-05,-4.246693144606107e-05,-2.661586206561553e-05,-7.622969627397022e-10,-7.460028880087024e-09,-1.838092861889884e-07,-4.020850485755979e-07,-1.923003851778224e-07,-2.333094249698261e-07,-5.325526613381476e-08,-8.155642827745169e-12,

4,56
5.437256804489746e+00,3.180984089424372e+01,4.546616537704304e+01,7.346602071879600e+00,1.207703331833856e+01,3.109214984190285e+02,6.002601378321990e-01,1.049693743927251e-11,5.050829678035182e-01,1.235925739374845e+00,1.422699103468145e-01,2.408877482387464e+01,1.496485292385629e+01,1.855401550327529e+00,1.462987443951834e+01,4.673454643124809e-01,1.237637875783320e-01,2.866621969356389e+00,4.381085755792025e+02,2.815667471046617e+02,1.424888647240823e-01,4.978837550505601e+01,3.554798402339431e+00,2.751245977856613e+02,1.024023926144035e+01,2.470022907518995e+01,7.916918960585849e+00,3.297966116915383e+00,1.565696028272049e-02,3.570052029027219e+00,2.359491087951602e+00,9.076876947184849e-01,3.671759239204341e+00,1.970589836297040e+00,3.494695587590734e+00,2.051177859903007e-01,3.036923358896302e+01,1.170809988234430e+00,5.497994267203470e-01,7.719227569323434e+00,1.047367435371928e+00,3.210722237624134e-02,7.838803036219931e-04,7.670067868640806e-02,2.815147945769538e-01,2.186863352559121e+00,4.321730814378377e-01,6.370108251163036e-01,1.831486930935453e-01,1.454141924026375e+01,8.778471394271357e-01,4.513410766082906e-02,8.545808043507932e+01,1.321348814102615e+01,2.391785163864935e+01,6.081535275370697e-11,
-3.499843337555406e-03,-2.926663182130380e-02,-8.667588919275326e-02,7.532058115592805e-06,-1.069879803892836e-02,4.994935655877455e-01,-6.530479678456577e-06,-3.301142541495576e-01,-6.534646648535626e-08,-1.227887948904030e-07,-2.089940832007483e-08,-4.108060373358745e-08,1.468781966745266e-07,-6.583241010529929e-07,-8.730266942058754e-07,-1.383991819924488e-09,-1.014058331722346e-08,-3.848314821212695e-09,-4.710330301438015e-01,1.752378946528202e+00,-4.490418377095621e-08,-9.559936410828101e-07,-1.428545909271535e-07,-1.122262880371088e-06,8.361345041794325e-08,6.290350006088045e-10,4.639081150511037e-08,5.726353778125537e-07,8.886395369124900e-10,-4.423196917097754e-09,4.279535579769396e-08,6.963155087520964e-07,4.431613502632423e-08,1.840622722733725e-07,2.399454193952483e-07,2.401315415917625e-09,1.226476212294053e-07,6.127813241075464e-07,9.371804998394349e-12,8.337694588436292e-09,5.927707162370511e-11,-5.040844365490435e-14,-1.831697452319011e-15,-7.229032279461493e-04,-4.999461488244955e-03,2.723419546479851e-07,-4.290963111628531e-05,-2.689665134294039e-05,6.025688916134859e-10,7.761473469173112e-08,1.514694774275666e-07,1.560730240968380e-06,5.818349234044684e-07,7.563637045183085e-07,1.513365791221207e-07,9.760803276748220e-12,
-1.290291537519215e-02,-9.130880701739626e-02,-1.988997894280923e-01,1.661449090085098e-06,-3.073207279764407e-02,3.132010903012018e+00,-2.260754945689202e-05,-8.240326163147159e-01,5.980459980767305e-07,1.552523486766613e-06,2.016246471274784e-07,1.105985211476138e-05,7.736150038971493e-07,-2.232794800574654e-06,9.363328858287595e-06,2.567219066545372e-08,1.251823262875329e-07,8.742534594094553e-08,-1.102286721745805e+00,9.235531563730351e+00,4.864630607068099e-07,3.673090682292230e-05,1.284728715817441e-06,4.283919716876488e-05,5.996833267127627e-07,4.338918819471448e-09,1.218828727558957e-05,4.362457641945066e-06,8.202906267922188e-09,3.455636769945137e-08,2.794997094400838e-07,5.020596483216386e-06,2.103797291316901e-06,2.383032865973764e-06,6.033749307014736e-06,1.837185917955571e-07,3.662743884719682e-06,1.480444446408387e-06,1.089728718870869e-09,5.556489919036562e-06,3.438469932495010e-10,1.680224276326990e-13,8.790812230981021e-15,2.807639238525250e-03,2.062263914218589e-02,6.725496261404050e-05,-2.562777152771381e-04,-1.656359331119704e-04,1.511817260381082e-07,3.326683892863242e-06,2.882144100195345e-07,3.598239235139964e-05,3.444947365976641e-05,2.054113363043824e-05,9.606655771981567e-06,6.732148172261532e-11,
-1.945160407862617e-03,-1.193804729855861e-02,-3.571789020925165e-02,6.236436656748133e-06,-5.820873477245653e-03,1.765794618322099e-01,-2.002064249995226e-06,-1.504013289602772e-01,-4.286226945089634e-08,-1.849977325812855e-07,-1.661894593316345e-08,-5.544800996564878e-07,-9.351301948943512e-08,-2.226319130498831e-07,-1.025294821173737e-06,-2.138192882572075e-09,-7.906568834972295e-09,-7.040724407534912e-09,-1.660637798879075e-01,7.548638587666116e-01,-6.071526668398432e-08,-5.532775763012924e-06,-8.472124818679179e-08,-2.386418745671523e-06,2.323740373013635e-08,1.310862250758407e-10,-1.874514777138546e-06,-8.277272449893871e-07,6.480582895049655e-11,-2.094989021255186e-09,6.180374969469302e-09,5.357175971744120e-07,2.526832280883240e-08,8.981726072012468e-08,1.276278285016619e-07,1.429187593632820e-09,7.276825755106546e-08,4.670527655836655e-07,2.099976777981864e-12,1.054550148078405e-09,-9.393481985285562e-11,-2.291434060976269e-14,-1.511602126659988e-15,-4.451758167244644e-04,-3.036740093980186e-03,-1.086361674921237e-05,-1.235546151814357e-05,-7.598299035654348e-06,-3.292474704290380e-10,1.360057412693067e-08,1.186903368297322e-07,1.051678886985313e-06,9.632768314624140e-07,6.074674171422447e-07,2.632957954487951e-07,9.038519932502709e-12,

