1
0
63
1
(4 0
((0,176) (15,223) (0,0))
((0,288) (15,343) (0,0))
((0,224) (15,287) (0,0))
((0,344) (15,407) (0,0))
)
4
FabOnDisk: SD_0_Old_MF_D_0003 0
FabOnDisk: SD_0_Old_MF_D_0001 0
FabOnDisk: SD_0_Old_MF_D_0002 0
FabOnDisk: SD_0_Old_MF_D_0000 0

4,63
-5.307976744962912e-03,1.814177862325146e+00,1.641300488555375e-01,1.003015251299259e-06,9.672505629869900e-07,2.215048308596201e-05,3.101496935139027e-07,1.406521534048056e-04,1.143314154446887e-02,1.287655186638676e-07,3.556009416891184e-03,1.308286061093923e-10,2.171947384459800e-10,3.193173881723894e-11,7.821735949250282e-10,1.382647029884040e-10,1.405022736338794e-08,1.742356925299880e-09,2.928574223315163e-12,1.779787736213906e-11,1.235710561479313e-11,7.448707859483341e-03,3.785498175475221e-03,6.998275699830960e-11,5.678827664879267e-09,3.199066760720919e-10,3.411261815072796e-09,1.473447849097700e-12,8.864422816197454e-14,1.332669308896790e-09,5.392128454659899e-10,2.459033509842916e-13,1.605224263125658e-11,3.579295270112102e-12,1.030285104790597e-13,3.756440276881800e-14,1.485461967033390e-14,9.441535367601442e-16,1.449331944091165e-15,2.826130078913607e-14,0.000000000000000e+00,0.000000000000000e+00,6.835355745401765e-15,1.531024696416005e-09,8.920494089537838e-12,2.047319443472436e-13,5.784496003049507e-07,5.385202461276188e-07,3.659684877674905e-09,3.611632547175780e-06,4.044730659295952e-06,2.780521999144922e-12,0.000000000000000e+00,0.000000000000000e+00,0.000000000000000e+00,0.000000000000000e+00,0.000000000000000e+00,0.000000000000000e+00,1.178172928018497e-01,3.191073132382436e+03,0.000000000000000e+00,9.998426911571265e+02,1.009830162319725e+05,
-7.444476324843711e-06,4.098364409359785e+00,1.532238728449977e-01,1.901443523897982e-05,1.725744088661419e-04,7.280442622002131e-04,1.401465448853979e-07,9.536761385671630e-05,1.220944272920526e-02,4.158369052959151e-08,2.126781916284297e-03,2.127905691388520e-10,4.801254539396646e-10,5.785984248753510e-11,1.593195641477156e-09,2.353467643535188e-10,4.280513682641239e-09,3.204033705587101e-09,6.184804234742491e-12,3.058744239084237e-11,2.133426918359420e-11,5.444486276444289e-03,2.237429435501437e-02,1.547860651150488e-10,1.248548045377502e-08,4.997405757642937e-10,7.623786282223959e-09,7.853515970530096e-13,1.394121110744704e-14,3.459135927801131e-09,1.360579171861443e-09,9.689411079336544e-14,1.728390405226451e-11,1.196425526134570e-12,4.044875049944185e-14,9.134439557985879e-15,4.908033975499519e-15,4.159751041719821e-15,0.000000000000000e+00,0.000000000000000e+00,0.000000000000000e+00,0.000000000000000e+00,3.431429329615885e-16,6.347935159466464e-14,1.227923567861722e-16,3.609410466093370e-18,2.351880982824218e-06,1.645613569333905e-05,2.000683712708698e-08,4.955710197409202e-07,3.257377272161961e-07,2.853514759643873e-12,3.191429036310552e-15,0.000000000000000e+00,0.000000000000000e+00,0.000000000000000e+00,0.000000000000000e+00,0.000000000000000e+00,1.097840840697963e-01,5.570097729713946e+03,0.000000000000000e+00,2.166515902173682e+03,1.013248956426379e+05,
-5.626279444149379e-04,3.894209849000942e+00,1.564933009142484e-01,2.671248946632893e-05,2.370043544183678e-04,8.155961016583418e-04,1.691706873406186e-07,1.104254659650187e-04,1.221909380368035e-02,6.189603713429236e-08,2.534940182212866e-03,1.311469000208163e-10,2.191615236450943e-10,3.209186039651534e-11,7.906076877894291e-10,1.234356407622053e-10,6.547245947475382e-09,1.745533051383071e-09,2.948941895505507e-12,1.786373058214095e-11,1.235563749568582e-11,6.049887715959981e-03,2.110530249020216e-02,6.865845729611212e-11,5.725334286057648e-09,3.795336485243822e-10,4.030849673906208e-09,1.133040769848955e-12,1.997034071057362e-14,1.348742515835123e-09,5.566838062086123e-10,1.631522570675123e-13,1.746272744048822e-11,2.074443405666244e-12,0.000000000000000e+00,0.000000000000000e+00,0.000000000000000e+00,0.000000000000000e+00,0.000000000000000e+00,0.000000000000000e+00,0.000000000000000e+00,0.000000000000000e+00,0.000000000000000e+00,4.695220986741021e-14,1.136584498410767e-16,3.113631297201631e-18,1.990414088397713e-06,1.388037963557309e-05,7.987291433312412e-09,1.234610838705821e-06,8.325212550117725e-07,3.589311835548669e-12,0.000000000000000e+00,0.000000000000000e+00,0.000000000000000e+00,0.000000000000000e+00,0.000000000000000e+00,0.000000000000000e+00,1.121092831573134e-01,3.113570738836288e+03,0.000000000000000e+00,2.046301486445840e+03,1.013248941828017e+05,
1.047921724634458e-05,4.182861886328985e+00,1.508602821748125e-01,1.438914602209800e-05,1.362012936691512e-04,6.668170399828089e-04,1.335079069708860e-07,8.322394587804299e-05,1.223501118929698e-02,3.121798340426167e-08,1.924227519300616e-03,1.812755714623882e-10,5.827973811610706e-10,5.938388779387603e-11,1.942294685512834e-09,3.197678226760883e-10,2.927612616643058e-09,3.594710083184364e-09,7.513900934510603e-12,3.097811886162505e-11,2.500397110128535e-11,4.846644368369738e-03,2.260222159623631e-02,1.915895174348990e-10,1.571061415871039e-08,4.137525177867457e-10,8.266922192350213e-09,5.091637371641038e-13,9.313193293534010e-15,4.651593989918291e-09,1.928454606658709e-09,5.746029930941742e-14,1.350778702274924e-11,6.877037742483537e-13,3.064677726889645e-15,0.000000000000000e+00,0.000000000000000e+00,0.000000000000000e+00,0.000000000000000e+00,0.000000000000000e+00,0.000000000000000e+00,0.000000000000000e+00,0.000000000000000e+00,1.230805931674118e-13,1.161519118253591e-16,4.847535179578907e-18,2.014691924081648e-06,1.400051161610367e-05,2.644744339513829e-08,2.340441422922149e-07,1.508947633021497e-07,2.151418790434441e-12,1.445735031190985e-15,0.000000000000000e+00,0.000000000000000e+00,0.000000000000000e+00,0.000000000000000e+00,0.000000000000000e+00,1.081760550218758e-01,6.770883712473271e+03,0.000000000000000e+00,2.219447000385728e+03,1.011457378727716e+05,

4,63
5.286372310038809e-03,3.889428055414515e+00,3.524167106217329e-01,5.225898304711224e-05,4.488978227718419e-04,9.690932182716026e-04,1.199816276228351e-04,4.084525225663906e-04,1.352864908211583e-02,1.700801140908813e-05,5.720172986432023e-02,1.380886004400226e-06,6.351636389783730e-06,7.185882771227654e-07,2.376488247600865e-04,2.977142049686284e-04,2.075662792657236e-05,5.059966611454577e-04,1.380173543094306e-05,1.018649008137774e-06,7.828893365032817e-05,1.390471490763805e-02,2.103547901413936e-02,7.477814697255029e-07,5.843481610890846e-04,2.141551116031245e-05,4.275490719625258e-03,1.087974403843735e-04,5.100261136295678e-04,3.064847870488096e-05,1.012398436228597e-04,1.455348843162209e-07,3.046201409032852e-05,4.097200998857550e-05,1.104494507986007e-05,5.449123663251114e-05,2.917413469293980e-05,3.812946264333674e-05,3.288252264163681e-06,6.458969456290505e-04,1.326224518077574e-05,5.109349946477644e-06,1.116508391495763e-04,1.483487540399453e-05,5.730535295180496e-07,1.339660477643092e-08,1.962620382400022e-06,1.367973052895559e-05,2.822993376189943e-05,1.180012990269255e-05,1.444162622455956e-05,1.843010214770706e-06,4.576491141330783e-04,1.254748492900239e-05,1.413356817254459e-02,1.562940208822570e-03,1.350015105084573e-04,4.281308344434261e-04,2.465130673278311e-01,7.233427477715022e+04,0.000000000000000e+00,2.043313769637522e+03,1.016998878065478e+05,
9.018400808591920e-06,4.181712093238889e+00,1.564165487957099e-01,2.651790497779882e-05,2.353507067338070e-04,8.135713282750853e-04,1.682315332524287e-07,1.100895094364900e-04,1.223394572846446e-02,6.134400149114115e-08,2.524281847947504e-03,2.191341108843937e-10,5.821171812042304e-10,6.351866109517093e-11,1.939492147700114e-09,3.187451350215109e-10,6.489995852460657e-09,3.682587486080944e-09,7.503880001708355e-12,3.326081896257987e-11,2.497808527891807e-11,6.038334855256830e-03,2.259969958712093e-02,1.913309137702943e-10,1.568263372569728e-08,5.384113607681270e-10,8.586744816321257e-09,1.126973151217336e-12,1.984967403345724e-14,4.638449888118802e-09,1.920891700578962e-09,1.616113925494991e-13,2.070360239921383e-11,2.053642557713307e-12,9.733035792744519e-14,2.226729162555186e-14,1.953346884756370e-14,3.782685714245067e-14,1.374975461239858e-15,2.235244494340897e-14,3.664880064145715e-15,3.659210229417703e-18,4.846078385078681e-15,1.222700041906142e-13,1.386093691349002e-16,4.939498421194791e-18,2.536530607547148e-06,1.787786186129896e-05,2.637234177986842e-08,1.210846174359882e-06,8.160678669441888e-07,3.576423941795320e-12,1.970888310695400e-14,1.285040107154631e-15,9.374338831021334e-15,1.369194082035865e-13,1.062704204761396e-13,3.863780047912673e-14,1.120534576381359e-01,6.749412047277779e+03,0.000000000000000e+00,2.218732488964149e+03,1.013250054202773e+05,
-8.403812265578824e-06,4.096322616859005e+00,1.639392014794828e-01,4.672857522953941e-05,3.927544348921948e-04,9.556434142702489e-04,3.052817607240880e-07,1.402097447578448e-04,1.268595678914090e-02,1.269034460632164e-07,3.524617787379602e-03,2.122849522036907e-10,4.770348372017182e-10,5.762599046300525e-11,1.583447991279160e-09,2.334491031588732e-10,1.379949359822552e-08,3.188201330321143e-09,6.146413434448001e-12,3.047366226444387e-11,2.122654596292490e-11,7.391262861502270e-03,2.236758061195605e-02,1.536953854716909e-10,1.239756302375282e-08,5.379902134459420e-10,7.589098973751926e-09,1.516506998457803e-12,7.345687117148941e-14,3.429733375359784e-09,1.348322611701500e-09,2.457571166649348e-13,2.132282385916860e-11,3.553070632736271e-12,6.387685855673385e-14,2.952337564540483e-14,2.130942091318780e-14,9.800856926902072e-14,6.723113837969146e-15,1.250118768286395e-13,1.628648506348896e-15,5.987479917456107e-17,4.016804714703262e-14,1.140343443402017e-09,6.497643587616557e-12,1.499922076370845e-13,2.538121743637625e-06,1.789956880509071e-05,1.985048755797930e-08,5.692782529386657e-06,3.933515835628205e-06,4.021298706127856e-12,8.240420324652764e-14,9.227066485123919e-16,6.756498002939496e-14,6.860302096683243e-13,1.889518333674046e-13,1.959232872312551e-13,1.176707549384533e-01,5.548376243958129e+03,0.000000000000000e+00,2.165270732485832e+03,1.013253877884660e+05,
1.435254752737178e-02,4.250770328547603e+00,1.531808789926954e-01,1.891892796333335e-05,1.718124785216149e-04,7.268881071988797e-04,1.399247750440798e-07,9.514542892984233e-05,1.232333404416919e-02,4.135777957332925e-08,2.122360050098950e-03,2.127962706728767e-10,5.906780922520350e-10,6.349253414920816e-11,1.993128633997231e-09,3.619049260290394e-10,4.252102131420388e-09,3.697149357064451e-09,7.659642384144939e-12,3.323219110363446e-11,2.534651766556010e-11,5.434109811667280e-03,2.278226736802409e-02,1.949371888918041e-10,1.635095825853209e-08,4.984731623558137e-10,8.594897450985508e-09,7.817415141803071e-13,1.386025597076635e-14,5.125197399331615e-09,2.267066781202574e-09,9.605826261977707e-14,1.721882738061969e-11,1.185865984795218e-12,5.588553942023196e-13,6.468103846816633e-14,9.336179658744601e-14,1.720918165952624e-13,9.917164641429250e-16,2.301995499694787e-14,4.930519989651321e-15,1.830664116583505e-18,7.738129717599639e-15,1.574411949609383e-13,1.373337265912264e-16,5.015936955245264e-18,2.346760294740137e-06,1.641824010560276e-05,2.941001421467684e-08,4.888369584200418e-07,3.211918258983323e-07,2.840953488581922e-12,6.033497812614091e-14,7.411552876616082e-16,1.338236568729353e-12,1.515081578395434e-12,1.027811632352114e-12,4.184116003599940e-13,1.097545741738594e-01,7.777065302304326e+03,0.000000000000000e+00,2.254539338671831e+03,1.014767127408091e+05,

