1
0
56
1
(4 0
((0,176) (15,223) (0,0))
((0,288) (15,343) (0,0))
((0,224) (15,287) (0,0))
((0,344) (15,407) (0,0))
)
4
FabOnDisk: SD_5_New_MF_D_0003 0
FabOnDisk: SD_5_New_MF_D_0001 0
FabOnDisk: SD_5_New_MF_D_0002 0
FabOnDisk: SD_5_New_MF_D_0000 0

4,56
-8.247941969110858e+00,-1.704322964150263e+01,-2.764849668931721e+01,-6.264421118239053e+00,-9.798305887062309e+00,-8.147067329073881e+00,-1.084895385483281e+00,-6.499778556429960e+02,-2.533190056881437e-01,-7.678194773970377e-01,-8.907802532792587e-02,-1.431293071862539e+01,-1.409144673545674e+01,-1.474436749704362e+00,-1.026873548939983e+01,-5.000399912777009e-01,-7.621733254323354e-02,-3.247612447450025e+00,-1.362512159183655e+02,4.213762893178548e+00,-8.551210282165564e-02,-4.627644964789348e+01,-1.853773595342894e+00,-1.972418684918800e+02,-8.468104281342219e+00,-2.737761760495324e+01,-4.377566800668863e+00,-2.928153570035487e+00,-1.039140752209144e-02,-1.970283504450119e+00,-1.784186029205388e+00,-8.516314532793244e-01,-3.692680378793187e+00,-2.142924548568921e+00,-3.102326844651676e+00,-2.334954913973473e-01,-3.328157571847686e+01,-9.269413333885859e-01,-3.974191839885803e-01,-8.295885723062346e+00,-7.825577650478417e-01,-1.491832257894055e-02,-5.691525490958900e-04,-8.307262910389333e-02,-1.502998411972676e-01,-2.055161454886422e+00,-6.862345503051971e-02,-3.048778696728622e-01,-1.499043072715778e-01,-2.530667727194914e+01,-7.709024362979655e-01,-5.854297733080840e+02,-8.964626078202669e+01,-9.248749163416829e+00,-2.477466517589840e+01,-2.436206791855966e-10,
-1.248567642843016e-01,-6.115042591109127e-01,-5.191348458890260e-01,-3.367176641752067e-04,-1.302423862434338e-01,1.416889355953726e+00,-1.984379092843469e-04,-3.151214750187975e+00,2.032434198807514e-09,5.648623844999790e-07,2.598242666319458e-08,1.645558760632537e-06,5.363031234526763e-07,-2.114836334108672e-05,2.377639482271855e-06,6.683534139558139e-09,1.019384570486835e-08,1.879863012716579e-08,-3.375954242693588e+00,3.983362505521858e+00,1.874350630606441e-07,1.752036707011610e-05,-3.193757383064507e-07,3.996175560050040e-06,-1.419594433584488e-07,-2.105795266830513e-10,7.025035748425741e-06,3.299649625994144e-06,-6.117375604318017e-10,-2.318117158374721e-08,-1.082030050692317e-08,-1.542453707211342e-08,-7.185412754018433e-09,-1.318966445417886e-08,-2.480001671970375e-08,-3.534454706574639e-09,-7.383458644918281e-08,-1.241576087657003e-06,-3.014214923639482e-11,-5.345203435049598e-09,3.347240182349086e-10,2.557042395739072e-14,6.250128406026459e-15,-1.350537292488116e-03,-1.022106814131204e-02,3.305397158510389e-05,-9.261420558685481e-03,-6.429734885170207e-03,-6.146879339082488e-09,-8.909162219327004e-08,-3.574352023796321e-07,-1.818552619806795e-06,-1.092122972930113e-07,-5.420966879532435e-08,-3.122315342771947e-08,-1.990646536498275e-11,
-2.175441387883748e-01,-1.315701940000725e+00,-5.315011891743507e-01,-2.246787804211712e-03,-1.722146362933379e-01,-1.347253780220101e+00,-7.372577038366738e-04,-1.463614180028367e+01,-4.384598403974765e-06,-3.856924924637821e-06,-5.379902646857059e-07,-1.567022869544136e-05,-2.147032126186013e-05,-1.196504441368401e-04,-2.651666737725510e-05,-3.552317644760934e-08,-2.098514467507873e-07,-2.354003976679552e-07,-2.955462706896172e+01,5.400784522234802e+00,-2.624873176929112e-06,-6.705255301110420e-05,1.964817631541858e-07,1.292744612984570e-05,-2.646590482684858e-07,-2.476065278229325e-07,-2.585327752861901e-05,-4.547004205047440e-07,-8.014284820684215e-10,-9.128750587420917e-09,-3.043991254559505e-08,-4.244233714969733e-08,-4.060582803403904e-08,-3.768278936996743e-08,-8.425566534910001e-08,-3.276157057817697e-09,-2.838833807604968e-07,-2.761996593875102e-07,-2.031252969854371e-10,-6.494610990872669e-08,-3.213629225400299e-04,-2.073566770141907e-06,-4.627056907175519e-08,-8.868597364812113e-06,-6.831106479179058e-04,5.396604329693778e-05,-6.312682048485210e-02,-4.454810920844200e-02,-5.849504907754638e-09,-4.463121454148815e-07,-6.497418371458209e-08,-8.056049692062153e-06,-1.069463302069207e-06,-3.280160156024190e-07,-3.086278336701609e-07,-2.752575944953151e-11,
-5.596619760040572e-02,-3.206622115462771e-01,-4.223238312804624e-01,-3.254509063364153e-04,-7.467777285921021e-02,8.398982349829769e-01,-5.980640033013298e-04,-1.989506913555662e+00,-5.724590416763719e-07,-9.599023882827906e-06,-1.286423051785274e-05,-3.480038507334083e-06,2.016029060892092e-07,-2.607203942181642e-05,-5.864187608666216e-06,-1.823647899632777e-08,-1.708068623277629e-07,-3.132225666261974e-08,-2.488800355941454e+00,2.828387925769235e+00,-8.692602497472359e-08,-1.568345370704149e-06,-2.432184941764775e-06,-6.727731367616673e-06,-5.436690007378558e-07,-1.119313406572339e-09,-3.742641934649937e-06,4.980308843346879e-07,-1.216345307583777e-09,-5.613229054339907e-08,-4.588542773219439e-08,-6.831521223995582e-08,-2.073874757314171e-08,-4.444756240354112e-08,-9.333364342025027e-08,-2.390913477886976e-09,-9.812579056328868e-08,-8.729199204626598e-07,-6.997610084935989e-12,-4.790953505236973e-09,2.050958988923240e-10,-7.692650455987397e-13,-4.700938658403219e-15,-1.540790856886780e-03,-1.083098945322797e-02,-2.829979521219306e-06,-2.551941412829322e-03,-1.728775328702554e-03,-1.024696489135720e-08,-2.074090844588446e-08,-2.726409977545015e-07,-7.003937847575401e-07,-4.765201521752318e-07,-2.816159753017748e-07,-1.333459100370976e-07,-2.035910329212243e-11,

4,56
5.995574676555487e+00,3.154180829477425e+01,4.627374027672595e+01,7.626781670715833e+00,1.259241936319495e+01,3.320033723168894e+02,6.202525797362366e-01,-1.554333841633556e+01,6.054228096626849e-01,1.362389049809682e+00,1.609758570765216e-01,2.676420075081015e+01,1.718963616125288e+01,2.093424152363173e+00,1.612470261596526e+01,1.501721953395856e-01,1.456633775941108e-01,3.109233706220878e+00,4.649671474172324e+02,2.845123914971766e+02,1.818817735825418e-01,5.660999435553885e+01,3.934260452120261e+00,2.952706541817382e+02,1.290924624500644e+01,2.904644640171574e+01,8.310354745850731e+00,3.422384842202777e+00,1.763480477239774e-02,3.685031721019725e+00,2.652179340748119e+00,1.013433265278498e+00,3.962915607235425e+00,2.240186214713943e+00,3.822838740915474e+00,2.055828688238388e-01,3.419615169102827e+01,1.289008256758082e+00,6.173304393295354e-01,8.205612476907941e+00,1.232945964999192e+00,3.539522120002028e-02,8.993713765505446e-04,7.882316225357659e-02,2.966073952227421e-01,2.462285172327879e+00,4.614195362264018e-01,6.374883390583946e-01,1.902100039180900e-01,1.607869357809248e+01,1.456991977256354e+00,6.626987770686654e-05,8.922564885028001e+01,1.431140870256295e+01,2.505879630805388e+01,1.797797466451811e-10,
-5.666465844726805e-02,-3.238723440059032e-01,-4.243022906099335e-01,-1.092023793540513e-04,-7.515075926557990e-02,2.571368416590522e+00,-9.254518748409941e-05,-2.002272223089334e+00,2.885869333887819e-07,1.162071810758624e-06,9.730865104421433e-08,3.704581456645767e-06,6.283610599305861e-07,-1.004283794388776e-05,5.802194926822926e-06,1.421430684300227e-08,4.562613004839407e-08,3.896103180504067e-08,-2.501911409568158e+00,5.358790457172282e+00,3.926189880246095e-07,3.055031889878075e-05,1.842443221694038e-07,1.307607388251102e-05,1.589044607154641e-07,2.354750783442372e-10,1.056834007259281e-05,4.090159584732882e-06,-2.475905291966279e-10,-9.569364796986960e-09,-2.250446427039601e-10,1.247440628854118e-08,1.274527677960362e-08,2.611150890097388e-08,5.754695931653689e-08,1.822020119715938e-09,3.396207066157431e-08,1.491203351463217e-06,1.286643859648952e-11,8.359656328565714e-09,3.684309580798304e-10,2.070177543594132e-13,1.105121564324027e-14,-6.296369612088975e-05,-1.081973366640946e-03,5.346460956141893e-05,-2.601692189023974e-03,-1.763269945216302e-03,-2.889575493509978e-09,4.674242419006509e-08,3.051823996794742e-07,9.531553938342689e-07,3.935779698772236e-08,8.424077137771715e-08,1.114518028897075e-08,2.005023924667171e-11,
-4.911652582422319e-02,-6.197107203868784e-01,2.119258883183846e-01,-3.447656062883578e-04,1.905150613140772e-01,3.615022375302596e+00,-2.019072320277263e-04,-3.186886850687275e+00,1.023149841376085e-06,2.061831564414094e-06,2.500409639413398e-07,6.454130413828118e-06,8.213683890365827e-07,-2.150328306487920e-05,1.269030922835057e-05,2.580402565854084e-08,1.290660587686266e-07,8.045957106950631e-08,-3.402715062986336e+00,4.647440380016828e+01,6.570660478132387e-07,5.124041980595375e-05,2.994607312680019e-06,3.883483172325536e-05,2.500305421326697e-07,3.739268987234097e-10,1.418296790525705e-05,5.038233939745223e-06,2.057209630690482e-09,9.165327858320571e-08,4.836317888418611e-08,3.155025402575215e-08,5.790857877340145e-08,7.706042005410966e-08,2.090947348707593e-07,2.419888659425210e-09,7.315812812361858e-08,2.748938451944763e-07,8.217296767296938e-11,7.070032674764363e-08,3.308436824859721e-10,2.072855055068229e-13,1.097837531143705e-14,1.160695317432375e-02,8.291417767156574e-02,7.966277654773639e-05,-9.523353496969172e-03,-6.614437768002615e-03,1.709876462056692e-08,1.801605463524130e-07,8.077158302509231e-08,3.608760482434605e-06,4.401159295481107e-07,6.671273816863727e-07,1.255447131070058e-07,2.712718938369107e-11,
-1.713319201825669e-02,-1.249702529103185e-01,-2.366761190469955e-01,3.226315380400089e-04,-4.119285662379157e-02,1.405318514701638e+00,4.175743994884892e-04,-1.344499181760450e+00,5.135097648577378e-07,8.833047710245704e-06,1.437545432285149e-05,4.520578001437934e-06,6.634648359240548e-07,1.125606044030854e-05,6.534922945691771e-06,2.005323265719103e-08,1.444520032894145e-07,5.549553758368751e-08,-1.771747341759941e+00,3.962658608346941e+00,2.216890763699174e-07,1.736963699496195e-05,1.976252807935468e-06,4.687744180649097e-06,4.581384113910968e-07,1.021970174666926e-09,1.065067309515495e-05,4.827228818966288e-06,2.665108542531080e-10,1.437781992718590e-09,1.323529775382224e-08,1.026010079683834e-07,3.147535392427300e-08,4.984060656700561e-08,9.682747748305357e-08,1.230474457796066e-09,1.378114121795672e-07,1.284040293391317e-06,9.520430639370682e-12,4.230677595870185e-09,3.579931324926202e-10,5.519787736978002e-13,6.165597101520812e-15,-9.545905609933810e-04,-9.963995037893775e-03,4.843110050371216e-05,-8.959430571434692e-04,-3.588961582821499e-04,7.392397262172699e-09,5.072358639610679e-08,3.096022536061594e-07,1.529525629752258e-06,5.996651171509944e-07,5.733583190882969e-07,1.635895236198630e-07,2.663114173628855e-11,

