1
0
56
1
(4 0
((0,176) (15,223) (0,0))
((0,288) (15,343) (0,0))
((0,224) (15,287) (0,0))
((0,344) (15,407) (0,0))
)
4
FabOnDisk: SD_5_Old_MF_D_0003 0
FabOnDisk: SD_5_Old_MF_D_0001 0
FabOnDisk: SD_5_Old_MF_D_0002 0
FabOnDisk: SD_5_Old_MF_D_0000 0

4,56
-8.282400608377658e+00,-1.703341487424628e+01,-2.759319246049535e+01,-6.266255113973104e+00,-9.828415550012547e+00,-8.120638030548630e+00,-1.084181297851855e+00,-6.503671480953641e+02,-2.537465497623972e-01,-7.682325171098658e-01,-8.913393718384119e-02,-1.432563101301225e+01,-1.412039104734713e+01,-1.474793858151940e+00,-1.026848518066839e+01,-5.012814894288528e-01,-7.628431294073040e-02,-3.250843846602858e+00,-1.362439000687932e+02,4.151285950100924e+00,-8.555454862833207e-02,-4.629632166255406e+01,-1.855020560631889e+00,-1.973444654831315e+02,-8.392178842132305e+00,-2.740972898546491e+01,-4.375688036003722e+00,-2.925733880905057e+00,-1.041188580858674e-02,-1.970414614376764e+00,-1.786082419694390e+00,-8.509532285330440e-01,-3.693035812112753e+00,-2.142978488673653e+00,-3.102089026103037e+00,-2.339283326102315e-01,-3.329493623485501e+01,-6.937449877346840e-01,-3.923765363251498e-01,-8.296173900421246e+00,-7.827473066292706e-01,-1.494108942962890e-02,-5.695909713832579e-04,-8.301139569984316e-02,-1.500071642175914e-01,-2.055369419991867e+00,-6.886694975529863e-02,-3.049960960423616e-01,-1.499221259053808e-01,-2.532456096581141e+01,-5.428998440375107e-01,-5.874570930198395e+02,-8.970239059946091e+01,-9.253075144301381e+00,-2.478955641032240e+01,-2.706743718050575e-10,
-1.250493938437662e-01,-6.109419113170121e-01,-5.183055706756542e-01,-3.360216439684516e-04,-1.295696000375575e-01,1.416568839186592e+00,-1.980301944718272e-04,-3.144973410980074e+00,1.677698212270698e-09,5.651136935559636e-07,2.580011896932489e-08,1.632251518789486e-06,5.365503876501509e-07,-2.110735571206073e-05,2.377554536821612e-06,6.682962466798815e-09,1.013210353866298e-08,1.881029004938259e-08,-3.370006653203174e+00,3.986538162692175e+00,1.874671327098403e-07,1.752968412800016e-05,-3.201310305207408e-07,3.987590508770213e-06,-1.483254511801743e-07,-2.160584840258627e-10,7.024943618103438e-06,3.301813211661260e-06,-6.181343074138664e-10,-2.321490031065231e-08,-1.116098443438759e-08,-1.767601733583548e-08,-7.708913897069046e-09,-1.011087447019325e-08,-1.927455987089506e-08,-4.470391477630003e-09,-8.901895010748423e-08,-1.260942348120049e-06,-3.414989362541860e-11,-6.061361476957510e-09,3.333420989485556e-10,2.580876416467057e-14,6.261554824017180e-15,-1.350313774162185e-03,-1.021936905623288e-02,3.307982129373312e-05,-9.247453047641019e-03,-6.420382127468397e-03,-6.323657190391969e-09,-1.032033488480224e-07,-3.721377928199629e-07,-2.041714732469536e-06,-1.402350051957015e-07,-6.793353692289615e-08,-4.075950428099572e-08,-1.988217923631908e-11,
-2.180331656532657e-01,-1.317364612660268e+00,-5.296412720607829e-01,-2.250024073093254e-03,-1.727218638171586e-01,-1.320124899675165e+00,-7.390703573524483e-04,-1.464699526266730e+01,-4.767681122895154e-06,-4.058610176057186e-06,-5.855009262871647e-07,-1.489590567432542e-05,-2.104621494199454e-05,-1.201871252314154e-04,-2.741594795650631e-05,-4.047460803792769e-08,-2.356861568724656e-07,-2.246470325307259e-07,-2.954050824827143e+01,5.390431874870680e+00,-2.651880441318967e-06,-6.579679976790761e-05,1.955978547050479e-07,1.288542430352125e-05,-2.795040822608315e-07,-2.243891605551780e-07,-2.660469375385109e-05,-4.636636895877478e-07,-8.246732380906485e-10,-9.131247996775566e-09,-3.085564218026881e-08,-5.083616615105242e-08,-6.172168537266069e-08,-5.812839302929856e-08,-7.869631395555134e-08,-2.370995152758507e-09,-3.598874634187830e-07,-2.861937524925634e-07,-8.845703239659601e-10,-9.358372786188877e-08,-3.195615105862061e-04,-2.064633571849073e-06,-4.605212676916659e-08,-1.190528643302464e-05,-7.088657793530321e-04,5.381309733325755e-05,-6.336184164908677e-02,-4.470350438532914e-02,-5.856663292193327e-09,-5.310492169578439e-07,-6.620647089285721e-08,-9.124674790090905e-06,-1.540835871653381e-06,-5.832298036474170e-07,-4.422572508705723e-07,-2.751221472863108e-11,
-5.590846271096334e-02,-3.206022353649458e-01,-4.495289728257386e-01,-4.272712221532419e-04,-7.470871525557642e-02,9.039056714720415e-01,-6.287725675707834e-04,-1.990444298937491e+00,-6.660517674976241e-07,-9.808973979048316e-06,-1.314331695658110e-05,-3.652551410320858e-06,2.199254551304224e-07,-2.792041924166329e-05,-4.640773307134736e-06,-1.940012053023488e-08,-1.761356532664202e-07,-4.110768769889616e-08,-2.490735480969733e+00,2.830809026929527e+00,-6.666737214239399e-08,1.173128632892146e-06,-2.602535688898705e-06,-8.682140762733439e-06,-6.086441780710071e-07,-1.167927750159979e-09,-2.150175461657453e-06,9.252288763548291e-07,-5.860493040227241e-10,-6.245495863400144e-08,-2.559316109729534e-08,-3.149024467961236e-08,-3.043700787231850e-08,-5.734151280812282e-08,-8.735653222712706e-08,-1.889179974500290e-09,-1.135544607213495e-07,-9.153529532320635e-07,-8.246518579584829e-12,-5.436877759432490e-09,1.919827066845487e-10,-8.599763905194252e-13,-3.369835713495956e-15,-1.585062962644593e-03,-1.082605996174893e-02,7.039914194356153e-06,-2.551583920324252e-03,-1.728507727576950e-03,-1.230121276361819e-08,-2.217594700315092e-08,-2.825468536920527e-07,-7.159365605846237e-07,-3.487387377595014e-07,-3.472539199199307e-07,-9.708792425390264e-08,-3.866057474155582e-11,

4,56
6.007412918979754e+00,3.150574616090582e+01,4.627023609339979e+01,7.560599424330466e+00,1.258899629218026e+01,3.323534358744121e+02,6.156719316652848e-01,-1.555361296657852e+01,6.062415043061999e-01,1.363174244518749e+00,1.611255717186673e-01,2.694333718870681e+01,1.722138503555031e+01,2.113646590940354e+00,1.599881449022917e+01,1.545422132198368e-01,1.460725342813639e-01,3.086673597173854e+00,4.651621942565218e+02,2.845256333085532e+02,1.819948164160788e-01,5.665541287912870e+01,3.942364835526666e+00,2.960098899540283e+02,1.383698424836703e+01,2.899420634297992e+01,8.311197404965229e+00,3.388999497872183e+00,1.776228923408134e-02,3.650342417104833e+00,2.650904735178208e+00,1.014013226660021e+00,3.962995508972129e+00,2.239934842596460e+00,3.815906045336077e+00,2.105723284210235e-01,3.434534081414709e+01,2.220816258218765e+00,6.769789364747901e-01,8.207053266567097e+00,1.234256534266348e+00,3.577463222469787e-02,8.999411279733023e-04,7.855698435483553e-02,2.968100649108714e-01,2.459911215944806e+00,4.613594013385724e-01,6.368246233829588e-01,2.043758310299547e-01,1.631260806163163e+01,2.511671375236756e+00,1.430578274525765e-04,8.979434066109680e+01,1.433727075729016e+01,2.521709576873805e+01,1.877065169963998e-10,
-5.660378089576789e-02,-3.238044010196914e-01,-4.243107939347122e-01,-1.092194031305887e-04,-7.517532505329737e-02,2.566640323859466e+00,-9.255950431171316e-05,-2.003198548133749e+00,2.895449500982444e-07,1.160865103737976e-06,9.726224683636205e-08,3.704992273442847e-06,6.271085194356103e-07,-1.004378804130639e-05,5.787971781042582e-06,1.418077218500484e-08,4.550829392591659e-08,3.881308584719920e-08,-2.503938058026528e+00,5.349465701420126e+00,3.919848204982859e-07,3.047048680978523e-05,1.836029252619884e-07,1.304689949309141e-05,1.624295934795875e-07,2.596686382498988e-10,1.055791965287865e-05,4.079609096664690e-06,-2.386166233910583e-10,-9.565820691210076e-09,1.259712726185808e-09,2.725015432066752e-08,2.186693155776916e-08,3.682646099323077e-08,6.576156014893785e-08,1.961217209329814e-09,3.509679942857258e-08,1.541118378051783e-06,1.270312033753014e-11,9.510183807119344e-09,3.690022810281755e-10,2.045511671684347e-13,1.097271301345019e-14,-6.613198297452912e-05,-1.107485953487343e-03,5.331618953350842e-05,-2.601325744083890e-03,-1.762987158213994e-03,-2.613052993796428e-09,5.193248411741397e-08,3.153178162887922e-07,9.328069333693839e-07,5.690955848859804e-08,1.882089104786770e-07,1.616737486455142e-08,1.810107619348855e-11,
-4.939241373191269e-02,-6.191477465849105e-01,2.094393525977664e-01,-3.440623364511436e-04,1.879098551590949e-01,3.629302298258281e+00,-2.014939575853781e-04,-3.180392015362577e+00,1.023130704949244e-06,2.064783880878309e-06,2.508885944414824e-07,6.483487244924522e-06,8.221441523581412e-07,-2.146085853516203e-05,1.267044912958205e-05,2.586600881639582e-08,1.290150152834443e-07,8.010756396592306e-08,-3.396113375843367e+00,4.645221009534298e+01,6.579429328261831e-07,5.131717869231605e-05,3.018030168258172e-06,3.982271274520692e-05,2.524360077482778e-07,4.009094174228645e-10,1.418743191219749e-05,5.038989382183218e-06,2.237531268149144e-09,9.111114738551469e-08,5.462073963140905e-08,2.241026840268703e-08,9.293889218533743e-08,1.001572347472293e-07,2.165991996426866e-07,2.760364160918856e-09,7.670571886381567e-08,2.826487575821682e-07,1.640968032067452e-11,8.674013570428421e-08,3.293153972315217e-10,2.045408769945437e-13,1.088357463493173e-14,1.165434031798824e-02,8.324854840937664e-02,7.986998926816704e-05,-9.509237591546297e-03,-6.605034729054565e-03,1.873057133534869e-08,1.763509765125544e-07,8.328126362254582e-08,3.642458131769974e-06,5.463413055782407e-07,8.089291450709171e-07,1.542707367573540e-07,2.808397958631303e-11,
-1.588965646101821e-02,-1.899178049092077e-01,-2.632490083708404e-01,4.381813644339285e-04,-5.429643881301030e-02,1.405085183114477e+00,4.274505692081447e-04,-1.348370315742505e+00,6.990766223295332e-07,8.991264894962699e-06,1.462268597779619e-05,4.518099629017798e-06,5.364280368506805e-07,1.183479098991402e-05,3.485104082163616e-06,1.984890289216604e-08,1.459667260140461e-07,5.216724368189947e-08,-1.773232399892354e+00,3.965689899256466e+00,2.257531403793692e-07,1.737556129901169e-05,2.241253982419094e-06,4.707086928284956e-06,4.748230580675364e-07,1.018799704524711e-09,7.234750107158696e-06,3.797376546362560e-06,3.530202726925638e-10,1.022527141289668e-08,1.480594718285580e-08,9.012541456500937e-08,2.355012675510708e-08,3.502172623660094e-08,6.096219159537299e-08,2.023671056294362e-09,1.944918244848446e-07,1.450862685199976e-06,1.317523357303153e-11,3.050634213289086e-09,3.584059208484234e-10,5.793446279815972e-13,6.177620564628435e-15,-8.749789775392661e-04,-9.893842000722235e-03,4.555728159945354e-05,-8.814124085449048e-04,-3.270562683776856e-04,2.902280388350700e-09,4.695948914885294e-08,3.167139229848381e-07,1.462089999208273e-06,4.531994395934298e-07,4.617747061764692e-07,1.265083496583244e-07,3.610756138527904e-11,

