1
0
63
1
(4 0
((0,0) (15,255) (0,0))
((0,768) (15,1023) (0,0))
((0,512) (15,767) (0,0))
((0,256) (15,511) (0,0))
)
4
FabOnDisk: SD_0_Old_MF_D_0003 0
FabOnDisk: SD_0_Old_MF_D_0000 0
FabOnDisk: SD_0_Old_MF_D_0001 0
FabOnDisk: SD_0_Old_MF_D_0002 0

4,63
-2.232762704333293e-02,1.761508296756679e+00,1.496193550863459e-01,1.145141255333954e-24,4.055570266343594e-23,4.161971984891981e-18,9.799462245527830e-13,1.722051902460209e-08,3.295243419014961e-10,3.888159492182762e-13,2.841951717692433e-03,0.000000000000000e+00,3.739786356523387e-30,2.515617421630153e-31,1.706872803453879e-14,0.000000000000000e+00,7.052373562024392e-25,3.607924996166432e-13,4.891719381933584e-19,1.885020263760845e-31,3.652733938806750e-14,6.023297303337228e-11,1.738535853328187e-12,9.951675850470680e-37,2.546440433805600e-13,4.598313290121677e-29,0.000000000000000e+00,0.000000000000000e+00,0.000000000000000e+00,1.279105038023024e-30,1.009910027721697e-14,0.000000000000000e+00,4.851646708660154e-27,0.000000000000000e+00,0.000000000000000e+00,0.000000000000000e+00,0.000000000000000e+00,0.000000000000000e+00,0.000000000000000e+00,0.000000000000000e+00,0.000000000000000e+00,0.000000000000000e+00,0.000000000000000e+00,4.241182335965153e-18,4.271091117378272e-19,6.626080140792568e-21,1.177275194292347e-18,3.793868553905515e-19,1.545603983554005e-17,3.570940020913796e-18,6.434289080602478e-18,0.000000000000000e+00,0.000000000000000e+00,0.000000000000000e+00,0.000000000000000e+00,0.000000000000000e+00,0.000000000000000e+00,0.000000000000000e+00,1.075516340377617e-01,3.678448477381338e+03,0.000000000000000e+00,4.430000019499619e+02,8.814215375082150e+04,
-2.930317333961035e-07,6.168962302829283e+00,1.461026407842975e-01,6.135471710231912e-06,5.858973657642038e-05,4.702754164595970e-04,1.349193384969910e-07,5.716350429213931e-05,1.235269594062850e-02,1.215708244952991e-08,1.187448201797493e-03,5.209642636781644e-11,2.755413388803156e-10,2.329856860241389e-11,1.101278085606846e-09,3.011891628126844e-10,8.785140053660062e-10,1.650611388331290e-09,3.597159306967301e-12,1.190330307384146e-11,1.266950926085342e-11,3.576273087940039e-03,2.343312853708180e-02,8.878483358260786e-11,9.152027121051146e-09,1.019585335045755e-10,3.415187538021533e-09,0.000000000000000e+00,0.000000000000000e+00,3.035864387836431e-09,1.643429520649593e-09,0.000000000000000e+00,2.223213589026295e-12,0.000000000000000e+00,2.881189871084146e-13,0.000000000000000e+00,0.000000000000000e+00,0.000000000000000e+00,0.000000000000000e+00,0.000000000000000e+00,0.000000000000000e+00,0.000000000000000e+00,0.000000000000000e+00,8.010108109076716e-14,1.790333293367737e-17,1.227944453985433e-18,5.974567376866604e-07,4.063737419456621e-06,1.821189153673399e-08,1.363592074892569e-08,8.339371500673684e-09,4.327049487479356e-13,0.000000000000000e+00,0.000000000000000e+00,0.000000000000000e+00,0.000000000000000e+00,0.000000000000000e+00,0.000000000000000e+00,1.047863146573353e-01,7.929385723989779e+03,0.000000000000000e+00,2.330325959637880e+03,1.013249369056976e+05,
-1.263470198381135e-07,6.097892719954728e+00,1.469673340853808e-01,7.246442179255736e-06,6.988896091019413e-05,5.074871381458757e-04,1.327310436068308e-07,6.127415866637582e-05,1.235460067049444e-02,1.468927450045573e-08,1.329591618501902e-03,8.309524831744620e-11,3.988374455078260e-10,3.484558822048775e-11,1.530704704983671e-09,3.831847377182842e-10,1.140542338447019e-09,2.387205267954556e-09,5.223097392933010e-12,1.789908683137408e-11,1.807388904972649e-11,3.788167848286032e-03,2.303432746804243e-02,1.300634188050517e-10,1.277232205961873e-08,1.688337056558586e-10,5.095244630377548e-09,0.000000000000000e+00,0.000000000000000e+00,4.243808513319284e-09,2.220581080205494e-09,0.000000000000000e+00,4.076893333161883e-12,0.000000000000000e+00,4.496531724899625e-14,0.000000000000000e+00,0.000000000000000e+00,0.000000000000000e+00,0.000000000000000e+00,0.000000000000000e+00,0.000000000000000e+00,0.000000000000000e+00,0.000000000000000e+00,1.423330988890973e-13,3.988280101517531e-17,2.473885589291851e-18,9.481947666159503e-07,6.475609609156466e-06,2.516994990509101e-08,2.919739099611015e-08,1.802825806283540e-08,7.401538517192347e-13,0.000000000000000e+00,0.000000000000000e+00,0.000000000000000e+00,0.000000000000000e+00,0.000000000000000e+00,0.000000000000000e+00,1.054092828179649e-01,7.825536920356126e+03,0.000000000000000e+00,2.289506307426376e+03,1.013249780873563e+05,
-2.106158756373125e-06,5.823287082485379e+00,1.491749444943078e-01,1.061634813216399e-05,1.031830044481398e-04,5.980080215400417e-04,1.327683012720175e-07,7.220002122617363e-05,1.222937665218436e-02,2.269300457420086e-08,1.680555722463455e-03,1.403426016347098e-10,4.042557811112058e-10,5.121837885919018e-11,1.359362317660575e-09,1.922087786307168e-10,1.940620653165120e-09,2.818143264821953e-09,5.253317891505671e-12,2.659765592633280e-11,1.882178548672196e-11,4.312302644196546e-03,2.223028690674935e-02,1.277726419624045e-10,1.038400045063229e-08,3.080705887556940e-10,6.771367101556399e-09,0.000000000000000e+00,2.299708946309302e-15,2.783324973567098e-09,1.095022294721130e-09,0.000000000000000e+00,9.100738586085975e-12,0.000000000000000e+00,0.000000000000000e+00,0.000000000000000e+00,0.000000000000000e+00,0.000000000000000e+00,0.000000000000000e+00,0.000000000000000e+00,0.000000000000000e+00,0.000000000000000e+00,0.000000000000000e+00,4.878741369105176e-14,8.600687441081287e-17,3.089885151960254e-18,1.588182936109477e-06,1.095183178502412e-05,1.651080667879259e-08,1.007558620838318e-07,6.370132908265252e-08,1.458046171865595e-12,0.000000000000000e+00,0.000000000000000e+00,0.000000000000000e+00,0.000000000000000e+00,0.000000000000000e+00,0.000000000000000e+00,1.069969964454971e-01,5.167394964977886e+03,0.000000000000000e+00,2.133767826887993e+03,1.013249178186536e+05,

4,63
2.334659436261378e-02,5.820584202334554e+00,8.373329274218196e-01,5.750582457588365e-05,4.812664009023353e-04,1.034043043715302e-03,1.181656895252665e-04,4.228179462607745e-04,1.542353861510842e-02,2.050192709605136e-05,1.827793033028406e-01,1.498900432955769e-06,6.540526041420245e-06,7.403551050921546e-07,2.358795938381025e-04,2.764178132369618e-04,2.036049236393325e-05,5.046292663305591e-04,1.525230944756945e-05,9.850401019395988e-07,6.964904209720998e-05,1.466184399833606e-02,2.222699893666922e-02,8.321428366795521e-07,6.262598896638705e-04,2.190904709378154e-05,4.461843734687660e-03,1.032317757541192e-04,4.716114269456259e-04,3.248999729439113e-05,1.089937210798748e-04,1.359737786638091e-07,3.156555065427968e-05,3.831809276233978e-05,1.195919590236051e-05,5.682065290103969e-05,3.041744796471712e-05,3.946957651333655e-05,3.125206746249769e-06,6.332261921850590e-04,1.094573171666097e-05,4.444569269441861e-06,1.124833873270768e-04,1.805832410277887e-05,6.997827307649947e-07,1.656816759370109e-08,2.564150241553600e-06,1.810391622722924e-05,2.887120002187902e-05,1.293733789818619e-05,1.572538408448970e-05,1.714022534342342e-06,4.285344100629891e-04,9.940335820535079e-06,5.259456219416139e-02,1.579848830745836e-03,1.389495170641252e-04,4.326528738378356e-04,6.019590443047002e-01,7.331591579899834e+04,0.000000000000000e+00,2.132304219061689e+03,1.213760710349772e+05,
1.901549201254560e-07,6.198958792530172e+00,1.469621750206118e-01,7.239347420121312e-06,6.981756449668017e-05,5.072643834097369e-04,1.366388907384416e-07,6.124872931344531e-05,1.235459341615170e-02,1.467299071271407e-08,1.328747210347898e-03,8.294577658165960e-11,3.983466499413329e-10,3.479608241959252e-11,1.529491075783206e-09,3.830208111087520e-10,1.138931728686101e-09,2.384569571963852e-09,5.217746920951216e-12,1.787621826729725e-11,1.805788020197453e-11,3.786900851428888e-03,2.360289028198778e-02,1.298903597357709e-10,1.275886726904606e-08,1.685330379256642e-10,5.091632602497638e-09,6.260167987004216e-13,2.647043685139064e-15,4.239110987989246e-09,2.218539430783601e-09,1.236160594550116e-14,4.067262700091916e-12,4.208498651966609e-13,3.567413632199294e-12,1.823887065632325e-13,7.367421969042887e-13,1.215426909725572e-12,1.540569810372220e-14,7.593764382042135e-13,4.988058658787156e-12,1.557443609038781e-17,1.196712487574099e-14,1.420683608096453e-13,3.975540718832586e-17,2.467409366013558e-18,9.463427217180640e-07,6.462806155852193e-06,2.514133984174976e-08,2.908855657230962e-08,1.796003115191653e-08,7.388686608767889e-13,2.258710186468908e-13,1.655047166361621e-12,6.179971269545896e-12,4.527762171729368e-12,1.947399444681611e-12,1.239587495267006e-12,1.054055709828693e-01,7.970088618458696e+03,0.000000000000000e+00,2.346633460153022e+03,1.013251233995990e+05,
1.954203716067985e-07,6.168791248414498e+00,1.491607846515501e-01,1.059281506463641e-05,1.029542486597529e-04,5.974622296586529e-04,1.349091345598594e-07,7.213069801881037e-05,1.235624675496034e-02,2.263526183625553e-08,1.678371619330240e-03,1.400985289075345e-10,5.397861105500864e-10,5.115778718299868e-11,1.919220887780346e-09,4.080893918640033e-10,1.935042900461427e-09,3.267551868837047e-09,7.086095387397632e-12,2.657453830217570e-11,2.378158901580922e-11,4.309090516527866e-03,2.343212031709258e-02,1.784194621906408e-10,1.595903848803873e-08,3.073123930842709e-10,7.331594195803958e-09,3.921049722683025e-13,5.625444951885530e-15,5.214412413255456e-09,2.511453606296128e-09,3.009107043522990e-14,9.068967912971631e-12,9.007282980871548e-13,4.220881730142476e-12,3.715708074312354e-13,1.226210665021507e-12,2.122107613673163e-12,3.147051434906140e-14,1.509622760259275e-12,4.779622017315180e-12,4.280887623932475e-17,2.902384067033110e-14,1.813831358435215e-13,8.577951895448391e-17,4.247376557986273e-18,1.584844586335290e-06,1.092817371790884e-05,3.036900162479521e-08,1.001024889503542e-07,6.327896425840529e-08,1.472297296721992e-12,3.511566546385760e-13,3.114500471810814e-12,6.065332295258376e-12,7.656653755324589e-12,2.891349843433321e-12,2.107103744558755e-12,1.069868088054937e-01,7.929202464436896e+03,0.000000000000000e+00,2.330228048754503e+03,1.013250177046554e+05,
1.874680275795439e-06,6.097449070420041e+00,1.585242201370422e-01,3.148632971025889e-05,2.800172630425322e-04,8.628582693431150e-04,1.968116264657555e-07,1.172874547260755e-04,1.235613508019671e-02,7.672685930550480e-08,2.834075485826680e-03,2.006181406405637e-10,5.653717495121324e-10,5.884084206692209e-11,1.950452179907198e-09,3.972217581177648e-10,7.968185055006626e-09,3.507007963003033e-09,7.413225588196887e-12,3.098018254460078e-11,2.466979431536876e-11,6.288452040525101e-03,2.303201991716567e-02,1.868432094606055e-10,1.611141509438618e-08,5.311728513672912e-10,8.218188581537891e-09,5.838801294820731e-12,3.016501932150831e-14,5.226207576363304e-09,2.493204191208027e-09,2.033258046773683e-13,2.200225973999634e-11,2.986462301905828e-12,1.067108827703719e-11,6.897610546223851e-12,9.857777668463082e-12,2.481144664066180e-11,5.323802002205576e-13,1.175091739282296e-11,1.002421061408452e-11,2.606205565737112e-15,3.073092629439150e-12,1.798837130433155e-13,1.643176679305961e-16,4.576150829007471e-18,2.563009730514544e-06,1.809627640999795e-05,3.040597101614671e-08,1.996281511810204e-06,1.362129417947509e-06,3.913198442379660e-12,9.628112268193200e-12,2.702549148949254e-12,1.161094203245187e-10,1.349591873651651e-10,7.893541886457135e-11,3.729711900147174e-11,1.136260345388908e-01,7.824326948055857e+03,0.000000000000000e+00,2.289248745522943e+03,1.013250346199345e+05,

