1
0
56
1
(4 0
((0,0) (15,255) (0,0))
((0,768) (15,1023) (0,0))
((0,512) (15,767) (0,0))
((0,256) (15,511) (0,0))
)
4
FabOnDisk: SD_5_New_MF_D_0003 0
FabOnDisk: SD_5_New_MF_D_0000 0
FabOnDisk: SD_5_New_MF_D_0001 0
FabOnDisk: SD_5_New_MF_D_0002 0

4,56
-7.864474632214857e+00,-1.616644933902162e+01,-2.630418836058160e+01,-6.099584809140211e+00,-9.403569108529922e+00,-9.054319046342357e+00,-1.098932470195221e+00,-6.345637303111430e+02,-2.691686355292793e-01,-8.682781690335398e-01,-9.897457197931887e-02,-1.392132359730159e+01,-1.310659342660099e+01,-1.609469632378968e+00,-1.020534423835149e+01,-4.667218164347193e-01,-7.988406567290499e-02,-2.887652407886379e+00,-1.468651587216966e+02,1.991850915027691e-21,-1.028925015017096e-01,-4.901359823844540e+01,-1.847094872377818e+00,-2.004276497446695e+02,-7.987079445957277e+00,-2.497364516789395e+01,-4.920976722714777e+00,-2.938481053898760e+00,-9.403730821189836e-03,-1.976243298867728e+00,-1.641384343411600e+00,-9.326521422478048e-01,-3.777987186738696e+00,-2.198591843928647e+00,-3.148944253870400e+00,-2.198861644723020e-01,-3.231681183744414e+01,-5.361341321907570e-01,-3.351910750310522e-01,-8.350831957894957e+00,-1.019475714536292e+00,-1.740431931148775e-02,-6.785119243288307e-04,-8.306679572864026e-02,-1.746892268570000e-01,-2.037138567535646e+00,-7.931657082978699e-02,-4.275311319782976e-01,-1.396889768394881e-01,-2.455127553291502e+01,-5.084946281053994e-01,-5.903032080890609e+02,-8.960263074966005e+01,-9.390615543491759e+00,-2.475152184998337e+01,-3.255138381064171e-10,
-3.952312416931613e-03,-3.064282247989138e-02,-8.998084408232208e-02,2.833760454071148e-07,-1.115612086850660e-02,1.057030354665530e-01,-6.872684013840195e-06,-3.430192199104953e-01,-9.273133610420056e-08,-3.392331501957705e-07,-3.424336253474135e-08,-2.491692153004384e-06,-2.780691887374707e-07,-6.972928192926103e-07,-2.058143601457314e-06,-5.305662203250832e-09,-2.027555402243188e-08,-1.867477984016063e-08,-4.896611140365251e-01,2.742988656678151e-01,-9.531088490982620e-08,-8.991178455195968e-06,-2.429393626821558e-07,-9.102495722751053e-06,-1.236389825413343e-06,-2.978005736276337e-09,-3.799091906850431e-06,-1.309546426323264e-06,-7.734367649921701e-09,-5.571417504236931e-09,-5.329892805015850e-07,-4.282995397921204e-07,-3.335544108277180e-08,-1.402787890554949e-07,-2.862086255614166e-07,-6.892968522213155e-09,-5.546162973510378e-07,-4.119069938615541e-06,-8.796068031336408e-12,-3.110779840029063e-09,-1.075559556071729e-10,-5.100968057543163e-14,-2.534495487305961e-15,-7.306162111125467e-04,-5.056670565231653e-03,-1.271494963437551e-05,-4.515965944288193e-05,-2.834241766810687e-05,-1.773869091628950e-09,-7.347159183004346e-08,-1.680309304509239e-06,-2.127524821702212e-06,-7.611850025539128e-07,-3.383687966605814e-07,-2.114600864138338e-07,-2.668419131490740e-11,
-1.271040132882521e-02,-9.563238067388578e-02,-2.073845960692714e-01,2.318234910980401e-06,-2.973645811541929e-02,1.857483009909772e-01,-2.367816238820269e-05,-8.425039883605265e-01,-1.229913137581317e-07,-3.641948823193978e-07,-5.282733372095381e-08,-2.501612881870655e-06,-1.667254937755563e-07,-2.385871498428702e-06,-2.819868457905924e-06,-6.619148945972946e-09,-2.691294769924132e-08,-2.377226304321872e-08,-1.166183687671017e+00,7.912227430107284e-01,-1.091201959104449e-07,-8.100194501922096e-06,-4.154264620032099e-07,-1.460440095717034e-05,-1.710023846559771e-06,-3.534921116784642e-09,-2.287221440692421e-06,-9.597966568175183e-07,-2.594391973129098e-08,-1.558399616155710e-08,-1.537301363012062e-06,-5.659346240153641e-07,-6.997369099833717e-08,-2.694968912245212e-07,-4.312186870806917e-07,-1.105272440672193e-08,-6.142217228047952e-07,-4.173311049274396e-06,-1.644566540731128e-11,-1.464261581047811e-08,-1.020514478544743e-10,-8.205180785706185e-14,-2.793306420460546e-15,-1.217336560615762e-03,-8.660674690780861e-03,-1.053419307412562e-05,-2.663275869731582e-04,-1.724567665761631e-04,-5.518209673753888e-09,-1.397180006750743e-07,-2.406538512846758e-06,-2.682521176863889e-06,-2.407117020755933e-06,-8.812987992544047e-07,-6.636329956821072e-07,-2.247629860008260e-11,
-1.758411829612509e-01,-8.149439035650468e-01,-5.145917887775316e-01,-5.730250625212335e-04,-1.519484602932979e-01,5.003385788887095e-01,-2.929704131090769e-04,-4.286523988913487e+00,-7.737676639530422e-07,-1.485761744195806e-06,-2.066038864350177e-07,-1.719576311902485e-05,-6.650102889954319e-07,-3.222361608757284e-05,-1.708139593541729e-05,-5.561230239342954e-08,-2.885381063240351e-07,-2.002453628598046e-07,-4.719735779754931e+00,1.873765882188154e+00,-1.016962314861622e-07,-6.280447828482060e-06,-3.201600945797756e-06,-9.320781494152013e-05,-5.920649580198711e-06,-1.984949222476508e-08,-8.683573240811420e-07,2.066395804628058e-07,-6.923616322675686e-08,-1.263395154859180e-07,-2.391203646849439e-06,-2.552137158077288e-06,-1.674405871539178e-06,-2.565966471888931e-06,-8.306689220431793e-06,-3.793488656540288e-07,-8.725531854994596e-06,-1.307974116620701e-05,-3.109847646750876e-09,-2.412235390342274e-06,-5.217209315519049e-09,-1.529355560837219e-11,-4.227587619761823e-13,-1.415782365729037e-03,-1.043591568986207e-02,1.459999845641228e-06,-1.851671780165177e-02,-1.293512992410426e-02,-3.715929705616880e-07,-6.325874268595220e-06,-2.643357122996909e-06,-1.372868489445951e-04,-5.215564705807838e-05,-1.796466775105180e-05,-1.459394797661943e-05,-1.003424010548315e-10,

4,56
5.962522894842435e+00,3.482099475373992e+01,5.330265634280690e+01,7.610205995412096e+00,1.316000608362305e+01,3.180054401653451e+02,6.148213659489351e-01,1.211949698642911e-05,6.207414134448535e-01,1.373616351788407e+00,1.625214923096160e-01,2.616477359861353e+01,1.640145088251009e+01,1.995249322795405e+00,1.561575966343413e+01,4.481231145994568e-01,1.348225858449186e-01,2.875516157855862e+00,4.588452412086640e+02,3.195164618756076e+02,1.975410033181980e-01,5.803521227744066e+01,3.913286185007274e+00,2.990298813466870e+02,1.273986966978234e+01,2.699061251820963e+01,8.583721561905769e+00,3.413322668372602e+00,1.648254564726728e-02,3.658609889519705e+00,2.487687008727802e+00,1.059938041106080e+00,3.900540582178061e+00,2.235842243704795e+00,3.871859725543052e+00,2.002033704409533e-01,3.442763544621016e+01,1.129357242363261e+00,6.256246489881553e-01,8.022267994129088e+00,1.410704034826668e+00,4.150259760248163e-02,1.039241604144569e-03,7.727644728833424e-02,4.113753815876603e-01,2.445165034333738e+00,4.656536876340918e-01,6.704320503783170e-01,1.912838571129144e-01,1.654187471525837e+01,8.493858850289784e-01,3.732702219528604e-01,9.116874194156360e+01,1.442577190215128e+01,2.559128808927598e+01,4.210960469208658e-10,
-1.986975693851261e-03,-1.194213834496966e-02,-3.363175448699493e-02,6.449159377030406e-06,-5.974138977689539e-03,1.851575991904440e-01,-1.736129488404386e-06,-1.578444062725687e-01,-3.969226904393124e-08,-1.575792032704642e-07,-5.507598210850336e-09,6.689049536801241e-07,-7.114566395384568e-08,-1.931267465113767e-07,-8.665149758012381e-07,-1.153552262355859e-09,-4.328811535194366e-09,-4.311503197513486e-09,-1.669214429542437e-01,7.888586385133354e-01,-5.842185514845487e-08,-5.339141777034303e-06,-7.343346981116407e-08,3.704925778085864e-08,8.918340390628403e-07,1.184443458368636e-09,-1.770499451109730e-06,-7.602294483925285e-07,5.249536198334048e-09,-1.919153359160377e-09,1.487433467427725e-07,8.662051190257300e-07,1.121876623555854e-07,5.350663151173236e-07,1.002202298214751e-06,1.373089814802320e-08,6.934326661139633e-07,5.169573519333042e-06,1.393717032884333e-11,8.743081980844665e-09,-9.332289141466785e-11,-2.285068562867808e-14,-1.525111275509976e-15,-4.577526325512486e-04,-3.121423494517576e-03,-1.054013080503888e-05,-1.216200840933960e-05,-7.437688920092913e-06,1.369141535207388e-09,1.157701820611904e-07,1.901739345934701e-06,5.266838099896515e-06,4.122885602029543e-06,1.309140735018733e-06,1.135577796782155e-06,2.194792611542873e-11,
-3.683588887727114e-03,-3.075452467223628e-02,-9.024214711013945e-02,7.563294450490904e-06,-1.119196831032452e-02,4.979978634809690e-01,-6.872329103634544e-06,-3.440604571033006e-01,-5.733241149231996e-08,-8.571175182597543e-08,-6.781933926891831e-09,7.176655452025124e-07,1.659249521207428e-07,-6.743226437837998e-07,-6.699902496667973e-07,-6.508520450674664e-10,-3.966528314154120e-09,-1.363229294575224e-09,-4.911393639798788e-01,1.866497861005075e+00,-4.027089135585779e-08,-5.998102141830030e-07,-1.162667374326016e-07,-4.410005580737607e-07,6.894458502941563e-07,1.120349100082565e-09,3.512792368944197e-07,6.626575684161635e-07,1.734616350115118e-08,-4.104453224395491e-09,2.112573447260295e-07,1.325515367736971e-06,2.365921367973025e-07,9.239914248087807e-07,1.508467316544573e-06,2.310701937985173e-08,1.161040548789576e-06,5.373698789492397e-06,3.003419314205586e-11,2.141600668804200e-08,6.759969197837067e-11,-5.061277171225883e-14,-1.685037137211069e-15,-7.320162855130815e-04,-5.066841174070392e-03,1.390057697454067e-06,-4.537292345287606e-05,-2.846772132901859e-05,6.700016919360527e-09,3.522491508022901e-07,3.332230673870882e-06,8.175459152927148e-06,7.259990160733441e-06,2.672052848930228e-06,2.000993064408831e-06,2.366201679038227e-11,
-1.278837073815709e-02,-9.616059710547128e-02,-2.081418070680676e-01,2.223691150319549e-06,-2.987291381850687e-02,3.208697378138170e+00,-2.380964958385159e-05,-8.460120542724593e-01,1.095039236791844e-06,3.139207101496035e-06,4.462107810535651e-07,3.309268270766192e-05,1.990544507558077e-06,-2.196080760285605e-06,2.506119667189609e-05,7.121191258823472e-08,3.332365224708705e-07,2.460881255618709e-07,-1.170759642093905e+00,7.468412194437074e+00,6.623138047921696e-07,5.148995188092835e-05,3.958359405746726e-06,1.554460673912119e-04,6.390159361965505e-06,1.781586294881658e-08,1.626209082160587e-05,5.913546797008421e-06,3.041222241759090e-08,1.019851963919978e-07,1.132018829867266e-06,3.734427258456799e-06,1.623469054721672e-06,2.612530779821167e-06,6.586373179776402e-06,3.279639610066891e-07,6.360270192143907e-06,1.077893033714448e-05,1.462278463323452e-09,1.034731293995730e-06,3.825119065856678e-10,2.222513633026532e-13,1.129294744744724e-14,1.815413476049180e-03,1.299264694870126e-02,6.690398280827989e-05,-2.688254832589600e-04,-1.740971597011176e-04,3.072850319832994e-07,5.001531846241269e-06,3.679178707563334e-06,1.236227183788055e-04,4.785161848471038e-05,1.536562636647149e-05,1.327066910847444e-05,9.967604519545148e-11,

