1
0
63
1
(4 0
((0,0) (15,255) (0,0))
((0,768) (15,1023) (0,0))
((0,512) (15,767) (0,0))
((0,256) (15,511) (0,0))
)
4
FabOnDisk: SD_0_New_MF_D_0003 0
FabOnDisk: SD_0_New_MF_D_0000 0
FabOnDisk: SD_0_New_MF_D_0001 0
FabOnDisk: SD_0_New_MF_D_0002 0

4,63
-2.241460243676967e-02,1.846454678623855e+00,1.530182249836273e-01,1.692200990032918e-24,6.750310865586083e-23,5.372262971018816e-18,1.268412976391216e-12,1.887704002113486e-08,4.136537045325241e-10,5.040552187428667e-13,2.857976897652173e-03,0.000000000000000e+00,6.150041369707522e-30,4.122127373114834e-31,2.165541554077845e-14,0.000000000000000e+00,7.386753315581160e-25,4.945208309978909e-13,7.822611869624618e-19,3.353297839935016e-31,5.034145102577587e-14,7.798759699134943e-11,2.394757404347286e-12,1.744248177717049e-36,3.453468908534683e-13,9.007358829135764e-29,0.000000000000000e+00,0.000000000000000e+00,0.000000000000000e+00,2.426807033690207e-30,1.448299844135096e-14,0.000000000000000e+00,1.041894356270235e-26,0.000000000000000e+00,0.000000000000000e+00,0.000000000000000e+00,0.000000000000000e+00,0.000000000000000e+00,0.000000000000000e+00,0.000000000000000e+00,0.000000000000000e+00,0.000000000000000e+00,0.000000000000000e+00,6.747712224956577e-18,6.805502187629291e-19,9.996295626035653e-21,1.880576283099856e-18,6.062509663691476e-19,2.472346947165102e-17,5.714146398219886e-18,1.029601997079535e-17,0.000000000000000e+00,0.000000000000000e+00,0.000000000000000e+00,0.000000000000000e+00,0.000000000000000e+00,0.000000000000000e+00,0.000000000000000e+00,1.099486385012888e-01,3.678209428781923e+03,0.000000000000000e+00,4.430000023833016e+02,9.021678293235633e+04,
-2.327564688271466e-07,6.206224952271309e+00,1.461021533538678e-01,6.134371698181803e-06,5.857913976674899e-05,4.702365868827511e-04,1.349239691567469e-07,5.715869888043039e-05,1.235268123331257e-02,1.215486480277910e-08,1.187325392487869e-03,5.204701996024910e-11,2.753075352648733e-10,2.327748652814216e-11,1.100363293256383e-09,3.009970123141123e-10,8.782199528047935e-10,1.649143422678664e-09,3.593682326237643e-12,1.189147396284683e-11,1.265765655787805e-11,3.576016652311836e-03,2.343359148701997e-02,8.871780707982678e-11,9.145719340695433e-09,1.018616109572185e-10,3.411493418892708e-09,0.000000000000000e+00,0.000000000000000e+00,3.033695588961794e-09,1.642294428779164e-09,0.000000000000000e+00,2.221013424090520e-12,0.000000000000000e+00,3.745553615143040e-13,0.000000000000000e+00,0.000000000000000e+00,0.000000000000000e+00,0.000000000000000e+00,0.000000000000000e+00,0.000000000000000e+00,0.000000000000000e+00,0.000000000000000e+00,7.999061394451809e-14,1.787470809020952e-17,1.226096650527181e-18,5.969394429582210e-07,4.060205913030141e-06,1.819860711911218e-08,1.362041158986348e-08,8.329829169098069e-09,4.323031670231788e-13,0.000000000000000e+00,0.000000000000000e+00,0.000000000000000e+00,0.000000000000000e+00,0.000000000000000e+00,0.000000000000000e+00,1.047859978492731e-01,7.929592099789060e+03,0.000000000000000e+00,2.330376265497810e+03,1.013249453369531e+05,
-1.372662801716157e-07,6.135313916062577e+00,1.469646061594005e-01,7.242895686127839e-06,6.985267674170840e-05,5.073747090000355e-04,1.327300221353563e-07,6.126181747281817e-05,1.235461666925224e-02,1.468099375692103e-08,1.329149840151639e-03,8.296041915447869e-11,3.982982977595608e-10,3.479292042322361e-11,1.528768961616769e-09,3.828845053475731e-10,1.139589129197667e-09,2.383695346592074e-09,5.215141541344852e-12,1.786937548478242e-11,1.804592585024773e-11,3.787533754952759e-03,2.303568773024812e-02,1.299163107203242e-10,1.275957254850392e-08,1.686053575179433e-10,5.089184394371028e-09,0.000000000000000e+00,0.000000000000000e+00,4.239428304496633e-09,2.218512180819766e-09,0.000000000000000e+00,4.070092790490700e-12,0.000000000000000e+00,3.005916716752289e-13,0.000000000000000e+00,0.000000000000000e+00,0.000000000000000e+00,0.000000000000000e+00,0.000000000000000e+00,0.000000000000000e+00,0.000000000000000e+00,0.000000000000000e+00,1.420709330744162e-13,3.978250590001512e-17,2.468394880160461e-18,9.468401299089166e-07,6.466278969394705e-06,2.514442482497996e-08,2.912938137655697e-08,1.798573738637724e-08,7.391214948498838e-13,0.000000000000000e+00,0.000000000000000e+00,0.000000000000000e+00,0.000000000000000e+00,0.000000000000000e+00,0.000000000000000e+00,1.054073260095594e-01,7.825941165848330e+03,0.000000000000000e+00,2.289669637022459e+03,1.013249733258068e+05,
-1.675120747060658e-06,5.862522078297274e+00,1.491658192585948e-01,1.060135841536882e-05,1.030357430788512e-04,5.976582073478215e-04,1.327642110975654e-07,7.215668561004591e-05,1.223971204594954e-02,2.265608352437437e-08,1.679132153701748e-03,1.401015060234828e-10,4.027865258409084e-10,5.114604966941198e-11,1.353854372614570e-09,1.913264530339289e-10,1.936882468499474e-09,2.807217359438104e-09,5.245011886918060e-12,2.656637566328280e-11,1.879054519413087e-11,4.310245910940599e-03,2.222945862310762e-02,1.272381254486913e-10,1.034582600338549e-08,3.073926647028184e-10,6.746311925558289e-09,0.000000000000000e+00,7.878862812339569e-16,2.788192630249742e-09,1.099452294023034e-09,0.000000000000000e+00,9.073827088189339e-12,0.000000000000000e+00,0.000000000000000e+00,0.000000000000000e+00,0.000000000000000e+00,0.000000000000000e+00,0.000000000000000e+00,0.000000000000000e+00,0.000000000000000e+00,0.000000000000000e+00,0.000000000000000e+00,4.848023765085645e-14,8.577778843361163e-17,3.052947288803169e-18,1.585251839816785e-06,1.093121534016234e-05,1.658496729254682e-08,1.002885174509461e-07,6.339995333651123e-08,1.453169017830865e-12,0.000000000000000e+00,0.000000000000000e+00,0.000000000000000e+00,0.000000000000000e+00,0.000000000000000e+00,0.000000000000000e+00,1.069904662854472e-01,5.239948799866500e+03,0.000000000000000e+00,2.134603876232229e+03,1.013249245849722e+05,

4,63
2.003879194641352e-02,5.859823160911064e+00,8.373329034204496e-01,5.741788479605572e-05,4.845399456846130e-04,1.036168097954171e-03,1.180173017174350e-04,4.207097098039840e-04,1.512259324102698e-02,2.058517979271602e-05,1.827792976860061e-01,1.490376728784455e-06,6.567979673065577e-06,7.426351986700057e-07,2.362100989095850e-04,2.762401248676774e-04,2.033603430640923e-05,5.054809887199780e-04,1.518986896060513e-05,9.850431539875761e-07,6.946412974438830e-05,1.485306974654422e-02,2.222633935591361e-02,8.449373719657279e-07,6.301780374923700e-04,2.194891181665598e-05,4.480328739940500e-03,1.032244180951147e-04,4.718667802371435e-04,3.260493273078605e-05,1.093684806884933e-04,1.355280280035246e-07,3.162842865126896e-05,3.825350614241606e-05,1.203622437967888e-05,5.706681878777270e-05,3.055860258877212e-05,3.964642878514901e-05,3.123062807512740e-06,6.348910434778374e-04,1.088655364817582e-05,4.430842997567667e-06,1.126743206060911e-04,1.830994467990231e-05,7.059846413974970e-07,1.678014361140450e-08,2.552565191781924e-06,1.802319975891230e-05,2.900981732834311e-05,1.314894245900068e-05,1.580936764711827e-05,1.710834645949818e-06,4.288601766889052e-04,9.872609702269584e-06,5.259456062968743e-02,1.584231306935542e-03,1.394607325423788e-04,4.336866872085963e-04,6.019590257230610e-01,7.346592694251126e+04,0.000000000000000e+00,2.133157772187543e+03,1.193350627371954e+05,
1.619228915153483e-07,6.236197906734276e+00,1.469594681146084e-01,7.235820912823800e-06,6.978147810335319e-05,5.071525175544374e-04,1.366395795156110e-07,6.123645629616388e-05,1.235461003974190e-02,1.466475745107396e-08,1.328307494694507e-03,8.282617022717598e-11,3.978850974381489e-10,3.475233079692499e-11,1.527885998178629e-09,3.827218770460571e-10,1.138031165361035e-09,2.381760155128465e-09,5.211636150897593e-12,1.785338886515690e-11,1.803758922468539e-11,3.786270040982072e-03,2.360317051444107e-02,1.297312636834952e-10,1.274506573033944e-08,1.682648425647200e-10,5.084934904717639e-09,5.026203448647961e-13,2.654567341988134e-15,4.234554747823712e-09,2.216403447225846e-09,1.427552667244474e-14,4.059549735063059e-12,4.762616342637034e-13,3.527238508577469e-12,1.889246457625835e-13,7.632645443672235e-13,1.221464111867301e-12,1.528883325529047e-14,7.391875396133342e-13,4.816992713075721e-12,1.529033306530319e-17,1.187717654039932e-14,1.418052391890583e-13,3.965514378335470e-17,2.461925451770417e-18,9.449915837471208e-07,6.453500150210889e-06,2.511581670053298e-08,2.902094781678562e-08,1.791776442064022e-08,7.376351012942116e-13,1.799312967736568e-13,2.033686662642989e-12,4.975028969031915e-12,4.714372411574141e-12,2.008885949896742e-12,1.288032622459728e-12,1.054036291496291e-01,7.969270412536345e+03,0.000000000000000e+00,2.346644921728840e+03,1.013251122855134e+05,
1.177034462666781e-07,6.206054240285757e+00,1.491516939913201e-01,1.057791045214796e-05,1.028077726789624e-04,5.971137751168380e-04,1.349137808798332e-07,7.208756850212560e-05,1.235632061334122e-02,2.259855299460064e-08,1.676953401078318e-03,1.398450040350443e-10,5.392484456721947e-10,5.109040477031992e-11,1.917802777058107e-09,4.079146570555429e-10,1.931258136809326e-09,3.263951601037228e-09,7.079065012638163e-12,2.653902961737856e-11,2.375906772699823e-11,4.307042602383569e-03,2.343258520122500e-02,1.782314042750258e-10,1.594717109084119e-08,3.066642139720556e-10,7.322548788888693e-09,6.402552467745863e-13,5.658004980991395e-15,5.211148573153885e-09,2.510243076907091e-09,3.053827877188262e-14,9.043425015273006e-12,9.696828649635961e-13,4.343811334952666e-12,3.789386615862262e-13,1.244068612469299e-12,2.094717464601203e-12,3.340307957608327e-14,1.424958980274155e-12,4.449390384861975e-12,3.604748914791322e-17,2.791262800025348e-14,1.812146673657146e-13,8.555102283460969e-17,4.239646055831128e-18,1.581920573713207e-06,1.090760945997224e-05,3.035117960745855e-08,9.963922993090837e-08,6.298027315994909e-08,1.468571844190936e-12,3.119362146213096e-13,1.893803241352841e-12,6.882312912055712e-12,8.354408790444701e-12,3.405936612658515e-12,2.301876332032351e-12,1.069803031237415e-01,7.929407504389438e+03,0.000000000000000e+00,2.330278578580290e+03,1.013250221060151e+05,
1.809391033905512e-06,6.134871673070045e+00,1.584786272515973e-01,3.116308982726981e-05,2.791915254998667e-04,8.626007938901952e-04,1.968362099927370e-07,1.163776320409444e-04,1.235623305868272e-02,7.645914878997395e-08,2.849999253797390e-03,1.995578795881179e-10,5.649333406785950e-10,5.883122628761877e-11,1.950054446608455e-09,3.972320461805407e-10,7.827516374651568e-09,3.506246634955026e-09,7.407289778390038e-12,3.099109952000143e-11,2.465629752142071e-11,6.234625758351903e-03,2.303338691868967e-02,1.867262772410206e-10,1.610319187275514e-08,5.280216028324888e-10,8.166058222224204e-09,3.348554447515663e-12,2.490680610907360e-14,5.223530278732692e-09,2.492539510128423e-09,2.011957166165612e-13,2.206396075773508e-11,2.593528059148588e-12,7.561543169174846e-12,2.923868686793588e-12,3.814125164369592e-12,1.373925026149460e-11,4.730090995498712e-13,1.150251125234584e-11,1.005847396991964e-11,2.186818797438121e-15,2.495007586083623e-12,1.797718772089050e-13,1.550808465540238e-16,4.571283128558931e-18,2.550914469798677e-06,1.801190311475901e-05,3.039042635389717e-08,1.950271425274750e-06,1.330477604398142e-06,3.879724747734842e-12,8.525450560614874e-12,1.866296374452354e-12,9.257241077595477e-11,1.043974108475722e-10,3.160677452582736e-11,2.895348652581912e-11,1.136113271991117e-01,7.824711456592064e+03,0.000000000000000e+00,2.289412649617914e+03,1.013250375806147e+05,

