1
0
63
1
(4 0
((0,0) (15,255) (0,0))
((0,768) (15,1023) (0,0))
((0,512) (15,767) (0,0))
((0,256) (15,511) (0,0))
)
4
FabOnDisk: SD_0_Old_MF_D_0003 0
FabOnDisk: SD_0_Old_MF_D_0000 0
FabOnDisk: SD_0_Old_MF_D_0001 0
FabOnDisk: SD_0_Old_MF_D_0002 0

4,63
-1.935282110503616e-02,1.855710816871838e+00,1.510082146675550e-01,1.772251941105072e-24,7.148541440162476e-23,5.539057124796610e-18,1.308535086595489e-12,1.909046264172378e-08,4.251845114548426e-10,5.200955139207774e-13,2.859711621682075e-03,0.000000000000000e+00,6.529043419374756e-30,4.374420564061194e-31,2.228722290211883e-14,0.000000000000000e+00,7.840644181117831e-25,5.136418008434228e-13,8.264898152599798e-19,3.593439198075400e-31,5.232188681679129e-14,8.045740006442315e-11,2.488811360765583e-12,1.865863010711208e-36,3.582495593508023e-13,9.765216024229040e-29,0.000000000000000e+00,0.000000000000000e+00,0.000000000000000e+00,2.619962569208140e-30,1.512371033191420e-14,0.000000000000000e+00,1.141216110253474e-26,0.000000000000000e+00,0.000000000000000e+00,0.000000000000000e+00,0.000000000000000e+00,0.000000000000000e+00,0.000000000000000e+00,0.000000000000000e+00,0.000000000000000e+00,0.000000000000000e+00,0.000000000000000e+00,7.132939974354095e-18,7.195297705616612e-19,1.057065956719491e-20,1.988876370382786e-18,6.411914817284328e-19,2.615149505777088e-17,6.044452709560909e-18,1.089118154700100e-17,0.000000000000000e+00,0.000000000000000e+00,0.000000000000000e+00,0.000000000000000e+00,0.000000000000000e+00,0.000000000000000e+00,0.000000000000000e+00,1.085186220598960e-01,3.678942726274736e+03,0.000000000000000e+00,4.430000024421253e+02,8.932046953069443e+04,
-2.632116170530880e-07,6.212980338371769e+00,1.461020843534385e-01,6.134235188479138e-06,5.857782035035812e-05,4.702317694826337e-04,1.349245552079525e-07,5.715810751091184e-05,1.235267911303474e-02,1.215458670807779e-08,1.187309867471542e-03,5.203901912734950e-11,2.752682566699815e-10,2.327364657033288e-11,1.100156372810442e-09,3.009725167379562e-10,8.781810712157958e-10,1.648905016450010e-09,3.593036140416749e-12,1.188919484077489e-11,1.265544309261291e-11,3.575985365049745e-03,2.343365014671875e-02,8.869790186252718e-11,9.143705997580572e-09,1.018267277850790e-10,3.410716968598761e-09,0.000000000000000e+00,0.000000000000000e+00,3.033205322740410e-09,1.642055211703391e-09,0.000000000000000e+00,2.220178675756525e-12,0.000000000000000e+00,3.773077339497792e-13,0.000000000000000e+00,0.000000000000000e+00,0.000000000000000e+00,0.000000000000000e+00,0.000000000000000e+00,0.000000000000000e+00,0.000000000000000e+00,0.000000000000000e+00,7.997539703349118e-14,1.787080460931374e-17,1.225853445763681e-18,5.968745559847162e-07,4.059762892210133e-06,1.819693852692690e-08,1.361846381916684e-08,8.328630439977235e-09,4.322784270836485e-13,0.000000000000000e+00,0.000000000000000e+00,0.000000000000000e+00,0.000000000000000e+00,0.000000000000000e+00,0.000000000000000e+00,1.047859518996754e-01,7.929616377829484e+03,0.000000000000000e+00,2.330382539803685e+03,1.013249434042849e+05,
-1.493153654514696e-07,6.142088739898830e+00,1.469642704826368e-01,7.242452333479946e-06,6.984814843025802e-05,5.073606726238057e-04,1.327299252586977e-07,6.126027055085145e-05,1.235461864022426e-02,1.467996063872434e-08,1.329094860369253e-03,8.295045326601801e-11,3.982635330798308e-10,3.478906616959159e-11,1.528703192040416e-09,3.828600930598362e-10,1.139486485554854e-09,2.383524691022549e-09,5.214884098874468e-12,1.786807190267446e-11,1.804516451167786e-11,3.787454481047471e-03,2.303585531460533e-02,1.298957166755432e-10,1.275788639453817e-08,1.685834092696378e-10,5.088639819940310e-09,0.000000000000000e+00,2.321448697580372e-16,4.238896806533973e-09,2.218271442047738e-09,0.000000000000000e+00,4.069350831069508e-12,0.000000000000000e+00,3.020016500386261e-13,0.000000000000000e+00,0.000000000000000e+00,0.000000000000000e+00,0.000000000000000e+00,0.000000000000000e+00,0.000000000000000e+00,0.000000000000000e+00,0.000000000000000e+00,1.420403741493366e-13,3.977061299030076e-17,2.467749535624001e-18,9.466768183618427e-07,6.465153771341279e-06,2.514138666830066e-08,2.912107520843723e-08,1.798054293492210e-08,7.387345023721880e-13,0.000000000000000e+00,0.000000000000000e+00,0.000000000000000e+00,0.000000000000000e+00,0.000000000000000e+00,0.000000000000000e+00,1.054070851059040e-01,7.826007702913623e+03,0.000000000000000e+00,2.289689650629009e+03,1.013249781557834e+05,
-1.786407732024321e-06,5.869521767190545e+00,1.491647040156495e-01,1.059952880367656e-05,1.030177787127148e-04,5.976155067650524e-04,1.327637393944962e-07,7.215138688194699e-05,1.224092100502592e-02,2.265157421664259e-08,1.678958392964416e-03,1.400686810730669e-10,4.026396601003158e-10,5.113964644921930e-11,1.353311371927657e-09,1.912367517037764e-10,1.936426367234449e-09,2.806054393545953e-09,5.244294530210713e-12,2.656364703074065e-11,1.878777176714262e-11,4.309994986376078e-03,2.222937828081177e-02,1.271833905877710e-10,1.034205943831218e-08,3.073124967965717e-10,6.743809107157250e-09,0.000000000000000e+00,2.708155345402120e-15,2.788877998825580e-09,1.100008643741132e-09,0.000000000000000e+00,9.070855436466044e-12,0.000000000000000e+00,0.000000000000000e+00,0.000000000000000e+00,0.000000000000000e+00,0.000000000000000e+00,0.000000000000000e+00,0.000000000000000e+00,0.000000000000000e+00,0.000000000000000e+00,0.000000000000000e+00,4.844705135466082e-14,8.574914039719808e-17,3.049334240402381e-18,1.584903444287308e-06,1.092876359436587e-05,1.659418627946645e-08,1.002321231716062e-07,6.336358047404091e-08,1.463427594739589e-12,0.000000000000000e+00,0.000000000000000e+00,0.000000000000000e+00,0.000000000000000e+00,0.000000000000000e+00,0.000000000000000e+00,1.069896676509960e-01,5.247452195983969e+03,0.000000000000000e+00,2.134703334289502e+03,1.013249105081302e+05,

4,63
1.669703785879114e-02,5.866822991456717e+00,8.373329003221432e-01,5.739710169234271e-05,4.782588944729509e-04,1.030708825376686e-03,1.179808879425601e-04,4.203549421165506e-04,1.540103380388830e-02,2.060245696647967e-05,1.827792969607035e-01,1.504256975933588e-06,6.571560760609850e-06,7.421649990388985e-07,2.362876812990186e-04,2.762274482077749e-04,2.031047687127123e-05,5.051346580168423e-04,1.519959767056406e-05,9.855999276462054e-07,6.952258041480293e-05,1.470942423767869e-02,2.222627327771700e-02,8.390390313330289e-07,6.303878400558782e-04,2.204066410456024e-05,4.488392285177972e-03,1.031484352829824e-04,4.724567022097535e-04,3.258230696313761e-05,1.093036745333717e-04,1.353742305870741e-07,3.166555115940395e-05,3.831664124851944e-05,1.204819084813156e-05,5.706983177832688e-05,3.061265212969716e-05,3.975670373227471e-05,3.127621595547579e-06,6.358025421777630e-04,1.096171358530077e-05,4.415503135777452e-06,1.127602553965024e-04,1.834118314902478e-05,7.065443535667718e-07,1.681519983479095e-08,2.551249565159457e-06,1.801407054186119e-05,2.908323581018385e-05,1.291121602737257e-05,1.583330859063317e-05,1.702902158521567e-06,4.282883412267332e-04,9.825032652844253e-06,5.259456042773099e-02,1.584421417931035e-03,1.395373129590512e-04,4.332314387324950e-04,6.019590233241424e-01,7.355977911417536e+04,0.000000000000000e+00,2.133258932519521e+03,1.212699674660093e+05,
1.981048283066648e-07,6.242950346700941e+00,1.469591264663585e-01,7.235379741475294e-06,6.977697195160117e-05,5.071385265233232e-04,1.366396851193009e-07,6.123491445728427e-05,1.235461135930990e-02,1.466372887106377e-08,1.328252706458851e-03,8.281259894858989e-11,3.978330386377032e-10,3.474722133419667e-11,1.527754226948512e-09,3.826959009609501e-10,1.137919102516543e-09,2.381404253220675e-09,5.210923267059189e-12,1.785083206100536e-11,1.803509157255032e-11,3.786190963334704e-03,2.360320538871699e-02,1.297105112182370e-10,1.274325259539237e-08,1.682324122111350e-10,5.084141889399020e-09,5.950102798496454e-13,2.837226458342708e-15,4.233966866587727e-09,2.216140273002146e-09,1.341578577327022e-14,4.058634762920337e-12,4.273179208356047e-13,3.678212767546500e-12,1.831280799562082e-13,7.238371109777607e-13,1.252522124812251e-12,1.641591031919387e-14,7.958327684947455e-13,5.114040568768092e-12,1.637906984860959e-17,1.219605969552603e-14,1.417743461278595e-13,3.964317938829906e-17,2.461275406317122e-18,9.448286710767324e-07,6.452377757765466e-06,2.511278402991132e-08,2.901268903243655e-08,1.791260005273680e-08,7.375040971292153e-13,1.898210959724485e-13,1.968043373398502e-12,6.049274972611989e-12,4.068551401640778e-12,1.832291851295782e-12,1.112930572204190e-12,1.054033839522053e-01,7.969180657891311e+03,0.000000000000000e+00,2.346646417767796e+03,1.013251167786709e+05,
1.223258883558508e-07,6.212809697314804e+00,1.491505742183039e-01,1.057609071567398e-05,1.027898997391744e-04,5.970712172188412e-04,1.349143689982018e-07,7.208229232565872e-05,1.235632823398767e-02,2.259406780668648e-08,1.676780238424403e-03,1.398136230679658e-10,5.391805966150048e-10,5.108224669573955e-11,1.917655314262686e-09,4.078925244212836e-10,1.930797118383564e-09,3.263544719975813e-09,7.078162999841694e-12,2.653457899732538e-11,2.375628924994035e-11,4.306792530902700e-03,2.343264408007116e-02,1.782074565616534e-10,1.594558204365052e-08,3.065845476344348e-10,7.321406982949068e-09,6.794850021495326e-13,5.623226456959641e-15,5.210658859412806e-09,2.510127005705330e-09,2.929030765597445e-14,9.040269216282414e-12,8.022442825235334e-13,4.320586416876332e-12,3.676694418228108e-13,1.216606482331923e-12,2.016684849830596e-12,2.954766552142201e-14,1.245035295618675e-12,4.132942377917126e-12,3.258268380462306e-17,2.763030130122063e-14,1.811961385557935e-13,8.552386564133053e-17,4.238738599362441e-18,1.581572962944822e-06,1.090516340840202e-05,3.034918601324349e-08,9.958331920869104e-08,6.294421683426514e-08,1.468126180662954e-12,3.214796249663647e-13,2.049838176087216e-12,7.348688458675155e-12,7.436555877289499e-12,3.001430517779024e-12,2.043793365279336e-12,1.069795011635622e-01,7.929431707971843e+03,0.000000000000000e+00,2.330284881482460e+03,1.013250178697247e+05,
1.745195689430461e-06,6.141646833109478e+00,1.584731384174186e-01,3.112556944078992e-05,2.790856460367653e-04,8.625570465782572e-04,1.968316444493872e-07,1.162739420941893e-04,1.235624387942068e-02,7.642538239951543e-08,2.851711261685784e-03,1.997413260553112e-10,5.649912278425389e-10,5.882099459901500e-11,1.948877071170471e-09,3.971485340367569e-10,7.811484839838531e-09,3.503311698660158e-09,7.408704416158801e-12,3.099259462537850e-11,2.465609120663209e-11,6.228544269104632e-03,2.303355504255165e-02,1.867310064727861e-10,1.610230638288524e-08,5.276847210651708e-10,8.192534852368098e-09,2.424152845713528e-12,3.041881362202030e-14,5.223395434308595e-09,2.492476024933019e-09,2.009501808937046e-13,2.207092695322108e-11,3.978698404277872e-12,7.947842469853554e-12,3.067319761437920e-12,4.503105017575821e-12,1.356203522987772e-11,3.879006846706171e-13,9.943568759116330e-12,6.114241833839991e-12,1.867223868309918e-15,2.034344388344757e-12,1.797598898273266e-13,1.541298930220760e-16,4.570776091102041e-18,2.549566087734960e-06,1.800248643512158e-05,3.038868109221224e-08,1.944980864977320e-06,1.326836167823741e-06,3.876060507916727e-12,8.122452332746433e-12,4.713162695369435e-12,1.293838502436131e-10,7.871292838042479e-11,3.514682835744059e-11,2.181736481229717e-11,1.136093885567505e-01,7.824776756656007e+03,0.000000000000000e+00,2.289432730700221e+03,1.013250433830162e+05,

