1
0
56
1
(4 0
((0,0) (15,255) (0,0))
((0,768) (15,1023) (0,0))
((0,512) (15,767) (0,0))
((0,256) (15,511) (0,0))
)
4
FabOnDisk: SD_5_New_MF_D_0003 0
FabOnDisk: SD_5_New_MF_D_0000 0
FabOnDisk: SD_5_New_MF_D_0001 0
FabOnDisk: SD_5_New_MF_D_0002 0

4,56
-7.862177761565754e+00,-1.616240640459231e+01,-2.621711640401477e+01,-6.104455323131472e+00,-9.389875277925126e+00,-9.087403402874468e+00,-1.117236043145553e+00,-6.348282535073622e+02,-2.658700709457525e-01,-8.687776594719689e-01,-1.002720711406062e-01,-1.398417834286793e+01,-1.305129038597445e+01,-1.593437873031174e+00,-1.025740840055673e+01,-4.677924608340670e-01,-7.856247835754761e-02,-2.891704591902100e+00,-1.460548500379197e+02,3.441071348220595e-21,-1.050415278295779e-01,-4.922010704711778e+01,-1.837703389262979e+00,-2.000151126229143e+02,-7.971870615151509e+00,-2.517924975912773e+01,-4.940743434486688e+00,-2.920297906190285e+00,-9.337635307617734e-03,-1.999050446599988e+00,-1.637931911404774e+00,-9.307761630279955e-01,-3.795520659388004e+00,-2.209691427543528e+00,-3.164825671173198e+00,-2.209762086740388e-01,-3.251917711539588e+01,-5.375453053408069e-01,-3.380678325277062e-01,-8.457820649007775e+00,-1.050447970582476e+00,-1.740868495531604e-02,-6.874696803397212e-04,-8.397475717367928e-02,-1.749385745838905e-01,-2.066058947693430e+00,-7.900869399311472e-02,-4.523069891415197e-01,-1.386133599529606e-01,-2.461880658561555e+01,-5.017972457401405e-01,-5.853382932485027e+02,-8.941719037058019e+01,-9.333199550471116e+00,-2.475245073723541e+01,-2.845013113983441e-10,
-3.968074695480500e-03,-3.057845500415220e-02,-8.982453654631546e-02,2.524846363820849e-07,-1.113986533936065e-02,1.055590882111539e-01,-6.852843538759531e-06,-3.423498989988994e-01,-9.556672733719251e-08,-3.418951754878486e-07,-4.113908844992349e-08,-2.438809453316131e-06,-2.864494152198158e-07,-6.969325314014227e-07,-2.091003195269372e-06,-5.932605050491340e-09,-2.332921885319073e-08,-1.892211060272181e-08,-4.885636181919784e-01,2.734315347963191e-01,-9.208664296117849e-08,-9.280198849021942e-06,-2.341708240327531e-07,-8.840059312748659e-06,-1.381556410286560e-06,-2.906529518835902e-09,-3.855710712865524e-06,-1.327549370819219e-06,-9.505380591798495e-09,-5.770662571376498e-09,-7.725425890347439e-07,-3.202712091500591e-07,-2.845343265258984e-08,-1.526502160639258e-07,-3.911960102426422e-07,-5.089811010624600e-09,-5.117044453072641e-07,-3.362521651794515e-06,-8.141411354260810e-12,-4.625979042202321e-09,-1.068068156785651e-10,-5.075040493185211e-14,-2.520724328327377e-15,-7.294428043001113e-04,-5.048346237534516e-03,-1.273275950523883e-05,-4.499256615432559e-05,-2.823430440012002e-05,-1.769622030752083e-09,-7.179776500151873e-08,-2.137368640740337e-06,-2.368307206658965e-06,-6.783210585839755e-07,-2.656710093322190e-07,-1.891931301335456e-07,-2.283928601798380e-11,
-1.265931198765673e-02,-9.525570779841333e-02,-2.068287092547936e-01,2.399511745687579e-06,-2.963921954074046e-02,1.854883317131506e-01,-2.357113845717765e-05,-8.399326193472338e-01,-1.258942919496672e-07,-3.701276841454656e-07,-5.262829708868582e-08,-2.666942398701429e-06,-1.617857428105065e-07,-2.369196364109049e-06,-2.646187113381773e-06,-6.647123989157672e-09,-2.978975000264238e-08,-2.334752343413602e-08,-1.162749533577675e+00,7.894947977681213e-01,-1.060709716636655e-07,-8.030641933711942e-06,-3.861367305135916e-07,-1.007898270065361e-05,-1.456888562955271e-06,-2.370902063292568e-09,-2.263506340670677e-06,-9.337357546958244e-07,-2.618180120656848e-08,-1.563835097414158e-08,-1.380717601178644e-06,-4.180285751075815e-07,-9.047344384786578e-08,-3.901553291594585e-07,-5.914460427653414e-07,-1.296494460357189e-08,-6.097390297635580e-07,-3.682664581292721e-06,-1.698424855969059e-11,-1.470508654630973e-08,-1.005663481078608e-10,-8.209962360160019e-14,-2.746481534079396e-15,-1.215084189344400e-03,-8.643496425655886e-03,-1.053715887445238e-05,-2.643905771464832e-04,-1.711796971357320e-04,-4.027422343545522e-09,-1.280044898446841e-07,-1.685757948669881e-06,-2.109881885214399e-06,-1.673559874450171e-06,-7.777584601549537e-07,-4.620956725409263e-07,-2.248351504974266e-11,
-1.736118659880336e-01,-8.018062749140241e-01,-5.087482122791563e-01,-5.631071702564256e-04,-1.549394126363154e-01,4.986762285024611e-01,-2.888308788289819e-04,-4.248370642601232e+00,-1.194488101110684e-06,-2.688852962070596e-06,-5.481341700433845e-07,-3.902026801556656e-05,-9.283818021358096e-07,-3.124580610595014e-05,-2.678644969036468e-05,-7.958072052464617e-08,-4.946548811743727e-07,-3.121920612377670e-07,-4.601161342866962e+00,1.868237943287349e+00,-9.039045485004722e-08,-5.100335057980933e-06,-5.259814949824138e-06,-1.546837217907801e-04,-5.375830965515314e-06,-1.985416426382036e-08,-6.475148711943556e-07,2.870899018962243e-07,-4.958405521496298e-08,-2.237175280606385e-07,-2.117142365453887e-06,-2.862007286477472e-06,-2.634500379396655e-06,-3.777322427620921e-06,-1.773255148547373e-05,-6.117679384187846e-07,-1.379972040846945e-05,-9.933907786819980e-06,-3.116062198250146e-09,-1.754362838142279e-06,-4.451591281933759e-09,-1.295714419877563e-11,-3.578604446590924e-13,-1.414780148086840e-03,-1.042892173210043e-02,1.324515639428422e-06,-1.791252042818911e-02,-1.251482700027222e-02,-4.500446620806311e-07,-1.023127876694132e-05,-3.145946998217496e-06,-1.962598094283749e-04,-1.147261691763670e-04,-3.444465069145148e-05,-3.183227735912769e-05,-1.099098589918412e-10,

4,56
5.976509803594838e+00,3.499559203877667e+01,5.164427771240508e+01,7.647083687107999e+00,1.321490743166454e+01,3.172779034798695e+02,6.180584895082201e-01,1.297688703516542e-05,6.325202226025147e-01,1.387482809475896e+00,1.620630020075488e-01,2.620975308123806e+01,1.640358917193490e+01,1.985000408074544e+00,1.554595994381184e+01,4.396066269270880e-01,1.342103917784154e-01,2.877845653858881e+00,4.603278136348840e+02,3.183285158264422e+02,1.986024752544751e-01,5.876626743009443e+01,3.936691844736397e+00,2.988523328044482e+02,1.312654307769306e+01,2.701092673702516e+01,8.539921865065438e+00,3.430323581854105e+00,1.632104450899049e-02,3.726693837266255e+00,2.442197385477300e+00,1.059356252866790e+00,3.910598970154971e+00,2.265993812927766e+00,3.858141214761863e+00,2.003334558294376e-01,3.399824122990184e+01,1.067366324087459e+00,6.296920792526094e-01,8.005936985390427e+00,1.436760533992504e+00,4.254975430457331e-02,1.063656983242674e-03,7.689600754402932e-02,4.353965138036302e-01,2.451061790612875e+00,4.651283767030517e-01,6.744419465206191e-01,1.899113793950157e-01,1.638541137453145e+01,8.299962882527636e-01,3.884385351048891e-01,9.022569760799816e+01,1.447165475779901e+01,2.536365550537104e+01,3.274180926382542e-10,
-1.985721911146912e-03,-1.188570537266749e-02,-3.335791667924597e-02,6.440904865518099e-06,-5.957096241835975e-03,1.848981751891751e-01,-1.747378915457087e-06,-1.576969338428479e-01,-3.947739259180353e-08,-1.501033588359369e-07,1.088360656656891e-09,3.795129448130017e-07,-6.845159624052668e-08,-1.921005587825154e-07,-8.679145293804000e-07,-1.079336683936066e-09,-3.800714288748630e-09,-4.294136515867702e-09,-1.663771998873309e-01,7.871022399874170e-01,-5.878860575843722e-08,-5.400158332019205e-06,-7.078205098460820e-08,-1.419403414448243e-07,8.188031976298712e-07,1.184385013377297e-09,-1.825580942819141e-06,-7.760895963453587e-07,4.779354710119267e-09,-1.834057551820107e-09,1.312453132009795e-07,8.907678663345569e-07,1.078452925031769e-07,5.124790262487675e-07,8.652609264917544e-07,1.459421044173654e-08,9.766879589434093e-07,5.081670445589853e-06,1.840042052692431e-11,8.880982923597264e-09,-9.284298686357000e-11,-2.265048825545171e-14,-1.520207189233742e-15,-4.573337551669581e-04,-3.118261914738320e-03,-1.054678928031143e-05,-1.210664843422720e-05,-7.410309544020686e-06,2.647807065555930e-09,1.868196985377678e-07,1.852022567039592e-06,5.237361819128604e-06,3.832870157405057e-06,1.186638472005091e-06,1.060518892259018e-06,2.030522971985249e-11,
-3.680873049609726e-03,-3.068981059831819e-02,-9.008477302917878e-02,7.557084773468773e-06,-1.117584740000602e-02,4.963581998388231e-01,-6.859992097325062e-06,-3.434004188560726e-01,-5.844832036582796e-08,-8.190061375090008e-08,-7.941392964165394e-09,6.472955251672968e-07,1.661463552620226e-07,-6.765557534312153e-07,-5.203083860425439e-07,-5.912148784577855e-10,-4.544931848247151e-09,-1.752803792063329e-10,-4.900623880202682e-01,1.861028387104687e+00,-4.022773048202733e-08,-5.802641682118890e-07,-1.277734843974781e-07,-4.559636952869020e-07,5.196789153522350e-07,1.291817936376360e-09,2.945514713417106e-07,6.487642223741020e-07,9.786680184523185e-09,-4.012083724157724e-09,1.528203308094084e-07,1.369305269995388e-06,2.670828477097477e-07,9.588728577864372e-07,1.437002940409198e-06,2.923706854293133e-08,1.412885689932677e-06,5.043071194009956e-06,3.830958553294305e-11,2.071508538195715e-08,6.679020464782626e-11,-5.046258860340423e-14,-1.689210275378715e-15,-7.308705189003190e-04,-5.058665380191465e-03,1.316706824233358e-06,-4.520966763524788e-05,-2.836605209443580e-05,6.320431636092413e-09,3.685643899748729e-07,4.030499096901939e-06,7.198244875566044e-06,6.722167571193309e-06,2.928476333984271e-06,1.852504653470004e-06,2.357336548186595e-11,
-1.273641686052945e-02,-9.577949099973596e-02,-2.075825145008936e-01,2.297248085068428e-06,-2.977429330839320e-02,3.219662856723079e+00,-2.370892567948945e-05,-8.434109189959869e-01,1.828455261040572e-06,4.807680584032062e-06,5.584527854523293e-07,4.071062108698968e-05,2.688063679042329e-06,-2.215517579941656e-06,4.117798965329419e-05,1.171040647110214e-07,5.556307175816581e-07,4.131110873300806e-07,-1.167284725305424e+00,7.281790225226739e+00,7.190547529617503e-07,5.913315030637988e-05,5.172393255796312e-06,1.961050227942134e-04,5.129487497379853e-06,1.874828520238267e-08,1.642714683504920e-05,5.846361294821979e-06,2.942093712715561e-08,1.484203888631451e-07,8.636182156248873e-07,3.405714907235190e-06,1.725747001080571e-06,3.052885674440050e-06,9.657698621505318e-06,4.017039159269141e-07,1.275623118239545e-05,1.055249822716710e-05,1.944558899375631e-09,1.553320228716061e-06,3.801270487868067e-10,2.239899770962173e-13,1.124624307730192e-14,1.709559759932750e-03,1.219183988289115e-02,6.607198407307024e-05,-2.668700004958277e-04,-1.728185951850567e-04,6.966399544826456e-07,1.123480710007483e-05,3.760318312691520e-06,1.281871411973190e-04,8.895687935222219e-05,2.764524281934436e-05,2.463682857782828e-05,8.919287530773090e-11,

