1
0
56
1
(4 0
((0,0) (15,255) (0,0))
((0,768) (15,1023) (0,0))
((0,512) (15,767) (0,0))
((0,256) (15,511) (0,0))
)
4
FabOnDisk: SD_5_Old_MF_D_0003 0
FabOnDisk: SD_5_Old_MF_D_0000 0
FabOnDisk: SD_5_Old_MF_D_0001 0
FabOnDisk: SD_5_Old_MF_D_0002 0

4,56
-7.860404644737258e+00,-1.621098325133437e+01,-2.615077749926704e+01,-6.100620762331901e+00,-9.363079393963092e+00,-9.096857833911198e+00,-1.126092665090317e+00,-6.358296599810228e+02,-2.761671805937558e-01,-8.510470916507467e-01,-9.847357989230798e-02,-1.391120130149157e+01,-1.301482262271676e+01,-1.552270563693141e+00,-1.032697475746183e+01,-4.685874084503014e-01,-7.826627206529180e-02,-2.898668323008161e+00,-1.461262577848588e+02,3.864587821847745e-21,-1.035034532887743e-01,-4.999240231871647e+01,-1.848741760633827e+00,-2.005965061008696e+02,-7.933622027090932e+00,-2.530587258059074e+01,-4.873454725626763e+00,-2.952096336103078e+00,-9.392323264673735e-03,-2.011640370666405e+00,-1.644504828128825e+00,-9.373816488941408e-01,-3.792976128482049e+00,-2.207759387759507e+00,-3.157197384189471e+00,-2.216205297530199e-01,-3.258499144015059e+01,-5.404097030126265e-01,-3.397863558426841e-01,-8.518974514184395e+00,-1.019890333767056e+00,-1.769069148368426e-02,-6.934557840416009e-04,-8.424241823201553e-02,-1.725829248710793e-01,-2.077973287493277e+00,-7.703019792568744e-02,-4.169737672591172e-01,-1.373126271043383e-01,-2.454334438049237e+01,-4.956674761295830e-01,-5.825675868294230e+02,-8.879329589952962e+01,-9.304741302892610e+00,-2.462444871625854e+01,-3.990408004028723e-10,
-3.969307572010616e-03,-3.057125270133872e-02,-8.980708330883780e-02,2.542393026833242e-07,-1.113801566394058e-02,1.055467139719659e-01,-6.850665183512524e-06,-3.422750638213201e-01,-9.689741613648328e-08,-3.539258041344430e-07,-3.663508172573588e-08,-2.247591000882634e-06,-2.915999791386727e-07,-6.995397007735699e-07,-2.219009122336880e-06,-5.645323638489051e-09,-2.078931276145248e-08,-1.968581037230724e-08,-4.884412611845361e-01,2.733658046899234e-01,-9.138546402906080e-08,-9.243869972125478e-06,-2.045129474681675e-07,-7.571924006293777e-06,-1.536643295208823e-06,-2.484790816692464e-09,-3.898060386281297e-06,-1.313418483514419e-06,-1.189327039199101e-08,-5.680508736206725e-09,-7.843802978571511e-07,-4.457166247796967e-07,-3.143152714583228e-08,-1.476830943817732e-07,-2.706615488588296e-07,-6.176713529966403e-09,-5.955734019264436e-07,-3.570554619786793e-06,-9.882803527115486e-12,-4.900451184294614e-09,-1.064892417889280e-10,-5.074367994477596e-14,-2.520919422252390e-15,-7.293155780518755e-04,-5.047444744443909e-03,-1.273324909384022e-05,-4.497419888556217e-05,-2.822238369423158e-05,-1.578357567282779e-09,-7.265287635422732e-08,-2.329792415197029e-06,-2.444102386135808e-06,-7.559558565504792e-07,-2.849087423456975e-07,-2.101995046493968e-07,-2.433606094420782e-11,
-1.265375086867810e-02,-9.521449801897709e-02,-2.067685125303605e-01,2.407879165098600e-06,-2.962863281502566e-02,1.854589978242925e-01,-2.355987569796678e-05,-8.396497214998599e-01,-1.299353004220053e-07,-3.990122092629089e-07,-4.728942520656896e-08,-2.342747683621554e-06,-1.651124844762860e-07,-2.356240589449284e-06,-3.105645452640083e-06,-7.568199652968841e-09,-3.039124352807607e-08,-2.737679806488848e-08,-1.162371697869776e+00,7.892994158344486e-01,-1.049073431367138e-07,-7.629606760100504e-06,-3.866328071268863e-07,-1.093447768753443e-05,-1.601829485420179e-06,-2.391905944114354e-09,-2.226584615967177e-06,-9.250396676624444e-07,-2.866654391875620e-08,-1.540150639678449e-08,-1.663049588787188e-06,-5.039473028272099e-07,-7.088381529419448e-08,-3.592359360740556e-07,-5.387899143451265e-07,-1.025590901669435e-08,-6.372032427788229e-07,-3.639844822478167e-06,-1.467211231190377e-11,-1.691226801612246e-08,-1.009782062868061e-10,-8.191791899394572e-14,-2.748675426127703e-15,-1.214846455193709e-03,-8.641666797660114e-03,-1.053963319799678e-05,-2.641777576030869e-04,-1.710406238435945e-04,-4.135567909496808e-09,-1.199722033655662e-07,-1.855129633508090e-06,-2.343741802603888e-06,-1.820460689457699e-06,-8.542329470971377e-07,-4.967385397106242e-07,-2.313554903210502e-11,
-1.733544598826283e-01,-8.005645856716067e-01,-5.083838282970912e-01,-5.621054806217206e-04,-1.552097426870066e-01,4.984985898128013e-01,-2.884214705871895e-04,-4.244152490789471e+00,-7.533047176725217e-07,-1.171847723612412e-06,-3.536254862414429e-07,-3.385034932913667e-05,-5.625804362269246e-07,-3.115117255665182e-05,-1.462343673139012e-05,-4.818272737262393e-08,-2.750651122711015e-07,-1.718450627813811e-07,-4.590151224384624e+00,1.867641907349131e+00,-1.005040481207860e-07,-6.103693724134506e-06,-4.686214583010957e-06,-1.729216078008084e-04,-5.701933329284072e-06,-2.491694051925451e-08,-9.584025229623627e-07,1.952505465445214e-07,-6.331896085518872e-08,-1.397813136437497e-07,-2.462606182235975e-06,-2.996618856925625e-06,-2.478212636044551e-06,-4.314004160114811e-06,-1.052128050350524e-05,-3.958119342302423e-07,-1.060170141362882e-05,-8.870201465480484e-06,-2.305504683377563e-09,-1.130704116993099e-06,-4.383176020058117e-09,-1.274848942063138e-11,-3.520582263440355e-13,-1.414682334308694e-03,-1.042823255972179e-02,1.351255125938746e-06,-1.785113217308937e-02,-1.247197816859453e-02,-4.227868490172029e-07,-1.081956860899242e-05,-2.785870092803171e-06,-1.650742421703811e-04,-7.639179122216893e-05,-2.998860978315570e-05,-2.150810343916331e-05,-9.554090851793262e-11,

4,56
5.995851726183240e+00,3.442704293634478e+01,5.341679626927872e+01,7.647328527207014e+00,1.321281909404144e+01,3.166390975587958e+02,6.197881762203572e-01,1.304801128654276e-05,6.388717194602040e-01,1.393084283241202e+00,1.606433563917037e-01,2.621694822604046e+01,1.637222504431944e+01,1.976169532231619e+00,1.555694977418264e+01,4.357294535779863e-01,1.348488848673947e-01,2.883531385749650e+00,4.611009814558112e+02,3.204169257847245e+02,2.014805767805561e-01,5.900344659706484e+01,3.940193600626063e+00,2.971376561666352e+02,1.337994589013628e+01,2.694707106632155e+01,8.449006235912719e+00,3.446828275699580e+00,1.616516486905025e-02,3.770063420360771e+00,2.458306615946008e+00,1.050677423777534e+00,3.905583954589043e+00,2.283244984841126e+00,3.818341979625108e+00,2.003036677736060e-01,3.429283167752342e+01,1.037516001417674e+00,6.282057554140369e-01,7.969680351853418e+00,1.438454663428678e+00,4.295586020473183e-02,1.070802153367336e-03,7.620687940811194e-02,4.001828627767651e-01,2.438521009217767e+00,4.636546268452150e-01,6.744295567996892e-01,1.862190452296391e-01,1.635489767186590e+01,8.060250244961961e-01,4.138244950031804e-01,8.889750442157128e+01,1.442074766015180e+01,2.502270506933460e+01,3.360582923050970e-10,
-1.985606716870572e-03,-1.188170448816309e-02,-3.333619613955569e-02,6.440139712075856e-06,-5.955670036399413e-03,1.848688129227370e-01,-1.749014076130575e-06,-1.576836620196206e-01,-3.842083076021046e-08,-1.510548430588620e-07,9.806282474379888e-09,4.833091613016966e-07,-7.655344607213853e-08,-1.944820034572437e-07,-9.171628599362176e-07,-1.088319297671450e-09,-3.909704880866289e-09,-4.698420949043886e-09,-1.663359339962964e-01,7.869066582693728e-01,-5.887292965946104e-08,-5.272450802598668e-06,-7.076817418547738e-08,2.073481855522721e-08,9.607455416037097e-07,1.164933209390557e-09,-1.783014908154412e-06,-7.783330116445663e-07,5.283418919557131e-09,-1.951865199777354e-09,7.112179470315491e-08,8.292625862560303e-07,1.168321938210566e-07,5.668145305929936e-07,9.393036890760263e-07,1.215083867926436e-08,6.539064454425012e-07,4.002260010738937e-06,1.227105573013587e-11,8.411391689752861e-09,-9.330211644291816e-11,-2.265938519494313e-14,-1.519127932073484e-15,-4.572790024631618e-04,-3.117991122089655e-03,-1.054776184493511e-05,-1.210262324131806e-05,-7.408717814607451e-06,2.602950854457014e-09,1.779119147688295e-07,2.041895832995981e-06,5.608391775647981e-06,3.568132873278893e-06,1.086032271867969e-06,9.890715877751033e-07,2.555846506657744e-11,
-3.680552088611081e-03,-3.068268144419939e-02,-9.006750972723604e-02,7.555934555643680e-06,-1.117403561775459e-02,4.961797204682166e-01,-6.858872305110954e-06,-3.433256026937942e-01,-5.863009772716647e-08,-9.136834183249182e-08,-8.590411147858369e-09,6.516553023416191e-07,1.657203365900794e-07,-6.695729911109867e-07,-6.597948683213586e-07,-7.995452200359555e-10,-5.078649809950661e-09,-1.696562086064633e-09,-4.899402237643879e-01,1.860425823592890e+00,-4.067549221969440e-08,-6.206884030690552e-07,-1.253410376004733e-07,-1.452169687034787e-07,5.064671134134743e-07,1.179524648713926e-09,2.723966720035289e-07,6.373752397075740e-07,1.130766084224963e-08,-3.821382440332736e-09,1.489561113868296e-07,1.309504370909467e-06,2.440188676695701e-07,9.635801216388350e-07,1.812083831501259e-06,2.654825115969894e-08,1.145263871433408e-06,5.012310364757185e-06,2.965063434791708e-11,2.224338364701527e-08,6.591754828670098e-11,-5.045673692262842e-14,-1.706655539598243e-15,-7.307421473104444e-04,-5.057765273998689e-03,1.308837222490191e-06,-4.519231384260320e-05,-2.835529445813041e-05,6.491774519830704e-09,3.832942741722374e-07,3.529899375890387e-06,7.541424276076796e-06,6.113286780878715e-06,2.233818225519917e-06,1.686251271454255e-06,2.376815411153643e-11,
-1.273053442590367e-02,-9.573801785159042e-02,-2.075218454035727e-01,2.308979725088031e-06,-2.976399740347858e-02,3.220027591704188e+00,-2.369608041008069e-05,-8.431299226929967e-01,1.414425147540448e-06,4.062054365884274e-06,5.199852225337126e-07,3.867764260052431e-05,2.014275340724643e-06,-2.136305367114144e-06,2.534446057553739e-05,9.503582799171779e-08,4.886937233422999e-07,3.076270738073463e-07,-1.166912984883829e+00,7.264459642192906e+00,6.978172939139932e-07,5.196690898934582e-05,5.220414502269026e-06,1.750843463855602e-04,5.096061469805547e-06,2.108340589783682e-08,1.675578169637300e-05,5.468908879433281e-06,3.355391176311607e-08,1.744963120713276e-07,7.847238675927085e-07,5.201339819650660e-06,1.725644083093276e-06,3.143846430448581e-06,9.346417728648525e-06,2.622992227627605e-07,7.463566229562820e-06,1.013921484990380e-05,1.432552139335305e-09,1.096690535236568e-06,3.825209118127537e-10,2.247153182866133e-13,1.114048934516984e-14,1.698663744129469e-03,1.211026084145915e-02,6.599140639711165e-05,-2.666523375922686e-04,-1.726756751106129e-04,5.575164744987907e-07,1.031141458602392e-05,4.083472712320033e-06,1.770144569410376e-04,4.762053233121995e-05,2.014402483278877e-05,1.319435862549244e-05,1.512510117152033e-10,

