1
0
63
1
(4 0
((0,0) (7,127) (0,0))
((0,256) (7,383) (0,0))
((0,128) (7,255) (0,0))
((0,384) (7,511) (0,0))
)
4
FabOnDisk: SD_0_Old_MF_D_0003 0
FabOnDisk: SD_0_Old_MF_D_0001 0
FabOnDisk: SD_0_Old_MF_D_0002 0
FabOnDisk: SD_0_Old_MF_D_0000 0

4,63
-1.782660271298099e+00,1.536864713367337e+03,1.577312430029574e-01,4.578368994078417e-19,9.173092179466502e-18,4.122236484072615e-14,1.220943676340671e-08,6.200869789972103e-06,2.233046650726927e-06,4.994513739235444e-09,2.862762642698702e-03,0.000000000000000e+00,1.781487813778444e-22,2.136354634493219e-23,1.429193896545671e-10,1.205687181599018e-10,3.820524242467685e-19,1.801180073114282e-09,1.526331763190395e-13,6.410347703519314e-23,1.257291064439286e-11,7.549447355850984e-07,7.224784294219081e-08,0.000000000000000e+00,5.821350457293565e-09,1.320124357463086e-19,3.477508534471860e-09,8.085893266601992e-19,0.000000000000000e+00,1.801258657535894e-22,5.849290779238828e-10,6.235194127373388e-17,2.755460608377005e-18,2.313010265927154e-12,9.712034320392416e-16,7.264296320298821e-15,5.100483844441372e-15,6.567566146311689e-15,2.712617711703887e-23,2.679820546500520e-15,1.120147838034818e-18,4.117531478591830e-24,2.154654860031106e-15,1.163608985097636e-13,2.683022957122445e-16,7.785392357226684e-18,7.660238151364010e-13,2.484865263004180e-13,1.031169662486065e-11,2.398155185670571e-12,4.321109652730110e-12,0.000000000000000e+00,0.000000000000000e+00,0.000000000000000e+00,0.000000000000000e+00,0.000000000000000e+00,1.456848547614441e-21,0.000000000000000e+00,1.131557802882744e-01,4.141421399447840e+03,0.000000000000000e+00,4.430178746880028e+02,1.013092664173250e+05,
-8.854138551762827e-01,1.872990718498456e+05,1.469408134220075e-01,7.209973112202738e-06,6.951918614932223e-05,5.063209085838677e-04,1.327002350604758e-07,6.114358139082396e-05,1.235473438298448e-02,1.460466148135599e-08,1.325049880212212e-03,8.166984278775335e-11,3.931528310207732e-10,3.431354628189008e-11,1.510958805297540e-09,3.790685367664517e-10,1.130817620963699e-09,2.353645998216240e-09,5.149098209845976e-12,1.762542821985673e-11,1.782838671761564e-11,3.781314147785324e-03,2.305497458290756e-02,1.281631718170191e-10,1.260445441020235e-08,1.658484859596410e-10,5.023260974615815e-09,1.276688236826048e-13,2.318111910302968e-15,4.187388249588269e-09,2.193010089415617e-09,8.743222883596188e-15,3.992205970191199e-12,1.040624453640611e-13,1.255331779379814e-13,3.229614272947535e-15,5.407787140253019e-15,4.849004516003315e-15,2.364037294471986e-18,1.004814564162344e-16,3.676810887510608e-20,2.185264311367621e-21,4.940119405701341e-17,1.389657759987469e-13,3.867229913591459e-17,2.397213744509893e-18,9.330173176887869e-07,6.370816914432753e-06,2.485163393813549e-08,2.846593350829799e-08,1.757182142497375e-08,7.264013448886317e-13,1.266543866675094e-15,2.039753338083407e-24,0.000000000000000e+00,0.000000000000000e+00,0.000000000000000e+00,0.000000000000000e+00,1.053904257639060e-01,7.834776168036785e+03,0.000000000000000e+00,2.291905502304271e+03,1.013248331354152e+05,
-1.483236883518867e+00,1.802934222486606e+05,1.490535288290901e-01,1.042484402728113e-05,1.012694934360401e-04,5.934357354444690e-04,1.327186032131606e-07,7.164164242357092e-05,1.234114376682082e-02,2.221118628327084e-08,1.661637871717610e-03,1.370846898673633e-10,4.159335679333011e-10,5.033812607188989e-11,1.390634695861925e-09,1.986194121767861e-10,1.891565846108224e-09,2.857947852568268e-09,5.468864536527865e-12,2.613574406868724e-11,1.934432455380605e-11,4.284808294846754e-03,2.215647991331815e-02,1.318733313069160e-10,1.071606446541757e-08,2.996825832590546e-10,6.855946695542311e-09,2.962738265222511e-13,5.350972134583301e-15,2.989545607582497e-09,1.190697285670787e-09,2.704820312089279e-14,8.768398102903357e-12,3.196180907710551e-13,2.966007886495362e-14,7.265473851723309e-15,7.985667600150010e-15,8.771237343982910e-15,9.311168655353320e-18,3.287454799614821e-16,1.114230013139647e-19,1.142733976152318e-20,1.745484497222545e-16,6.602774308613791e-14,8.303041908741196e-17,3.531267324496726e-18,1.550036984440065e-06,1.068313663297054e-05,1.787892183579191e-08,9.478750788127083e-08,5.985499064456786e-08,1.429627683863393e-12,2.834740344237386e-15,4.500802697912860e-24,0.000000000000000e+00,0.000000000000000e+00,0.000000000000000e+00,0.000000000000000e+00,1.069100561581044e-01,5.940990632571902e+03,0.000000000000000e+00,2.147916034119105e+03,1.013244992033385e+05,
-1.189729137379566e+00,1.911589585542733e+05,1.460794894951953e-01,6.078190093353672e-06,5.804025774799060e-05,4.682087684975280e-04,1.349629355859713e-07,5.688908645821716e-05,1.235235171143330e-02,1.204318730411405e-08,1.182405665688373e-03,5.085021834166584e-11,2.704957604005895e-10,2.282985949337534e-11,1.083416307640039e-09,2.972541270258213e-10,8.666374938907693e-10,1.620508916182972e-09,3.528926640286965e-12,1.165747472607982e-11,1.245680177605955e-11,3.565633018084964e-03,2.343921628529882e-02,8.712794125588849e-11,9.012309857350532e-09,9.966281243440401e-11,3.357544900524079e-09,6.869131781473729e-14,1.242195342998462e-15,2.988208622440359e-09,1.620086254739953e-09,4.062820133155631e-15,2.164828789365898e-12,4.845843678018835e-14,8.134877464227236e-14,1.561514204158624e-15,3.160600898331540e-15,2.769876098927554e-15,9.504245221425217e-19,4.419091092524358e-17,1.659173530229610e-20,7.910378923599637e-22,2.107728667766232e-17,7.814372530372606e-14,1.726883632732734e-17,1.188593465903041e-18,5.860546559532440e-07,3.985493840198012e-06,1.797682652794668e-08,1.318783601407988e-08,8.064818075138545e-09,4.224814032711031e-13,6.934127919105434e-16,1.134157439876078e-24,0.000000000000000e+00,0.000000000000000e+00,0.000000000000000e+00,0.000000000000000e+00,1.047710322733711e-01,7.926785710686640e+03,0.000000000000000e+00,2.330886025061688e+03,1.013247755882951e+05,

4,63
1.547305026776728e+00,1.816078447682502e+05,8.371982713650844e-01,5.119166423589084e-05,4.648279601535259e-04,9.712931402078880e-04,1.187116803613254e-04,3.163033611042228e-04,1.318907972325183e-02,2.125190286110511e-05,1.827468833808972e-01,1.358181991443009e-06,6.261324637146856e-06,7.084135930969414e-07,2.231570292185616e-04,2.496680813957752e-04,2.065102371686046e-05,5.047265763237056e-04,1.433117126082058e-05,9.734357502174289e-07,6.559610343934750e-05,1.401503571001439e-02,2.214705480052245e-02,7.346948001460696e-07,5.831839357976407e-04,2.184088393856127e-05,4.408296202374881e-03,9.552618038425450e-05,4.370874808957943e-04,3.086620227242104e-05,1.161031000457579e-04,1.365817392562677e-07,3.189201009112216e-05,3.797805275059015e-05,1.122858001361227e-05,5.535982611737383e-05,2.975869007265160e-05,3.869625263236091e-05,3.053375071947673e-06,6.401266781136166e-04,1.068591577200678e-05,4.091104713799797e-06,1.138842536076770e-04,1.529718310562500e-05,6.636981479431764e-07,1.467486571649165e-08,2.489666637483607e-06,1.756205778143942e-05,2.885580513518067e-05,1.253015998841124e-05,1.624026175234320e-05,1.649181228362864e-06,4.476404317811122e-04,9.683507786679734e-06,5.258715698930492e-02,1.641899769789591e-03,1.342678695026485e-04,4.452125141311671e-04,6.018548082542383e-01,7.549953192136565e+04,0.000000000000000e+00,2.145368800923693e+03,1.013276462859208e+05,
6.582978965685982e-01,1.911966040873010e+05,1.490271991700998e-01,1.038154971485247e-05,1.008468841219017e-04,5.924121900573213e-04,1.349471679155194e-07,7.151242274292068e-05,1.235713320767571e-02,2.210502622463892e-08,1.657555289462158e-03,1.365272763915628e-10,5.321744203290557e-10,5.020637322435662e-11,1.899042950058754e-09,4.048419902506043e-10,1.881041842196413e-09,3.217813564934527e-09,6.986317549722202e-12,2.606429758137265e-11,2.347044944613313e-11,4.278780537578494e-03,2.343754108195804e-02,1.758568092381388e-10,1.579871903079125e-08,2.982140188658542e-10,7.204135813999472e-09,2.939577596932458e-13,5.309813704914159e-15,5.169116021458748e-09,2.488820339776588e-09,2.675555923548962e-14,8.707541143806373e-12,3.161698686936830e-13,1.478437952426085e-13,7.219107865344365e-15,8.882248379278064e-15,8.732413627197126e-15,9.186629631961973e-18,3.250087575485893e-16,1.102153660010839e-19,1.128777035407700e-20,1.723986752484019e-16,1.784216119499410e-13,8.258814474871992e-17,4.150214691088574e-18,1.543713995214755e-06,1.063839236676516e-05,3.012722732243519e-08,9.362678246427627e-08,5.910693434116843e-08,1.421065727458812e-12,2.813724000753625e-15,1.081569885113160e-23,2.151292543540449e-24,2.470025494055335e-19,8.214034736107975e-19,1.770516431175600e-19,1.068911075676449e-01,7.927574311665060e+03,0.000000000000000e+00,2.330729249447695e+03,1.013250292559400e+05,
1.940832491505723e+00,1.875375413027270e+05,1.575686453012692e-01,2.842896546560487e-05,2.633946301259062e-04,8.511355959083160e-04,1.893543161151684e-07,1.107467226854770e-04,1.235716899389378e-02,7.115051501469226e-08,2.842125980775887e-03,1.956561546241168e-10,5.599450853455882e-10,5.831830959532948e-11,1.930434133167609e-09,3.967390528408757e-10,6.815577042877858e-09,3.464874166168270e-09,7.340483551504469e-12,3.075221803414204e-11,2.444131533596736e-11,5.913514421004526e-03,2.305056844954217e-02,1.850952807997520e-10,1.599115106532578e-08,5.171602558552962e-10,8.057647171057654e-09,1.147586954390108e-12,2.006829451765876e-14,5.189464764161442e-09,2.484115672636512e-09,1.805772016093798e-13,2.206093173636389e-11,2.268051906535053e-12,1.452855374586684e-13,1.191880835362894e-14,1.039576364850020e-14,1.211390232090766e-14,1.193916930026572e-16,2.625870505161329e-15,1.089367626229032e-18,3.867168679976257e-19,2.090159388941354e-15,1.783037752830884e-13,2.393595735222202e-16,6.986808048357395e-18,2.489447470735624e-06,1.753875289897899e-05,3.019424550487304e-08,1.528161761200802e-06,1.033316133898657e-06,3.646469419093035e-12,9.727512369351655e-15,1.246957297896172e-22,1.439182088640599e-21,9.886066539640752e-19,3.896970584452456e-18,7.951387439851035e-19,1.130387725193392e-01,7.832927718852861e+03,0.000000000000000e+00,2.291424485606480e+03,1.013253352969672e+05,
1.521846279588077e+00,1.938879579720291e+05,1.469325486362144e-01,7.198611177127050e-06,6.940526346778758e-05,5.059617114358244e-04,1.367826602495966e-07,6.110248308428769e-05,1.235471095519432e-02,1.457857583693229e-08,1.323687246809548e-03,8.137732056126926e-11,3.921022199891723e-10,3.421087076085796e-11,1.507467440963703e-09,3.784840217096475e-10,1.128119093327592e-09,2.347396736980231e-09,5.135212097714459e-12,1.757189709750782e-11,1.778327005641984e-11,3.779252744833708e-03,2.361406955721156e-02,1.278090712056296e-10,1.257519813155025e-08,1.652065263162022e-10,5.008777385803074e-09,1.270443752135002e-13,2.306896234730747e-15,4.177653654133091e-09,2.188589711642903e-09,8.690062700174271e-15,3.973191676167491e-12,1.034711618404700e-13,1.251791299300464e-13,3.211950112027216e-15,5.387262304228209e-15,4.829136442829053e-15,2.346844488484339e-18,9.982893119078326e-17,3.653747378563632e-20,2.169327876136470e-21,4.906358469752535e-17,1.384535305765791e-13,3.844704484815993e-17,2.386004575970216e-18,9.298908233456339e-07,6.349167922850128e-06,2.479763977689425e-08,2.829075589587943e-08,1.746129216526412e-08,7.233587509804829e-13,1.260551841120395e-15,6.742880439112578e-24,1.353132091836018e-24,1.987767731015608e-19,5.821565777292923e-19,1.340992228045038e-19,1.053844840913602e-01,7.935800754092219e+03,0.000000000000000e+00,2.347169100804848e+03,1.013250614920094e+05,

