1
0
56
1
(4 0
((0,0) (7,127) (0,0))
((0,256) (7,383) (0,0))
((0,128) (7,255) (0,0))
((0,384) (7,511) (0,0))
)
4
FabOnDisk: SD_5_New_MF_D_0003 0
FabOnDisk: SD_5_New_MF_D_0001 0
FabOnDisk: SD_5_New_MF_D_0002 0
FabOnDisk: SD_5_New_MF_D_0000 0

4,56
-5.934139241546201e+00,-1.438351574559207e+01,-3.139255606550904e+01,-5.145293019757107e+00,-8.350574677846692e+00,-9.195735005078424e+00,-1.001310613799567e+00,-6.408026405985100e+02,-2.353537619396122e-01,-8.509944167874761e-01,-1.056371552015291e-01,-1.302011200652862e+01,-1.230396964218323e+01,-3.080656460506367e+00,-1.111289871010623e+01,-3.505180703103683e-01,-1.752550354334283e-01,-2.554748128956279e+00,-1.358966817661062e+02,4.026907946052287e-13,-1.119290280958721e-01,-4.590225879947809e+01,-2.476346955941199e+00,-1.931174986014337e+02,-9.760255990634354e+00,-2.213358239849213e+01,-4.481523719490431e+00,-3.182695484453592e+00,-4.780284156499930e-02,-1.673778460360350e+00,-1.605156061956822e+00,-8.799107716285116e-01,-3.623913089653489e+00,-2.100902514455781e+00,-2.905828795450204e+00,-2.344935006993136e-01,-3.097387417924195e+01,-3.750436891945741e+00,-5.614161193332257e-01,-8.203168426178966e+00,-7.978649242199917e-01,-3.922606056825789e-02,-5.457139967162089e-04,-8.372808315131210e-02,-1.292870972075790e-01,-1.948814806742063e+00,-6.713605779442915e-02,-2.993050369974424e-01,-3.053684966416467e-01,-1.976912468820289e+01,-5.162260742526518e+00,-5.192639814700639e+02,-8.221119432910891e+01,-8.719225724656102e+00,-2.282544144087844e+01,-0.000000000000000e+00,
-2.200416707686062e-02,-1.822943969938066e-01,-1.790520246967337e-01,-3.393686424919512e-04,-2.826952612988476e-02,1.327450992766307e-01,-1.431727999844950e-04,-8.035177372461647e-01,-4.362745307457256e-07,-4.036639722714907e-07,-9.155748446644605e-08,-6.405326644442541e-07,-6.820387843088325e-08,-1.391004687614307e-05,-1.338464135465759e-06,-6.002005525476796e-09,-5.017432115321446e-08,-1.603698433795029e-08,-1.105985729701354e+00,7.526663094506830e-01,-2.041032007982245e-07,-5.310341423225514e-06,-1.642914242477773e-06,-3.882999277861901e-06,-5.343318471914762e-09,-5.384662802509699e-11,-1.700902028986380e-06,-6.658008518144689e-07,-6.852532899783438e-10,-9.882018490301525e-08,-2.060081126407692e-09,-5.420984265334299e-11,-6.596572188969429e-11,-5.039482760601318e-12,-8.254134500176958e-12,-3.574614223252070e-13,-9.604888115746296e-12,-4.293407550091375e-15,-1.180634913606190e-14,-7.910070887538626e-12,-9.902106096975014e-11,-8.588565109298264e-13,-8.831190991091823e-14,-9.966641695569798e-04,-8.224382283570452e-03,-8.602742006135832e-06,-3.273606133980500e-03,-2.829500915407928e-03,-1.421520034888007e-08,-4.074424252604863e-11,-2.371085570391132e-16,-9.895351229564110e-16,-1.409283993970818e-13,-1.457513006037663e-13,-1.292037434416024e-13,-0.000000000000000e+00,
-1.577161317708017e-01,-8.729826414338469e-01,-4.874369680982910e-01,-1.623904592147828e-03,-1.343112277013693e-01,4.119563023370867e-01,-6.111663739116726e-04,-3.773785539453637e+00,-1.421985039647794e-07,-9.779740448608592e-08,-2.502536808758379e-08,-1.347611414815615e-07,-5.014966835975434e-08,-6.191060486483047e-05,-8.249229293201891e-07,-1.310963191485145e-09,-1.328563866815907e-08,-6.698975630164583e-09,-4.167187946239409e+00,1.785751584791671e+00,-3.485240706315991e-08,-8.209664869442189e-07,-6.714859215182708e-07,-2.666502331124147e-06,-6.464418911546578e-09,-7.281567432115869e-11,3.761382260832405e-07,-1.623923218150034e-06,-1.204525202247596e-09,-4.616215733693754e-08,-8.779851097804335e-09,-3.228600673655956e-11,-2.098931284919430e-11,-4.489288598780212e-12,-6.188347566113619e-12,-1.839779437646473e-12,-2.347390367747460e-11,-1.924929468825189e-14,-2.363700741500180e-13,-5.000587736697875e-11,-1.432687675619288e-08,-5.924549241421908e-11,-2.098171146427650e-12,-1.156617110814887e-03,-9.572935389214655e-03,2.562893044442522e-06,-3.091059879561872e-02,-4.344297981677304e-02,-6.563519818883829e-09,-2.722413070314995e-11,-4.586201683665329e-15,-1.098975366390174e-14,-2.091506897976760e-12,-2.230030804489495e-12,-1.911011090184187e-12,-0.000000000000000e+00,
-9.338827147877336e-03,-8.768097563637386e-02,-6.115757226780173e-02,-7.890245721078414e-05,-7.757351362226193e-03,3.917946136994649e-03,-6.745164420692195e-05,-3.358704090208364e-01,-8.423984041696382e-07,-7.971247504205377e-07,-1.975672811821941e-07,-6.321041499150774e-07,-1.200724359409885e-07,-7.556346234560098e-06,-1.503541996657896e-06,-1.222167658592960e-08,-1.079884976934236e-07,-2.064054617322537e-08,-4.623603827738643e-01,3.814666623995057e-01,-4.329018597999662e-07,-5.247956856541759e-06,-2.451244058181940e-06,-5.407502718503096e-06,-3.630763490735525e-09,-3.656715729916891e-11,-1.753317801370750e-06,-8.237744760273767e-07,-3.339457783952448e-10,-9.135383532565539e-08,-7.784582867908798e-10,-6.355210794638653e-11,-9.574839595306388e-11,-4.114796920002062e-12,-1.671144523115016e-11,-1.056369234393808e-13,-4.135823795055414e-12,-1.904402708644998e-15,-6.968089352718266e-15,-2.865848559528610e-12,-1.208912078032645e-10,-1.419764516385025e-12,-4.107709514586843e-14,-5.597305408680711e-04,-4.609393958751421e-03,-9.230695541664598e-06,-1.214656989248435e-03,-9.143808155960211e-04,-1.550241533925559e-08,-3.288346758909132e-11,-1.332505303430246e-16,-2.267069162419585e-16,-9.544386881201883e-14,-7.817736336246892e-14,-8.212834716892189e-14,-0.000000000000000e+00,

4,56
5.006150989684473e+00,3.618546638411824e+01,5.019504608904088e+01,1.066234339456383e+01,1.194058349289389e+01,3.148724802161757e+02,6.271109655126329e-01,-1.122184869904818e-08,3.953614922456192e-01,8.223509605425667e-01,6.542957577142790e-02,1.946143965026870e+01,1.349999323137794e+01,-5.663921745754362e-16,1.640507376597829e+01,4.271012023154511e-01,1.069914752416220e-02,2.823441317673957e+00,4.534799456384931e+02,2.816824548430122e+02,1.135541708832775e-01,5.192470261824550e+01,1.651665496168921e+00,2.735523253123862e+02,7.181909387764991e+00,2.402881803626659e+01,5.496682012644145e+00,3.938461581165897e+00,9.154938149256315e-04,5.314873723816926e+00,2.248594759071275e+00,1.004322573760358e+00,3.751731296222424e+00,2.103091196770384e+00,4.237919843103019e+00,1.160396445291777e-11,2.836602696540973e+01,2.387907186435301e-01,8.654437965465078e-04,7.578233702015456e+00,1.168250406272891e+00,2.131562976249934e-02,9.525419102824601e-04,6.895489887275241e-02,2.903376060143121e-01,2.233287464376243e+00,4.483628696845217e-01,6.155496357850756e-01,8.444413724417900e-08,1.477059252375966e+01,1.094396422295756e-13,1.068098403546080e-10,7.330255046738768e+01,1.261183641459684e+01,2.053748687591283e+01,-0.000000000000000e+00,
-3.844662898969455e-03,-3.351054649582858e-02,2.390353874394461e-01,5.200664510774445e-06,-7.853905646529085e-03,4.677876765107529e-01,-8.638014372774498e-06,-3.374958195086446e-01,-8.402048488812127e-08,1.203718091645133e-07,-2.531874249041426e-08,3.045617141462702e-08,1.291144039513307e-07,-9.418955235681622e-07,-2.688976851730300e-07,1.478691944189954e-09,-1.303115227644938e-08,-4.333775814707817e-09,-4.668197110751237e-01,1.770957095425002e+00,1.354252252872018e-07,-7.561604564335798e-08,-2.035157495955477e-07,-1.378225820618569e-06,-2.471816048853263e-10,-3.680399708223045e-12,1.729381883275805e-06,6.042935750127475e-07,-2.324631654374422e-11,-6.658077870382607e-09,-1.941559478750183e-10,1.044717980442856e-10,-6.176717564735227e-12,2.335720003941783e-12,8.288896364552759e-12,2.198560277385561e-14,-2.126088243017527e-13,3.921857445493420e-17,1.004444027687990e-14,-1.579311539739973e-13,5.687433699087009e-11,-7.529509032352826e-14,6.922002076389408e-14,1.766742571230921e-03,-4.646877295716818e-03,3.218309335455901e-05,-8.099664097506329e-05,-5.589387663350975e-05,-1.074095355607688e-09,-2.192655989010865e-12,2.131285491845849e-16,1.092988164168434e-15,1.165718529124785e-13,1.212242890216231e-13,1.073187124366223e-13,-0.000000000000000e+00,
-1.249640979766064e-02,-9.893267526251642e-02,3.830449593181773e-01,-1.637294742031906e-05,-2.438978895280227e-02,2.542976295616019e+00,-2.910878624788297e-05,-8.098492430574132e-01,1.883479290626293e-06,2.116541601015970e-06,3.854975548885599e-07,4.674196323606928e-06,5.303864942018564e-07,-3.140497715512840e-06,1.057517703098122e-05,1.776743873497918e-08,1.719651683230919e-07,5.442392486373677e-08,-1.115306701208226e+00,6.599402210045603e+00,7.123984078313367e-07,2.874773634963644e-05,4.888870091311945e-06,2.539800762661785e-05,6.589954116532604e-10,-1.100882358009757e-11,1.027343018451028e-05,3.632672671008713e-06,-1.004823948369363e-10,1.927026532621541e-07,-8.460490093813174e-10,2.403403018028934e-10,1.469935981119364e-10,2.404938716465293e-11,6.051159753595662e-11,8.783465076127723e-13,-1.352602459223032e-12,3.666670969764422e-15,4.080714341896968e-13,-9.243850631552884e-13,3.007246193483327e-10,2.647142882211883e-12,2.409137809804964e-12,1.756715015379812e-02,3.959725703847754e-02,5.389034576879473e-05,-4.372161228968043e-04,-3.383818211205749e-04,2.539623230929979e-08,5.174857511528766e-11,7.817941859898773e-15,1.730857867476111e-14,3.744505481473939e-12,3.948378474367453e-12,3.415040380076106e-12,-0.000000000000000e+00,
-1.653395143861642e-03,-1.522372882415284e-02,1.593098598214016e-01,4.243829626400319e-06,-7.417958158336504e-05,1.281174083743337e-01,-3.689237270328442e-06,-1.686335570772691e-01,-5.107875336394618e-08,-1.811411842369666e-07,-1.836029090283187e-08,-3.108645887343913e-07,1.317647327393323e-07,-4.118588590755856e-07,-1.034899282565652e-06,-2.413759398305183e-09,-9.379048402054599e-09,-7.696254714982732e-09,-2.353247579048053e-01,7.455884381037979e-01,-6.328292839849279e-08,-9.796138579494808e-07,-1.143991643220498e-07,-2.348011215154623e-06,-1.093749267019340e-10,-1.676222825374816e-12,-7.427709053837301e-07,3.995329103808514e-07,-8.338969487580227e-12,-3.137897121800567e-09,-7.262136063507191e-11,4.724631512330260e-11,-3.042503595800220e-12,-2.201932338860941e-12,-2.932816864741144e-12,6.265327836803728e-15,-7.451441453360284e-14,1.355092623623984e-17,7.593270636207097e-15,-5.089849328620102e-14,-8.711272012811693e-11,-3.849228014783556e-14,4.361768060408830e-14,4.506023244484757e-04,-2.922938157926681e-03,4.075895985294454e-05,-2.736688905382436e-05,-1.836108380662161e-05,-5.500909013100559e-10,-1.004169068552944e-12,1.275664478142142e-16,1.548933852351773e-16,8.671978035888105e-14,8.785502911955761e-14,8.058180203034954e-14,-0.000000000000000e+00,

