1
0
63
1
(4 0
((0,0) (15,255) (0,0))
((0,768) (15,1023) (0,0))
((0,512) (15,767) (0,0))
((0,256) (15,511) (0,0))
)
4
FabOnDisk: SD_0_New_MF_D_0003 0
FabOnDisk: SD_0_New_MF_D_0000 0
FabOnDisk: SD_0_New_MF_D_0001 0
FabOnDisk: SD_0_New_MF_D_0002 0

4,63
-1.302494419442391e-06,1.707610197812404e+00,1.576663920179559e-01,1.521728381752442e-21,6.762190637421217e-20,6.899649997163818e-16,2.348614069011786e-10,1.784903431910079e-07,4.579354902998807e-08,9.576886553245968e-11,2.853331209559230e-03,0.000000000000000e+00,1.049790679355463e-25,7.012718927849452e-27,2.864269915505105e-12,1.140289339559653e-10,2.506717863140128e-21,2.335981922738622e-10,1.586671929410063e-15,2.209704172948997e-26,1.224216355109293e-11,1.451298835646659e-08,1.225025854868009e-09,8.951765392663626e-32,1.374427903185029e-10,3.777093506308146e-23,1.385585057980246e-09,0.000000000000000e+00,0.000000000000000e+00,2.858342798779201e-25,1.407950528994982e-11,6.005169768607335e-19,2.158930754735558e-21,1.960561829465678e-12,0.000000000000000e+00,0.000000000000000e+00,0.000000000000000e+00,0.000000000000000e+00,0.000000000000000e+00,0.000000000000000e+00,0.000000000000000e+00,0.000000000000000e+00,0.000000000000000e+00,3.289480258535621e-14,1.049791687336846e-16,2.883210785578126e-18,9.747860195632771e-15,3.159892910252709e-15,1.308776875483695e-13,3.041688091990634e-14,5.480657828097243e-14,5.579056879238313e-30,0.000000000000000e+00,0.000000000000000e+00,0.000000000000000e+00,0.000000000000000e+00,0.000000000000000e+00,0.000000000000000e+00,1.131079541370474e-01,3.550473682098596e+03,0.000000000000000e+00,4.430003011593533e+02,1.013187786156378e+05,
-9.536027216595773e-08,5.264048056931735e+00,1.460886467383607e-01,6.112023600162220e-06,5.835967308535535e-05,4.694490376797839e-04,1.349839803892814e-07,5.706560899917410e-05,1.235226722677448e-02,1.210764388425262e-08,1.184539474732645e-03,5.124174256082917e-11,2.716322737348339e-10,2.295142983207026e-11,1.086741272337013e-09,2.977691391791861e-10,8.726525613451322e-10,1.627397500725534e-09,3.545876666498732e-12,1.172520137500765e-11,1.249687940415294e-11,3.570754156973735e-03,2.344046628635047e-02,8.749171969308271e-11,9.029944751998904e-09,1.002371154153481e-10,3.366621204522288e-09,0.000000000000000e+00,0.000000000000000e+00,2.995090996576225e-09,1.622535343568823e-09,3.385088529041425e-15,2.180845799185959e-12,0.000000000000000e+00,8.184503045022145e-14,9.084213950586112e-16,0.000000000000000e+00,0.000000000000000e+00,0.000000000000000e+00,0.000000000000000e+00,0.000000000000000e+00,0.000000000000000e+00,0.000000000000000e+00,7.817051100319860e-14,1.738636808377963e-17,1.195084443997251e-18,5.878445360107674e-07,3.998040749648093e-06,1.797248607248102e-08,1.333312127323899e-08,8.152730632114403e-09,4.251189813796895e-13,0.000000000000000e+00,0.000000000000000e+00,0.000000000000000e+00,0.000000000000000e+00,8.870425677911591e-17,0.000000000000000e+00,1.047765533347897e-01,7.926258410404503e+03,0.000000000000000e+00,2.331059730525982e+03,1.013249973693562e+05,
-1.158363908575861e-07,5.195185312796365e+00,1.469278305863174e-01,7.194410957079777e-06,6.935867176099555e-05,5.058383275284167e-04,1.327170492022635e-07,6.109139832366176e-05,1.235467848659262e-02,1.456824120595851e-08,1.323102885119046e-03,8.144856198614493e-11,3.925671137444726e-10,3.424503226510750e-11,1.509193920816061e-09,3.793233785872323e-10,1.127457859537130e-09,2.349633821593627e-09,5.140351993617995e-12,1.758637099757915e-11,1.780006267023902e-11,3.778629766401251e-03,2.305469757679567e-02,1.279775470518847e-10,1.259289938768806e-08,1.652709568090749e-10,5.010478055970586e-09,0.000000000000000e+00,0.000000000000000e+00,4.184110682076936e-09,2.192767465866693e-09,1.887440793058480e-15,3.973268867797519e-12,0.000000000000000e+00,5.837031411777687e-13,0.000000000000000e+00,0.000000000000000e+00,0.000000000000000e+00,0.000000000000000e+00,0.000000000000000e+00,0.000000000000000e+00,0.000000000000000e+00,0.000000000000000e+00,1.388971309356550e-13,3.853607710342884e-17,2.400821945479042e-18,9.295427822428356e-07,6.347085480290337e-06,2.482541958235122e-08,2.824635111694648e-08,1.743353923989796e-08,7.231529803707085e-13,0.000000000000000e+00,0.000000000000000e+00,0.000000000000000e+00,0.000000000000000e+00,0.000000000000000e+00,0.000000000000000e+00,1.053809064469218e-01,7.836393753110357e+03,0.000000000000000e+00,2.291905233213130e+03,1.013249974460220e+05,
-7.785377001467240e-07,4.944995751367664e+00,1.490410545619852e-01,1.040000145910206e-05,1.010582017344806e-04,5.929297936376688e-04,1.327243631109641e-07,7.157021766428268e-05,1.233670079055103e-02,2.215905576990121e-08,1.659807951436644e-03,1.369240575282888e-10,4.170920840776578e-10,5.031694746843152e-11,1.394350787042784e-09,1.991060089284357e-10,1.886360100098287e-09,2.866232677097330e-09,5.484019338355179e-12,2.612068505705055e-11,1.941828596977608e-11,4.282293947844414e-03,2.217167491852131e-02,1.322012455270934e-10,1.075272980548222e-08,2.991982011110398e-10,6.878504831137856e-09,0.000000000000000e+00,0.000000000000000e+00,3.002191317178194e-09,1.195834846195275e-09,1.921541080085091e-14,8.746890791337397e-12,0.000000000000000e+00,0.000000000000000e+00,0.000000000000000e+00,0.000000000000000e+00,0.000000000000000e+00,0.000000000000000e+00,0.000000000000000e+00,0.000000000000000e+00,0.000000000000000e+00,0.000000000000000e+00,4.690993480169460e-14,8.298966004671618e-17,2.886816714270231e-18,1.548581597719359e-06,1.067293863694735e-05,1.796433069648298e-08,9.429653571442369e-08,5.953592717479624e-08,1.422373588482882e-12,0.000000000000000e+00,0.000000000000000e+00,0.000000000000000e+00,0.000000000000000e+00,0.000000000000000e+00,0.000000000000000e+00,1.069009346816631e-01,5.864598482401687e+03,0.000000000000000e+00,2.147991377868123e+03,1.013249909096416e+05,

4,63
1.305498548560097e-06,4.942699337067086e+00,8.373300750923750e-01,4.963692905454994e-05,4.483464704002041e-04,9.592707377321046e-04,1.185027186753856e-04,3.705258759036452e-04,1.294132919091488e-02,2.148785467292255e-05,1.827786180063500e-01,1.461578064670009e-06,6.594066713317038e-06,7.440595704185936e-07,2.354039646853310e-04,2.636008455821320e-04,2.016334032587135e-05,5.170629371620899e-04,1.481135749186723e-05,9.658167681628203e-07,6.778568093643174e-05,1.425086685164306e-02,2.216788865321916e-02,8.571970826919635e-07,6.417092174872836e-04,2.231672417954962e-05,4.608777211224952e-03,1.014844417223845e-04,4.612509556735211e-04,3.335517966344732e-05,1.152925294846986e-04,1.308479435751246e-07,3.238423985704710e-05,3.769010377974653e-05,1.276664350671573e-05,5.966550001788223e-05,3.202482564900003e-05,4.170912639876629e-05,3.089982137630327e-06,6.569106229980461e-04,1.059908933435534e-05,4.200359852334408e-06,1.173596515119292e-04,1.858823224122540e-05,6.675166116654912e-07,1.614118305273117e-08,2.495161319264449e-06,1.761626564716684e-05,3.059495323038331e-05,1.297739418552771e-05,1.675130101150979e-05,1.693221318550484e-06,4.517469616690640e-04,9.302775672192326e-06,5.259438741132212e-02,1.669678184502284e-03,1.456777676499226e-04,4.558650277299877e-04,6.019568267632299e-01,7.503766586363022e+04,0.000000000000000e+00,2.146643778916849e+03,1.013272383464080e+05,
9.403725350480202e-08,5.293714895347721e+00,1.469229793724975e-01,7.187756650768823e-06,6.929175743209207e-05,5.056283614943398e-04,1.366578524673690e-07,6.106739906976488e-05,1.235466737453638e-02,1.455300879280076e-08,1.322308904911870e-03,8.130610009749461e-11,3.921009464941817e-10,3.420123086660772e-11,1.508022721347758e-09,3.790785466038864e-10,1.125949475818003e-09,2.346944786319964e-09,5.135172729272335e-12,1.756603830986608e-11,1.778398802374876e-11,3.777433938630414e-03,2.360875066582783e-02,1.277934503427389e-10,1.257806929079404e-08,1.649292951268858e-10,5.004744801748672e-09,5.186641283178898e-13,2.750033208042196e-15,4.179169649234757e-09,2.190599677768920e-09,1.084628935365111e-14,3.962974207841606e-12,2.942584189504917e-13,1.634023507926443e-12,8.663501083181082e-14,3.687965649039286e-13,7.320886416607804e-13,1.068366677601995e-14,5.529737006316268e-13,4.110661239767232e-12,1.123581779725686e-17,7.170704296445265e-15,1.386338696827804e-13,3.841453564289856e-17,2.394569493901953e-18,9.277738844280106e-07,6.334864037628831e-06,2.479728471722467e-08,2.814538813946157e-08,1.737029267618830e-08,7.219758233290810e-13,8.618769437321131e-14,1.468513705039990e-12,5.790884226667844e-12,2.410985062606644e-12,1.208183448613492e-12,6.527126073859792e-13,1.053774148127967e-01,7.958502993709841e+03,0.000000000000000e+00,2.346932315144042e+03,1.013250029079664e+05,
1.246452752747888e-07,5.263885483766461e+00,1.490276129907889e-01,1.037787528338042e-05,1.008428148341534e-04,5.924079620347466e-04,1.349743307511678e-07,7.150424393434137e-05,1.235698996230159e-02,2.210498798890597e-08,1.657729519272728e-03,1.366713573131499e-10,5.328362955105370e-10,5.026471891877096e-11,1.901438737909870e-09,4.059838626384678e-10,1.881079391504083e-09,3.221935262949366e-09,6.995224360164572e-12,2.609666310466703e-11,2.350090724126047e-11,4.279229197534081e-03,2.343950355502018e-02,1.760608634714259e-10,1.581728121106118e-08,2.984938196445416e-10,7.212552507623352e-09,6.420472944531796e-13,6.602491290581982e-15,5.175903118205467e-09,2.499739546952027e-09,4.040040754054744e-14,8.717744343504855e-12,1.140587687503597e-12,2.335233827151885e-12,2.099371251607739e-13,6.214199410714319e-13,1.704977019830464e-12,3.768625592453927e-14,1.697632825146513e-12,5.833910563549153e-12,4.914507822173987e-17,2.903283461342139e-14,1.796199234463409e-13,8.276763317547123e-17,4.148926682901269e-18,1.545360884525731e-06,1.065014722043711e-05,3.015980290380445e-08,9.370587018879397e-08,5.915473392998004e-08,1.422268768318281e-12,4.431517201919675e-13,4.481656470046870e-12,8.912467200400918e-12,8.213227122133859e-12,1.823507211081793e-12,2.261523090533558e-12,1.068912610061360e-01,7.930699936481187e+03,0.000000000000000e+00,2.330967781186393e+03,1.013250036581370e+05,
7.036284423748201e-07,5.194765783217684e+00,1.575790130594582e-01,2.831714004445436e-05,2.627288245897725e-04,8.499821971852492e-04,1.891019365348985e-07,1.104368194399778e-04,1.235700625673001e-02,7.097214444233813e-08,2.842496819979396e-03,1.966229671199937e-10,5.615823891142641e-10,5.846816498283012e-11,1.940198571733334e-09,3.974900952708341e-10,6.789170531469302e-09,3.481571015981134e-09,7.362374680907200e-12,3.080648473780725e-11,2.451123025918279e-11,5.908621791546840e-03,2.305246885376913e-02,1.855724973498651e-10,1.602134864126053e-08,5.180252048129498e-10,8.134951108042590e-09,2.833243647887382e-12,2.726226596755234e-14,5.197875622624990e-09,2.487887427780248e-09,1.954531627751547e-13,2.213307892277775e-11,3.632755234573611e-12,3.890971591365039e-12,1.709480948778020e-12,2.615434202073040e-12,6.218692022241547e-12,4.666519603882872e-13,1.169457570053614e-11,1.905738480275026e-11,2.909162457659523e-15,9.966151315015728e-13,1.788026997893638e-13,1.171794538061139e-16,4.519910315986955e-18,2.493740129457470e-06,1.760145437246069e-05,3.024100634096996e-08,1.519600348468026e-06,1.031818502504983e-06,3.649024666248943e-12,6.871292555755133e-12,9.234439907638862e-12,1.042774585565294e-10,5.859764189405321e-11,1.528589169840778e-11,1.621154557285000e-11,1.130450936930642e-01,7.835296694868218e+03,0.000000000000000e+00,2.291660196082725e+03,1.013250162760063e+05,

