1
0
56
1
(4 0
((0,0) (15,255) (0,0))
((0,768) (15,1023) (0,0))
((0,512) (15,767) (0,0))
((0,256) (15,511) (0,0))
)
4
FabOnDisk: SD_5_Old_MF_D_0003 0
FabOnDisk: SD_5_Old_MF_D_0000 0
FabOnDisk: SD_5_Old_MF_D_0001 0
FabOnDisk: SD_5_Old_MF_D_0002 0

4,56
-7.568264218478753e+00,-1.687379690760393e+01,-2.648062895736863e+01,-6.035285087781337e+00,-8.015744204801022e+00,-8.049811289770082e+00,-1.140797298497585e+00,-6.254498962355616e+02,-2.633426373037001e-01,-7.846491000309496e-01,-8.905107252960497e-02,-1.373747686171931e+01,-1.230691658241737e+01,-1.397389628270807e+00,-9.506275311438387e+00,-4.487549166723984e-01,-7.062050751753313e-02,-2.727962303103242e+00,-1.323143513744732e+02,9.593833973781107e-17,-9.517784615305405e-02,-4.847961024348727e+01,-1.822054465654374e+00,-2.016365547615696e+02,-7.692303382750323e+00,-2.384614852702416e+01,-4.567893407967365e+00,-2.874757844427385e+00,-8.833707164515616e-03,-1.985908255364295e+00,-1.565066026316880e+00,-9.388647650577843e-01,-3.854268272344878e+00,-2.260166330169503e+00,-3.276813195019643e+00,-2.175135440138068e-01,-3.270395063432649e+01,-4.593126491339856e-01,-3.103111328114064e-01,-8.560346210994812e+00,-9.347589893509392e-01,-1.537654028009383e-02,-6.259514880745980e-04,-8.316235547406096e-02,-1.722558341591310e-01,-2.114938109451163e+00,-7.122235296458121e-02,-4.106369089238260e-01,-1.365879896296917e-01,-2.525221071069788e+01,-4.652299940805482e-01,-5.913873510291904e+02,-9.178544044881077e+01,-9.629868377916917e+00,-2.534146375055652e+01,-3.170725904055871e-10,
-4.158110654753413e-03,-2.982711518140817e-02,-8.793468209731795e-02,1.439535643908230e-07,-1.099788715160052e-02,1.020559958705797e-01,-6.616662098656971e-06,-3.326781656732613e-01,-8.796974262935471e-08,-3.646421926121625e-07,-4.607976819381838e-08,-4.269073764594961e-06,-2.653758809477975e-07,-6.629746483937629e-07,-2.341004289156408e-06,-6.556927088225217e-09,-2.506302811550622e-08,-2.205518839859741e-08,-4.706031700318705e-01,2.483402761938031e-01,-8.376088952721962e-08,-8.265159311159091e-06,-2.319066551081316e-07,-9.755553403619602e-06,-2.082141147104572e-06,-3.470768509643332e-09,-3.712683564545424e-06,-1.249566780356645e-06,-1.010100375521727e-08,-5.733594091235135e-09,-7.983442879672507e-07,-2.172662973435680e-07,-2.041386145916383e-08,-1.685559028125566e-07,-2.830030796384566e-07,-5.750327863312995e-09,-3.549557788955780e-07,-5.673435490528160e-06,-7.625152688004734e-12,-2.759640097609067e-09,-1.023646062486134e-10,-4.935830102513722e-14,-2.482915051724458e-15,-7.160407975096918e-04,-4.952463103461898e-03,-1.281638650318682e-05,-4.284902523927789e-05,-2.686705550003235e-05,-1.518787952696660e-09,-6.441925896473312e-08,-3.521121218668501e-06,-6.374182383993930e-06,-7.560569970625816e-07,-3.383086757749002e-07,-2.124588309657521e-07,-3.660675929051393e-11,
-1.220531248546920e-02,-9.074713158043719e-02,-2.000309667284060e-01,3.448166043678489e-06,-2.856722633710929e-02,1.835843740855201e-01,-2.226081766951524e-05,-8.062954190060222e-01,-1.810137801451564e-07,-5.792726018544780e-07,-9.775303680572095e-08,-4.899008337472599e-06,-1.557909625328296e-07,-2.210419819581647e-06,-3.815175564300095e-06,-1.165828074773782e-08,-5.739687544602377e-08,-3.685868968731755e-08,-1.112989990595424e+00,7.606866055677092e-01,-1.142834619967100e-07,-8.002870450832685e-06,-7.463594576077573e-07,-2.947609979110289e-05,-7.726583491682875e-06,-8.464070638910328e-09,-2.131863468848949e-06,-8.885279235572430e-07,-3.526158295160030e-08,-2.056977776292643e-08,-2.426555489190110e-06,-5.644029672745675e-07,-1.565062812442936e-07,-4.063911752946142e-07,-6.464360962573988e-07,-4.309891992834158e-08,-1.355041836864467e-06,-9.999346979012336e-06,-1.366488049116654e-10,-7.571007114531662e-08,-1.005387846212719e-10,-8.140410140414085e-14,-2.699493989668256e-15,-1.190055541065616e-03,-8.450278429746877e-03,-1.069455381123041e-05,-2.413137443199067e-04,-1.559821115688474e-04,-8.385595242256674e-09,-2.823502088142179e-07,-4.551947666513235e-06,-5.413100157851069e-06,-4.872299847390585e-06,-1.267949970027271e-06,-1.348042799200337e-06,-4.086248006629489e-11,
-1.407745605518150e-01,-7.434761012253466e-01,-5.627653496097151e-01,-4.689147099113014e-04,-1.396694752351365e-01,4.811129015000140e-01,-2.560993925647115e-04,-3.750323057781891e+00,-4.825081202921824e-07,-6.604992894416567e-07,-2.937239903727592e-07,-2.974874572297736e-05,-3.181684551290912e-07,-2.669558938174494e-05,-1.110574115399059e-05,-3.117255761997449e-08,-1.914868198269466e-07,-1.266191505930238e-07,-4.342492800004569e+00,1.788790398528775e+00,-9.275548525196224e-08,-5.584505027608034e-06,-4.754576264080539e-06,-2.125576032080639e-04,-1.624595050340748e-05,-3.788452476734820e-08,-5.367933616308656e-07,3.180817396856022e-07,-1.689140119572188e-07,-1.070670961783304e-07,-6.637511868288628e-06,-9.087869124960601e-07,-1.518642767764105e-06,-4.869715458828752e-06,-1.743572278567250e-05,-4.665212391335379e-07,-1.292375458367769e-05,-1.793860341941017e-05,-2.511884589613598e-09,-1.456999382277275e-06,-1.445970944745135e-11,-5.367823339813029e-13,-1.143467107243816e-14,-1.405385476249504e-03,-1.036292450436469e-02,3.321341222129266e-07,-1.312852982862433e-02,-9.146478219034401e-03,-4.268698319409247e-07,-1.110266420461011e-05,-5.945220634283407e-06,-1.945796530708264e-04,-1.024412938085371e-04,-2.283285173410499e-05,-2.854582643249598e-05,-1.394000470611445e-10,

4,56
5.574750595612628e+00,2.939005372141467e+01,4.348205049030082e+01,7.563668605100125e+00,1.359012118915886e+01,3.114005623474783e+02,6.326434094801434e-01,-1.628807852482872e-10,6.289331431662096e-01,1.385622019628306e+00,1.655023466039102e-01,2.587332740467159e+01,1.578767531914160e+01,1.919020714197458e+00,1.550718194359996e+01,4.033072888111626e-01,1.307962456837820e-01,2.693800121125643e+00,4.591976678504967e+02,2.786385419590632e+02,2.073711774255134e-01,6.080177035259969e+01,3.893069431958485e+00,3.055688999662042e+02,1.239345733137266e+01,2.577350546879813e+01,8.831336762547698e+00,3.526615475589658e+00,1.564928600884284e-02,3.723735010913854e+00,2.276478751928982e+00,1.128526346429874e+00,4.012386789885431e+00,2.322120449086921e+00,4.028005641424963e+00,1.979493700659669e-01,3.429441189049926e+01,9.738615616684072e-01,5.734804266455896e-01,8.048014026788678e+00,1.537215853218262e+00,4.013405864497462e-02,1.049322797431128e-03,7.914157418534429e-02,4.015791758466894e-01,2.524694549531449e+00,4.804567619859273e-01,7.083620702050657e-01,1.878642874559882e-01,1.628425242703750e+01,7.152409823481812e-01,9.520628896696125e-02,9.026465062118302e+01,1.482729936922858e+01,2.541139110521919e+01,3.519176061672624e-10,
-1.812014906493528e-03,-1.141461824671669e-02,-3.146170048733843e-02,6.422635877470328e-06,-6.078099460596465e-03,1.830159925224575e-01,-1.658800959987003e-06,-1.522978301490319e-01,-3.770347037328690e-08,-1.258125703028780e-07,-6.629943189471118e-09,7.005121684201343e-07,-6.933236709284141e-08,-1.839231314075690e-07,-9.403829335705136e-07,-1.008969649509348e-09,-3.043749297387006e-09,-4.921094104920969e-09,-1.505297532862316e-01,7.585107879563463e-01,-5.664399722118345e-08,-4.816295724714561e-06,-5.316942411882137e-08,2.287948615935471e-06,1.517593771895524e-06,1.598579067399386e-09,-1.723294027226120e-06,-7.857909350404069e-07,2.278405107000853e-09,-1.821214989915274e-09,6.193639407481156e-08,4.020728374972220e-07,1.015668434027048e-07,5.484339075754475e-07,1.299578658356787e-06,2.104615729427507e-08,1.162586427852369e-06,1.043089923744974e-05,2.347976640657753e-11,1.276482081465202e-08,-9.055761954576821e-11,-2.268050430379732e-14,-1.529805287158082e-15,-4.502519892874308e-04,-3.068488272754466e-03,-1.070043310295987e-05,-1.155527611390137e-05,-7.081561209774596e-06,3.415131093233432e-09,2.391038358100215e-07,3.286864371113730e-06,9.484544769628479e-06,3.845437826397481e-06,5.428837414642790e-07,1.065921798914043e-06,3.905946399651583e-11,
-3.734160894343802e-03,-2.992919878347824e-02,-8.817238416987404e-02,7.590905637015825e-06,-1.103352306537194e-02,4.788970408904933e-01,-6.641473442205363e-06,-3.336702931944033e-01,-5.529739414444048e-08,-4.996227154206520e-08,1.481912593261650e-09,1.528885378043552e-06,1.511066420324651e-07,-6.290784853874005e-07,-3.651881590293051e-07,2.052097443677221e-10,2.792932320624052e-10,1.890263958547100e-09,-4.719633036250804e-01,1.782002064557917e+00,-3.577273742207554e-08,-4.344233338473255e-07,-4.366141523721148e-08,4.652092408064244e-06,1.191817064960898e-06,2.842581593234929e-09,1.300271248400392e-07,5.434414652831708e-07,1.256120651717929e-08,-3.045608708257532e-09,2.658119664898929e-07,9.069083135657241e-07,3.191776006026958e-07,1.116286964094979e-06,2.849511490297772e-06,6.765391271658768e-08,2.794180765494735e-06,1.206396085019909e-05,1.244770619735412e-10,6.172663765859259e-08,5.228863958853933e-11,-4.904253496310673e-14,-1.858144302705181e-15,-7.174237856676925e-04,-4.962358154374098e-03,2.771260972994085e-07,-4.307054746134624e-05,-2.700796231299530e-05,1.886495049886882e-08,8.304803925188739e-07,1.299150544921193e-05,1.551938044337371e-05,1.399163755931851e-05,3.387611989086261e-06,3.880826884725982e-06,3.515013280441792e-11,
-1.227758423485542e-02,-9.123431119217608e-02,-2.007489516775241e-01,3.356165350978030e-06,-2.869763389931624e-02,2.821472261804312e+00,-2.239513350879565e-05,-8.095943607930172e-01,1.413869570172762e-06,4.166907688924188e-06,5.227950976147130e-07,3.383568128306148e-05,2.204711608908470e-06,-2.093664330529663e-06,3.471107564646331e-05,1.017630562662416e-07,4.942330748932358e-07,3.561334479702358e-07,-1.117261527731167e+00,6.874841512735229e+00,6.130928862472315e-07,5.087370569803889e-05,4.984404533649160e-06,1.650921020933760e-04,9.351894016495780e-06,2.877291032233314e-08,1.348355659704554e-05,5.087397550491184e-06,4.445577097245887e-08,1.700704375386139e-07,1.406841410592982e-06,2.683023487948065e-06,2.016804505852427e-06,3.260510136515690e-06,7.676399787363265e-06,5.866057519580547e-07,1.457676459792340e-05,2.398447744036056e-05,3.513701990297594e-09,1.258300588989689e-06,3.626902270585725e-10,1.781819973494242e-13,9.960430579139560e-15,7.858966725196200e-04,5.291158868359911e-03,6.230540189669735e-05,-2.435332287648736e-04,-1.574454295756389e-04,3.123291568527365e-07,6.105210838977485e-06,1.968770354363240e-05,3.077102686849833e-04,5.140118221018720e-05,1.859367139156963e-05,1.421042473667200e-05,1.431442742116928e-10,

