1
0
56
1
(4 0
((0,0) (15,255) (0,0))
((0,768) (15,1023) (0,0))
((0,512) (15,767) (0,0))
((0,256) (15,511) (0,0))
)
4
FabOnDisk: SD_5_New_MF_D_0003 0
FabOnDisk: SD_5_New_MF_D_0000 0
FabOnDisk: SD_5_New_MF_D_0001 0
FabOnDisk: SD_5_New_MF_D_0002 0

4,56
-7.562694809266354e+00,-1.687784627648598e+01,-2.645351830384127e+01,-6.027313309955169e+00,-8.023529928545100e+00,-8.046119328703064e+00,-1.134173160100888e+00,-6.260291348413657e+02,-2.636623342585118e-01,-7.834276887658006e-01,-8.944519588068504e-02,-1.371300189080523e+01,-1.232267746187861e+01,-1.399789332585194e+00,-9.517124851020732e+00,-4.466792261382097e-01,-7.037447304696802e-02,-2.718959073463108e+00,-1.322826386854076e+02,8.824050431316399e-17,-9.565721391717635e-02,-4.832851978571469e+01,-1.829254288051609e+00,-2.020258176128337e+02,-7.687088127241847e+00,-2.374275152583302e+01,-4.545962437054520e+00,-2.870015894762957e+00,-8.836641903256399e-03,-1.975017470437332e+00,-1.561974581750169e+00,-9.429913837564083e-01,-3.850256371000126e+00,-2.257594001043655e+00,-3.272138857203893e+00,-2.166371056150888e-01,-3.261614005056758e+01,-4.609983721569701e-01,-3.084103064676715e-01,-8.518162664882286e+00,-9.361324689110387e-01,-1.538006838668898e-02,-6.289925374182285e-04,-8.276267384566134e-02,-1.738203286540304e-01,-2.103233465550679e+00,-7.120923256184249e-02,-4.111501728945613e-01,-1.367160913829196e-01,-2.522054335819651e+01,-4.660990364415731e-01,-5.937301744662741e+02,-9.191718309432505e+01,-9.663196242544206e+00,-2.535457109322321e+01,-3.262812242610380e-10,
-4.155789706055513e-03,-2.982803039288416e-02,-8.793969931792489e-02,1.488608392628791e-07,-1.099696594165696e-02,1.020852146928539e-01,-6.617827583851882e-06,-3.327450559199801e-01,-8.806476084660647e-08,-3.377092268251313e-07,-3.878851327221136e-08,-3.553297700980314e-06,-2.653748520156984e-07,-6.627891484767057e-07,-2.128165614927813e-06,-5.988243952830352e-09,-2.284808765830424e-08,-1.967115057041419e-08,-4.707724783779031e-01,2.486278994176990e-01,-8.202332002319499e-08,-8.266312379554654e-06,-2.443740040882546e-07,-9.937884544503060e-06,-1.876569626813665e-06,-3.436495405407354e-09,-3.714990871845353e-06,-1.248994239752693e-06,-6.478224223487038e-09,-5.659013493145679e-09,-5.155783013659075e-07,-1.814285194291867e-07,-2.076992363611005e-08,-1.588646495988716e-07,-3.152549395427218e-07,-6.677873542228941e-09,-4.698065521707347e-07,-5.864764967651774e-06,-9.181745775217760e-12,-3.232937501405953e-09,-1.026471762444436e-10,-4.938534538415785e-14,-2.483808746411872e-15,-7.160880740596503e-04,-4.952818091511338e-03,-1.281353527907938e-05,-4.286085080993021e-05,-2.687462219994068e-05,-1.689060310911307e-09,-7.195374835068237e-08,-2.838559450409612e-06,-4.792074540817193e-06,-7.731171462801373e-07,-1.711420969854354e-07,-2.159610441906411e-07,-3.950750837589112e-11,
-1.220432312216058e-02,-9.076175677261185e-02,-2.000523268913849e-01,3.442177858046407e-06,-2.856918328736616e-02,1.835560427617212e-01,-2.226610288536010e-05,-8.064689064428452e-01,-1.832534177693436e-07,-5.600361737593720e-07,-9.146468061793062e-08,-5.215023787232391e-06,-1.615811236077649e-07,-2.208076575175401e-06,-4.413935626150284e-06,-1.220292418779835e-08,-5.653234370763480e-08,-4.307007849167508e-08,-1.113317224196507e+00,7.609595895205022e-01,-1.173748397421414e-07,-8.356829721343104e-06,-7.351811497016001e-07,-2.742206965553464e-05,-6.461847776041119e-06,-9.594661614584010e-09,-2.071365146332814e-06,-8.611073856179775e-07,-5.514174946970609e-08,-2.196742620798026e-08,-3.199651381195041e-06,-5.115148012709480e-07,-1.315487639120362e-07,-5.033795636818551e-07,-9.364806150778515e-07,-3.801858552584995e-08,-1.326622798290673e-06,-8.283746937483571e-06,-1.140230532813094e-10,-6.066959096553369e-08,-1.001434121753437e-10,-8.129153762774691e-14,-2.686107604564764e-15,-1.190155786139277e-03,-8.451070107929807e-03,-1.069055583946637e-05,-2.414113640449826e-04,-1.560466950952065e-04,-9.263906309236680e-09,-3.764597439178479e-07,-3.959272306635131e-06,-4.793674411701524e-06,-5.864403046811840e-06,-1.119124286434684e-06,-1.626613327530920e-06,-3.859551567231279e-11,
-1.408149597616490e-01,-7.437108400654046e-01,-5.626127636682285e-01,-4.693125361002669e-04,-1.396056576823352e-01,4.811337140622031e-01,-2.562329507333797e-04,-3.752315651790971e+00,-1.665134014033700e-06,-4.314208072422618e-06,-7.376287443291301e-07,-4.925806146787533e-05,-1.043984642512069e-06,-2.651424384961405e-05,-3.065893591379017e-05,-1.161885296576951e-07,-6.717064046918498e-07,-3.950667978404880e-07,-4.346591490085495e+00,1.789309605180073e+00,-8.498564001856176e-08,-7.819351057615595e-06,-6.986434874520103e-06,-2.029664137142072e-04,-1.431708424787257e-05,-5.172292061613103e-08,-4.558329885730239e-07,3.552373232326221e-07,-1.995765142541105e-07,-3.056417105202692e-07,-8.097700465423925e-06,-8.593415662242646e-07,-2.269336392571670e-06,-5.297489168603646e-06,-1.572400042179942e-05,-6.126433815859291e-07,-1.670950281789620e-05,-1.745607064228484e-05,-2.574963516825789e-09,-1.899552936131594e-06,-1.023036965669895e-11,-5.264556913482192e-13,-1.111348150030090e-14,-1.405459549349006e-03,-1.036347568251179e-02,3.329465551980806e-07,-1.314252571012100e-02,-9.156246454551124e-03,-5.376897285807893e-07,-1.465526398166591e-05,-5.562664804720694e-06,-1.751575897899199e-04,-1.003014516392965e-04,-2.886094353075589e-05,-2.815855850678620e-05,-9.305034520679101e-11,

4,56
5.578866727768646e+00,2.929800546190832e+01,4.351178153804752e+01,7.545875789228439e+00,1.357956120895035e+01,3.115919387191940e+02,6.312979774451966e-01,-1.843114341704144e-10,6.335073691066626e-01,1.377680126914709e+00,1.655001353833793e-01,2.580734058857139e+01,1.578225964293427e+01,1.920245176068768e+00,1.554190129324176e+01,4.015879625958075e-01,1.309493337821908e-01,2.687740562118660e+00,4.597893000588019e+02,2.785582154295197e+02,2.084206550256349e-01,6.058674648979065e+01,3.881500366860450e+00,3.058771983524505e+02,1.226650736163275e+01,2.577221183877470e+01,8.834236151450646e+00,3.515423699589506e+00,1.558566950008534e-02,3.698145416080592e+00,2.291260966809842e+00,1.130708355481972e+00,4.008014969474449e+00,2.324445274793124e+00,4.035701373914626e+00,1.975212189419872e-01,3.449357227787537e+01,9.607116096540746e-01,5.720444931259641e-01,8.052419918728100e+00,1.535739227882048e+00,4.003434876618317e-02,1.047503189523550e-03,7.917326849051812e-02,4.023683547597078e-01,2.523810570305093e+00,4.811247756989184e-01,7.082436998390350e-01,1.869809467022846e-01,1.635579331335170e+01,7.080579224881379e-01,9.765048017217423e-02,9.072488227392377e+01,1.481816605666353e+01,2.552313606971229e+01,3.606146492529660e-10,
-1.814351002525470e-03,-1.142303772999330e-02,-3.149307805167125e-02,6.421187145679708e-06,-6.074301033033968e-03,1.829876675846763e-01,-1.660837265963464e-06,-1.523310941748937e-01,-3.539922928927544e-08,-1.312332695909921e-07,-5.736170938543442e-09,7.231460138795464e-07,-7.926142454275260e-08,-1.841083165781345e-07,-8.764813224685353e-07,-1.090756062828016e-09,-3.252287186122658e-09,-4.450924976826159e-09,-1.507123359001465e-01,7.587781377617910e-01,-5.596778104447258e-08,-5.058809531304570e-06,-3.046192167134206e-08,1.208047184459546e-06,1.293991729037082e-06,1.305330069102242e-09,-1.748448832898507e-06,-7.936137885095956e-07,2.366072743376524e-09,-1.171824841119165e-09,5.133090955368250e-08,4.353506456895083e-07,8.213821814820970e-08,4.504785431969959e-07,1.030510263041652e-06,1.655389545296450e-08,8.599264238476033e-07,8.141514675564336e-06,1.708571186735510e-11,9.976128600605550e-09,-9.060703789357465e-11,-2.266760685935096e-14,-1.528825157976462e-15,-4.502800185026358e-04,-3.068678984864784e-03,-1.069837833996149e-05,-1.155870065709481e-05,-7.083559718598543e-06,2.101728205224961e-09,1.562232269584065e-07,2.910956857180620e-06,1.057598776196212e-05,3.520957911489375e-06,5.195925805242404e-07,9.769829177983208e-07,3.846833962484197e-11,
-3.731520723929654e-03,-2.993021649462826e-02,-8.817812048633276e-02,7.587198528308875e-06,-1.103258697857527e-02,4.789182360883518e-01,-6.642651199475238e-06,-3.337378878907860e-01,-5.431778377671057e-08,-2.109429015678996e-08,-1.449907009373602e-09,1.555785260702075e-06,1.817259134788580e-07,-6.280547545358004e-07,-1.004370333522652e-07,9.824082664665604e-10,8.358877623367712e-10,5.203202555133716e-09,-4.721362159061038e-01,1.782519788013217e+00,-3.577793632906747e-08,-3.943452082594964e-07,-3.031985325253904e-08,5.814777271200364e-06,1.247088171427848e-06,3.601111037956165e-09,1.038504130610455e-07,5.361358552799788e-07,1.456740665796512e-08,-2.945539943599938e-09,3.166847790928388e-07,1.092098316640882e-06,3.967792838619858e-07,1.222903694647598e-06,3.289383570039287e-06,6.983528154378148e-08,3.215783819654624e-06,1.344474315354487e-05,1.391740567153641e-10,6.922028476914139e-08,5.191972591557898e-11,-4.911647652983570e-14,-1.863188629754157e-15,-7.174717068932904e-04,-4.962716474460333e-03,2.812735716893850e-07,-4.308275632722009e-05,-2.701585201529383e-05,1.609570464925606e-08,8.109255157225984e-07,9.553542603959312e-06,1.416662484291629e-05,1.548430866783065e-05,3.411720657012370e-06,4.296732897337109e-06,3.898692479964438e-11,
-1.227651084548263e-02,-9.124965782445256e-02,-2.007712603136607e-01,3.353831541608469e-06,-2.869951019848727e-02,2.821181843682065e+00,-2.240034436368203e-05,-8.097682931413470e-01,1.641805083677076e-06,4.756376058310830e-06,5.875172150546546e-07,4.129506051586882e-05,2.054703504134817e-06,-2.003711162072741e-06,3.079107444331055e-05,1.136049515677437e-07,6.047898643401460e-07,3.719171028409304e-07,-1.117589308265147e+00,6.881279031021542e+00,5.897607027297957e-07,4.750256048151277e-05,5.419191264740036e-06,1.843825160103738e-04,6.926636812996688e-06,3.779282072214799e-08,1.410122528373775e-05,6.073890195457148e-06,5.667709398361176e-08,2.347550883342444e-07,1.939019299957202e-06,3.378941484700491e-06,1.631772183212903e-06,3.303489579933650e-06,1.317950515713975e-05,9.979885185073362e-07,2.240024725106062e-05,3.416088792496076e-05,5.342421943305276e-09,1.671666931359423e-06,3.628812458623072e-10,1.789501921040678e-13,9.968478846106645e-15,7.885590164556817e-04,5.312558743828533e-03,6.231476192211600e-05,-2.436270389814562e-04,-1.575092728660655e-04,7.302000217947282e-07,1.341036143915837e-05,2.645502084476948e-05,2.157610644184667e-04,1.220816074100761e-04,1.617134899022198e-05,3.396932702341032e-05,1.354152345811599e-10,

