CheckPointVersion_1.0
2
0.00037898974667480677
1
1
(0 (0,0)(2.34375e-05,2.34375e-05) 1)
(RealBox 0 0.0001875 0 0.012 )((0,0) (7,511) (0,0)) (0 (0,0)(1.171875e-05,1.171875e-05) 1)
(RealBox 0 0.0001875 0 0.012 )((0,0) (15,1023) (0,0)) 
(2,2) 
3.4514912595929468e-06 1.7257456297964734e-06 
3.4300631667025757e-06 1.7650883996199394e-06 
1 2 
130 260 
2 4 
0
(0 (0,0)(2.34375e-05,2.34375e-05) 1)
(RealBox 0 0.0001875 0 0.012 )((0,0) (7,511) (0,0))
(4 0
((0,0) (7,127) (0,0))
((0,256) (7,383) (0,0))
((0,128) (7,255) (0,0))
((0,384) (7,511) (0,0))
)6
((0,0) (7,511) (0,0))
(4 0
((0,0) (7,127) (0,0))
((0,256) (7,383) (0,0))
((0,128) (7,255) (0,0))
((0,384) (7,511) (0,0))
)0.00037553825541521379
0.00037553825541521379
0.00037898974667480677
0.00037898974667480677
2
Level_0/SD_0_New_MF
Level_0/SD_0_Old_MF
((0,0) (8,512) (1,1))
(4 0
((0,0) (8,128) (1,1))
((0,256) (8,384) (1,1))
((0,128) (8,256) (1,1))
((0,384) (8,512) (1,1))
)0.00037201919541559252
0.00037553825541521379
0.00037553825541521379
0.00037898974667480677
2
Level_0/SD_1_New_MF
Level_0/SD_1_Old_MF
((0,0) (7,511) (0,0))
(4 0
((0,0) (7,127) (0,0))
((0,256) (7,383) (0,0))
((0,128) (7,255) (0,0))
((0,384) (7,511) (0,0))
)0.00037553825541521379
0.00037553825541521379
0.00037898974667480677
0.00037898974667480677
2
Level_0/SD_2_New_MF
Level_0/SD_2_Old_MF
((0,0) (7,511) (0,0))
(4 0
((0,0) (7,127) (0,0))
((0,256) (7,383) (0,0))
((0,128) (7,255) (0,0))
((0,384) (7,511) (0,0))
)0.00037553825541521379
0.00037553825541521379
0.00037898974667480677
0.00037898974667480677
2
Level_0/SD_3_New_MF
Level_0/SD_3_Old_MF
((0,0) (7,511) (0,0))
(4 0
((0,0) (7,127) (0,0))
((0,256) (7,383) (0,0))
((0,128) (7,255) (0,0))
((0,384) (7,511) (0,0))
)0.00037553825541521379
0.00037553825541521379
0.00037898974667480677
0.00037898974667480677
2
Level_0/SD_4_New_MF
Level_0/SD_4_Old_MF
((0,0) (7,511) (0,0))
(4 0
((0,0) (7,127) (0,0))
((0,256) (7,383) (0,0))
((0,128) (7,255) (0,0))
((0,384) (7,511) (0,0))
)0.00037553825541521379
0.00037553825541521379
0.00037898974667480677
0.00037898974667480677
2
Level_0/SD_5_New_MF
Level_0/SD_5_Old_MF
1
(0 (0,0)(1.171875e-05,1.171875e-05) 1)
(RealBox 0 0.0001875 0 0.012 )((0,0) (15,1023) (0,0))
(4 0
((0,176) (15,207) (0,0))
((0,272) (15,335) (0,0))
((0,208) (15,271) (0,0))
((0,336) (15,399) (0,0))
)6
((0,0) (15,1023) (0,0))
(4 0
((0,176) (15,207) (0,0))
((0,272) (15,335) (0,0))
((0,208) (15,271) (0,0))
((0,336) (15,399) (0,0))
)0.00037726400104501036
0.00037726400104501036
0.00037898974667480682
0.00037898974667480682
2
Level_1/SD_0_New_MF
Level_1/SD_0_Old_MF
((0,0) (16,1024) (1,1))
(4 0
((0,176) (16,208) (1,1))
((0,272) (16,336) (1,1))
((0,208) (16,272) (1,1))
((0,336) (16,400) (1,1))
)0.0003755382554152139
0.00037726400104501036
0.00037726400104501036
0.00037898974667480682
2
Level_1/SD_1_New_MF
Level_1/SD_1_Old_MF
((0,0) (15,1023) (0,0))
(4 0
((0,176) (15,207) (0,0))
((0,272) (15,335) (0,0))
((0,208) (15,271) (0,0))
((0,336) (15,399) (0,0))
)0.00037726400104501036
0.00037726400104501036
0.00037898974667480682
0.00037898974667480682
2
Level_1/SD_2_New_MF
Level_1/SD_2_Old_MF
((0,0) (15,1023) (0,0))
(4 0
((0,176) (15,207) (0,0))
((0,272) (15,335) (0,0))
((0,208) (15,271) (0,0))
((0,336) (15,399) (0,0))
)0.00037726400104501036
0.00037726400104501036
0.00037898974667480682
0.00037898974667480682
2
Level_1/SD_3_New_MF
Level_1/SD_3_Old_MF
((0,0) (15,1023) (0,0))
(4 0
((0,176) (15,207) (0,0))
((0,272) (15,335) (0,0))
((0,208) (15,271) (0,0))
((0,336) (15,399) (0,0))
)0.00037726400104501036
0.00037726400104501036
0.00037898974667480682
0.00037898974667480682
2
Level_1/SD_4_New_MF
Level_1/SD_4_Old_MF
((0,0) (15,1023) (0,0))
(4 0
((0,176) (15,207) (0,0))
((0,272) (15,335) (0,0))
((0,208) (15,271) (0,0))
((0,336) (15,399) (0,0))
)0.00037726400104501036
0.00037726400104501036
0.00037898974667480682
0.00037898974667480682
2
Level_1/SD_5_New_MF
Level_1/SD_5_Old_MF
