CheckPointVersion_1.0
2
2.6473146362630388e-05
1
1
(0 (0,0)(2.34375e-05,2.34375e-05) 1)
(RealBox 0 0.0001875 0 0.012 )((0,0) (7,511) (0,0)) (0 (0,0)(1.171875e-05,1.171875e-05) 1)
(RealBox 0 0.0001875 0 0.012 )((0,0) (15,1023) (0,0)) 
(2,2) 
2.8268416711847754e-06 1.4134208355923877e-06 
3.109525838303253e-06 1.5547629191516265e-06 
1 2 
20 40 
2 4 
0
(0 (0,0)(2.34375e-05,2.34375e-05) 1)
(RealBox 0 0.0001875 0 0.012 )((0,0) (7,511) (0,0))
(4 0
((0,0) (7,127) (0,0))
((0,256) (7,383) (0,0))
((0,128) (7,255) (0,0))
((0,384) (7,511) (0,0))
)6
((0,0) (7,511) (0,0))
(4 0
((0,0) (7,127) (0,0))
((0,256) (7,383) (0,0))
((0,128) (7,255) (0,0))
((0,384) (7,511) (0,0))
)2.3646304691445614e-05
2.3646304691445614e-05
2.6473146362630388e-05
2.6473146362630388e-05
2
Level_0/SD_0_New_MF
Level_0/SD_0_Old_MF
((0,0) (8,512) (1,1))
(4 0
((0,0) (8,128) (1,1))
((0,256) (8,384) (1,1))
((0,128) (8,256) (1,1))
((0,384) (8,512) (1,1))
)2.1076448626732182e-05
2.3646304691445614e-05
2.3646304691445614e-05
2.6473146362630388e-05
2
Level_0/SD_1_New_MF
Level_0/SD_1_Old_MF
((0,0) (7,511) (0,0))
(4 0
((0,0) (7,127) (0,0))
((0,256) (7,383) (0,0))
((0,128) (7,255) (0,0))
((0,384) (7,511) (0,0))
)2.3646304691445614e-05
2.3646304691445614e-05
2.6473146362630388e-05
2.6473146362630388e-05
2
Level_0/SD_2_New_MF
Level_0/SD_2_Old_MF
((0,0) (7,511) (0,0))
(4 0
((0,0) (7,127) (0,0))
((0,256) (7,383) (0,0))
((0,128) (7,255) (0,0))
((0,384) (7,511) (0,0))
)2.3646304691445614e-05
2.3646304691445614e-05
2.6473146362630388e-05
2.6473146362630388e-05
2
Level_0/SD_3_New_MF
Level_0/SD_3_Old_MF
((0,0) (7,511) (0,0))
(4 0
((0,0) (7,127) (0,0))
((0,256) (7,383) (0,0))
((0,128) (7,255) (0,0))
((0,384) (7,511) (0,0))
)2.3646304691445614e-05
2.3646304691445614e-05
2.6473146362630388e-05
2.6473146362630388e-05
2
Level_0/SD_4_New_MF
Level_0/SD_4_Old_MF
((0,0) (7,511) (0,0))
(4 0
((0,0) (7,127) (0,0))
((0,256) (7,383) (0,0))
((0,128) (7,255) (0,0))
((0,384) (7,511) (0,0))
)2.3646304691445614e-05
2.3646304691445614e-05
2.6473146362630388e-05
2.6473146362630388e-05
2
Level_0/SD_5_New_MF
Level_0/SD_5_Old_MF
1
(0 (0,0)(1.171875e-05,1.171875e-05) 1)
(RealBox 0 0.0001875 0 0.012 )((0,0) (15,1023) (0,0))
(4 0
((0,152) (15,199) (0,0))
((0,264) (15,327) (0,0))
((0,200) (15,263) (0,0))
((0,328) (15,391) (0,0))
)6
((0,0) (15,1023) (0,0))
(4 0
((0,152) (15,199) (0,0))
((0,264) (15,327) (0,0))
((0,200) (15,263) (0,0))
((0,328) (15,391) (0,0))
)2.5059725527037996e-05
2.5059725527037996e-05
2.6473146362630385e-05
2.6473146362630385e-05
2
Level_1/SD_0_New_MF
Level_1/SD_0_Old_MF
((0,0) (16,1024) (1,1))
(4 0
((0,152) (16,200) (1,1))
((0,264) (16,328) (1,1))
((0,200) (16,264) (1,1))
((0,328) (16,392) (1,1))
)2.3646304691445607e-05
2.5059725527037996e-05
2.5059725527037996e-05
2.6473146362630385e-05
2
Level_1/SD_1_New_MF
Level_1/SD_1_Old_MF
((0,0) (15,1023) (0,0))
(4 0
((0,152) (15,199) (0,0))
((0,264) (15,327) (0,0))
((0,200) (15,263) (0,0))
((0,328) (15,391) (0,0))
)2.5059725527037996e-05
2.5059725527037996e-05
2.6473146362630385e-05
2.6473146362630385e-05
2
Level_1/SD_2_New_MF
Level_1/SD_2_Old_MF
((0,0) (15,1023) (0,0))
(4 0
((0,152) (15,199) (0,0))
((0,264) (15,327) (0,0))
((0,200) (15,263) (0,0))
((0,328) (15,391) (0,0))
)2.5059725527037996e-05
2.5059725527037996e-05
2.6473146362630385e-05
2.6473146362630385e-05
2
Level_1/SD_3_New_MF
Level_1/SD_3_Old_MF
((0,0) (15,1023) (0,0))
(4 0
((0,152) (15,199) (0,0))
((0,264) (15,327) (0,0))
((0,200) (15,263) (0,0))
((0,328) (15,391) (0,0))
)2.5059725527037996e-05
2.5059725527037996e-05
2.6473146362630385e-05
2.6473146362630385e-05
2
Level_1/SD_4_New_MF
Level_1/SD_4_Old_MF
((0,0) (15,1023) (0,0))
(4 0
((0,152) (15,199) (0,0))
((0,264) (15,327) (0,0))
((0,200) (15,263) (0,0))
((0,328) (15,391) (0,0))
)2.5059725527037996e-05
2.5059725527037996e-05
2.6473146362630385e-05
2.6473146362630385e-05
2
Level_1/SD_5_New_MF
Level_1/SD_5_Old_MF
