1
0
63
1
(4 0
((0,0) (7,127) (0,0))
((0,256) (7,383) (0,0))
((0,128) (7,255) (0,0))
((0,384) (7,511) (0,0))
)
4
FabOnDisk: SD_0_Old_MF_D_0003 0
FabOnDisk: SD_0_Old_MF_D_0001 0
FabOnDisk: SD_0_Old_MF_D_0002 0
FabOnDisk: SD_0_Old_MF_D_0000 0

4,63
-9.528531983149830e-04,9.183856832373174e-01,1.593315091134682e-01,0.000000000000000e+00,0.000000000000000e+00,3.146858488750597e-18,8.793428786500604e-13,2.687218171947499e-08,3.261249311253978e-10,3.471924200303249e-13,2.836150617824282e-03,0.000000000000000e+00,2.261866778535030e-30,1.800221187515724e-31,1.628741137111245e-14,3.530811249844575e-12,4.027084247155320e-25,2.735647509532604e-13,8.494533084442433e-20,0.000000000000000e+00,2.728257968054522e-14,5.399423771837283e-11,1.300396554405207e-12,0.000000000000000e+00,1.988684947623220e-13,2.292346288159969e-29,1.716438138210271e-12,0.000000000000000e+00,0.000000000000000e+00,3.513106543608891e-31,6.809385952226625e-15,2.641919764838395e-22,6.658601576455863e-28,1.355043715325952e-15,1.763753985416123e-21,0.000000000000000e+00,0.000000000000000e+00,0.000000000000000e+00,0.000000000000000e+00,0.000000000000000e+00,0.000000000000000e+00,0.000000000000000e+00,0.000000000000000e+00,2.316793117235451e-18,2.327533524580394e-19,3.445881680164699e-21,6.390085467789127e-19,2.058088037217711e-19,8.371233796820333e-18,1.932982719956539e-18,3.482939942691581e-18,0.000000000000000e+00,0.000000000000000e+00,0.000000000000000e+00,0.000000000000000e+00,0.000000000000000e+00,0.000000000000000e+00,0.000000000000000e+00,1.141343036474198e-01,3.328067211541376e+03,0.000000000000000e+00,4.430000316800475e+02,9.942381887860806e+04,
-2.303427873392998e-07,4.408655779176132e+00,1.469684148523458e-01,7.247142808720844e-06,6.990122772325176e-05,5.075208835494710e-04,1.327540877268724e-07,6.127357723592671e-05,1.235392290298624e-02,1.469165453990819e-08,1.329820627218936e-03,8.359069939670219e-11,4.011889959550231e-10,3.505236810088448e-11,1.539953028934662e-09,3.854044793522683e-10,1.141700218024665e-09,2.401401307100468e-09,5.254823414098396e-12,1.800773077604441e-11,1.818351710815369e-11,3.788291797591260e-03,2.303327789819084e-02,1.308145012647503e-10,1.284554716638447e-08,1.698694673118507e-10,5.127460919957271e-09,0.000000000000000e+00,0.000000000000000e+00,4.268187999529779e-09,2.233238066062345e-09,4.522541415153172e-15,4.102638870806105e-12,0.000000000000000e+00,0.000000000000000e+00,0.000000000000000e+00,0.000000000000000e+00,0.000000000000000e+00,0.000000000000000e+00,0.000000000000000e+00,0.000000000000000e+00,0.000000000000000e+00,0.000000000000000e+00,1.439561356859586e-13,4.034338448712761e-17,2.502174997872137e-18,9.538041705249357e-07,6.513934211868557e-06,2.531566672169983e-08,2.937599723572586e-08,1.813865965388745e-08,7.448578024839929e-13,0.000000000000000e+00,0.000000000000000e+00,0.000000000000000e+00,0.000000000000000e+00,0.000000000000000e+00,0.000000000000000e+00,1.054099008568412e-01,7.847325808889639e+03,0.000000000000000e+00,2.289338322790236e+03,1.013249586827649e+05,
-8.843625552010155e-03,4.131829910584974e+00,1.491995217889959e-01,1.066246264907332e-05,1.036501506810009e-04,5.991104443541738e-04,1.328044352062974e-07,7.232559098778064e-05,1.218977119056002e-02,2.280203205871111e-08,1.685012274044994e-03,1.418332364613601e-10,3.936526632511093e-10,5.108067265609222e-11,1.330127825384248e-09,1.882857088773151e-10,1.953841679805809e-09,2.766289549942429e-09,5.076620166126333e-12,2.683045315023157e-11,1.841323498774426e-11,4.318911479175331e-03,2.226643766365409e-02,1.239858219809344e-10,1.013101171460182e-08,3.114311051529551e-10,6.654026192970289e-09,1.019842779829615e-13,3.056205732189106e-15,2.642684499545767e-09,1.032975846871672e-09,1.713643622872165e-14,9.221591683883015e-12,0.000000000000000e+00,0.000000000000000e+00,0.000000000000000e+00,0.000000000000000e+00,0.000000000000000e+00,0.000000000000000e+00,0.000000000000000e+00,0.000000000000000e+00,0.000000000000000e+00,0.000000000000000e+00,5.543153453331957e-14,8.751659899916935e-17,3.552596199922689e-18,1.605106312370718e-06,1.106960396834271e-05,1.556769334191898e-08,1.026427726603055e-07,6.491010610492317e-08,1.486584460681596e-12,0.000000000000000e+00,0.000000000000000e+00,0.000000000000000e+00,0.000000000000000e+00,0.000000000000000e+00,0.000000000000000e+00,1.070143285767011e-01,4.253806010382051e+03,0.000000000000000e+00,2.125148641615558e+03,1.005668917034160e+05,
-1.023905623034781e-07,4.479769657824424e+00,1.460950902564789e-01,6.130206767693335e-06,5.853209681412009e-05,4.700880185540432e-04,1.349355657318123e-07,5.714724273648902e-05,1.235283226008228e-02,1.214359860015020e-08,1.186611689998961e-03,5.207864642557956e-11,2.755850079625015e-10,2.329889336299746e-11,1.101668259855771e-09,3.014480520241659e-10,8.776462397745385e-10,1.650768325760192e-09,3.597634175575828e-12,1.190266453369983e-11,1.267079937572938e-11,3.575714215236184e-03,2.343446097688880e-02,8.879574305056634e-11,9.155290807412923e-09,1.019169052118655e-10,3.416578821214337e-09,0.000000000000000e+00,1.146717600546686e-16,3.036666953658894e-09,1.644144378315725e-09,0.000000000000000e+00,2.220771161841944e-12,0.000000000000000e+00,6.118767367924206e-15,0.000000000000000e+00,0.000000000000000e+00,0.000000000000000e+00,0.000000000000000e+00,0.000000000000000e+00,0.000000000000000e+00,0.000000000000000e+00,0.000000000000000e+00,8.018235094573224e-14,1.789801020219962e-17,1.228317602510763e-18,5.972715691218794e-07,4.062360714870892e-06,1.822024752721142e-08,1.360636581891097e-08,8.320674751781431e-09,4.324496240927112e-13,0.000000000000000e+00,0.000000000000000e+00,0.000000000000000e+00,0.000000000000000e+00,0.000000000000000e+00,0.000000000000000e+00,1.047805167015066e-01,7.930065448183581e+03,0.000000000000000e+00,2.330410484325492e+03,1.013249829108055e+05,

4,63
9.473275222954488e-04,4.126358336002657e+00,8.373327256793077e-01,5.035355871380548e-05,4.536555492131226e-04,9.578824723812631e-04,1.288141127023467e-04,4.313435600325355e-04,1.312707955616177e-02,1.973987460906469e-05,1.827792572431114e-01,1.333698489049362e-06,6.128703760466136e-06,7.051177017395244e-07,2.339916341370516e-04,2.842711015927765e-04,2.049131279382548e-05,5.090029736395909e-04,1.932194273522188e-05,9.654310604239437e-07,7.741255448107280e-05,1.399266867641599e-02,2.225412724511770e-02,7.162580667849502e-07,5.775960805530741e-04,2.129501886277309e-05,4.350680233168530e-03,1.122280546345583e-04,5.055899749946564e-04,3.096131951933002e-05,1.053678555642849e-04,1.372268025146769e-07,3.076247397860074e-05,4.092696180106283e-05,1.135091889394464e-05,5.429219469777987e-05,2.938268572083899e-05,3.827417475563368e-05,3.196762141350887e-06,6.414109302267873e-04,2.309962789028524e-05,5.173361035453626e-06,1.113597872347675e-04,1.549591204009409e-05,6.124847059041248e-07,1.402659750261264e-08,2.553006816307013e-06,1.802239718858008e-05,2.804512954266117e-05,1.209988903214119e-05,1.513346427805424e-05,1.775118951939055e-06,4.615180538838989e-04,1.811718463700383e-05,5.259454910982878e-02,1.553321125737475e-03,1.314015945699899e-04,4.256111686202063e-04,6.019588920656951e-01,7.197692322303684e+04,0.000000000000000e+00,2.121594256123912e+03,1.038562071199192e+05,
2.915678349869472e-07,4.479426702509294e+00,1.491710351592447e-01,1.061472637703266e-05,1.031862809213500e-04,5.980061333636221e-04,1.349152205408366e-07,7.218522057543411e-05,1.235524145628112e-02,2.268518231204847e-08,1.680603657221883e-03,1.412699403320616e-10,5.435876420648442e-10,5.154617029440122e-11,1.931701521824940e-09,4.103074813682899e-10,1.942291951690090e-09,3.290388177771178e-09,7.135080923776469e-12,2.677223021717804e-11,2.393419704124751e-11,4.312398466237474e-03,2.343242206142941e-02,1.797055078242603e-10,1.606256360142824e-08,3.099882351622472e-10,7.384719271141479e-09,3.108481081002218e-13,5.604565286522672e-15,5.248511300299090e-09,2.527307088862046e-09,2.883377338517274e-14,9.157813790485842e-12,4.207728039477547e-13,4.158070772540191e-12,4.036983040664646e-13,8.335177178901026e-13,1.624717647847305e-12,4.503083957054584e-14,1.071559181128254e-12,3.501758285827763e-12,9.761440982539145e-17,6.440275905618877e-14,1.836680692940587e-13,8.705559585718740e-17,4.304775017691195e-18,1.598330993217983e-06,1.102158601301005e-05,3.056941028283755e-08,1.013064417922788e-07,6.404614380693058e-08,1.485736465068362e-12,4.338041033142884e-13,3.314631578042064e-13,8.247313508070820e-12,1.415906651572672e-11,1.148462024910406e-11,3.876428329810560e-12,1.069938275349614e-01,7.929871667757538e+03,0.000000000000000e+00,2.330215065631120e+03,1.013249934772659e+05,
7.739120404785361e-03,4.407764745101989e+00,1.590962924274493e-01,3.327202118573671e-05,2.875306177745382e-04,8.661768644680530e-04,2.006109096966794e-07,1.213435875401872e-04,1.245814544166773e-02,7.976515303616141e-08,2.806350763004854e-03,2.197899542015556e-10,5.761140879841305e-10,6.170007013424626e-11,1.957527074630058e-09,3.990261041986742e-10,8.722123959568757e-09,3.557148066567043e-09,7.558923659522518e-12,3.244222227314561e-11,2.511688624771375e-11,6.535869145168587e-03,2.302861217625095e-02,1.909057911193887e-10,1.620840583656200e-08,5.506831442901917e-10,8.308743672555833e-09,1.385704809438544e-12,2.478671802030346e-14,5.259476863913453e-09,2.507006430477727e-09,2.122835545258863e-13,2.149554221944599e-11,2.809319644073775e-12,2.588106136363836e-12,1.130870698270466e-13,3.773350346802262e-13,7.080422537710093e-13,1.010068067832937e-14,3.121065597510888e-13,7.308535797354445e-13,4.606681879624403e-17,4.317975124907165e-14,1.992256154732179e-13,5.768544000417854e-16,1.586607763929297e-17,2.602146255863989e-06,1.836159885285412e-05,3.060203120553313e-08,2.298706307802174e-06,1.572577348880257e-06,4.015385968571207e-12,2.427035632317562e-13,1.825831441337988e-13,4.541388939438520e-12,3.435947845444241e-12,2.554427566957972e-12,9.967236692496182e-13,1.139630415771148e-01,8.172045785905811e+03,0.000000000000000e+00,2.288820665123171e+03,1.023586987320365e+05,
8.038779692969498e-08,4.509468666541896e+00,1.469580984928913e-01,7.232899175166184e-06,6.975802029282149e-05,5.070735486748189e-04,1.366631932467590e-07,6.122240705548417e-05,1.235430028348138e-02,1.465902526725611e-08,1.328130701255784e-03,8.325839505948359e-11,4.000525679888502e-10,3.493919810925519e-11,1.536290592430329e-09,3.848826108201605e-10,1.138383599473333e-09,2.394561450390497e-09,5.239781501843575e-12,1.794847497945393e-11,1.813518687722198e-11,3.785744070214727e-03,2.360264944526383e-02,1.304361986015789e-10,1.281547515346931e-08,1.691433807580363e-10,5.112344752006616e-09,1.312935923127218e-13,2.380065288820390e-15,4.258180902674304e-09,2.228924082367679e-09,8.997015412109400e-15,4.080337081071071e-12,1.292444416552497e-13,1.581195172432503e-12,8.163002487865607e-14,3.650308405725085e-13,5.290624647445504e-13,6.426239986623143e-15,3.423508272281886e-13,1.934909790461289e-12,5.922882555087630e-18,4.180536971496701e-15,1.434166049427216e-13,4.008450601431261e-17,2.489039725237275e-18,9.500799324852551e-07,6.488188592671181e-06,2.525819800411321e-08,2.915720606081494e-08,1.800150916009915e-08,7.413667673090864e-13,5.014052837497503e-14,5.525472377454891e-13,3.128571910301981e-12,2.462699653358741e-12,1.204074002410743e-12,6.704651113043196e-13,1.054024839275695e-01,7.977839882407168e+03,0.000000000000000e+00,2.346758459149981e+03,1.013250013474690e+05,

