1
0
63
1
(4 0
((0,0) (7,127) (0,0))
((0,256) (7,383) (0,0))
((0,128) (7,255) (0,0))
((0,384) (7,511) (0,0))
)
4
FabOnDisk: SD_0_New_MF_D_0003 0
FabOnDisk: SD_0_New_MF_D_0001 0
FabOnDisk: SD_0_New_MF_D_0002 0
FabOnDisk: SD_0_New_MF_D_0000 0

4,63
-1.892672644854469e-03,9.107148811929030e-01,1.593475707158654e-01,-2.376809665447191e-05,-1.131366554518091e-07,3.131147999332052e-18,8.768973978847469e-13,2.688177323816976e-08,3.255006291313849e-10,3.462097771727546e-13,2.840421660688731e-03,-2.505119568702399e-10,2.245394589031432e-30,1.787169399618431e-31,1.625047006758075e-14,3.522968070352406e-12,3.991499119092174e-25,2.722699579841913e-13,8.151373001073800e-20,-1.499483381344504e-28,2.714770972477842e-14,5.384346441855952e-11,1.293994544263932e-12,-8.515115301303073e-11,1.980051352855425e-13,2.265613304129773e-29,1.708495187958175e-12,-1.323666534498831e-25,8.920427545045848e-16,3.470781475205527e-31,6.764667783497038e-15,2.547592561367724e-22,6.570725243382883e-28,1.345965466478709e-15,-1.409872885727760e-15,-6.641185276880932e-15,-3.206209583228185e-15,-2.527390618539409e-13,-1.972472471706901e-14,-6.127454993470881e-13,-7.024800267311933e-07,-5.912113628230085e-28,-4.113034263508818e-13,2.289949342675656e-18,2.300379429608040e-19,3.397251549977078e-21,6.314678001464008e-19,2.033761287771342e-19,8.271829840773643e-18,1.909991951717324e-18,3.441514086172534e-18,-1.353922740427151e-15,-5.128406576051479e-13,-7.261272979361117e-07,-1.993245668417346e-10,-4.155508625899169e-13,-8.476861419701969e-14,-1.812307636513071e-13,1.141479162833285e-01,3.333141670376222e+03,0.000000000000000e+00,4.430000319208748e+02,9.928401723068893e+04,
-2.315698583027836e-07,4.403457790130656e+00,1.469677606818162e-01,7.246287775281644e-06,6.989267138037518e-05,5.074942591343918e-04,1.327548114101204e-07,6.127049160023111e-05,1.235383632287185e-02,1.468967674988076e-08,1.329719307679655e-03,8.358083787753352e-11,4.011690118601635e-10,3.505007131132565e-11,1.539918265027976e-09,3.854220446919274e-10,1.141522886247278e-09,2.401328158260038e-09,5.254565480468472e-12,1.800645185218568e-11,1.818274956429216e-11,3.788140704828529e-03,2.303345602823125e-02,1.308031289765036e-10,1.284483553531526e-08,1.698540884058049e-10,5.127405828805982e-09,1.556867755067224e-14,6.845734887556185e-16,4.267961867995874e-09,2.233181622792111e-09,2.573238863844328e-15,4.101754213539797e-12,-1.567248388081638e-16,-6.433842754877651e-15,-9.635135832942140e-16,-3.692245122005479e-15,-5.647720989355114e-15,-1.252124668035748e-16,-3.061806835089677e-15,-6.837296541628192e-15,-2.630156563490441e-19,-1.542687447842794e-16,1.439590767790590e-13,4.033764432694922e-17,2.502009339748474e-18,9.537044214447727e-07,6.513233409290017e-06,2.531551721631397e-08,2.936650599020159e-08,1.813266916693323e-08,7.447531395098697e-13,-1.155320468618705e-15,-7.946092036944551e-16,-1.220120272437569e-14,-3.372115807398687e-14,-3.191026597945565e-14,-1.004302277156306e-14,1.054094241204012e-01,7.848472786881042e+03,0.000000000000000e+00,2.289359575351218e+03,1.013249714319670e+05,
-1.449118415744478e-03,4.127689582914953e+00,1.491983800447606e-01,1.066091878580277e-05,1.036352670675038e-04,5.990749061568476e-04,1.328046543714022e-07,7.232094098808751e-05,1.219004832272063e-02,2.279789311650370e-08,1.684859380415677e-03,1.418519995753096e-10,3.926880249370015e-10,5.096328438301067e-11,1.327013935792348e-09,1.877954590437746e-10,1.953566896893670e-09,2.760584977494824e-09,5.065518450713622e-12,2.684432764085345e-11,1.838102640167858e-11,4.318717177377678e-03,2.226717099683418e-02,1.236470950155228e-10,1.010576284921611e-08,3.115239570599270e-10,6.640728977466159e-09,-1.673159157724395e-16,6.161996180732096e-16,2.636802658667956e-09,1.031033481399443e-09,2.196810985095298e-14,9.221850228127608e-12,-1.035563114888944e-15,-7.703855681445770e-15,-5.077698443920929e-16,-1.545458296791227e-15,-3.625580002701214e-15,-3.060822799942371e-16,-1.411867112652265e-14,-1.035123082509583e-13,-1.418323878655128e-18,-4.075391286224904e-16,5.538603465219576e-14,8.752776093461459e-17,3.549973201416162e-18,1.605106831889373e-06,1.106955580372454e-05,1.554065223276458e-08,1.026097110323138e-07,6.488842965034294e-08,1.491890773842855e-12,-7.473889475849262e-15,-4.754819495591232e-14,-2.116709826123373e-13,-4.725951393160894e-14,-3.711035753090202e-14,-1.269034131002222e-14,1.070135043134920e-01,4.245949076106359e+03,0.000000000000000e+00,2.124953201204575e+03,1.011364856172748e+05,
-1.257857373004943e-07,4.474545260385708e+00,1.460946187398938e-01,6.129691575925999e-06,5.852675126120489e-05,4.700695954245381e-04,1.349370460098788e-07,5.714532781875938e-05,1.235283562589006e-02,1.214241258073691e-08,1.186540579596073e-03,5.207066318778799e-11,2.755572921559731e-10,2.329658848458844e-11,1.101668151598949e-09,3.014277713496843e-10,8.775446204709728e-10,1.650625242434223e-09,3.597448784883727e-12,1.190191859098111e-11,1.267019355546037e-11,3.575621355214447e-03,2.343458506091623e-02,8.878418870886830e-11,9.154355433684362e-09,1.019005845652748e-10,3.416388565045391e-09,-8.797432003447613e-17,6.821754061429065e-16,3.036320645575355e-09,1.643974623005135e-09,1.655552086010655e-15,2.220301380788724e-12,-8.266434326032597e-17,6.248093372117639e-14,-2.056776153605108e-16,-1.106668967947628e-15,-1.682859452555105e-15,-2.094456427091567e-17,-1.102975171329880e-15,-6.153650573022758e-15,-1.893142060405770e-20,-1.141260101482996e-17,8.016479019066700e-14,1.789201547974302e-17,1.227967706509663e-18,5.971544528378266e-07,4.061555392280463e-06,1.821795977143036e-08,1.360159430869405e-08,8.317714005749999e-09,4.323305220931316e-13,-1.284590417676546e-16,-1.315100410493544e-15,-3.662147569603897e-15,-5.835805905185470e-15,-2.790642213245825e-15,-1.787424821532133e-15,1.047801697634241e-01,7.930186574995900e+03,0.000000000000000e+00,2.330422832501109e+03,1.013249896241159e+05,

4,63
1.832125580239742e-03,4.122210785597787e+00,8.373327250038700e-01,5.034524669370606e-05,4.540241672229563e-04,9.582380890429550e-04,1.298666817567126e-04,4.315520817244128e-04,1.312970465860270e-02,1.982935946499730e-05,1.827792570935766e-01,1.333733368794039e-06,6.138840950708149e-06,7.052855890157079e-07,2.338240142584517e-04,2.863746978210976e-04,2.048598801163826e-05,5.113740008498763e-04,1.987865417544065e-05,9.679331012339446e-07,7.859004416181669e-05,1.399207856036105e-02,2.225475107160435e-02,7.127230389988729e-07,5.778874566222199e-04,2.128411094619558e-05,4.351915760532041e-03,1.128081803354071e-04,5.128365110517290e-04,3.095528347815710e-05,1.054281629971162e-04,1.377724597451937e-07,3.078658040103628e-05,4.124834683632182e-05,1.134668459395422e-05,5.443227378604134e-05,2.943591853068146e-05,3.834070199801072e-05,3.204711860346914e-06,6.459164264022145e-04,2.382880491404875e-05,5.256160662479381e-06,1.114066015901120e-04,1.545726334042213e-05,6.117968154794576e-07,1.401202586095390e-08,2.550010425965055e-06,1.800135974691377e-05,2.816155734016997e-05,1.210163718491328e-05,1.512542669090773e-05,1.781519842981825e-06,4.674005886562740e-04,1.852791430169898e-05,5.259454906638716e-02,1.559781853205015e-03,1.315750956589211e-04,4.269619529678721e-04,6.019588915744458e-01,7.181585952516858e+04,0.000000000000000e+00,2.121389543180719e+03,1.039180094949850e+05,
2.002667095573085e-07,4.474202436853080e+00,1.491699035826230e-01,1.061317619131333e-05,1.031713646147238e-04,5.979704324209704e-04,1.349167085158477e-07,7.218052983866238e-05,1.235521538172426e-02,2.268105427743696e-08,1.680451171756568e-03,1.412757999301866e-10,5.436534701648134e-10,5.155105031066243e-11,1.932108071290586e-09,4.103555779273127e-10,1.941970541375590e-09,3.290789127505474e-09,7.136299263853514e-12,2.677571731784234e-11,2.393793565927331e-11,4.312201680266362e-03,2.343254588696744e-02,1.797220114016145e-10,1.606425988950810e-08,3.099920869183832e-10,7.385870765690965e-09,3.109856170283371e-13,5.641390033218563e-15,5.249116927384744e-09,2.527615632699417e-09,2.893368312375007e-14,9.157190052051551e-12,4.868646102101867e-13,3.728269388087763e-12,2.270218330408554e-13,7.308259208327290e-13,1.348030166991375e-12,1.624649302936927e-14,8.776995720985991e-13,3.329713031021651e-12,2.542076926956589e-17,1.815483459355182e-14,1.837192685501964e-13,8.706285653809894e-17,4.305507454310471e-18,1.598330051911993e-06,1.102152810856045e-05,3.057339005900350e-08,1.012736320175153e-07,6.402464518320148e-08,1.485601080386745e-12,2.022622298067045e-13,3.661794941326161e-13,5.607870095086454e-12,9.394316904201310e-12,5.791631791244752e-12,2.568689988200061e-12,1.069930103158824e-01,7.929999500942220e+03,0.000000000000000e+00,2.330227504926654e+03,1.013249943772251e+05,
1.346242915645274e-03,4.402566994108566e+00,1.591116138890653e-01,3.327665700403261e-05,2.877907917623007e-04,8.664376554916204e-04,2.008665844473840e-07,1.212925398364181e-04,1.236495425837533e-02,7.986609561204340e-08,2.810283505765410e-03,2.199244971204915e-10,5.718726371436492e-10,6.179513382694838e-11,1.961116856059645e-09,3.991923764227952e-10,8.719609347804593e-09,3.556047411967135e-09,7.485487254185659e-12,3.248701176533412e-11,2.486114550110661e-11,6.532599220160589e-03,2.302878985288437e-02,1.890864694101868e-10,1.621054272700342e-08,5.505171393869152e-10,8.320565367192857e-09,1.383965011876692e-12,2.476708947258997e-14,5.260235417633103e-09,2.507429861394157e-09,2.122237567434206e-13,2.149278691409974e-11,2.808345659917068e-12,2.396337742318960e-12,1.990887460766659e-13,5.032128991503982e-13,1.293273859880041e-12,6.524270123346525e-14,1.836989974652927e-12,6.572079045794438e-13,2.014745598173051e-16,3.023140161057034e-13,2.021837459001314e-13,5.860278626508437e-16,1.611285420868417e-17,2.600715141685413e-06,1.835170296285677e-05,3.060597120528476e-08,2.300928595058518e-06,1.574207758477384e-06,4.011657862125601e-12,1.534077721062728e-12,1.617808600522857e-13,2.566563753820976e-11,8.699176977553471e-12,1.532948381593504e-12,2.471814258288645e-12,1.139759303801288e-01,7.847035453698510e+03,0.000000000000000e+00,2.288841967673878e+03,1.015824665497800e+05,
1.776466187435125e-07,4.504230843666249e+00,1.469574510540715e-01,7.232048766437151e-06,6.974951320655151e-05,5.070470383948733e-04,1.366644309811243e-07,6.121933271371283e-05,1.235429198700312e-02,1.465706116445519e-08,1.328029990593133e-03,8.324921438925071e-11,4.000356486461157e-10,3.493692782025203e-11,1.536267897269881e-09,3.848981761292605e-10,1.138206924651994e-09,2.394453163308674e-09,5.239553649051529e-12,1.794724872159847e-11,1.813455811664970e-11,3.785593503726685e-03,2.360271149889848e-02,1.304309263608700e-10,1.281537352074567e-08,1.691213580553807e-10,5.112061750967405e-09,1.312815038675680e-13,2.374632564532344e-15,4.258157191448587e-09,2.228959566125263e-09,8.989390508734029e-15,4.079536566655130e-12,1.672894698792550e-13,2.857241465224779e-12,1.196139655596340e-13,5.181185533021494e-13,4.539304771590095e-13,4.616785865190525e-15,2.711569923899883e-13,1.238902572596756e-12,4.393436808589024e-18,3.926278012542517e-15,1.434218856208099e-13,4.007947319665513e-17,2.488897115406074e-18,9.499806848053460e-07,6.487491461655053e-06,2.525803936631794e-08,2.914782356147782e-08,1.799558832527983e-08,7.412500813341694e-13,2.712476843322130e-14,2.995569565820777e-13,3.140883458908405e-12,2.680150946673243e-12,1.638295474693039e-12,7.278420422349520e-13,1.054020121756995e-01,7.977999837079274e+03,0.000000000000000e+00,2.346767240231189e+03,1.013250035973854e+05,

