1
0
56
1
(4 0
((0,0) (7,127) (0,0))
((0,256) (7,383) (0,0))
((0,128) (7,255) (0,0))
((0,384) (7,511) (0,0))
)
4
FabOnDisk: SD_5_Old_MF_D_0003 0
FabOnDisk: SD_5_Old_MF_D_0001 0
FabOnDisk: SD_5_Old_MF_D_0002 0
FabOnDisk: SD_5_Old_MF_D_0000 0

4,56
-7.809902244171198e+00,-1.781061020654150e+01,-2.629258167888287e+01,-5.775151167869483e+00,-8.678429413089683e+00,-8.408670832899517e+00,-1.039483723393786e+00,-6.336928772671314e+02,-2.330612291514505e-01,-7.126059636146941e-01,-8.017522274767842e-02,-1.373221131416370e+01,-1.275276891389931e+01,-1.393939079813607e+00,-1.020111116144844e+01,-4.878737017810352e-01,-6.843238745254628e-02,-3.030376334959091e+00,-1.349304103152181e+02,1.651052502655843e-21,-7.671652214156567e-02,-4.400572973764190e+01,-1.750959115825654e+00,-1.902404774787841e+02,-7.252026577592780e+00,-2.561061833164463e+01,-4.079007785021433e+00,-2.859507965474680e+00,-9.155204643697514e-03,-1.906655334566977e+00,-1.704341085819617e+00,-8.441862353862930e-01,-3.407656693827648e+00,-1.953159244639034e+00,-3.012739691471261e+00,-2.171496330618539e-01,-3.117260833702807e+01,-2.975927754543279e+00,-5.240567617113544e-01,-8.111930596491471e+00,-7.734269140650786e-01,-1.499240170002820e-02,-5.673708280088061e-04,-7.723864103373530e-02,-1.570622436752717e-01,-1.944106300258927e+00,-6.594257186883373e-02,-3.179188112577899e-01,-1.408867889137294e-01,-2.471299171232817e+01,-3.626191543556677e+00,-5.383002818102966e+02,-7.890737247701520e+01,-8.650947244295903e+00,-2.208658762720733e+01,-1.258513293578289e-10,
-1.287761837418754e-02,-9.603113395545654e-02,-2.076186101786804e-01,2.257415930223298e-06,-2.989252505070704e-02,1.856592338002445e-01,-2.375468496475094e-05,-8.447129603351000e-01,-1.272831520370931e-07,-2.855573169668879e-07,-3.435077163596914e-08,-1.285599386088244e-06,-1.191194729601065e-07,-2.362519869069665e-06,-1.973478042811025e-06,-4.720619464335183e-09,-2.038882030369228e-08,-1.596249551315704e-08,-1.165972033817082e+00,7.926571553505316e-01,-9.782290595717296e-08,-7.104049815408570e-06,-3.769458486744741e-07,-9.334239163311650e-06,-2.073850083823761e-07,-1.761358040738952e-09,-2.242588169171865e-06,-9.262431874435507e-07,-6.295311724913537e-09,-1.431162608812024e-08,-3.482387512874436e-07,-4.301906713032202e-07,-7.335763192976606e-08,-1.597479484833087e-07,-1.566122529578255e-07,-6.776850279094982e-09,-2.759216760305595e-07,-9.028636175772869e-07,-1.320579846813422e-11,-2.184668410576599e-08,-1.013808245161629e-10,-8.387913977032891e-14,-2.860695294067303e-15,-1.227328189969611e-03,-8.732721982484010e-03,-1.057083394813488e-05,-2.697517265428901e-04,-1.747029154487435e-04,-3.060301384525631e-09,-3.702573307890719e-08,-3.742745665138707e-07,-1.020289416229581e-06,-9.337905434164681e-07,-1.156134900090841e-06,-2.509964624602281e-07,-9.213296792154324e-12,
-1.841342294583041e-01,-9.145016480310207e-01,-2.349096228757326e+00,-1.521101941675050e-03,-3.022422435111327e-01,-3.612085969390719e-01,-3.290528341201107e-04,-4.575802623419503e+00,-2.533161806970205e-06,-1.745965722702553e-06,-4.870863114931326e-07,-5.446486561404655e-06,-1.983707674670951e-07,-4.173033697431948e-05,-4.538492520031164e-06,-2.698253556207087e-08,-1.564914270318603e-07,-8.194615193735045e-08,-5.745649402727117e+00,1.880657169910853e+00,-1.503585282180756e-06,-3.696056788596088e-05,-3.431913628250424e-06,-2.918044204868323e-05,-5.663806756779505e-07,-3.357655136215396e-09,-1.785446230168760e-06,-2.176667582330716e-06,-6.200432775591528e-09,-8.827369112448308e-08,-3.899719791772126e-07,-1.109296355825094e-06,-5.688373314846169e-07,-9.194374307156995e-07,-1.860301250357972e-06,-5.974938103384889e-08,-1.625272320341069e-06,-7.354315108202912e-07,-5.166559836359028e-10,-1.480872467647542e-06,-3.853339681860708e-08,-6.016163876767845e-11,-2.349587042535584e-12,-4.026270730153960e-03,-1.294983020011478e-02,-9.847213274066108e-05,-2.209761349594160e-02,-1.544133577098362e-02,-7.254156037071806e-08,-1.494597661395705e-06,-2.652110059107212e-07,-1.729443262825683e-05,-1.255313306205900e-05,-6.995723685796358e-06,-3.494782635664913e-06,-4.890865490381202e-11,
-3.663808868348892e-03,-3.054317715674412e-02,-8.975709427151736e-02,1.276255764816121e-06,-1.111612342885415e-02,1.060040548294900e-01,-6.841708346613799e-06,-3.423661168177365e-01,-8.664562528993089e-08,-3.076867880518547e-07,-2.662958856473479e-08,-1.208416970157641e-06,-2.677884637060172e-07,-6.910606496853404e-07,-1.536979600246930e-06,-3.445900058182690e-09,-1.278717430251509e-08,-1.194086266817493e-08,-4.890016140708716e-01,2.821057412273822e-01,-8.268834505117568e-08,-8.218807113321618e-06,-1.508193043605851e-07,-4.445812793560726e-06,-1.528713001068716e-07,-4.596757111375111e-10,-3.612504643809449e-06,-1.243244986722795e-06,-1.849521597985992e-09,-4.666470759500338e-09,-1.383116687154775e-07,-1.118539538318878e-07,-6.784113272160930e-09,-4.827882724214145e-08,-5.111261799782555e-08,-8.434080312614994e-10,-5.776003091126502e-08,-1.192402588621471e-06,-8.735374183341012e-13,-5.092626855154447e-10,-1.048388549737619e-10,-5.132470320509143e-14,-2.548302253401685e-15,-7.333115325432458e-04,-5.075234928052909e-03,-1.239035174513776e-05,-4.522904127893207e-05,-2.837946501033938e-05,-7.688280093279582e-10,-6.076235851491503e-09,-3.411884069314923e-07,-3.150861682855532e-07,-1.135625006523145e-07,-1.544270883848511e-07,-3.146429465163306e-08,-9.801701117417849e-12,

4,56
5.636065160804074e+00,3.038791556412081e+01,4.475106569377940e+01,7.017592343807296e+00,1.273788868527338e+01,3.195216666871168e+02,6.493513898038360e-01,7.571891776233207e-12,5.295717797726971e-01,1.260941090232731e+00,1.537679556168909e-01,2.468491498631944e+01,1.619943386464120e+01,1.894076328990721e+00,1.687526071853817e+01,1.417679683171540e+00,1.241691674976527e-01,2.974259937223128e+00,4.545139427381433e+02,2.828981173225624e+02,1.730436168200546e-01,5.509038242585634e+01,3.552535034424749e+00,2.595164504426068e+02,9.029864414799212e+00,2.548045339303977e+01,8.300734991958375e+00,3.659212061440934e+00,1.503754304688572e-02,3.653863125659598e+00,2.439720676261160e+00,9.749143708368556e-01,3.918613112688539e+00,2.176654062140854e+00,3.816748093939010e+00,1.901749869726791e-01,3.219204906249599e+01,2.703037133705025e+00,5.686744350545778e-01,7.513158453835573e+00,1.232175193330583e+00,3.733988259476003e-02,9.286168757576331e-04,8.253923403154334e-02,3.059191198967525e-01,2.381855411178192e+00,4.470122926801938e-01,6.491839598951339e-01,1.858540822020309e-01,1.681293272856682e+01,1.544103749330676e+00,3.079996388059486e-01,8.763427336650437e+01,1.273046742158501e+01,2.458975254298347e+01,2.155502443201840e-10,
-3.669619461513823e-03,-3.077056343695928e-02,-9.028992376390299e-02,7.551211668283856e-06,-1.118990803056859e-02,5.010825285194086e-01,-6.895622265032083e-06,-3.444826339122881e-01,-6.617763169792940e-08,-1.153966673109845e-07,-1.934164850501149e-08,-6.082876188092470e-09,1.535835778168565e-07,-6.939734090480490e-07,-8.768913661837092e-07,-1.473073639995218e-09,-1.002573040024292e-08,-3.921488239039665e-09,-4.919804455333103e-01,1.866452987800300e+00,-4.060820033791878e-08,-6.312708198706492e-07,-1.452538853138640e-07,-2.036166560552169e-06,2.493590000331870e-07,4.380757571608856e-10,2.577947744660811e-07,6.444641586070961e-07,1.909383063691399e-09,-4.583292057570459e-09,3.568877834883526e-08,1.471593123088036e-06,1.667691297125151e-07,3.659242327916272e-07,6.982476199217861e-07,1.757580448634268e-08,5.843080154294998e-07,1.763609330367169e-06,3.998833537282092e-11,2.506908295219154e-08,6.727744989483664e-11,-5.119930309299953e-14,-1.729049100229388e-15,-7.362762199258939e-04,-5.096393464633437e-03,1.402597420768140e-06,-4.570856606127599e-05,-2.868481600764144e-05,3.926462214876056e-09,1.519421901146207e-07,2.321315765417616e-07,3.069908035342346e-06,5.456021055515952e-06,3.730740727649151e-06,1.487331541647838e-06,1.098848789737872e-11,
1.366042821596947e-01,2.966143765925547e-01,1.196913404491423e+00,1.071136701444677e-03,1.268588220782245e-01,3.009423230574254e+00,4.916190170381967e-04,-8.258368259501303e-01,1.617512522313252e-06,1.690298004408266e-06,3.455296875743383e-07,6.983981995039523e-06,1.243013754267865e-06,4.001828482394678e-05,9.225459743435867e-06,2.672263291385441e-08,1.034650195607969e-07,1.844733162072364e-07,-1.174909624186799e+00,9.079980178684407e+00,1.143542510006842e-06,4.206805325025106e-05,1.605875182866436e-06,2.907419765173597e-05,5.566509023529334e-07,7.593285062612876e-08,1.330093975551710e-05,8.665994952776488e-06,4.330317000898792e-09,1.038781672585163e-07,1.497365968814329e-07,2.382675319751991e-06,1.482803956547976e-06,1.813750690236886e-06,3.679099339647624e-06,1.219591484785606e-07,2.639534802952082e-06,6.916043228232425e-07,1.164056917784840e-09,3.203620397946347e-06,4.029566960576590e-10,1.739078535900155e-12,4.920140196381162e-14,2.513978279768603e-03,1.836605427795739e-02,1.289141124358547e-04,1.951165623719375e-03,1.735248688117996e-03,1.484292296627534e-07,2.152273747700322e-06,2.608565459464555e-07,2.980257892285128e-05,1.543129985920235e-05,1.609204941246688e-05,4.295053435272725e-06,2.513833585737757e-11,
-2.011654921095825e-03,-1.239895499247642e-02,-3.639025732410897e-02,6.420311719066796e-06,-6.077049409745130e-03,1.844388310534969e-01,-2.046088451274111e-06,-1.574532129349694e-01,-4.337302327231174e-08,-1.833699235636047e-07,-1.665650449007515e-08,-5.634818566749066e-07,-8.459945613349218e-08,-2.247160769572219e-07,-1.069288042923343e-06,-2.283876685078969e-09,-7.995539421071359e-09,-7.501522726988913e-09,-1.718946258975651e-01,7.878942357579699e-01,-6.125502204076023e-08,-5.619005753082725e-06,-8.412585565504167e-08,-2.316720453485360e-06,1.389355742113431e-07,2.401470067323783e-10,-1.869625766721879e-06,-7.889752032394102e-07,6.096801318229612e-10,-2.117691237745423e-09,1.789828176840627e-08,5.136437769820206e-07,3.124876745947724e-08,1.488730646728126e-07,2.178170848992279e-07,2.679392978169103e-09,1.433178508742240e-07,8.157718489679749e-07,2.542958490014727e-12,1.772032033126420e-09,-9.510539558603669e-11,-2.364248176980321e-14,-1.554222765146619e-15,-4.572863763443991e-04,-3.119815046164205e-03,-1.059426090972664e-05,-1.281678047842530e-05,-7.882874099178989e-06,-6.255779439008863e-11,1.762060991111671e-08,2.985725831902700e-07,1.489509368614767e-06,9.885465043213324e-07,4.844490636683714e-07,2.699890911636223e-07,9.056200234169864e-12,

