0.000000000000000000e+00 9.999999979388463078e-01
6.688963210702340845e-02 9.999999999291041552e-01
1.337792642140468169e-01 9.999999998438414694e-01
2.006688963210702115e-01 9.999999997398827389e-01
2.675585284280936338e-01 9.999999996117451273e-01
3.344481605351170561e-01 9.999999994524818581e-01
4.013377926421404229e-01 9.999999992533106230e-01
4.682274247491638453e-01 9.999999990031359642e-01
5.351170568561872676e-01 9.999999986879458680e-01
6.020066889632106344e-01 9.999999982900625861e-01
6.688963210702341122e-01 9.999999977872072732e-01
7.357859531772574790e-01 9.999999971513132691e-01
8.026755852842808459e-01 9.999999963470789233e-01
8.695652173913043237e-01 9.999999953301218492e-01
9.364548494983276905e-01 9.999999940447201752e-01
1.003344481605351168e+00 9.999999924209740376e-01
1.070234113712374535e+00 9.999999903712889493e-01
1.137123745819397902e+00 9.999999877860200614e-01
1.204013377926421269e+00 9.999999845280495014e-01
1.270903010033444858e+00 9.999999804260878422e-01
1.337792642140468224e+00 9.999999752663698560e-01
1.404682274247491591e+00 9.999999687823950545e-01
1.471571906354514958e+00 9.999999606422433907e-01
1.538461538461538325e+00 9.999999504329264433e-01
1.605351170568561692e+00 9.999999376410797503e-01
1.672240802675585281e+00 9.999999216291644011e-01
1.739130434782608647e+00 9.999999016061796864e-01
1.806020066889632014e+00 9.999998765915985022e-01
1.872909698996655381e+00 9.999998453710351454e-01
1.939799331103678748e+00 9.999998064417764398e-01
2.006688963210702337e+00 9.999997579458697050e-01
2.073578595317725703e+00 9.999996975880293126e-01
2.140468227424749070e+00 9.999996225349306878e-01
2.207357859531772437e+00 9.999995292917609468e-01
2.274247491638795804e+00 9.999994135509697735e-01
2.341137123745819171e+00 9.999992700070426954e-01
2.408026755852842538e+00 9.999990921297716717e-01
2.474916387959865904e+00 9.999988718868373372e-01
2.541806020066889715e+00 9.999985994045228477e-01
2.608695652173913082e+00 9.999982625529094671e-01
2.675585284280936449e+00 9.999978464388837862e-01
2.742474916387959816e+00 9.999973327867444084e-01
2.809364548494983183e+00 9.999966991816333639e-01
2.876254180602006549e+00 9.999959181457014346e-01
2.943143812709029916e+00 9.999949560103100765e-01
3.010033444816053283e+00 9.999937715395484927e-01
3.076923076923076650e+00 9.999923142505522389e-01
3.143812709030100017e+00 9.999905223642970853e-01
3.210702341137123383e+00 9.999883203059233283e-01
3.277591973244147194e+00 9.999856156561450771e-01
3.344481605351170561e+00 9.999822954336736736e-01
3.411371237458193928e+00 9.999782215625323545e-01
3.478260869565217295e+00 9.999732253461974807e-01
3.545150501672240662e+00 9.999671007317689764e-01
3.612040133779264028e+00 9.999595961001640498e-01
3.678929765886287395e+00 9.999504042608785559e-01
3.745819397993310762e+00 9.999391502599482839e-01
3.812709030100334129e+00 9.999253765248716785e-01
3.879598662207357496e+00 9.999085247667534038e-01
3.946488294314381307e+00 9.998879139345437927e-01
4.013377926421404673e+00 9.998627133636476261e-01
4.080267558528428040e+00 9.998319100761642320e-01
4.147157190635451407e+00 9.997942689655928694e-01
4.214046822742474774e+00 9.997482843269730468e-01
4.280936454849498141e+00 9.996921208645943580e-01
4.347826086956521507e+00 9.996235419121171084e-01
4.414715719063544874e+00 9.995398221210738399e-01
4.481605351170568241e+00 9.994376412977962199e-01
4.548494983277591608e+00 9.993129553782879038e-01
4.615384615384614975e+00 9.991608397057297752e-01
4.682274247491638342e+00 9.989752987948162799e-01
4.749163879598661708e+00 9.987490356083944532e-01
4.816053511705685075e+00 9.984731720134198962e-01
4.882943143812708442e+00 9.981369105061866920e-01
4.949832775919731809e+00 9.977271254906824316e-01
5.016722408026756064e+00 9.972278703622684537e-01
5.083612040133779431e+00 9.966197844212069112e-01
5.150501672240802797e+00 9.958793812879931373e-01
5.217391304347826164e+00 9.949781981519506546e-01
5.284280936454849531e+00 9.938817830947048737e-01
5.351170568561872898e+00 9.925484962801397470e-01
5.418060200668896265e+00 9.909281006025998373e-01
5.484949832775919631e+00 9.889601193591525119e-01
5.551839464882942998e+00 9.865719440187711298e-01
5.618729096989966365e+00 9.836766861415807695e-01
5.685618729096989732e+00 9.801707866391616841e-01
5.752508361204013099e+00 9.759314264361965696e-01
5.819397993311036466e+00 9.708138297206915235e-01
5.886287625418059832e+00 9.646486196867103402e-01
5.953177257525083199e+00 9.572394825448575784e-01
6.020066889632106566e+00 9.483615230698901888e-01
6.086956521739129933e+00 9.377608548994407212e-01
6.153846153846153300e+00 9.251561541230839403e-01
6.220735785953176666e+00 9.102430941444347168e-01
6.287625418060200033e+00 8.927027299514501690e-01
6.354515050167223400e+00 8.722149375844011621e-01
6.421404682274246767e+00 8.484778341098770937e-01
6.488294314381271022e+00 8.212335774012782252e-01
6.555183946488294389e+00 7.902999591425247106e-01
6.622073578595317755e+00 7.556057243600753370e-01
6.688963210702341122e+00 7.172257151192468205e-01
6.755852842809364489e+00 6.754101406591243029e-01
6.822742474916387856e+00 6.306011797989515832e-01
6.889632107023411223e+00 5.834304912834835655e-01
6.956521739130434590e+00 5.346935804854192620e-01
7.023411371237457956e+00 4.853012375202100381e-01
7.090301003344481323e+00 4.362134342765712769e-01
7.157190635451504690e+00 3.883654915855022094e-01
7.224080267558528057e+00 3.425983673373406146e-01
7.290969899665551424e+00 2.996037733079791598e-01
7.357859531772574790e+00 2.598909688071011637e-01
7.424749163879598157e+00 2.237769755066118249e-01
7.491638795986621524e+00 1.913973286372188942e-01
7.558528428093644891e+00 1.627315295374065496e-01
7.625418060200668258e+00 1.376364368471542921e-01
7.692307692307691624e+00 1.158815431960522613e-01
7.759197324414714991e+00 9.718170465744008224e-02
7.826086956521738358e+00 8.122472377977286995e-02
7.892976588628762613e+00 6.769276686520502018e-02
7.959866220735785980e+00 5.627771792148401897e-02
8.026755852842809347e+00 4.669122583943986771e-02
8.093645484949831825e+00 3.867048119753491164e-02
8.160535117056856080e+00 3.198078756518952376e-02
8.227424749163878559e+00 2.641587938057318730e-02
8.294314381270902814e+00 2.179676533063895638e-02
8.361204013377925293e+00 1.796969366364736462e-02
8.428093645484949548e+00 1.480367130722148351e-02
8.494983277591972026e+00 1.218783328263388713e-02
8.561872909698996281e+00 1.002885442541170090e-02
8.628762541806020536e+00 8.248518746875217744e-03
8.695652173913043015e+00 6.781507931584344374e-03
8.762541806020067270e+00 5.573434268717048987e-03
8.829431438127089748e+00 4.579120135788132366e-03
8.896321070234114003e+00 3.761112217270848063e-03
8.963210702341136482e+00 3.088411041926587310e-03
9.030100334448160737e+00 2.535393014453136539e-03
9.096989966555183216e+00 2.080901367052031149e-03
9.163879598662207471e+00 1.707483302796931500e-03
9.230769230769229949e+00 1.400752330188940326e-03
9.297658862876254204e+00 1.148856930007672835e-03
9.364548494983276683e+00 9.420389574244718116e-04
9.431438127090300938e+00 7.722673879685094077e-04
9.498327759197323417e+00 6.329350671935615302e-04
9.565217391304347672e+00 5.186079732794238823e-04
9.632107023411370150e+00 4.248181335289532862e-04
9.698996655518394405e+00 3.478927530025955348e-04
9.765886287625416884e+00 2.848133302148245314e-04
9.832775919732441139e+00 2.330995700020910581e-04
9.899665551839463618e+00 1.907137783564204832e-04
9.966555183946487873e+00 1.559821590843918034e-04
1.003344481605351213e+01 1.275300472334092348e-04
1.010033444816053461e+01 1.042286271486392735e-04
1.016722408026755886e+01 8.515110957786816705e-05
1.023411371237458134e+01 6.953669618524124384e-05
1.030100334448160559e+01 5.676095300236950922e-05
1.036789297658862807e+01 4.631145681967307662e-05
1.043478260869565233e+01 3.776777883062554735e-05
1.050167224080267481e+01 3.078503515953945514e-05
1.056856187290969906e+01 2.508037023509677199e-05
1.063545150501672154e+01 2.042185132718652113e-05
1.070234113712374580e+01 1.661934511174322749e-05
1.076923076923076827e+01 1.351702332659965914e-05
1.083612040133779253e+01 1.098720729687753441e-05
1.090301003344481501e+01 8.925312711952263200e-06
1.096989966555183926e+01 7.245698486354748990e-06
1.103678929765886174e+01 5.878258450906359087e-06
1.110367892976588600e+01 4.765623331345236852e-06
1.117056856187290848e+01 3.860864078676161084e-06
1.123745819397993273e+01 3.125607023742059673e-06
1.130434782608695521e+01 2.528487283455823735e-06
1.137123745819397946e+01 2.043879961253900746e-06
1.143812709030100372e+01 1.650859464452135879e-06
1.150501672240802620e+01 1.332346121574573630e-06
1.157190635451505045e+01 1.074406564938029829e-06
1.163879598662207293e+01 8.656803286779059105e-07
1.170568561872909719e+01 6.969100309314750526e-07
1.177257525083611966e+01 5.605565509165504403e-07
1.183946488294314392e+01 4.504839332366779668e-07
1.190635451505016640e+01 3.617014812095642513e-07
1.197324414715719065e+01 2.901527438136939273e-07
1.204013377926421313e+01 2.325429436614818816e-07
1.210702341137123739e+01 1.861979074828191735e-07
1.217391304347825987e+01 1.489488044991751468e-07
1.224080267558528412e+01 1.190380199157617959e-07
1.230769230769230660e+01 9.504233011634220303e-08
1.237458193979933085e+01 7.581023552620562032e-08
1.244147157190635333e+01 6.041087323792326983e-08
1.250836120401337759e+01 4.809239633753005496e-08
1.257525083612040007e+01 3.824808848067024776e-08
1.264214046822742432e+01 3.038879548956341688e-08
1.270903010033444680e+01 2.412051277103153435e-08
1.277591973244147106e+01 1.912617822042150368e-08
1.284280936454849353e+01 1.515089321824503361e-08
1.290969899665551779e+01 1.198993612070001580e-08
1.297658862876254204e+01 9.479048860717648402e-09
1.304347826086956452e+01 7.486572490016274629e-09
1.311036789297658878e+01 5.907085466836360896e-09
1.317725752508361126e+01 4.656262320337000208e-09
1.324414715719063551e+01 3.666722541735233508e-09
1.331103678929765799e+01 2.884682251732380387e-09
1.337792642140468224e+01 2.267256088602204187e-09
1.344481605351170472e+01 1.780285260182328639e-09
1.351170568561872898e+01 1.396590962704818532e-09
1.357859531772575146e+01 1.094571339629803639e-09
1.364548494983277571e+01 8.570756138614074035e-10
1.371237458193979819e+01 6.705016164307508018e-10
1.377926421404682245e+01 5.240731784002966272e-10
1.384615384615384492e+01 4.092621803237706754e-10
1.391304347826086918e+01 3.193268173714399628e-10
1.397993311036789166e+01 2.489431266969869112e-10
1.404682274247491591e+01 1.939112728982605430e-10
1.411371237458193839e+01 1.509216906364668721e-10
1.418060200668896265e+01 1.173690984810115366e-10
1.424749163879598512e+01 9.120475376833839874e-11
1.431438127090300938e+01 7.081921992209909898e-11
1.438127090301003363e+01 5.494945107735177353e-11
1.444816053511705611e+01 4.260523388332560964e-11
1.451505016722408037e+01 3.301101992214226303e-11
1.458193979933110285e+01 2.555998053823544658e-11
1.464882943143812710e+01 1.977775660551593031e-11
1.471571906354514958e+01 1.529388936134740986e-11
1.478260869565217384e+01 1.181932962591673349e-11
1.484949832775919631e+01 9.128751515084598038e-12
1.491638795986622057e+01 7.046659328218355189e-12
1.498327759197324305e+01 5.436485721938143250e-12
1.505016722408026730e+01 4.192046111800611797e-12
1.511705685618728978e+01 3.230846973514161458e-12
1.518394648829431404e+01 2.488851180624910675e-12
1.525083612040133652e+01 1.916387211504343621e-12
1.531772575250836077e+01 1.474955394961983352e-12
1.538461538461538325e+01 1.134736875673532705e-12
1.545150501672240750e+01 8.726524972744089348e-13
1.551839464882942998e+01 6.708515841838425387e-13
1.558528428093645424e+01 5.155364585415083167e-13
1.565217391304347672e+01 3.960488954528914747e-13
1.571906354515050097e+01 3.041607439891745623e-13
1.578595317725752523e+01 2.335235341446389530e-13
1.585284280936454770e+01 1.792417745818845012e-13
1.591973244147157196e+01 1.375423960462784282e-13
1.598662207357859444e+01 1.055188649676921926e-13
1.605351170568561869e+01 8.093324013498450049e-14
1.612040133779264295e+01 6.206315606074095420e-14
1.618729096989966365e+01 4.758361345847980854e-14
1.625418060200668791e+01 3.647571634860714545e-14
1.632107023411371216e+01 2.795625532479032044e-14
1.638795986622073642e+01 2.142340637698432106e-14
1.645484949832775712e+01 1.641487986480488377e-14
1.652173913043478137e+01 1.257568177034896814e-14
1.658862876254180563e+01 9.633291692064300370e-15
1.665551839464882988e+01 7.378560194803339045e-15
1.672240802675585059e+01 5.651014151231323065e-15
1.678929765886287484e+01 4.327557601048603707e-15
1.685618729096989910e+01 3.313786907306633545e-15
1.692307692307692335e+01 2.537317779744143995e-15
1.698996655518394405e+01 1.942659868947234278e-15
1.705685618729096831e+01 1.487281286615005493e-15
1.712374581939799256e+01 1.138587699358003941e-15
1.719063545150501682e+01 8.716041017207116792e-16
1.725752508361204107e+01 6.671962809586516325e-16
1.732441471571906177e+01 5.107066578457552500e-16
1.739130434782608603e+01 3.909081905614916248e-16
1.745819397993311028e+01 2.992023466230686733e-16
1.752508361204013454e+01 2.290043138798786373e-16
1.759197324414715524e+01 1.752718193993641703e-16
1.765886287625417950e+01 1.341440679212913428e-16
1.772575250836120375e+01 1.026651036781965062e-16
1.779264214046822801e+01 7.857188349837636534e-17
1.785953177257524871e+01 6.013194324550664884e-17
1.792642140468227296e+01 4.601906560786581364e-17
1.799331103678929722e+01 3.521806263829200019e-17
1.806020066889632147e+01 2.695186169524877650e-17
1.812709030100334218e+01 2.062567494059671023e-17
1.819397993311036643e+01 1.578425280669824782e-17
1.826086956521739069e+01 1.207915726814119320e-17
1.832775919732441494e+01 9.243707697255653662e-18
1.839464882943143564e+01 7.073801484463339890e-18
1.846153846153845990e+01 5.413232553276054169e-18
1.852842809364548415e+01 4.142453384080604407e-18
1.859531772575250841e+01 3.169973181778792810e-18
1.866220735785953266e+01 2.425774017425214218e-18
1.872909698996655337e+01 1.856271664997673103e-18
1.879598662207357762e+01 1.420458805721597936e-18
1.886287625418060188e+01 1.086953226730311571e-18
1.892976588628762613e+01 8.317386841852662369e-19
1.899665551839464683e+01 6.364358956288936628e-19
1.906354515050167109e+01 4.869792433630589898e-19
1.913043478260869534e+01 3.726039446263913164e-19
1.919732441471571960e+01 2.850707686352785526e-19
1.926421404682274030e+01 2.180724567593810475e-19
1.933110367892976456e+01 1.667790544037167566e-19
1.939799331103678881e+01 1.274893255572360442e-19
1.946488294314381307e+01 9.736300355730592710e-20
1.953177257525083377e+01 7.421437071878824703e-20
1.959866220735785802e+01 5.635195498530317371e-20
1.966555183946488228e+01 4.245227468217491444e-20
1.973244147157190653e+01 3.145775489734906227e-20
1.979933110367892724e+01 2.249030925122397778e-20
1.986622073578595149e+01 1.477269706348788087e-20
1.993311036789297575e+01 7.549655903817416399e-21
2.000000000000000000e+01 0.000000000000000000e+00
