1
0
63
1
(4 0
((0,0) (7,127) (0,0))
((0,256) (7,383) (0,0))
((0,128) (7,255) (0,0))
((0,384) (7,511) (0,0))
)
4
FabOnDisk: SD_0_New_MF_D_0003 0
FabOnDisk: SD_0_New_MF_D_0001 0
FabOnDisk: SD_0_New_MF_D_0002 0
FabOnDisk: SD_0_New_MF_D_0000 0

4,63
-3.236510744851552e-05,2.151727426421101e+00,1.580667545957381e-01,2.955099662776528e-22,1.174427342003377e-20,2.417866270829306e-16,7.213920897791506e-11,1.399969166310879e-07,1.629076457624470e-08,2.920482925976285e-11,2.895658363950687e-03,-2.731528890708855e-43,1.098203862570181e-26,8.588273330790374e-28,9.679966645168830e-13,-5.802453219185975e-13,3.831152062779512e-22,5.568608198349042e-11,2.888035860732046e-16,1.805680607836931e-27,6.050471953128037e-12,4.451520316370815e-09,2.860172091867574e-10,7.906073067080362e-33,3.427649848918367e-11,1.807181210412115e-24,-3.235130530255648e-11,-8.570026623412456e-13,-9.049437626728625e-12,1.271082004175276e-26,2.791048816908418e-12,9.382677197339099e-20,1.160111213811711e-22,-9.128845765584085e-14,-3.834323370649900e-14,-6.398390012155057e-13,-3.744559520834459e-13,-5.555532579853809e-13,-1.939591361917601e-14,-1.980940477965186e-11,-1.977338528549157e-13,-1.095249180250592e-13,-3.753830953264283e-12,4.442093538852337e-15,1.113925937032877e-16,3.023492709872907e-18,1.298132581316343e-15,4.202790348921601e-16,1.734621900916608e-14,4.026324955614313e-15,7.254823233459587e-15,-6.113528889218935e-14,-2.206105066953007e-11,-2.002496053935911e-13,-8.145382468692720e-09,-6.586738643924653e-11,-1.798942178151258e-12,-1.490356342346408e-11,1.133946539375423e-01,3.749433469069713e+03,0.000000000000000e+00,4.430001155997753e+02,1.012663648961743e+05,
-1.368146852465193e-07,5.621133423617880e+00,1.469415512031056e-01,7.212664752928144e-06,6.954411957121981e-05,5.064163789982825e-04,1.327224521160856e-07,6.115599966112725e-05,1.235469642696679e-02,1.461057293761111e-08,1.325383872731210e-03,8.201620844105266e-11,3.947317365285102e-10,3.445467661702968e-11,1.516920196000189e-09,3.806200110882691e-10,1.132044892073262e-09,2.362709708717054e-09,5.169988681243917e-12,1.769843034971949e-11,1.789849124183969e-11,3.782049544126414e-03,2.304959408818622e-02,1.286738836831841e-10,1.265278684825954e-08,1.664725430366203e-10,5.039920128574985e-09,1.362836715163903e-14,6.919440008038615e-16,4.203899371617652e-09,2.201923649232968e-09,8.468602514815024e-15,4.008563391953033e-12,7.807041058538270e-14,-5.465443334671689e-15,-1.997363159866173e-15,-4.396490020937877e-15,-2.637738734894254e-15,-6.270949697513818e-17,-1.119244055968198e-15,-2.356440000106600e-15,-2.030728356738783e-19,-1.197056237199242e-16,1.400222815677718e-13,3.898373670192202e-17,2.425000718463350e-18,9.358404456209152e-07,6.390490422577940e-06,2.494037497157053e-08,2.857021711821973e-08,1.763607885841188e-08,7.293095726611536e-13,-3.947599044438440e-16,-6.142332531400834e-16,-6.340617846594512e-15,-1.626779461343806e-14,-1.707097046948215e-14,-4.995235688096137e-15,1.053907778758524e-01,7.834040337731758e+03,0.000000000000000e+00,2.291321633461414e+03,1.013249333975917e+05,
-2.253996430965234e-03,5.372605737253652e+00,1.490873254822149e-01,1.047479915943711e-05,1.017916637416700e-04,5.946928961968137e-04,1.327371409834398e-07,7.178965042153927e-05,1.232138255557931e-02,2.234331936887232e-08,1.666999084241641e-03,1.380619460207678e-10,4.097714855022794e-10,5.061019036782583e-11,1.372002409446820e-09,1.950835126798271e-10,1.905008571593396e-09,2.831172079148992e-09,5.386927453137772e-12,2.628052555537399e-11,1.919826844754116e-11,4.292788835763645e-03,2.220126553865107e-02,1.294789710180442e-10,1.055797031445095e-08,3.020775293552152e-10,6.802616881864044e-09,1.587649169147559e-13,4.035067715020872e-15,2.934275504858760e-09,1.169148263011766e-09,2.264475724594568e-14,8.863891802237344e-12,7.415911450815331e-14,-2.905630949906473e-15,-4.719068532017309e-16,-1.948707664203893e-15,-3.600071763477679e-15,-2.767598593066371e-16,-6.395089476253145e-15,-2.353681980696139e-15,-2.038271158218108e-18,-3.863767089910961e-15,4.655055663908127e-14,8.395003394001710e-17,2.909520040455340e-18,1.561569986681359e-06,1.076449353652302e-05,1.760552032784202e-08,9.645230169882516e-08,6.092600024349082e-08,1.443194682328612e-12,-5.475375700022261e-16,-8.368876969752748e-16,-7.505015676842634e-14,-2.855888016700835e-14,-2.328541752917882e-14,-7.950333235359497e-15,1.069341721408374e-01,5.590547179311334e+03,0.000000000000000e+00,2.143877913699999e+03,1.010700430124728e+05,
-3.409026087065495e-08,5.690490772569293e+00,1.460944318893195e-01,6.121809903990844e-06,5.845569836346171e-05,4.697937212595642e-04,1.349724633486504e-07,5.710622469678947e-05,1.235245688552105e-02,1.212827665121984e-08,1.185769160648014e-03,5.152079945328790e-11,2.728545396974857e-10,2.306195633661337e-11,1.091215459463469e-09,2.987528890340485e-10,8.749616876833332e-10,1.634641973164775e-09,3.562040603643897e-12,1.178222201316612e-11,1.255056625138365e-11,3.573146342823370e-03,2.343870144879130e-02,8.789608081858062e-11,9.067098414454193e-09,1.008069721893673e-10,3.382521270490562e-09,6.977177320927871e-14,1.261769874199885e-15,3.007545495310933e-09,1.628755980691215e-09,4.147556426536375e-15,2.195285533600214e-12,4.936004617209595e-14,8.200870953304993e-14,1.588535971315026e-15,2.201053901792725e-15,2.247971432979209e-15,-3.045871328628400e-19,-1.378341626824958e-17,-3.946637284445943e-17,-3.236731415564004e-22,2.154229233904043e-17,7.871508195261123e-14,1.754341180695912e-17,1.204774926394640e-18,5.909143702032576e-07,4.019052659730800e-06,1.804387036762970e-08,1.343774816798110e-08,8.217321309681098e-09,4.276434633546760e-13,7.045260692278288e-16,-1.558354828775514e-17,-1.362685282374785e-15,-8.963599099193629e-17,-7.261930464924500e-21,-2.766804490985206e-17,1.047805992571783e-01,7.927345650325258e+03,0.000000000000000e+00,2.330897561261641e+03,1.013249752408624e+05,

4,63
3.118932657388030e-05,5.367785654191962e+00,8.373310051251897e-01,4.996296526810273e-05,4.365590402366117e-04,9.518843563374674e-04,1.155354226124527e-04,3.911184931964048e-04,1.296553139423766e-02,2.098937467766680e-05,1.827788501138937e-01,1.484018043799271e-06,6.481966751859817e-06,7.425096041125612e-07,2.355115197456630e-04,2.686600611407884e-04,1.996022771870912e-05,5.135103879327927e-04,1.435573154170726e-05,9.484396589808537e-07,6.818354600961378e-05,1.434992189623199e-02,2.219605038887034e-02,8.583838249105261e-07,6.438779228947253e-04,2.173010782106214e-05,4.521217073694320e-03,1.012670714334649e-04,4.654868524066499e-04,3.302112155431447e-05,1.120746890821354e-04,1.288270477397586e-07,3.099819874078088e-05,3.697641158418881e-05,1.262468028000697e-05,5.852765144886439e-05,3.111218616701481e-05,4.007642338636898e-05,3.086608481020473e-06,6.397612861617306e-04,1.114422447946504e-05,4.229090528430096e-06,1.145668234782339e-04,1.941555119214655e-05,6.950992666259814e-07,1.689132736217169e-08,2.500525795823788e-06,1.765712525705754e-05,2.929775923854555e-05,1.281867790938189e-05,1.653677068114542e-05,1.673432441286160e-06,4.380853138783809e-04,1.077669819960428e-05,5.259443763030884e-02,1.604261955651680e-03,1.381997286748066e-04,4.420059154576487e-04,6.019575555827843e-01,7.437311181518582e+04,0.000000000000000e+00,2.141052996256878e+03,1.013703962202265e+05,
1.434105650929070e-07,5.690157983733983e+00,1.490598752408817e-01,1.042957212512928e-05,1.013514332760631e-04,5.936314574926033e-04,1.349526381125187e-07,7.165537045403562e-05,1.235682716981924e-02,2.223258983438218e-08,1.662760392581190e-03,1.375053710332487e-10,5.345572467551559e-10,5.048361498656138e-11,1.905843273696328e-09,4.066481167716229e-10,1.894082878377454e-09,3.233139189976541e-09,7.017669461744100e-12,2.621357663686711e-11,2.357044322740166e-11,4.286551374775235e-03,2.343673753122587e-02,1.766436912379733e-10,1.585300273720034e-08,3.006434536653742e-10,7.242034980267153e-09,2.983605836747099e-13,5.414408891458540e-15,5.185704679324358e-09,2.502594268462636e-09,2.746187558689170e-14,8.802895390827684e-12,3.343912272262658e-13,2.353108475779439e-12,1.703801482710183e-13,4.608347834469063e-13,4.480042398912851e-13,4.281639894307875e-15,2.236055897843083e-13,4.525757174994034e-13,1.179830515347656e-17,1.093529956964051e-14,1.800535595705127e-13,8.350129937931145e-17,4.173243349692984e-18,1.555042079695313e-06,1.071827638815982e-05,3.021437743004142e-08,9.523064687734409e-08,6.013717309784000e-08,1.434362309763262e-12,1.026118290622800e-13,3.730128807640324e-14,3.616211534404880e-12,4.687678351429067e-12,3.091935011102907e-12,1.279339059815352e-12,1.069144170417913e-01,7.930735013046283e+03,0.000000000000000e+00,2.330708461128663e+03,1.013249818383120e+05,
2.666778433404580e-03,5.620277732838844e+00,1.578808109710556e-01,2.881096564527586e-05,2.672107948673117e-04,8.536064991615635e-04,1.920570532204702e-07,1.110395260373591e-04,1.238905389483644e-02,7.260945488067134e-08,2.873343895219006e-03,1.961279010388099e-10,5.647733011485913e-10,5.855310625443713e-11,1.937159087036601e-09,3.971544760788108e-10,6.945098197323549e-09,3.489343152959723e-09,7.403633178221514e-12,3.085272682168121e-11,2.460315853373479e-11,5.939700328528644e-03,2.304508671940527e-02,1.866453793587027e-10,1.604265461811638e-08,5.185599056767472e-10,8.089309893483208e-09,1.168667572771627e-12,2.045169639668127e-14,5.204742637015653e-09,2.488628072507057e-09,1.847545768133384e-13,2.227072169858228e-11,2.335193450982672e-12,1.536077313751246e-12,1.680593165618992e-13,5.096549769098531e-13,9.028085264346938e-13,1.509394704552083e-14,4.907635849019826e-13,4.971180819086404e-13,1.450561002931519e-17,1.234214210770991e-14,1.790177235192467e-13,1.175847594259001e-16,4.549574369565687e-18,2.500390370391471e-06,1.765408643900872e-05,3.028192343386755e-08,1.613695808779128e-06,1.097578354225905e-06,3.688878541174290e-12,1.441865266254981e-13,1.317426330087668e-13,3.536248993216646e-12,4.859181197335798e-12,3.686024730887089e-12,1.340562148690802e-12,1.132612627232853e-01,7.831627177569504e+03,0.000000000000000e+00,2.290821602296198e+03,1.016113677303716e+05,
3.705160497917806e-08,5.720162415821385e+00,1.469315620188006e-01,7.198992641327280e-06,6.940655273194155e-05,5.059854739735633e-04,1.366513780208289e-07,6.110681392576058e-05,1.235467578206327e-02,1.457923420652930e-08,1.323752201282229e-03,8.169432015592794e-11,3.936174221633937e-10,3.434426276166572e-11,1.513276384497097e-09,3.800808072370940e-10,1.128862482664280e-09,2.355989972337828e-09,5.155157033879632e-12,1.764043534075726e-11,1.785066864939117e-11,3.779597065131741e-03,2.360616284430495e-02,1.282983207757816e-10,1.262256376035385e-08,1.657815349676882e-10,5.025771083831465e-09,1.276585282284053e-13,2.305839241978234e-15,4.193915359301291e-09,2.197581637795201e-09,8.752794856305887e-15,3.987362018305393e-12,1.055013797988012e-13,2.241453839053052e-13,6.071128086197042e-15,1.957537133504563e-14,2.566187344756322e-14,1.317720344181565e-17,7.208375067785609e-16,5.518333018913920e-15,1.198103699618623e-20,2.222801562682522e-16,1.394903396315790e-13,3.873520963681838e-17,2.412268456076909e-18,9.322273134335527e-07,6.365522357561617e-06,2.488341162141558e-08,2.836214225476637e-08,1.750570418551348e-08,7.259221564079635e-13,1.602548551498032e-15,2.168191294077912e-15,1.169977983254238e-14,4.025117673432554e-13,2.770134388872320e-13,1.090159110166429e-13,1.053835892440441e-01,7.963769497961827e+03,0.000000000000000e+00,2.346807167803805e+03,1.013249956166359e+05,

