1
0
63
1
(4 0
((0,0) (7,127) (0,0))
((0,256) (7,383) (0,0))
((0,128) (7,255) (0,0))
((0,384) (7,511) (0,0))
)
4
FabOnDisk: SD_0_Old_MF_D_0003 0
FabOnDisk: SD_0_Old_MF_D_0001 0
FabOnDisk: SD_0_Old_MF_D_0002 0
FabOnDisk: SD_0_Old_MF_D_0000 0

4,63
-2.961785467076620e-05,2.140754604386371e+00,1.580370589443527e-01,0.000000000000000e+00,1.435277944670920e-20,2.760412260982624e-16,8.332147450997989e-11,1.493070112355312e-07,1.856695799700716e-08,3.375420141855377e-11,2.892875781009357e-03,0.000000000000000e+00,1.438992938494456e-26,1.124043183561567e-27,1.108355678557497e-12,0.000000000000000e+00,4.740743830582504e-22,6.586605343518333e-11,3.513318424344779e-16,2.448098168076598e-27,7.172392335123473e-12,5.142210064852850e-09,3.389802770804353e-10,1.064852261823138e-32,4.036825035665416e-11,2.591807971254028e-24,0.000000000000000e+00,0.000000000000000e+00,0.000000000000000e+00,1.758308930680238e-26,3.361110418902461e-12,1.159266365378170e-19,1.620767201388287e-22,0.000000000000000e+00,0.000000000000000e+00,0.000000000000000e+00,0.000000000000000e+00,0.000000000000000e+00,0.000000000000000e+00,0.000000000000000e+00,0.000000000000000e+00,0.000000000000000e+00,0.000000000000000e+00,5.563203639893171e-15,1.103477831441696e-16,2.996923583531297e-18,1.628139486315411e-15,5.271904125470789e-16,2.176682380418308e-14,5.053082461747027e-15,9.104883595304911e-15,0.000000000000000e+00,0.000000000000000e+00,0.000000000000000e+00,0.000000000000000e+00,0.000000000000000e+00,0.000000000000000e+00,0.000000000000000e+00,1.133737070645634e-01,3.734600084908498e+03,0.000000000000000e+00,4.430001281606053e+02,1.012677751472994e+05,
-1.623715907349889e-07,5.615628344942348e+00,1.469405491299089e-01,7.211333276201534e-06,6.953059221105302e-05,5.063742064795421e-04,1.327221730257760e-07,6.115129155934065e-05,1.235469664391689e-02,1.460748806709950e-08,1.325219053643053e-03,8.197639712935620e-11,3.945823443459102e-10,3.444030991630571e-11,1.516405246298652e-09,3.805308864998754e-10,1.131717704968210e-09,2.361830976518302e-09,5.168009477323573e-12,1.769095995819846e-11,1.789200198560307e-11,3.781804310503726e-03,2.305011191281493e-02,1.286196996616177e-10,1.264811891357551e-08,1.664029403743126e-10,5.038836853886287e-09,2.248585112589009e-14,8.449216760670257e-16,4.202403306965563e-09,2.201239604046211e-09,8.534362546827761e-15,4.006214882866979e-12,7.887111677378682e-14,1.280224725574252e-13,0.000000000000000e+00,0.000000000000000e+00,0.000000000000000e+00,0.000000000000000e+00,0.000000000000000e+00,0.000000000000000e+00,0.000000000000000e+00,0.000000000000000e+00,1.399411027295775e-13,3.895127339701409e-17,2.423255720422768e-18,9.353875385575822e-07,6.387368464188029e-06,2.493217578999179e-08,2.854674080253745e-08,1.762139509741724e-08,7.288831711137328e-13,0.000000000000000e+00,0.000000000000000e+00,0.000000000000000e+00,0.000000000000000e+00,0.000000000000000e+00,0.000000000000000e+00,1.053900583281302e-01,7.834327180181554e+03,0.000000000000000e+00,2.291381791526190e+03,1.013249438615183e+05,
-1.539780468888019e-03,5.359900151954204e+00,1.490839685882990e-01,1.046937821645304e-05,1.017384809012685e-04,5.945654069675349e-04,1.327362004566066e-07,7.177380011429180e-05,1.224569433723859e-02,2.232994905486853e-08,1.666479194190848e-03,1.379833323120912e-10,4.105373169797902e-10,5.059053486727839e-11,1.374352861722254e-09,1.955040357007211e-10,1.903672720991532e-09,2.834962640083430e-09,5.397238697031272e-12,2.627096817485388e-11,1.922476318340891e-11,4.292034316667969e-03,2.219888578588100e-02,1.297535998024124e-10,1.057882470299918e-08,3.018874182649481e-10,6.811104237436222e-09,1.910899004100522e-13,3.183160559397405e-15,2.941678028078080e-09,1.172124397350812e-09,2.564278770408327e-14,8.856049357166537e-12,1.272638399635218e-13,3.460531343385054e-14,0.000000000000000e+00,0.000000000000000e+00,0.000000000000000e+00,0.000000000000000e+00,0.000000000000000e+00,0.000000000000000e+00,0.000000000000000e+00,0.000000000000000e+00,4.648128035811959e-14,8.387799375033815e-17,2.904576822436245e-18,1.560618356823515e-06,1.075778627506802e-05,1.764639040847583e-08,9.629419618672157e-08,6.082403357869099e-08,1.439151031174259e-12,0.000000000000000e+00,0.000000000000000e+00,0.000000000000000e+00,0.000000000000000e+00,0.000000000000000e+00,0.000000000000000e+00,1.069317612821492e-01,5.610441725316042e+03,0.000000000000000e+00,2.144284781909817e+03,1.004191315028584e+05,
-4.128703166411201e-08,5.684931107468737e+00,1.460939916835980e-01,6.121147201415373e-06,5.844911479532823e-05,4.697703508711876e-04,1.349740967436378e-07,5.710353473078413e-05,1.235244607144430e-02,1.212684679503925e-08,1.185682484749066e-03,5.149707098818957e-11,2.727461672028125e-10,2.305231128278052e-11,1.090810563138080e-09,2.986587174007456e-10,8.747964089252748e-10,1.633997975096322e-09,3.560613071093471e-12,1.177725352475080e-11,1.254572941636026e-11,3.572991129459919e-03,2.343889239588677e-02,8.786044668762066e-11,9.063724458673624e-09,1.007586197370739e-10,3.381120274777290e-09,6.973353846507701e-14,1.261073200110718e-15,3.006417872471922e-09,1.628180175563747e-09,4.144891472682570e-15,2.194087480408493e-12,4.932858916999672e-14,8.196705512271323e-14,1.587450378832461e-15,3.190088416766856e-15,2.803280801901335e-15,0.000000000000000e+00,0.000000000000000e+00,0.000000000000000e+00,0.000000000000000e+00,2.152698613273043e-17,7.866248574810361e-14,1.752920876046935e-17,1.203875485838327e-18,5.906491300500372e-07,4.017239043489232e-06,1.803731787356365e-08,1.342926457144200e-08,8.212088382416765e-09,4.274306363487777e-13,7.041474412474130e-16,0.000000000000000e+00,0.000000000000000e+00,0.000000000000000e+00,0.000000000000000e+00,0.000000000000000e+00,1.047802861215461e-01,7.927244987145364e+03,0.000000000000000e+00,2.330916089974355e+03,1.013249779034796e+05,

4,63
2.945126430740840e-05,5.355110380835230e+00,8.373308520580445e-01,4.990634030873854e-05,4.370558734272119e-04,9.523790185447629e-04,1.153795332419296e-04,3.901489461834273e-04,1.296293130212883e-02,2.098818931771619e-05,1.827788134568230e-01,1.459259684436789e-06,6.569625162560945e-06,7.332176583794933e-07,2.349471919205833e-04,2.693839098626153e-04,1.984286013569741e-05,5.140114663866015e-04,1.448965588894134e-05,9.603586487445581e-07,6.808321989593159e-05,1.435612925933018e-02,2.219357691120342e-02,8.681592382693820e-07,6.470082708998300e-04,2.166636329562407e-05,4.566527531052088e-03,9.997384662607950e-05,4.693241015481043e-04,3.257856950491430e-05,1.125936819690838e-04,1.299730330742849e-07,3.157027512163160e-05,3.740366402560920e-05,1.258709558225848e-05,5.888407089441175e-05,3.142933400337474e-05,4.049079130228264e-05,3.093281118479708e-06,6.473760203569729e-04,9.934217693576395e-06,4.377087495506009e-06,1.140722508549556e-04,1.931566291268989e-05,7.009610410158749e-07,1.702044167276546e-08,2.500126901481223e-06,1.765390503384644e-05,2.979508365273392e-05,1.283280204837800e-05,1.653907607728604e-05,1.697404139541249e-06,4.397844562765422e-04,9.863868865979886e-06,5.259442793368045e-02,1.628631883792872e-03,1.409393019324898e-04,4.469163952590678e-04,6.019574364088799e-01,7.446350619829621e+04,0.000000000000000e+00,2.141467360652829e+03,1.013703117746366e+05,
1.562314039823741e-07,5.684598658454704e+00,1.490565528210052e-01,1.042422385266835e-05,1.012989467136023e-04,5.935052218763251e-04,1.349543056008765e-07,7.163969129377144e-05,1.235684171751320e-02,2.221941004762587e-08,1.662246145868039e-03,1.374226782179071e-10,5.343937503724473e-10,5.046237831253791e-11,1.905447591859034e-09,4.065968782268781e-10,1.892747230822098e-09,3.232035913274390e-09,7.015534015002398e-12,2.620223629015310e-11,2.356380035690423e-11,4.285804536781596e-03,2.343693104809683e-02,1.765864037970068e-10,1.584964933405263e-08,3.004318317649608e-10,7.239267637044052e-09,2.975944559899967e-13,5.423427473671865e-15,5.184830223922767e-09,2.502331338401220e-09,2.727515181931730e-14,8.794397923064838e-12,3.307934907552954e-13,4.781704097153760e-12,3.498418889486458e-13,7.782808513678536e-13,5.106374629937492e-13,1.733014181195557e-14,4.727261481416907e-13,8.073121891147650e-13,4.683335616591202e-17,2.831138145597801e-14,1.800185509882386e-13,8.343071592141484e-17,4.170999681266256e-18,1.554096317616470e-06,1.071161239664321e-05,3.020981624964102e-08,9.507570235264806e-08,6.003728293443729e-08,1.433160739250699e-12,1.271461271233244e-13,4.143136077626621e-14,3.746179388695893e-12,5.240499877429693e-12,5.427108057420692e-12,1.426975001291007e-12,1.069120309293181e-01,7.930752917401995e+03,0.000000000000000e+00,2.330727322208616e+03,1.013249860208493e+05,
3.355458974941895e-03,5.614773844588691e+00,1.578516996513869e-01,2.875235853883127e-05,2.667199267369427e-04,8.531858977372707e-04,1.917548974596813e-07,1.109535288060798e-04,1.246193761581739e-02,7.243812027893703e-08,2.870540363959320e-03,1.961206093751212e-10,5.671338550791918e-10,5.854535185894530e-11,1.936719665792087e-09,3.972297234623598e-10,6.926634554891113e-09,3.505679496598584e-09,7.456876227352552e-12,3.084895528026977e-11,2.491957435834277e-11,5.935614498720405e-03,2.304560945674374e-02,1.873384407842044e-10,1.604079927704577e-08,5.185296301168579e-10,8.088242496374827e-09,1.166411631133236e-12,2.041181384179487e-14,5.204190169151010e-09,2.488814370066802e-09,1.842906842517524e-13,2.226189937727202e-11,2.328260301842879e-12,1.224320771774942e-12,1.016406651190806e-13,3.709806240789277e-13,7.032507477909717e-13,3.725250721302885e-15,1.906819701371361e-13,3.202546252590824e-13,1.556624976295189e-17,1.266018276584982e-14,1.790070100447439e-13,1.175497889057493e-16,4.616090300601900e-18,2.499912211138263e-06,1.765024855220322e-05,3.027866533284752e-08,1.603735916772085e-06,1.090629156304878e-06,3.684868378056164e-12,1.556170448570099e-13,8.775863314530655e-14,4.547328082075151e-12,7.245016543438386e-12,3.551064624182621e-12,1.988299362724591e-12,1.132406535413524e-01,7.831927313661198e+03,0.000000000000000e+00,2.290882476389493e+03,1.022122278385324e+05,
4.207599542450784e-08,5.714593915478162e+00,1.469305816294608e-01,7.197685343836621e-06,6.939327066617692e-05,5.059440167002684e-04,1.366519565738649e-07,6.110218570044820e-05,1.235467610846887e-02,1.457620718184116e-08,1.323590146806035e-03,8.165383526783057e-11,3.934638458662269e-10,3.432962450502687e-11,1.512766007316764e-09,3.799889694687617e-10,1.128536639324895e-09,2.355085762366470e-09,5.153183463618112e-12,1.763295265865433e-11,1.784416693684342e-11,3.779355691619124e-03,2.360632389214886e-02,1.282461311535457e-10,1.261806774572963e-08,1.656936408340646e-10,5.023653825744224e-09,1.276998177562086e-13,2.307092518970575e-15,4.192419460765859e-09,2.196887544776033e-09,8.712139113033224e-15,3.984809126763802e-12,1.036143274697545e-13,1.963285129393480e-13,5.360284512905533e-15,1.146048841801149e-14,1.394483587030682e-14,6.383726742135956e-18,2.303246493685582e-16,2.040651315250473e-16,3.439726891421318e-21,1.311038202083218e-16,1.394082463584370e-13,3.870277168334349e-17,2.410515082412685e-18,9.317773502988987e-07,6.362421244265191e-06,2.487519934879492e-08,2.833903571615808e-08,1.749125486604138e-08,7.255134714130357e-13,1.621707372255674e-15,8.157532692223873e-17,1.287333406911987e-14,1.295702421412382e-13,1.259665992994733e-13,3.410747127146447e-14,1.053828851057301e-01,7.963528839234951e+03,0.000000000000000e+00,2.346816397283490e+03,1.013249995077815e+05,

