1
0
56
1
(4 0
((0,0) (7,127) (0,0))
((0,256) (7,383) (0,0))
((0,128) (7,255) (0,0))
((0,384) (7,511) (0,0))
)
4
FabOnDisk: SD_5_Old_MF_D_0003 0
FabOnDisk: SD_5_Old_MF_D_0001 0
FabOnDisk: SD_5_Old_MF_D_0002 0
FabOnDisk: SD_5_Old_MF_D_0000 0

4,56
-7.425381015994077e+00,-1.690392651236674e+01,-2.763513176133750e+01,-5.588174833221407e+00,-7.731781737910783e+00,-8.177041893309735e+00,-1.054945671960511e+00,-6.238941646677679e+02,-2.704869074397991e-01,-6.788061884047127e-01,-7.818159011448944e-02,-1.325623617385387e+01,-1.251995951598814e+01,-1.254642904840056e+00,-9.471314097762942e+00,-4.234013257736899e-01,-6.639125064777791e-02,-2.686211756470941e+00,-1.302802656795963e+02,9.652787466910007e-18,-8.352479780920077e-02,-4.740172624878402e+01,-1.713266131868397e+00,-2.031013494832069e+02,-7.308195886830830e+00,-2.383193029225918e+01,-3.901019357563770e+00,-2.886854494173913e+00,-8.077584232268578e-03,-1.808884091090673e+00,-1.529288646919827e+00,-8.983295394534623e-01,-3.769500780420078e+00,-2.178076532056405e+00,-2.893964874567199e+00,-1.969232318361095e-01,-3.193510740996393e+01,-5.926094496728763e-01,-2.893482255804325e-01,-8.281394888655129e+00,-1.002204876877454e+00,-1.647756891913918e-02,-6.426966744689724e-04,-8.084591634729731e-02,-1.465288783068606e-01,-2.028077189818603e+00,-7.115517610471758e-02,-3.763445166365489e-01,-1.201020126627612e-01,-2.243389625032511e+01,-4.379430412830431e-01,-6.008959052653699e+02,-8.901047168416362e+01,-9.243641112282679e+00,-2.449557506040900e+01,-2.253273123642430e-10,
-1.225003754775310e-02,-9.172874849004421e-02,-2.015158372694455e-01,3.164489998190999e-06,-2.876671933608961e-02,1.838512357938846e-01,-2.256609727565459e-05,-8.148703771425816e-01,-1.116714282366188e-07,-2.332791204522171e-07,-2.970896875634247e-08,-7.602185362344842e-07,-9.185835747080644e-08,-2.225668397132974e-06,-1.481852814809134e-06,-3.113532692720549e-09,-1.617128081985085e-08,-1.013716492100517e-08,-1.127220839583770e+00,7.726589353908098e-01,-8.612208158480920e-08,-6.442801854809015e-06,-3.040543649390971e-07,-6.069453604004570e-06,-6.363773077143042e-08,-8.065894093337610e-10,-2.059457522563905e-06,-8.438271987071561e-07,-1.372741002740726e-09,-1.263994582785728e-08,-5.261072584625758e-08,-3.008494740481358e-07,-4.120120084261804e-08,-1.448774355178328e-07,-1.743410646202762e-07,-5.049801646155046e-09,-1.860393802203314e-07,-6.590077106104297e-07,-9.246727261464687e-12,-1.159837539189783e-08,-1.004221867139951e-10,-8.132910922546003e-14,-2.734564570585515e-15,-1.195834899255037e-03,-8.495179973786142e-03,-1.061673671206392e-05,-2.467125138355607e-04,-1.595362830013477e-04,-2.144015498621337e-09,-1.788121007586366e-08,-2.351234348333333e-07,-6.282180135386101e-07,-1.162996147394349e-06,-1.193904066800274e-06,-3.071157641594840e-07,-1.151445605529489e-11,
-1.913826464243289e-01,-8.447018803697978e-01,-2.204333734579884e+00,-1.540762940868353e-03,-2.963074046430675e-01,-9.314199865699031e-01,-3.382869590173492e-04,-3.848426700066994e+00,-2.118582274269084e-06,-2.190362880071902e-06,-4.481035933220607e-07,-5.142084479719086e-06,6.107526449987632e-08,-3.317601082690874e-05,-1.741711180543103e-05,-2.910033698083936e-08,-1.565049236203561e-07,-8.242655363320172e-08,-4.388099115257896e+00,1.818669227557156e+00,-1.574100477692666e-06,-4.969982043524485e-05,-2.787824400422333e-06,-3.469324274091166e-05,-6.346225015281641e-07,-2.514067410612638e-09,-1.253757823903178e-05,-4.452465781211174e-06,-2.923114801252010e-09,-1.001233862083917e-07,-9.804945415804936e-08,-1.231031979508896e-06,-9.486679084917924e-07,-1.536840174618291e-06,-3.618651824290547e-06,-1.672864600663129e-07,-3.755939391515371e-06,-8.220581038440518e-07,-9.625647463852814e-10,-2.323240523112513e-06,-2.873377821678538e-10,-1.137620829300943e-12,-3.792367645949052e-14,-4.318612089073788e-03,-1.230618661792281e-02,-1.046991304809588e-04,-1.396744379070682e-02,-9.742095688115958e-03,-1.950115872185045e-07,-2.837996738390358e-06,-3.159982907406174e-07,-2.977611875220379e-05,-1.666613503222045e-05,-1.112813501942599e-05,-4.659474557569130e-06,-2.619060524011729e-11,
-4.080659787794962e-03,-2.995575383029285e-02,-8.829897074010336e-02,1.732130854821194e-07,-1.099669337355263e-02,1.035776091013292e-01,-6.674431747998877e-06,-3.354282415892659e-01,-8.982082979555902e-08,-3.083462397760944e-07,-2.632316314888943e-08,-1.138557901401090e-06,-2.641230802680066e-07,-6.720513059198298e-07,-1.375623141818360e-06,-2.940573592166343e-09,-1.153841559467305e-08,-1.049220028197586e-08,-4.766218455658325e-01,2.609287156916752e-01,-8.220301098355279e-08,-8.299356255666189e-06,-1.456325465817284e-07,-3.460098597287804e-06,-6.021630012974260e-10,-6.810212891099408e-12,-3.766017844891875e-06,-1.238530321555437e-06,-2.022941344910627e-11,-4.462676723520071e-09,-6.273044103231641e-10,-1.050151123759536e-09,-5.737906120848902e-11,-2.379317725942641e-10,-5.868641469542181e-10,-3.845486172880141e-12,-1.175716505710728e-10,-9.468422238118960e-10,-5.018409884704204e-15,-3.661869794247449e-12,-1.021621575219744e-10,-4.976324040302206e-14,-2.495917862094663e-15,-7.190156697580267e-04,-4.974070798614854e-03,-1.277827610321645e-05,-4.338987775995730e-05,-2.721116793255075e-05,-7.646008561807668e-10,-4.340232685517393e-09,-3.557466511095666e-10,-1.680958760857082e-07,-6.109413353704075e-08,-5.033454983024259e-09,-1.720987789118438e-08,-1.171998609272862e-11,

4,56
5.522619034225251e+00,2.785828755184632e+01,4.212793458556460e+01,7.297278546212337e+00,1.309183993676965e+01,3.074069994550097e+02,5.897856265423082e-01,-5.679807665859293e-11,5.548244041806734e-01,1.352610003433072e+00,1.464065633452657e-01,2.422156030991451e+01,1.539384201152537e+01,1.612932457583083e+00,1.547178723769540e+01,3.398258160771710e-01,1.180486024709177e-01,2.744825110809040e+00,4.604879088306334e+02,2.794977878309481e+02,1.895923778582053e-01,5.950707921777126e+01,3.608191011536744e+00,3.071872201431864e+02,1.367091967432809e+01,2.670790984595951e+01,8.103132754346788e+00,3.341933744216095e+00,1.396111483618059e-02,3.536744661363038e+00,2.380974314794721e+00,1.164013393288942e+00,3.832363313805425e+00,2.428020065650463e+00,3.644663558220889e+00,2.039787416040297e-01,3.509069555259787e+01,1.041614211845081e+00,6.798207963350472e-01,8.043030777406281e+00,1.507615128340571e+00,4.507243967527909e-02,1.112644238430446e-03,7.339764262945528e-02,3.668451668708527e-01,2.282753864974556e+00,4.790391213471328e-01,6.830382246201205e-01,1.908852240205360e-01,1.697527071385880e+01,8.863961177298074e-01,1.807360068699674e+00,8.626930916397238e+01,1.479677075366248e+01,2.408780986839798e+01,1.764419721439481e-10,
-3.689135554248206e-03,-3.016953300161411e-02,-8.880189435988479e-02,7.540773318015352e-06,-1.106766018683528e-02,4.819183243869806e-01,-6.723747742479399e-06,-3.374637898855017e-01,-6.588895287928038e-08,-1.228392233582267e-07,-2.105198499901603e-08,-1.171094413757542e-07,1.432333623044919e-07,-6.763807355910436e-07,-8.958378235639345e-07,-1.544818135426155e-09,-1.042448244504136e-08,-4.110846548262794e-09,-4.795047840086694e-01,1.804557129796570e+00,-4.316026108775427e-08,-9.020077961523051e-07,-1.441436002034264e-07,-2.347380218867059e-06,3.173583389799546e-08,2.777825877871469e-10,1.523041521022184e-07,5.707854326713641e-07,1.226083947287141e-09,-4.451991231080465e-09,3.378342587898637e-08,1.441881716466956e-06,1.144200597240168e-07,2.541979321639626e-07,2.799283453844999e-07,6.344642728936093e-09,1.978711607563594e-07,6.483779319192424e-07,1.747686191955732e-11,9.539736062433452e-09,5.549852069982601e-11,-4.980137757887121e-14,-1.827654258019953e-15,-7.218337345960236e-04,-4.994201107218552e-03,5.412154309432130e-07,-4.384407680201581e-05,-2.750088471767655e-05,1.216001047597410e-09,6.654481401365828e-08,1.704743579791985e-07,1.731756298102368e-06,2.687247535399079e-06,1.922181097556664e-06,7.327050317403104e-07,1.085692646896064e-11,
1.278653472684341e-01,4.763755598948667e-01,1.651564489198798e+00,1.507187643454303e-03,1.989556824146579e-01,2.886000333605848e+00,3.880586282634272e-04,-8.216345860804146e-01,1.944640391587811e-06,2.438854636758123e-06,4.519388825431522e-07,1.155753457979850e-05,1.022613803911352e-06,3.252873737326011e-05,1.814980176525952e-05,3.235569996407213e-08,1.491469156411428e-07,1.445068108020130e-07,-1.136104833768733e+00,6.946295794990592e+00,1.652415495885349e-06,6.422227934427808e-05,1.876287572615014e-06,4.885931325778426e-05,5.438728616986988e-07,2.554468632550699e-09,1.794466755100050e-05,9.517062434687847e-06,3.080937576185888e-09,9.482117642059996e-08,1.005307568021940e-07,2.456326858205323e-06,7.683922269521017e-07,9.277700337672109e-07,1.300054479524933e-06,8.020089975200289e-08,1.832007065808916e-06,5.125665581867054e-07,5.012370226843482e-10,1.175263497258988e-06,3.523098713002297e-10,1.485319833479888e-12,4.382901448137899e-14,9.612574726188226e-04,6.582232954582689e-03,1.403524866927879e-04,1.896642377092896e-03,1.687319368212625e-03,8.773641468484615e-08,1.569179417117809e-06,1.698272831457476e-07,1.581508187628422e-05,7.157443028484738e-06,9.045956237357826e-06,2.077141900455356e-06,3.313971319585107e-11,
-1.904796818126767e-03,-1.157574725902896e-02,-3.202839671710034e-02,6.389838855103066e-06,-5.933432455523447e-03,1.827042247478850e-01,-1.722136936645557e-06,-1.547185960496772e-01,-4.204292533909030e-08,-1.814895025459231e-07,-1.639466457005538e-08,-6.563105468028570e-07,-9.038558286127694e-08,-1.915896806673478e-07,-1.085381837094823e-06,-2.391055940315670e-09,-8.443322099294527e-09,-8.160986792144742e-09,-1.585042341491053e-01,7.680505241217738e-01,-6.004902478147365e-08,-5.560524640055193e-06,-8.519231026656196e-08,-2.415706066780491e-06,9.639932769196442e-09,9.315163303158662e-11,-1.852232655785672e-06,-8.052869523892824e-07,-4.492425774013808e-12,-2.137251223299359e-09,1.889111909004326e-10,3.201484292849575e-09,7.764291925907288e-10,2.677849663042056e-09,2.390581371212905e-09,1.016007152431101e-10,5.161846789995233e-09,2.207400330477123e-08,1.376797328682673e-13,3.480211652848144e-11,-9.239365584134391e-11,-2.250754266605836e-14,-1.509600719120803e-15,-4.524764090835559e-04,-3.083695688150682e-03,-1.064057770695577e-05,-1.177099067089841e-05,-7.224243680704224e-06,-3.283072082851967e-10,1.555870488241583e-10,8.997417187488117e-09,6.105209249904679e-09,3.549575572255119e-08,2.771793868117500e-08,9.597266636003195e-09,1.071141786379570e-11,

