1
0
56
1
(4 0
((0,0) (7,127) (0,0))
((0,256) (7,383) (0,0))
((0,128) (7,255) (0,0))
((0,384) (7,511) (0,0))
)
4
FabOnDisk: SD_5_New_MF_D_0003 0
FabOnDisk: SD_5_New_MF_D_0001 0
FabOnDisk: SD_5_New_MF_D_0002 0
FabOnDisk: SD_5_New_MF_D_0000 0

4,56
-7.512862686669424e+00,-1.718179213522042e+01,-2.729559451005316e+01,-5.427958177031958e+00,-7.850162031994979e+00,-8.167912324508261e+00,-1.095041683579510e+00,-6.238643792113039e+02,-2.625373073918046e-01,-6.927107156602930e-01,-7.813367501585015e-02,-1.341538272661850e+01,-1.247694265837429e+01,-1.254545549398001e+00,-9.554398201540799e+00,-4.288252912637039e-01,-6.445741551359158e-02,-2.722720160760603e+00,-1.307879853269559e+02,7.352245982167327e-18,-8.290383797431709e-02,-4.560878803119780e+01,-1.730371944673701e+00,-2.030497969159763e+02,-7.105436501224016e+00,-2.273034052257241e+01,-3.941946339498648e+00,-2.862797756672427e+00,-8.152589579132227e-03,-1.816329460102875e+00,-1.518222192451467e+00,-8.722329320083141e-01,-3.690631765798991e+00,-2.129314990257685e+00,-2.999353410787433e+00,-2.033734769486026e-01,-3.087710143760418e+01,-5.136504499787493e-01,-2.738208959211337e-01,-7.873631593005661e+00,-9.825743133612943e-01,-1.657167698515339e-02,-6.600339940693339e-04,-7.803729248130988e-02,-1.571889475646003e-01,-1.917422726934336e+00,-7.106442025652412e-02,-3.867104200491871e-01,-1.200615617344154e-01,-2.375389025665081e+01,-4.593685139750924e-01,-6.006676348918951e+02,-8.772707838032943e+01,-9.251787052860294e+00,-2.400969161945095e+01,-1.277840055990964e-10,
-1.226183651867631e-02,-9.185349840001278e-02,-2.017093352194792e-01,3.136360585847576e-06,-2.879607257672802e-02,1.839006608214382e-01,-2.260193544171283e-05,-8.158059777520222e-01,-1.097763071076082e-07,-2.356238020365312e-07,-2.840882263830643e-08,-7.619723979632606e-07,-9.230615156076699e-08,-2.230408217591299e-06,-1.518727502861896e-06,-3.292198338408415e-09,-1.542423938418357e-08,-1.040876106599705e-08,-1.128629475293755e+00,7.734307006070308e-01,-8.679692220542946e-08,-6.521661420376117e-06,-3.051117411912626e-07,-5.278265874546190e-06,-6.613909441239883e-08,-7.689525225893925e-10,-2.055130289194308e-06,-8.531814850623262e-07,-1.522429693944299e-09,-1.282168287179123e-08,-4.017414696616516e-08,-3.142872851604766e-07,-4.599341593713473e-08,-1.597087529268790e-07,-1.967210144531329e-07,-4.636274468940294e-09,-1.790187301014174e-07,-7.123109723515078e-07,-7.706306069048970e-12,-8.738191272907631e-09,-9.980303810010996e-11,-8.138211053713351e-14,-2.727468108374545e-15,-1.196512133842930e-03,-8.500379046710920e-03,-1.061235789138678e-05,-2.473269127656640e-04,-1.599401074075016e-04,-2.065826640795167e-09,-2.105331429069770e-08,-2.427137512847126e-07,-6.254641333717057e-07,-1.332890158268405e-06,-1.180510429472113e-06,-3.648605240809544e-07,-1.433436702669155e-11,
-1.485995228164575e-01,-7.522151115626549e-01,-1.505721886710219e+00,-1.155536983200562e-03,-2.053669540347382e-01,-3.055233123569412e-01,-3.649947183151448e-04,-3.859981799801090e+00,-1.752316129802778e-06,-1.380892961831866e-06,-3.273342714953443e-07,-6.489317585779537e-06,6.778791273429243e-09,-3.318914954176501e-05,-6.721948588510588e-06,-1.481205126131273e-08,-1.009053636621699e-07,-9.143936901801037e-08,-4.383517975296832e+00,1.820845437728531e+00,-1.072423949379747e-06,-3.372903930529412e-05,-2.790416376381671e-06,-3.438769943309375e-05,-7.155155835357159e-07,-2.403042960540405e-09,-4.804095176049704e-06,-4.166563420970954e-06,-4.609941342994401e-09,-9.550170862052477e-08,-1.279763617762120e-07,-2.050691976576439e-06,-1.109714711774856e-06,-1.379613142422591e-06,-4.282285445617078e-06,-1.502818961664436e-07,-3.390234270951996e-06,-7.774051246268241e-07,-7.295699186534886e-10,-1.926148926404343e-06,-3.502335721368647e-10,-1.170567772145473e-12,-3.261857299635993e-14,-3.782552030518852e-03,-1.230130446451030e-02,-7.613718293050345e-05,-1.407299084820439e-02,-9.816029740803327e-03,-1.617783020518022e-07,-2.337573837990346e-06,-2.834671005971004e-07,-3.004727027217541e-05,-2.810101149939755e-05,-1.321481394402251e-05,-7.766972944202153e-06,-2.030731138802366e-11,
-4.075903130366183e-03,-2.997617092159202e-02,-8.834950279295066e-02,1.685606013187189e-07,-1.100031544823873e-02,1.036903083904988e-01,-6.680539141384012e-06,-3.356893240057376e-01,-8.994521346152865e-08,-3.085459336201018e-07,-2.634064290378597e-08,-1.139014710988935e-06,-2.640695011018526e-07,-6.728943026741563e-07,-1.375397381554441e-06,-2.940373779841215e-09,-1.159619200287927e-08,-1.048931007297332e-08,-4.771090738957848e-01,2.617761529380422e-01,-8.224733034040671e-08,-8.302736063821533e-06,-1.455468574276240e-07,-3.463153613114677e-06,-6.406598001770488e-10,-1.432899774957856e-11,-3.769146767537224e-06,-1.238111413478084e-06,-4.700860356785578e-11,-4.482270885354777e-09,-2.126373049961732e-09,-7.311065868963232e-09,-7.398181961505095e-11,-3.297839031862316e-10,-1.246946562270084e-09,-1.182474450671277e-11,-4.098938014951713e-11,-1.290373904996719e-09,-9.278573891826822e-15,-6.712907615292168e-12,-1.022667277366912e-10,-4.981620777382277e-14,-2.497874098855249e-15,-7.193674351661740e-04,-4.976584721712074e-03,-1.277902342693050e-05,-4.344560035416691e-05,-2.724704199066194e-05,-7.506805466892056e-10,-3.670904372557156e-09,-4.839067145185272e-10,-1.506811609541125e-07,-6.278506121164387e-08,-5.295873723741308e-09,-1.767170513603333e-08,-1.235934271592853e-11,

4,56
5.551471665455431e+00,2.733374878486119e+01,4.255078242332308e+01,7.025760343662919e+00,1.321175906825958e+01,3.097783378957716e+02,6.034250593597863e-01,-4.942083721426460e-11,5.356847958589365e-01,1.310842873937849e+00,1.443057512095529e-01,2.456405943466058e+01,1.585013154887177e+01,1.640725929928162e+00,1.556791737430681e+01,3.657455289301890e-01,1.164457125194198e-01,2.701300979283586e+00,4.608584786782820e+02,2.799864691117953e+02,1.956252394206890e-01,6.077428542622264e+01,3.496365652718714e+00,3.017092058385914e+02,1.491416457432278e+01,2.634675363333504e+01,7.659268682749717e+00,3.386045389132645e+00,1.390979341801126e-02,3.306457205258371e+00,2.422547335657188e+00,1.147056586168064e+00,3.957013099365042e+00,2.449918530335516e+00,3.931520632909748e+00,1.919269744779552e-01,3.531360821681586e+01,1.573089896303982e+00,6.642456285214559e-01,7.898838122724874e+00,1.555049870505215e+00,4.238794951268421e-02,1.062684116382507e-03,8.224870496095535e-02,3.767797313892289e-01,2.451874598480191e+00,4.775070238541239e-01,6.951794797845134e-01,1.816981110488984e-01,1.715906606897277e+01,1.343315190497420e+00,1.562542394540639e+00,8.365275279641294e+01,1.424704215667377e+01,2.363980630752027e+01,1.334683474851772e-10,
-3.687825309576119e-03,-3.019020229590955e-02,-8.885282036958779e-02,7.539895602509025e-06,-1.107116548363359e-02,4.823939969027189e-01,-6.729975769277785e-06,-3.377225674499717e-01,-6.566924836828016e-08,-1.219112779599833e-07,-2.099892768763131e-08,-1.085403783594477e-07,1.436858224410743e-07,-6.770187772422364e-07,-8.933595700213978e-07,-1.547194968836890e-09,-1.032439200431132e-08,-4.146861510546850e-09,-4.799899516183583e-01,1.806791495670793e+00,-4.247540898789468e-08,-8.288080648633721e-07,-1.436325652334223e-07,-2.300943863097483e-06,3.403531070619688e-08,3.085582169256446e-10,1.889541127595575e-07,5.868869523133271e-07,5.607803109711761e-10,-4.433496528474588e-09,2.732314070172690e-08,8.432029986536745e-07,7.490644397369341e-08,2.157702019981712e-07,2.466593781928008e-07,4.232862338713209e-09,1.787877326952634e-07,6.930910678475044e-07,1.413692752442894e-11,8.115609407578800e-09,5.580443757589784e-11,-4.987188892230272e-14,-1.821725377014649e-15,-7.221796520393832e-04,-4.996684953003257e-03,5.695773896953053e-07,-4.390062329650994e-05,-2.753721766216363e-05,2.278713162953821e-10,4.440483235805006e-08,1.766816101017449e-07,1.560339738424599e-06,2.133687607315053e-06,1.683876827326366e-06,5.807417707089642e-07,1.336342148050562e-11,
6.917058014806463e-02,2.657546020845540e-01,9.869210007646919e-01,1.134577654503302e-03,1.135512599768581e-01,2.899989238232640e+00,3.950035415817028e-04,-8.225461380753547e-01,1.606424805326007e-06,1.657867908202613e-06,3.350222271905059e-07,1.255154321006228e-05,9.503252432494336e-07,3.258576180703521e-05,1.169784541238703e-05,3.272069230893130e-08,1.538542670000518e-07,1.420942961256192e-07,-1.137475944625042e+00,6.939075383465639e+00,1.166917287723887e-06,4.986115993610069e-05,1.904043297853046e-06,5.501075121009339e-05,7.240026174306844e-07,3.104421247401349e-09,1.181057578501941e-05,8.830386536008327e-06,6.492060591031686e-09,8.619911267240150e-08,2.070498565512451e-07,3.407186191949590e-06,1.422773298032298e-06,2.049804552355452e-06,3.011948535206029e-06,1.400638675398668e-07,3.265183533455401e-06,5.233619247043351e-07,7.970955854970329e-10,1.682762961901482e-06,3.491973761254439e-10,1.463947758842440e-12,4.140099879837249e-14,9.847447186038649e-04,6.741689790412587e-03,1.102363025893261e-04,1.633855658205938e-03,1.479394949355860e-03,1.406822529643696e-07,2.520123804919853e-06,1.720959867160142e-07,2.967927430792278e-05,1.601503870728334e-05,1.772415384710469e-05,4.484474425503808e-06,2.255262643302558e-11,
-1.911397521612081e-03,-1.158321985784160e-02,-3.205141191514660e-02,6.389944289077196e-06,-5.926142794617117e-03,1.827535631013837e-01,-1.725240893011843e-06,-1.549161510984708e-01,-4.203501244064438e-08,-1.815015157387151e-07,-1.639406913844189e-08,-6.564953455134042e-07,-8.969561422346986e-08,-1.919700230769447e-07,-1.085517021409287e-06,-2.391227413374894e-09,-8.443463401857229e-09,-8.163303459967096e-09,-1.590399587312699e-01,7.688257379276835e-01,-6.005127277937714e-08,-5.562329670303331e-06,-8.520338821098970e-08,-2.415852889376582e-06,8.754985921675092e-09,7.810873708967362e-11,-1.852723534284244e-06,-8.043441914437855e-07,-1.405841813115606e-12,-2.138192856347082e-09,5.636379189807736e-10,1.449400016141906e-08,1.303314505224758e-09,6.774438071256649e-09,9.625008722514921e-09,1.311815978947233e-10,7.100886899493422e-09,3.356030045679776e-08,1.756854758248955e-13,8.062825912949010e-11,-9.246927496888934e-11,-2.250701379050229e-14,-1.509272145166721e-15,-4.526895894291932e-04,-3.085173334238090e-03,-1.063633448724468e-05,-1.178468697602715e-05,-7.232717407123548e-06,-3.285409062702895e-10,2.427233450978351e-10,1.348584392192817e-08,1.190775672442196e-08,1.721777389707981e-07,1.341170641522267e-07,4.671290899959334e-08,1.213801281707561e-11,

