1
0
63
1
(4 0
((0,0) (15,255) (0,0))
((0,768) (15,1023) (0,0))
((0,512) (15,767) (0,0))
((0,256) (15,511) (0,0))
)
4
FabOnDisk: SD_0_Old_MF_D_0003 0
FabOnDisk: SD_0_Old_MF_D_0000 0
FabOnDisk: SD_0_Old_MF_D_0001 0
FabOnDisk: SD_0_Old_MF_D_0002 0

4,63
-8.115367208056144e-08,2.141035385016619e+00,1.579919446940479e-01,1.237552644423154e-22,3.907957138365280e-21,1.038002818511247e-16,2.957097592274829e-11,6.645978020105236e-08,6.908262055951978e-09,1.194997684687770e-11,2.885801167452399e-03,0.000000000000000e+00,2.295152759614755e-27,1.505543055450369e-28,4.058512148678461e-13,0.000000000000000e+00,1.219525860500428e-22,2.124616986706399e-11,9.582397101477337e-17,2.970129715304383e-28,2.291453803231744e-12,1.824109319621081e-09,1.083991741421689e-10,1.312796157206249e-33,1.326289837823022e-11,2.548507708849704e-25,0.000000000000000e+00,0.000000000000000e+00,0.000000000000000e+00,3.534771124816276e-27,9.992484001172663e-13,0.000000000000000e+00,3.610190614909394e-23,0.000000000000000e+00,0.000000000000000e+00,0.000000000000000e+00,0.000000000000000e+00,0.000000000000000e+00,0.000000000000000e+00,0.000000000000000e+00,0.000000000000000e+00,0.000000000000000e+00,0.000000000000000e+00,1.347597113044147e-15,1.097222448367770e-16,2.056901888148386e-18,3.911008714831389e-16,1.265423720166211e-16,5.213637018867946e-15,1.209406012737622e-15,2.179165105425755e-15,0.000000000000000e+00,0.000000000000000e+00,0.000000000000000e+00,0.000000000000000e+00,0.000000000000000e+00,0.000000000000000e+00,0.000000000000000e+00,1.133405676828440e-01,3.759653419511579e+03,0.000000000000000e+00,4.430000373978199e+02,1.012988306239845e+05,
-1.264618820364405e-09,5.708932801951955e+00,1.460933919620673e-01,6.120713116964123e-06,5.844426368704250e-05,4.697543392461733e-04,1.349720866109306e-07,5.710216660077001e-05,1.235246923486783e-02,1.212573865833372e-08,1.185616833455747e-03,5.148159975711830e-11,2.726751337098005e-10,2.304602350906912e-11,1.090550888993650e-09,2.986016770681339e-10,8.747007271534637e-10,1.633572319027696e-09,3.559689369914165e-12,1.177400574739640e-11,1.254247285696086e-11,3.572962819688015e-03,2.343863270828064e-02,8.783641319417359e-11,9.061429501744951e-09,1.007238003486712e-10,3.380134995655082e-09,6.970630106420046e-14,1.260576311348187e-15,3.005666944823657e-09,1.627786022130044e-09,4.143004093514187e-15,2.193216698898014e-12,4.930587058421911e-14,8.193775770940664e-14,1.586660785925400e-15,3.188869688779453e-15,2.802213593482545e-15,9.736529340322145e-19,4.510103033806101e-17,1.692423811844109e-20,7.965892930531875e-22,2.151561304059585e-17,7.862151174064794e-14,1.751821463180450e-17,1.203178986495120e-18,5.904510301015546e-07,4.015882508904778e-06,1.803245846510896e-08,1.342275385882468e-08,8.208062882155757e-09,4.272732314275778e-13,7.038743860453100e-16,1.150566461446077e-24,0.000000000000000e+00,5.664008595119654e-32,4.295117208746970e-31,1.997567706533098e-28,1.047798365031469e-01,7.927466791859209e+03,0.000000000000000e+00,2.330891166022730e+03,1.013249983863425e+05,
-1.660861746503879e-09,5.639551066661577e+00,1.469369234705606e-01,7.206283265590840e-06,6.948005878633969e-05,5.062155917430035e-04,1.327227569351585e-07,6.113295971233350e-05,1.235468456049124e-02,1.459598089292313e-08,1.324629286122820e-03,8.187549040109464e-11,3.942578449742384e-10,3.440714817763361e-11,1.515383941789332e-09,3.804097925239261e-10,1.130582313403313e-09,2.359840425402175e-09,5.163631700659641e-12,1.767331426850272e-11,1.787816292572883e-11,3.780912954757534e-03,2.304935110314087e-02,1.285147992619329e-10,1.264029236629321e-08,1.661860321839600e-10,5.034828629383215e-09,1.278731147526040e-13,2.321040294338954e-15,4.199773500880794e-09,2.200173673843162e-09,8.749124437600281e-15,3.999451628048006e-12,1.038615701121101e-13,1.261876500336233e-13,3.241225042951042e-15,5.421550728044284e-15,4.859027234763845e-15,2.365345007337442e-18,1.006023967846962e-16,3.685728711912267e-20,2.184639604252417e-21,4.945191914940355e-17,1.398070707162590e-13,3.887688617720320e-17,2.419626093283018e-18,9.342685577839408e-07,6.379618907273518e-06,2.491682438724664e-08,2.847656997326642e-08,1.757736911311583e-08,7.278370892336776e-13,1.269038954750918e-15,2.046519221809547e-24,0.000000000000000e+00,0.000000000000000e+00,0.000000000000000e+00,0.000000000000000e+00,1.053874457124463e-01,7.833892574967436e+03,0.000000000000000e+00,2.291292474905903e+03,1.013249977714271e+05,
-7.396104146945020e-10,5.385233176273329e+00,1.490752774435736e-01,1.045479946659837e-05,1.015974817215209e-04,5.942244932955980e-04,1.327352033848693e-07,7.173005842104851e-05,1.231929575807853e-02,2.229444407658548e-08,1.665139623777311e-03,1.378329128227718e-10,4.093546284679915e-10,5.056128077436295e-11,1.370706685375927e-09,1.948454861790537e-10,1.900223287839303e-09,2.829168769586641e-09,5.380946389553729e-12,2.625520205844949e-11,1.918320464312137e-11,4.290041209263427e-03,2.220433625992041e-02,1.293292925127487e-10,1.054654361615997e-08,3.015165909794479e-10,6.798180236274759e-09,2.987316682381978e-13,5.395546259233628e-15,2.930079194153749e-09,1.167427050589294e-09,2.733850424904153e-14,8.838926135258810e-12,3.229853748549095e-13,2.786939940495249e-14,7.329416481670427e-15,7.856479597834628e-15,8.826773189172407e-15,9.434456221471296e-18,3.325662653778306e-16,0.000000000000000e+00,1.166869147606667e-20,1.767533643964025e-16,4.663681548019836e-14,8.377020755630186e-17,2.912764738393872e-18,1.558880282947125e-06,1.074541354591936e-05,1.758215193206384e-08,9.592348767210093e-08,6.058434280550744e-08,1.439463562021269e-12,2.857409342957481e-15,0.000000000000000e+00,0.000000000000000e+00,0.000000000000000e+00,0.000000000000000e+00,0.000000000000000e+00,1.069254958894494e-01,5.575938920904180e+03,0.000000000000000e+00,2.143629418427749e+03,1.013249650526442e+05,

4,63
8.190511901440054e-08,5.382826305822655e+00,8.373321709574056e-01,5.003089224361565e-05,4.361336557884947e-04,9.514327512901012e-04,1.172854521709229e-04,3.934564052172899e-04,1.297019481080439e-02,2.123807425609561e-05,1.827791247123967e-01,1.507656861361997e-06,6.674021130490570e-06,7.511765576718657e-07,2.367978048478484e-04,2.704468345579806e-04,2.008252350968194e-05,5.134907963323017e-04,1.471473420826624e-05,9.743952176353205e-07,6.812266456777082e-05,1.438326840026535e-02,2.220176219670105e-02,8.781182967124294e-07,6.504861206118127e-04,2.231848093263732e-05,4.603229817357374e-03,1.021174911698510e-04,4.683785166489903e-04,3.342817712585392e-05,1.132020087755250e-04,1.310655297539347e-07,3.208880783948678e-05,3.771295110625729e-05,1.266221772676984e-05,5.905531473285527e-05,3.171110992443848e-05,4.116201884327229e-05,3.093625220368808e-06,6.503832998949510e-04,1.040301459287639e-05,4.282942809667331e-06,1.151209830779714e-04,1.952474878107828e-05,7.107065272062810e-07,1.734082251821821e-08,2.501065854015331e-06,1.766102326680073e-05,3.020699956130230e-05,1.284918902984613e-05,1.654663552184935e-05,1.683060792898297e-06,4.389954070455724e-04,9.301173038759582e-06,5.259451314176786e-02,1.629900980735430e-03,1.435155682568430e-04,4.451178025887508e-04,6.019584574969399e-01,7.444846692923104e+04,0.000000000000000e+00,2.142223412840346e+03,1.013365597693315e+05,
1.407980046550700e-09,5.738646318878695e+00,1.469319319417198e-01,7.199453844004397e-06,6.941133925773200e-05,5.060002762117021e-04,1.366540750900483e-07,6.110838592900437e-05,1.235467419920746e-02,1.458032781751561e-08,1.323814043839207e-03,8.171376520090956e-11,3.936964459052090e-10,3.435159125832229e-11,1.513556294357161e-09,3.801378113338048e-10,1.128990208100772e-09,2.356464964831364e-09,5.156200392366696e-12,1.764424227333713e-11,1.785417787539535e-11,3.779687577148309e-03,2.360626881043689e-02,1.283246398822711e-10,1.262493811604627e-08,1.658254462245859e-10,5.026868027900490e-09,1.275161522157809e-13,2.314541491304339e-15,4.194695417042103e-09,2.197962294512621e-09,8.717805928896851e-15,3.988587402633082e-12,1.034914031713502e-13,1.260087803583890e-13,3.231266772561909e-15,5.409911426149355e-15,4.847701951233207e-15,2.355218945211559e-18,1.002206817340857e-16,3.672561832925212e-20,2.173749075905246e-21,4.925525444603050e-17,1.395400249731363e-13,3.875245635328418e-17,2.413248767725490e-18,9.324634071961484e-07,6.367144871489898e-06,2.488834404042168e-08,2.837272026200598e-08,1.751230120003645e-08,7.261179767618896e-13,1.265620151852370e-15,2.041243462961740e-24,5.955292973023624e-30,2.801279398471093e-28,2.264301114313073e-27,5.200568922467791e-28,1.053838537252660e-01,7.964197614730616e+03,0.000000000000000e+00,2.346826123126615e+03,1.013250017183298e+05,
2.162402873498335e-09,5.708766517516678e+00,1.490615624494531e-01,1.043223145820458e-05,1.013777877349498e-04,5.936944697448211e-04,1.349621719190464e-07,7.166302477361116e-05,1.235680976040042e-02,2.223919847242953e-08,1.663023384938478e-03,1.375471163049552e-10,5.346413702986602e-10,5.049450728809154e-11,1.906025783066620e-09,4.067024504034770e-10,1.894746779048314e-09,3.233621429471518e-09,7.018617262513795e-12,2.621897040443621e-11,2.357320502546836e-11,4.286926875873264e-03,2.343765134673496e-02,1.766733229473412e-10,1.585486704702213e-08,3.007588529120558e-10,7.243337359653131e-09,2.975268001324082e-13,5.374152829238571e-15,5.186250731522769e-09,2.502655198958514e-09,2.718551013834101e-14,8.807390611149717e-12,3.211794932950151e-13,1.487327125584616e-13,7.305561018346581e-15,8.950306178859840e-15,8.806848113083189e-15,9.369006584392542e-18,3.306122718962636e-16,1.120397798521548e-19,1.156702844487037e-20,1.756271237549732e-16,1.800934560318474e-13,8.354451602863430e-17,4.174767638801410e-18,1.555618188726899e-06,1.072231954102407e-05,3.021863200287540e-08,9.531462033100489e-08,6.019122371763935e-08,1.435025992808826e-12,2.846493265682614e-15,4.295648451369192e-24,3.004382791916593e-29,1.002216374181833e-29,1.743491061428982e-23,2.854053888202981e-25,1.069156257422319e-01,7.930890722784937e+03,0.000000000000000e+00,2.330796689244576e+03,1.013250010100788e+05,
9.122952575863140e-10,5.639123745223439e+00,1.578994365388567e-01,2.884505255977053e-05,2.674877092052282e-04,8.538006855572297e-04,1.922146167611850e-07,1.110869837657711e-04,1.235680947915342e-02,7.270291010118059e-08,2.874736580730640e-03,1.961373065317328e-10,5.626098908510879e-10,5.856202821392794e-11,1.937055232870091e-09,3.973587129373082e-10,6.956252463878776e-09,3.481097129055863e-09,7.374844486222786e-12,3.085719529880382e-11,2.454846859013473e-11,5.942406112189606e-03,2.304709886243723e-02,1.859270597623694e-10,1.604473070487412e-08,5.186228675004943e-10,8.090590592640410e-09,1.170055676688567e-12,2.048136606377431e-14,5.205187492754224e-09,2.489415653800117e-09,1.850315097631591e-13,2.227578861769679e-11,2.339455762653221e-12,1.457048564285988e-13,1.198415246675968e-14,1.045484486211751e-14,1.217615367419946e-14,1.344351765753685e-16,2.890476197956255e-15,2.433758486852035e-18,4.409395181499672e-19,2.267409683924489e-15,1.791165117411034e-13,1.176242141842740e-16,4.537091197352594e-18,2.500929557251125e-06,1.765821382548526e-05,3.028562934418521e-08,1.619705295331579e-06,1.101773641094003e-06,3.691409843237045e-12,9.903239457316928e-15,7.535954767772709e-19,1.035386182201735e-17,1.261809534941699e-15,8.211407783977008e-16,3.287848521779809e-16,1.132742440747416e-01,7.832687722665023e+03,0.000000000000000e+00,2.291042839690429e+03,1.013250089417804e+05,

