1
0
56
1
(4 0
((0,0) (15,255) (0,0))
((0,768) (15,1023) (0,0))
((0,512) (15,767) (0,0))
((0,256) (15,511) (0,0))
)
4
FabOnDisk: SD_5_New_MF_D_0003 0
FabOnDisk: SD_5_New_MF_D_0000 0
FabOnDisk: SD_5_New_MF_D_0001 0
FabOnDisk: SD_5_New_MF_D_0002 0

4,56
-7.666410512714777e+00,-1.596952552740142e+01,-2.604725329366911e+01,-6.008106724425971e+00,-8.141350847849145e+00,-8.442863873960437e+00,-1.133862659179559e+00,-6.291817808511832e+02,-2.722523021659964e-01,-7.761472768377718e-01,-8.825764912952300e-02,-1.372475765875453e+01,-1.265038939832069e+01,-1.374127035055197e+00,-9.410228537984620e+00,-4.505004028557758e-01,-7.048798002537876e-02,-2.772803875986003e+00,-1.326882977395796e+02,1.334076891925523e-18,-9.574727636373785e-02,-4.913356309853136e+01,-1.808888957129959e+00,-2.020243688932796e+02,-7.709014730379154e+00,-2.450483077256214e+01,-4.444922036917575e+00,-2.842778995979503e+00,-8.812457317082970e-03,-1.986676804928905e+00,-1.580053154502841e+00,-9.369413750522628e-01,-3.847308941934678e+00,-2.248084271455887e+00,-3.232883852311456e+00,-2.167284824658418e-01,-3.268116804666390e+01,-5.022180446677480e-01,-3.191403228821500e-01,-8.514870215664818e+00,-1.015483061206490e+00,-1.662411147183496e-02,-6.885663128703376e-04,-8.384432973946312e-02,-1.811351333964058e-01,-2.101631857875029e+00,-7.021972301530084e-02,-4.105163581066563e-01,-1.356241559836251e-01,-2.485506383952847e+01,-4.764617669794052e-01,-5.849840334754904e+02,-9.038643118405238e+01,-9.499847780466984e+00,-2.499724213219967e+01,-1.115040504373610e-09,
-4.059612215337881e-03,-2.999578567007168e-02,-8.839824146873766e-02,1.406844692849520e-07,-1.100130446613190e-02,1.037492448680111e-01,-6.687844041388291e-06,-3.359738696450405e-01,-9.095933813136843e-08,-3.100909035879643e-07,-2.644327080976304e-08,-1.143317593467490e-06,-2.646186613085545e-07,-6.735963946677051e-07,-1.376281381341486e-06,-2.941522385407386e-09,-1.149441021880372e-08,-1.050024677109791e-08,-4.777072770951161e-01,2.626927898752968e-01,-8.254063340356595e-08,-8.332325877895352e-06,-1.469393145992303e-07,-3.484034415753800e-06,-1.486364681332432e-10,-2.704137714486060e-12,-3.793407886766318e-06,-1.236887042017216e-06,-1.326115412141200e-11,-4.495796491561394e-09,-1.567094061646785e-10,-7.995538993836588e-11,-4.058709854211850e-12,-4.606807184035352e-12,-4.556298815465093e-12,-4.281006402167507e-15,-1.600016120020436e-13,-5.476437943184579e-17,-9.190674125548427e-19,-8.236206983808564e-14,-1.023144413744536e-10,-4.981755130229128e-14,-2.495786591918111e-15,-7.197437499887054e-04,-4.979293259981043e-03,-1.277003489348473e-05,-4.351174282939248e-05,-2.729023194890363e-05,-6.979765210268405e-10,-1.402823430467588e-12,-2.773628939179000e-20,-2.370774679660057e-20,-5.217127505829831e-23,-4.163145877454381e-22,-1.189116291210843e-24,-4.234604333852587e-11,
-1.227174290099148e-02,-9.198980732288760e-02,-2.019077427121512e-01,3.101079557552105e-06,-2.882498437874589e-02,1.833306732875867e-01,-2.264507157455067e-05,-8.168469135239215e-01,-1.070398290281549e-07,-2.187744914632831e-07,-2.438995666655207e-08,-6.892730016692584e-07,-8.931674114495960e-08,-2.227362524453760e-06,-1.322316184765049e-06,-2.894787194263876e-09,-1.302568697952292e-08,-9.208602440756725e-09,-1.130270758171944e+00,7.721282095602356e-01,-7.464935759238135e-08,-5.790771956271804e-06,-2.870708196368092e-07,-3.307229301731571e-06,-4.812997671854197e-10,-8.521366835219606e-12,-1.907024991294067e-06,-8.019987364952003e-07,-6.263273806754260e-11,-1.234566689213226e-08,-7.395856788597310e-10,-6.517371304389650e-11,-8.992804607105257e-12,-5.458002645877931e-12,-7.279393142705598e-12,-2.689546377908397e-14,-7.920837671841568e-13,-2.562359556857634e-16,-2.955918017427330e-15,-4.565379914398999e-13,-9.941958848574850e-11,-8.110609664495556e-14,-2.689103717333518e-15,-1.197268918044181e-03,-8.506382448432648e-03,-1.061819889884655e-05,-2.480833866644916e-04,-1.604383765768804e-04,-1.703032540035957e-09,-4.272225219794466e-12,-1.070798387252910e-19,-9.202398932954156e-20,-1.976905582266830e-17,-3.533280471826125e-17,-1.158501921252892e-17,-5.164912941779676e-11,
-1.499553379164138e-01,-7.530019208222385e-01,-5.362600416850625e-01,-4.954571313100336e-04,-1.438084108035532e-01,4.851049700801536e-01,-2.638224901165804e-04,-3.874960836403419e+00,-1.104489082812488e-07,-1.236259416709979e-07,-2.239069789703433e-08,-1.446576929286695e-07,1.406587833308111e-07,-2.666235406370140e-05,-9.231831764080098e-07,-1.652404144258320e-09,-1.235711393016849e-08,-4.448729227006327e-09,-4.366901299239197e+00,1.816545122620307e+00,-4.403006158964626e-08,-9.700824772788450e-07,-3.606500939571839e-07,-2.780531716928892e-06,-3.005893936857776e-09,-5.019988401189982e-11,1.427073991729803e-07,5.738899692350160e-07,-5.813504945063920e-10,-2.372134257005921e-08,-8.758151459328170e-09,6.650832032049566e-11,-9.958552424625223e-12,-5.416373229712627e-11,-9.287226806394618e-10,-2.555387930338034e-11,-4.411846232666281e-10,-2.571003131503134e-10,-6.452295902934183e-14,-1.102836849736157e-10,-4.697014366134686e-10,-1.667027760491357e-12,-4.376342965438481e-14,-1.408913321906782e-03,-1.038756519453997e-02,7.028834643128858e-07,-1.419160854054057e-02,-9.905113057430984e-03,-4.521257171790696e-09,-2.233969130158070e-10,-8.648041031286253e-11,-9.889350458465221e-09,-2.853644961180274e-10,-2.603535939031574e-10,-7.239703455718701e-11,-8.504619231075594e-11,

4,56
5.668176078272314e+00,2.873942790996402e+01,4.337265036638601e+01,7.562318683855161e+00,1.344787625215665e+01,3.130159967969570e+02,6.204289760752965e-01,1.051210997005114e-05,6.291197659962640e-01,1.393136295796364e+00,1.636826092125151e-01,2.576241854755238e+01,1.608751708702756e+01,1.912038697713340e+00,1.545804502234612e+01,4.027068727125373e-01,1.296920479137185e-01,2.751415268280786e+00,4.592171241297332e+02,2.803517901880811e+02,2.046311005699249e-01,6.049789445278184e+01,3.910915379674492e+00,3.014467257257472e+02,1.309303344593888e+01,2.639877056025829e+01,8.689668732694724e+00,3.463545966992410e+00,1.545878524780608e-02,3.737665616217063e+00,2.331275179965687e+00,1.108934613751802e+00,3.958808583260883e+00,2.299305019381262e+00,3.938164109170760e+00,1.968423160983179e-01,3.394660114655117e+01,9.557741265664775e-01,6.057764726192382e-01,7.987271281370110e+00,1.558849759839418e+00,4.370911391649192e-02,1.119893325709991e-03,7.714016722088471e-02,3.995303075592704e-01,2.483825451083456e+00,4.748190423554854e-01,7.007407908897318e-01,1.835681871610901e-01,1.627692341789286e+01,7.670865157723011e-01,6.731501052203590e-01,8.964199999318492e+01,1.466510690667061e+01,2.522121460545245e+01,6.693881005048752e-10,
-1.919026588353493e-03,-1.159444173293080e-02,-3.208881727891826e-02,6.388474808327475e-06,-5.906637515309705e-03,1.827543251388924e-01,-1.716410144612388e-06,-1.549328731380158e-01,-4.198183278264775e-08,-1.813863838933767e-07,-1.635977530269770e-08,-6.564969691281646e-07,-8.989598526602371e-08,-1.906172556916563e-07,-1.085031316231285e-06,-2.389951278171091e-09,-8.437260301429758e-09,-8.161845951780232e-09,-1.596271914891078e-01,7.697762568764895e-01,-6.001322609315713e-08,-5.563603490141368e-06,-8.508838417842605e-08,-2.414167900849136e-06,-6.662228551680745e-11,-1.217614749259505e-12,-1.852995273828697e-06,-8.042082474312969e-07,-4.496627144912256e-12,-2.135560613149027e-09,-5.334077652297502e-11,-6.534674910542416e-11,-1.794234344821127e-12,-3.007559109477795e-12,-2.552815173584608e-12,-1.032703885384611e-15,-4.667338625192856e-14,-1.767441405356089e-17,8.200529372203103e-19,-1.973053462238362e-14,-9.251887453772280e-11,-2.236481321287188e-14,-1.504196481391356e-15,-4.524487310706784e-04,-3.083570536745696e-03,-1.063046149864347e-05,-1.172979782966134e-05,-7.186517379845108e-06,-3.271230494620911e-10,-5.423110485409662e-13,2.917250306432801e-20,2.617882343355103e-20,3.374733054588965e-24,-4.160766371316256e-26,1.583161516275566e-24,4.138656084506920e-11,
-3.671160332330635e-03,-3.010382601784457e-02,-8.865274364895728e-02,7.536618684929002e-06,-1.103678690816663e-02,4.828531587899848e-01,-6.710640794818646e-06,-3.370077536995769e-01,-6.705992007291888e-08,-1.248976311474501e-07,-2.203526515933478e-08,-1.498082014522911e-07,1.391920830230947e-07,-6.760659560252155e-07,-9.290406894019508e-07,-1.668953919647728e-09,-1.150383022221667e-08,-4.501954372924516e-09,-4.791788558935308e-01,1.809396800255333e+00,-4.446377679368190e-08,-1.015882756781176e-06,-1.472605407976004e-07,-2.791337716031570e-06,-1.491521195565596e-10,-2.713840437597693e-12,1.237197484319444e-07,5.633728143735157e-07,-1.332577335054606e-11,-4.510899813964924e-09,-1.574730848514994e-10,6.548638275630565e-11,-4.071683578829036e-12,-4.613638181229593e-12,-4.566560889080608e-12,-4.305471943119300e-15,-1.608082037092850e-13,-5.500958881391305e-17,2.041702723459470e-16,-8.279171188331669e-14,5.573999050308867e-11,-4.993729871868202e-14,-1.828948384557498e-15,-7.211764549485686e-04,-4.989522100813530e-03,6.040078390397168e-07,-4.374015746040735e-05,-2.743406171409713e-05,-7.000530866830699e-10,-1.407873993384349e-12,3.004141281100822e-19,3.626932135185590e-16,2.881180054282623e-17,9.921624619160813e-25,8.320582331262605e-18,4.969868960813528e-11,
-1.234490801191197e-02,-9.249494494049622e-02,-2.026540904105456e-01,2.999853713447116e-06,-2.895728522231717e-02,2.924440389948200e+00,-2.278075229262491e-05,-8.202658941282319e-01,3.938090081147070e-07,1.343112752012286e-06,1.226643921802226e-07,4.043096719327640e-06,6.395900838516477e-07,-2.240908227534942e-06,7.029441150245954e-06,1.641564660695557e-08,5.834779345051886e-08,4.622646432348423e-08,-1.134771474841616e+00,6.912939660110728e+00,4.520596456855555e-07,3.438542979455887e-05,4.740584670277816e-07,1.627132190160514e-05,-4.840445798908516e-10,-8.568466039185645e-12,1.178752316505093e-05,4.359433474939227e-06,-6.311034986440466e-11,1.855520075582069e-09,-7.452805077321995e-10,4.020317591806152e-10,9.078785054222689e-11,7.805494459337069e-11,2.889287879075663e-10,7.303516922259360e-12,1.541474791069053e-10,3.928343361369206e-10,2.629093628987647e-14,2.552283769092435e-11,3.463494879905440e-10,1.865390669509273e-13,1.012872091205043e-14,1.004102256735760e-03,6.934228186455748e-03,6.201418921627957e-05,-2.503945357824282e-04,-1.619612230499989e-04,-1.710196233985864e-09,6.643601709229509e-11,1.690956285701378e-10,6.371758050657560e-09,6.358067796663582e-10,2.908312118803525e-10,1.670568578296961e-10,1.022808504558270e-10,

