1
0
56
1
(4 0
((0,0) (15,255) (0,0))
((0,768) (15,1023) (0,0))
((0,512) (15,767) (0,0))
((0,256) (15,511) (0,0))
)
4
FabOnDisk: SD_5_Old_MF_D_0003 0
FabOnDisk: SD_5_Old_MF_D_0000 0
FabOnDisk: SD_5_Old_MF_D_0001 0
FabOnDisk: SD_5_Old_MF_D_0002 0

4,56
-7.663946192720542e+00,-1.606591212617230e+01,-2.600827012276707e+01,-6.003048944294139e+00,-8.107514848536798e+00,-8.428146286434655e+00,-1.143494837506046e+00,-6.299557055644825e+02,-2.676911735352179e-01,-7.781208882950126e-01,-8.771934009417182e-02,-1.375862423037485e+01,-1.258787092376202e+01,-1.364038736621554e+00,-9.397701925451637e+00,-4.524754636662514e-01,-7.093925269680579e-02,-2.783947302716570e+00,-1.326528377133608e+02,1.522965239163232e-18,-9.477036413199859e-02,-4.946704196425610e+01,-1.826430058774066e+00,-2.020052959090590e+02,-7.648985730557109e+00,-2.467676158408844e+01,-4.486452142754982e+00,-2.845029715189714e+00,-8.874321622832861e-03,-2.002720217477162e+00,-1.588072755857437e+00,-9.397210218930652e-01,-3.846248333489097e+00,-2.247403783750695e+00,-3.230317413854036e+00,-2.177477276417109e-01,-3.279606637266055e+01,-5.059842614206306e-01,-3.208345454898975e-01,-8.581304136943583e+00,-1.015544337277690e+00,-1.666756810615028e-02,-6.895931362722540e-04,-8.413648365897868e-02,-1.761685345902312e-01,-2.119347246328438e+00,-7.024840838939533e-02,-4.096050232291201e-01,-1.339985330134124e-01,-2.474434263200814e+01,-4.682484253308813e-01,-5.859718806303055e+02,-8.949182416125379e+01,-9.403250403789334e+00,-2.481111560693410e+01,-9.817995305638760e-10,
-4.061737746166211e-03,-2.998543590809135e-02,-8.837275929931133e-02,1.425591022174530e-07,-1.099932837183202e-02,1.036992330895151e-01,-6.684918184735414e-06,-3.358462466408587e-01,-9.091098858685986e-08,-3.100083849971953e-07,-2.643584969625604e-08,-1.143123619332124e-06,-2.646376236265619e-07,-6.732916695352124e-07,-1.376306555889057e-06,-2.941572948929679e-09,-1.149426959142434e-08,-1.050088805316168e-08,-4.774738360804724e-01,2.623238224366311e-01,-8.252132063563581e-08,-8.330858875273309e-06,-1.469081421499637e-07,-3.482787536927784e-06,-1.485775619224567e-10,-2.703059790060631e-12,-3.792174188895289e-06,-1.237009537756897e-06,-1.325364782976702e-11,-4.494050325551896e-09,-1.566218856102018e-10,-7.996842839365401e-11,-4.057232334993906e-12,-4.606133360894699e-12,-4.555100130178477e-12,-4.278106239281060e-15,-1.599057043622940e-13,-5.473461639325655e-17,-9.199648847851282e-19,-8.230877626793918e-14,-1.022871952266089e-10,-4.980193151271055e-14,-2.495431706923507e-15,-7.195681520671551e-04,-4.978039319287112e-03,-1.276963800335284e-05,-4.348404888047967e-05,-2.727269424333010e-05,-6.977191130784207e-10,-1.402198646748888e-12,-2.835092076925971e-20,-2.450152266969067e-20,-7.039986155231149e-23,-5.663707397355263e-22,-1.280203008372780e-24,-4.249633978048450e-11,
-1.226570804760759e-02,-9.192946559766860e-02,-2.018160010175262e-01,3.114665141013109e-06,-2.881077111652850e-02,1.833021057599562e-01,-2.262771288553044e-05,-8.164018577585613e-01,-1.070312933363925e-07,-2.187902888939613e-07,-2.439227853339445e-08,-6.895043294550099e-07,-8.941766539172560e-08,-2.225607946352378e-06,-1.322447277545243e-06,-2.894905392924243e-09,-1.302664700328591e-08,-9.210001353004589e-09,-1.129610015956990e+00,7.717566734886115e-01,-7.465558572935422e-08,-5.792170797047923e-06,-2.869737788632054e-07,-3.307484039721491e-06,-4.809372967964950e-10,-8.515178620570333e-12,-1.907839081564427e-06,-8.023639635255034e-07,-6.257014397954159e-11,-1.233822748651642e-08,-7.388437311856943e-10,-6.520122695695173e-11,-8.989724416129269e-12,-5.457493722903636e-12,-7.278589586309036e-12,-2.686267659339466e-14,-7.912459249019895e-13,-2.555480937566751e-16,-3.499687479800457e-15,-4.560096551817661e-13,-9.944207980350215e-11,-8.110186112462700e-14,-2.688758476016671e-15,-1.196946536659752e-03,-8.503888498776698e-03,-1.062013694091274e-05,-2.477820523984736e-04,-1.602399791610131e-04,-1.702048231764692e-09,-4.269106121452173e-12,-6.575702315918496e-20,-9.614968708413409e-20,-3.828648293758818e-23,-4.348060328684867e-18,-1.372011103356346e-19,-4.604239212113725e-11,
-1.494603855466501e-01,-7.525313072274851e-01,-5.373074497810445e-01,-4.942361602451897e-04,-1.433468496036746e-01,4.848707036096611e-01,-2.634365470821990e-04,-3.868870342856470e+00,-1.104415387177964e-07,-1.238016788740445e-07,-2.239851109839508e-08,-1.453774581044903e-07,1.404492175092434e-07,-2.662884781947794e-05,-9.239999134642850e-07,-1.654652578824307e-09,-1.236030135150214e-08,-4.456251410761160e-09,-4.369869380999264e+00,1.815489680454588e+00,-4.408866199692570e-08,-9.764968216465952e-07,-3.606127715456200e-07,-2.782010819532381e-06,-3.037563479275177e-09,-4.962695079173088e-11,1.400881143620034e-07,5.724039707419623e-07,-5.813705712114022e-10,-2.371898287525562e-08,-8.738454251597268e-09,6.636030973568196e-11,-9.957556885911329e-12,-1.047676063931997e-11,-6.047456852663676e-10,-2.361868730655851e-11,-5.440793257805281e-10,-2.700546093918258e-10,-8.948655067589676e-14,-7.336601518690547e-11,-4.337538167105752e-10,-1.573941804847800e-12,-4.110473320217309e-14,-1.408804317643684e-03,-1.038682507588168e-02,6.890015537388784e-07,-1.413742292925698e-02,-9.866375684574963e-03,-4.522776834968243e-09,-3.998046156634055e-10,-9.112649099837037e-11,-9.599809844536956e-09,-1.805741066443930e-09,-1.485621531090298e-11,-4.746170475902821e-10,-9.641265563686829e-11,

4,56
5.662152489195409e+00,2.885800280120538e+01,4.324379533672052e+01,7.544723674999994e+00,1.345417047652884e+01,3.121842325764702e+02,6.218507762077028e-01,1.014524059073096e-05,6.381996534186462e-01,1.403386184376865e+00,1.621463841204793e-01,2.581281140091014e+01,1.604404126728142e+01,1.897415235741169e+00,1.552246611429429e+01,4.074194689721214e-01,1.299707829835511e-01,2.756301852150118e+00,4.605297122793688e+02,2.804572482475460e+02,2.081253329539440e-01,6.085829551193569e+01,3.907281560117405e+00,2.986651755634390e+02,1.331546044963082e+01,2.625545068530548e+01,8.586824300054106e+00,3.480981245402819e+00,1.523223055419684e-02,3.785247385636066e+00,2.363547623110337e+00,1.099298092598389e+00,3.956108448207104e+00,2.324829983528037e+00,3.886885491476180e+00,1.974326959853983e-01,3.444666339434294e+01,9.819544940923890e-01,5.950371631335013e-01,7.937842664875379e+00,1.562170703252220e+00,4.404553845341574e-02,1.127156343674559e-03,7.622124157466495e-02,3.983013466429520e-01,2.463291188252245e+00,4.722082663835682e-01,7.005856897679634e-01,1.783866339985713e-01,1.634280923319914e+01,7.299366533110628e-01,7.143578302869596e-01,8.867622191217984e+01,1.457871929738117e+01,2.478986677011790e+01,8.596998668508604e-10,
-1.916102357220755e-03,-1.159101263848540e-02,-3.207759540259145e-02,6.388238255870064e-06,-5.909363994490924e-03,1.827260414641012e-01,-1.715070508388251e-06,-1.548443408403413e-01,-4.198562104578399e-08,-1.813819241460283e-07,-1.635889073431112e-08,-6.564126913136222e-07,-9.000428509986044e-08,-1.904514903246641e-07,-1.084948449101176e-06,-2.389817767694188e-09,-8.436970103038114e-09,-8.160690397218835e-09,-1.593940968319288e-01,7.694045979512198e-01,-6.001078130651348e-08,-5.562651422807407e-06,-8.508393940262930e-08,-2.414020376041028e-06,-6.660962290195981e-11,-1.217376447286871e-12,-1.852699917436750e-06,-8.045887964018804e-07,-4.494787656242641e-12,-2.135099780833957e-09,-5.331364437533490e-11,-6.537501332714409e-11,-1.793910894994914e-12,-3.007115195811843e-12,-2.552210412970940e-12,-1.032044635537087e-15,-4.664801989519739e-14,-1.766718538247985e-17,8.223308441850017e-19,-1.972154512331352e-14,-9.248609437765970e-11,-2.236339016049752e-14,-1.504232931162569e-15,-4.523466810774580e-04,-3.082863304310645e-03,-1.063238944263287e-05,-1.172350506152524e-05,-7.182607008548957e-06,-3.270193685089187e-10,-5.420829479280910e-13,3.006956730240652e-20,2.739581266344114e-20,3.505223061601203e-24,-5.251172261174650e-26,1.641330801915793e-24,4.493264094129756e-11,
-3.671615328654357e-03,-3.009333810380999e-02,-8.862693949181175e-02,7.537095214920561e-06,-1.103480422310446e-02,4.826207444722381e-01,-6.707565164937688e-06,-3.368803049357325e-01,-6.706265012177608e-08,-1.250736576647105e-07,-2.203656136162651e-08,-1.505297394592967e-07,1.389819669904808e-07,-6.757535255410599e-07,-9.298565619537738e-07,-1.671196854074091e-09,-1.150346760726234e-08,-4.509460991592288e-09,-4.789454836481564e-01,1.808347762943559e+00,-4.452218412825709e-08,-1.022284112769951e-06,-1.472262545512094e-07,-2.792812990975038e-06,-1.490901465075853e-10,-2.712726848399957e-12,1.210955860963944e-07,5.618908005311728e-07,-1.331812477981173e-11,-4.509099469107907e-09,-1.573841147406100e-10,6.533876612779177e-11,-4.070179974769801e-12,-4.612937097549690e-12,-4.565343419447688e-12,-4.302535291167583e-15,-1.607111823501362e-13,-5.497940194951610e-17,1.095074252761362e-16,-8.273731276696141e-14,5.555223457563138e-11,-4.992101441265150e-14,-1.831040507155343e-15,-7.210013763520544e-04,-4.988270061338604e-03,5.902132266444182e-07,-4.371225045448741e-05,-2.741627295856799e-05,-6.997935011674821e-10,-1.407243861608472e-12,4.964856774846609e-20,3.473856491531296e-17,2.815264564223329e-18,2.131424152702732e-25,8.023963148011312e-19,4.926226093715513e-11,
-1.233879968702498e-02,-9.243405977584765e-02,-2.025616886023190e-01,3.013656420903635e-06,-2.894297834445096e-02,2.916624861159961e+00,-2.276311371655323e-05,-8.198180157818072e-01,3.925120617549689e-07,1.341395594479432e-06,1.223434893773865e-07,4.038214941769277e-06,6.395521118496741e-07,-2.239134414113484e-06,7.015908854098765e-06,1.639115598923770e-08,5.816162689597326e-08,4.618206343782490e-08,-1.134106678102863e+00,6.917613302369166e+00,4.512783062582930e-07,3.434749950348617e-05,4.703087988497784e-07,1.623814179130165e-05,-4.836778619039274e-10,-8.562223975460442e-12,1.178833942107688e-05,4.361308768191679e-06,-6.304709322520140e-11,1.758116471035568e-09,-7.445309549007277e-10,4.784707277544690e-10,1.404907598973180e-10,8.983585267897931e-11,2.108417245514881e-10,4.795706940922038e-12,2.961245780810601e-11,3.303411012921025e-10,1.074630928796738e-14,1.692664011038893e-11,3.464833135645401e-10,1.869225881720070e-13,1.014318918322800e-14,9.930245121073146e-04,6.851115519856473e-03,6.200165477481556e-05,-2.500895780146306e-04,-1.617603671148081e-04,-1.709205365620564e-09,7.469161020528085e-11,1.160022564358058e-10,5.650890644516006e-09,9.739609774967388e-12,6.049226650225627e-10,2.716777895822652e-12,8.338663093354626e-11,

