1
0
63
1
(4 0
((0,0) (15,255) (0,0))
((0,768) (15,1023) (0,0))
((0,512) (15,767) (0,0))
((0,256) (15,511) (0,0))
)
4
FabOnDisk: SD_0_Old_MF_D_0003 0
FabOnDisk: SD_0_Old_MF_D_0000 0
FabOnDisk: SD_0_Old_MF_D_0001 0
FabOnDisk: SD_0_Old_MF_D_0002 0

4,63
-1.758122234005926e-02,1.387648582131559e+00,1.496363052735052e-01,3.483360641890028e-25,5.031632157955957e-24,1.954758687286010e-18,4.719569720695701e-13,1.353942966789143e-08,1.742286730066969e-10,1.863668034827570e-13,2.786026900353518e-03,0.000000000000000e+00,8.842310359342044e-31,6.037052805718076e-32,8.735074368645860e-15,0.000000000000000e+00,3.088307185637660e-25,1.455179391885775e-13,9.880598587551549e-20,3.512090179717589e-32,1.448148016245053e-14,2.898158849049647e-11,6.903976966404594e-13,1.940700856980383e-37,1.061639801387813e-13,6.519683384121411e-30,9.139871555543892e-13,0.000000000000000e+00,0.000000000000000e+00,1.903180704329828e-31,3.531407461389050e-15,0.000000000000000e+00,4.844792424372239e-28,0.000000000000000e+00,0.000000000000000e+00,0.000000000000000e+00,0.000000000000000e+00,0.000000000000000e+00,0.000000000000000e+00,0.000000000000000e+00,0.000000000000000e+00,0.000000000000000e+00,0.000000000000000e+00,1.060567359952853e-18,1.062805403062605e-19,2.854328834767319e-21,2.905444626191043e-19,9.351926654992975e-20,3.797254752231465e-18,8.762674968154440e-19,1.578900333412132e-18,0.000000000000000e+00,0.000000000000000e+00,0.000000000000000e+00,0.000000000000000e+00,0.000000000000000e+00,0.000000000000000e+00,0.000000000000000e+00,1.075729134218152e-01,3.637133072860745e+03,0.000000000000000e+00,4.430000010950636e+02,8.861768663533212e+04,
-3.516136050799074e-07,5.953862156280137e+00,1.461027551562064e-01,6.137520398218828e-06,5.860864460193773e-05,4.703481204497882e-04,1.349093795240302e-07,5.717331482325196e-05,1.235273821749764e-02,1.216080264986865e-08,1.187643379976916e-03,5.219034655633375e-11,2.759808247323465e-10,2.333682277981668e-11,1.102919931581788e-09,3.016327842856922e-10,8.790745130641454e-10,1.653140653337711e-09,3.602584770892415e-12,1.192191787964708e-11,1.268727524270933e-11,3.576857516859576e-03,2.343213527497579e-02,8.894140633581181e-11,9.167068612677083e-09,1.021718532124615e-10,3.422052335612202e-09,0.000000000000000e+00,0.000000000000000e+00,3.040774390872246e-09,1.645966899232826e-09,0.000000000000000e+00,2.228136673433970e-12,0.000000000000000e+00,4.171701416623444e-13,0.000000000000000e+00,0.000000000000000e+00,0.000000000000000e+00,0.000000000000000e+00,0.000000000000000e+00,0.000000000000000e+00,0.000000000000000e+00,0.000000000000000e+00,8.034288740433440e-14,1.796405343004556e-17,1.231905593859270e-18,5.985583722129980e-07,4.071246202897177e-06,1.824109964830107e-08,1.366681629306881e-08,8.358320654053001e-09,4.336060894938141e-13,0.000000000000000e+00,0.000000000000000e+00,0.000000000000000e+00,0.000000000000000e+00,0.000000000000000e+00,0.000000000000000e+00,1.047862507392321e-01,7.928771402596803e+03,0.000000000000000e+00,2.330205440503128e+03,1.013248741719239e+05,
-1.543536119980751e-07,5.882365032346609e+00,1.469739349359341e-01,7.254798512567502e-06,6.997556192540868e-05,5.077540323948374e-04,1.327369552405658e-07,6.130253793507678e-05,1.235450930830481e-02,1.470900250386102e-08,1.330664227767957e-03,8.346873845716156e-11,4.003644490791331e-10,3.498754845126459e-11,1.536356020956529e-09,3.843123003044055e-10,1.142865204767930e-09,2.396518165106245e-09,5.244054047096359e-12,1.797512400072664e-11,1.814477853887738e-11,3.789652602335371e-03,2.303058516378473e-02,1.305431116763221e-10,1.281535889141523e-08,1.696187851018542e-10,5.115759266257764e-09,0.000000000000000e+00,0.000000000000000e+00,4.258108960288358e-09,2.227482373370203e-09,0.000000000000000e+00,4.098788485227361e-12,0.000000000000000e+00,0.000000000000000e+00,0.000000000000000e+00,0.000000000000000e+00,0.000000000000000e+00,0.000000000000000e+00,0.000000000000000e+00,0.000000000000000e+00,0.000000000000000e+00,0.000000000000000e+00,1.432116209287358e-13,4.019298213042773e-17,2.491356444928348e-18,9.523150002568268e-07,6.503938005334774e-06,2.525434520757892e-08,2.938711178935629e-08,1.814667472682836e-08,7.433253729196618e-13,0.000000000000000e+00,0.000000000000000e+00,0.000000000000000e+00,0.000000000000000e+00,0.000000000000000e+00,0.000000000000000e+00,1.054139968534691e-01,7.827645538878530e+03,0.000000000000000e+00,2.289058990178909e+03,1.013249569224073e+05,
-4.402765123897798e-06,5.603269948248485e+00,1.492000061465927e-01,1.065855189984896e-05,1.035998304566764e-04,5.989966027849844e-04,1.327847300578220e-07,7.232076111234647e-05,1.219625812271349e-02,2.279637510792541e-08,1.684577031676335e-03,1.412047175963774e-10,4.087545196954817e-10,5.145226058208296e-11,1.376765154231092e-09,1.951856548596428e-10,1.951693253033546e-09,2.851612931998790e-09,5.272113188109284e-12,2.672857997800748e-11,1.891551420288076e-11,4.318138960541721e-03,2.223451497843671e-02,1.293890345766765e-10,1.050836883167609e-08,3.101411470214554e-10,6.849450629488009e-09,0.000000000000000e+00,1.354349095417545e-15,2.762092445074760e-09,1.078122558345047e-09,0.000000000000000e+00,9.180453067673831e-12,0.000000000000000e+00,0.000000000000000e+00,0.000000000000000e+00,0.000000000000000e+00,0.000000000000000e+00,0.000000000000000e+00,0.000000000000000e+00,0.000000000000000e+00,0.000000000000000e+00,0.000000000000000e+00,5.121562903422857e-14,8.680572130579605e-17,3.303636476015682e-18,1.597888660827598e-06,1.101987634414759e-05,1.622819173987432e-08,1.021623854991527e-07,6.460705955665878e-08,1.477598509848804e-12,0.000000000000000e+00,0.000000000000000e+00,0.000000000000000e+00,0.000000000000000e+00,0.000000000000000e+00,0.000000000000000e+00,1.070148545643579e-01,4.826235606524402e+03,0.000000000000000e+00,2.130666865668035e+03,1.013249128559842e+05,

4,63
1.569658202177415e-02,5.600568461854891e+00,8.373329808128189e-01,5.962032303123556e-05,5.176801657732906e-04,1.090018958361578e-03,1.186305015026050e-04,4.290391005902042e-04,1.564095999543919e-02,2.020444869104535e-05,1.827793157811342e-01,1.424739277754542e-06,6.407688512082963e-06,7.255830295110917e-07,2.336742178188512e-04,2.757696758673439e-04,2.042376481890377e-05,5.003960487898967e-04,1.552561014739324e-05,9.812182216631799e-07,7.062448631220453e-05,1.480035975933274e-02,2.223005583596223e-02,7.937489641937531e-07,6.068827264018213e-04,2.185019506915697e-05,4.406520448191062e-03,1.024098541847810e-04,4.709916247484118e-04,3.182431576265107e-05,1.074573082463784e-04,1.366977259109497e-07,3.138081150563005e-05,3.881823203231474e-05,1.164213862717729e-05,5.565956764605794e-05,2.997201379093892e-05,3.905722634454545e-05,3.141681308684134e-06,6.288299873053206e-04,1.142165062086429e-05,4.403876039570067e-06,1.120059782707174e-04,1.693122605310777e-05,6.674007817736133e-07,1.559587878020371e-08,2.598892814435774e-06,1.834569006736401e-05,2.851823826965677e-05,1.322912319186562e-05,1.550160336310379e-05,1.722754360790788e-06,4.274768740050239e-04,1.008310530854243e-05,5.259456567021435e-02,1.560287577488244e-03,1.365438303127123e-04,4.257987927785052e-04,6.019590856143581e-01,7.294284154487852e+04,0.000000000000000e+00,2.129105441933925e+03,1.232417954236661e+05,
2.687545569897883e-07,5.983885451024020e+00,1.469687758982243e-01,7.247656562197507e-06,6.990370804864528e-05,5.075300466324706e-04,1.366410314036961e-07,6.127695080472342e-05,1.235450439545410e-02,1.469261556814467e-08,1.329815565826100e-03,8.330785185970550e-11,3.998187657218012e-10,3.493327228894321e-11,1.534846983013982e-09,3.841116311689678e-10,1.141212999600034e-09,2.393318083407651e-09,5.237253520900271e-12,1.794778833216740e-11,1.812285609494174e-11,3.788378515787405e-03,2.360214557111679e-02,1.303774443932195e-10,1.280262279698743e-08,1.693139190905428e-10,5.111573614519822e-09,4.705714576488822e-13,2.851032915261154e-15,4.253676630377250e-09,2.225590685196859e-09,1.531630583539842e-14,4.089106438811793e-12,5.301494830388573e-13,3.482269914899979e-12,1.850997068782454e-13,7.964948268176946e-13,1.313422806572008e-12,1.574138834316023e-14,7.685689064574812e-13,4.811212131193792e-12,1.517324865950002e-17,1.215770667897287e-14,1.429524963659832e-13,4.006641724168428e-17,2.484940970340691e-18,9.504537981453203e-07,6.491070200633548e-06,2.522572997949181e-08,2.927726368406608e-08,1.807780527502164e-08,7.424309691465509e-13,1.722816454287718e-13,1.285565995594852e-12,4.729671014493486e-12,5.359449897591389e-12,2.737499548936298e-12,1.462748618403951e-12,1.054102857110284e-01,7.973432650425050e+03,0.000000000000000e+00,2.346622804566415e+03,1.013251635382148e+05,
1.695809579102892e-07,5.953690066644487e+00,1.491857711945667e-01,1.063477505836137e-05,1.033688121846783e-04,5.984468427344017e-04,1.348991492047950e-07,7.225085241345999e-05,1.235590578409719e-02,2.273804639573701e-08,1.682377969391911e-03,1.409423442553877e-10,5.417894420016619e-10,5.139560366162951e-11,1.925070617965018e-09,4.088233705460547e-10,1.945981505873069e-09,3.280388985557334e-09,7.112212431089466e-12,2.669991801040287e-11,2.386276479057508e-11,4.314900275630450e-03,2.343112104347208e-02,1.790915292338219e-10,1.600479363628866e-08,3.094268603560377e-10,7.363889870006654e-09,7.023939093794359e-13,7.134178781641740e-15,5.228088143055526e-09,2.517000249056977e-09,3.828424984699203e-14,9.149364286590246e-12,1.083175403596340e-12,5.418600908029676e-12,5.017782959674697e-13,1.564868564917988e-12,2.668607473134637e-12,4.777075161358376e-14,1.916266779879263e-12,4.622425177367615e-12,6.091569306316535e-17,6.784370584030664e-14,1.821794882238398e-13,8.658058379681955e-17,4.276837844255353e-18,1.594526072351013e-06,1.099604185115131e-05,3.044654330759599e-08,1.014969705724605e-07,6.417679353024326e-08,1.484102971067861e-12,4.730443352986804e-13,2.536024653403477e-12,7.012416899902740e-12,1.133484056896359e-11,6.120529176537853e-12,3.099714795104497e-12,1.070046137896399e-01,7.928603450883790e+03,0.000000000000000e+00,2.330107061242997e+03,1.013250392261743e+05,
1.032240499389335e-06,5.881917768929479e+00,1.586967912787652e-01,3.260998255292903e-05,2.825210600113849e-04,8.630803043209413e-04,1.966300119354551e-07,1.204793486184251e-04,1.235559552929794e-02,7.762591900026459e-08,2.776672387535508e-03,2.096963823882254e-10,5.665888715049144e-10,5.910336399053709e-11,1.955135738412212e-09,3.976100907299360e-10,8.476189331621869e-09,3.510978235459852e-09,7.427850449146334e-12,3.117842981548905e-11,2.472780262216510e-11,6.481504026634517e-03,2.302825741503766e-02,1.872593152655575e-10,1.614992355217164e-08,5.441839130671673e-10,8.179706713453107e-09,2.077446538996649e-12,2.577191637583059e-14,5.239098518977940e-09,2.497267514545173e-09,2.116960264917736e-13,2.174979634248252e-11,3.340973393075382e-12,5.731476046172760e-12,2.423035780292483e-12,3.429667808104147e-12,7.937869620701496e-12,3.006274835992177e-13,7.125854066475014e-12,9.744367843057373e-12,1.704466957295609e-15,2.248224521103707e-12,1.805397362362561e-13,2.296285763862280e-16,6.240458261286871e-18,2.602140046437429e-06,1.836895354091510e-05,3.047782602623476e-08,2.162949401509484e-06,1.476948922373469e-06,4.028274153952773e-12,4.994865311692612e-12,4.549990978336110e-12,5.382331826808087e-11,5.134535425125050e-11,2.639447827593782e-11,1.426679442810360e-11,1.136842212136524e-01,7.826580614871687e+03,0.000000000000000e+00,2.288800097143181e+03,1.013250327991889e+05,

