1
0
63
1
(4 0
((0,0) (15,255) (0,0))
((0,768) (15,1023) (0,0))
((0,512) (15,767) (0,0))
((0,256) (15,511) (0,0))
)
4
FabOnDisk: SD_0_New_MF_D_0003 0
FabOnDisk: SD_0_New_MF_D_0000 0
FabOnDisk: SD_0_New_MF_D_0001 0
FabOnDisk: SD_0_New_MF_D_0002 0

4,63
-1.763771749645767e-02,1.378995167442162e+00,1.517495219419381e-01,3.414981443204745e-25,4.799937594734892e-24,1.931001758265148e-18,4.667512888266446e-13,1.349570204830395e-08,1.725758109253329e-10,1.842962866227672e-13,2.785229623941662e-03,0.000000000000000e+00,8.644180443760383e-31,5.903713814336574e-32,8.647429292120416e-15,0.000000000000000e+00,3.042242290191955e-25,1.434775348842988e-13,9.575624154191378e-20,3.419794923811442e-32,1.427417005747492e-14,2.866145436203476e-11,6.805338790687310e-13,1.891170698796911e-37,1.047352359124850e-13,6.322071200071045e-30,9.013091723017966e-13,0.000000000000000e+00,0.000000000000000e+00,1.845251553575167e-31,3.473213669306541e-15,0.000000000000000e+00,4.664946410730943e-28,0.000000000000000e+00,0.000000000000000e+00,0.000000000000000e+00,0.000000000000000e+00,0.000000000000000e+00,0.000000000000000e+00,0.000000000000000e+00,0.000000000000000e+00,0.000000000000000e+00,0.000000000000000e+00,1.036816054440083e-18,1.038910314677104e-19,2.790132555434622e-21,2.839692087432402e-19,9.140085901967939e-20,3.711012014271150e-18,8.563471028304204e-19,1.543006822810862e-18,0.000000000000000e+00,0.000000000000000e+00,0.000000000000000e+00,0.000000000000000e+00,0.000000000000000e+00,0.000000000000000e+00,0.000000000000000e+00,1.090959259264915e-01,3.635515547164870e+03,0.000000000000000e+00,4.430000010848231e+02,8.871710807204375e+04,
-3.655755818296466e-07,5.954065705451177e+00,1.461027095654981e-01,6.137506962323360e-06,5.860847391688455e-05,4.703476475256221e-04,1.349093833084857e-07,5.717329720389026e-05,1.235273837900243e-02,1.216075638125677e-08,1.187640340214195e-03,5.219102602568758e-11,2.759859983021368e-10,2.333742527579763e-11,1.102945172131010e-09,3.016221983412574e-10,8.790714706390105e-10,1.653125289664254e-09,3.602606453828275e-12,1.192212304154840e-11,1.268711534614065e-11,3.576859235927929e-03,2.343213508976552e-02,8.893829725181620e-11,9.166699557829626e-09,1.021472019193704e-10,3.420992421792018e-09,0.000000000000000e+00,0.000000000000000e+00,3.040734804769754e-09,1.645958267912505e-09,0.000000000000000e+00,2.227642115316584e-12,0.000000000000000e+00,3.130856469167307e-13,0.000000000000000e+00,0.000000000000000e+00,0.000000000000000e+00,0.000000000000000e+00,0.000000000000000e+00,0.000000000000000e+00,0.000000000000000e+00,0.000000000000000e+00,8.034436097148945e-14,1.796432687155702e-17,1.231927121288346e-18,5.985637224890769e-07,4.071282056635832e-06,1.824130552941605e-08,1.366684111832641e-08,8.358332709164701e-09,4.336028875410356e-13,0.000000000000000e+00,0.000000000000000e+00,0.000000000000000e+00,0.000000000000000e+00,0.000000000000000e+00,0.000000000000000e+00,1.047862146395290e-01,7.928765263331191e+03,0.000000000000000e+00,2.330204851684876e+03,1.013248674214903e+05,
-1.649503605182321e-07,5.882564359403483e+00,1.469739727827221e-01,7.254834034739362e-06,6.997597651381879e-05,5.077552638873884e-04,1.327371514078783e-07,6.130263057898997e-05,1.235450690169835e-02,1.470909532337177e-08,1.330670153809552e-03,8.346733562216897e-11,4.003546639136824e-10,3.498739866855839e-11,1.536476729474889e-09,3.843438989059147e-10,1.142853980974073e-09,2.396552714034113e-09,5.244237913408020e-12,1.797574299958068e-11,1.814487292243180e-11,3.789658699351543e-03,2.303054611082334e-02,1.305385726051062e-10,1.281468834307194e-08,1.695740616675583e-10,5.112557538345304e-09,0.000000000000000e+00,0.000000000000000e+00,4.258050418468272e-09,2.227496953622630e-09,0.000000000000000e+00,4.097764510475245e-12,0.000000000000000e+00,2.008042449687153e-13,0.000000000000000e+00,0.000000000000000e+00,0.000000000000000e+00,0.000000000000000e+00,0.000000000000000e+00,0.000000000000000e+00,0.000000000000000e+00,0.000000000000000e+00,1.432238381930025e-13,4.019658641031995e-17,2.491588913759406e-18,9.523736584795510e-07,6.504339482673814e-06,2.525578739495330e-08,2.938920715512228e-08,1.814797463660168e-08,7.435016953812241e-13,0.000000000000000e+00,0.000000000000000e+00,0.000000000000000e+00,0.000000000000000e+00,0.000000000000000e+00,0.000000000000000e+00,1.054140229499898e-01,7.827784962262963e+03,0.000000000000000e+00,2.289054213613081e+03,1.013249595459217e+05,
-4.800742240367585e-06,5.603434561606587e+00,1.492002710930025e-01,1.065903851426939e-05,1.036047368278547e-04,5.990081846365217e-04,1.327850679624170e-07,7.232209964623482e-05,1.219572894869232e-02,2.279754809068330e-08,1.684624460779825e-03,1.412026144805640e-10,4.087429917286166e-10,5.144635748159235e-11,1.376733598635065e-09,1.951814384016651e-10,1.951752753386057e-09,2.851504454574165e-09,5.270949121114146e-12,2.671827528189786e-11,1.891245641561708e-11,4.318207884036948e-03,2.223465280574664e-02,1.293871150349875e-10,1.050836060294188e-08,3.101720121066267e-10,6.849361289133080e-09,0.000000000000000e+00,0.000000000000000e+00,2.761074230030763e-09,1.077603143034192e-09,0.000000000000000e+00,9.181539934832566e-12,0.000000000000000e+00,0.000000000000000e+00,0.000000000000000e+00,0.000000000000000e+00,0.000000000000000e+00,0.000000000000000e+00,0.000000000000000e+00,0.000000000000000e+00,0.000000000000000e+00,0.000000000000000e+00,5.127315404502128e-14,8.682341731393084e-17,3.308776868043376e-18,1.598053748425700e-06,1.102102674969096e-05,1.622104410427089e-08,1.021817563630317e-07,6.461948237050245e-08,1.474902840054159e-12,0.000000000000000e+00,0.000000000000000e+00,0.000000000000000e+00,0.000000000000000e+00,0.000000000000000e+00,0.000000000000000e+00,1.070150410324555e-01,4.818692396550598e+03,0.000000000000000e+00,2.130601059587312e+03,1.013249107935180e+05,

4,63
2.238555136467897e-02,5.600734069340214e+00,8.373329811575246e-01,5.870379805495173e-05,5.123387951050323e-04,1.076282688519158e-03,1.186787743797316e-04,4.291326533188499e-04,1.567924449049005e-02,2.019467651348666e-05,1.827793158660508e-01,1.429980161307573e-06,6.414546242867122e-06,7.249469647657578e-07,2.338357813263426e-04,2.758519084149954e-04,2.040993220762937e-05,4.999683443900185e-04,1.553248185449815e-05,9.819479575539634e-07,7.062276560950818e-05,1.481651226572709e-02,2.223016179806497e-02,7.922776860408212e-07,6.070098786281651e-04,2.182969061850531e-05,4.404105083110958e-03,1.026560658900237e-04,4.709628010026189e-04,3.179894004153945e-05,1.073356403474847e-04,1.369457661698037e-07,3.140782871393182e-05,3.880839721920014e-05,1.164654496894125e-05,5.569649276209432e-05,2.996536368601633e-05,3.904417956085582e-05,3.141875170666659e-06,6.288523401009669e-04,1.140783968955228e-05,4.422753909489321e-06,1.120680069817327e-04,1.692009644724493e-05,6.672667572688926e-07,1.558043689813156e-08,2.599184978476432e-06,1.834770436164495e-05,2.851422243573513e-05,1.322860229843256e-05,1.549338482841985e-05,1.719115190298265e-06,4.270515917240737e-04,1.004173918724050e-05,5.259456569322311e-02,1.562323533883354e-03,1.367568022330771e-04,4.264742385845384e-04,6.019590858968928e-01,7.291430368885721e+04,0.000000000000000e+00,2.129036886339691e+03,1.225442752461212e+05,
2.810575561027251e-07,5.984087678420155e+00,1.469688120806202e-01,7.247691684346627e-06,6.990411942478779e-05,5.075312642514457e-04,1.366411959049889e-07,6.127704124618178e-05,1.235450184601102e-02,1.469270761089135e-08,1.329821474752074e-03,8.331123906383370e-11,3.998347312346811e-10,3.493455472722813e-11,1.534799340479208e-09,3.840953114089588e-10,1.141227362399165e-09,2.393350681584606e-09,5.237110679838358e-12,1.794751682757838e-11,1.812235299832376e-11,3.788384525953670e-03,2.360213879755246e-02,1.303802470075560e-10,1.280285955931058e-08,1.693165648500284e-10,5.111296318755140e-09,4.993002900863289e-13,2.837130847556758e-15,4.253804750216406e-09,2.225671406502030e-09,1.475326854920416e-14,4.089142115619040e-12,5.292848866432588e-13,3.921186836387321e-12,2.014047868883457e-13,7.793770883418221e-13,1.246958766959954e-12,1.452927097581765e-14,7.024258885245555e-13,4.704034156731902e-12,1.468625469988547e-17,1.230619733643403e-14,1.429675194239384e-13,4.007091416211575e-17,2.485216038319572e-18,9.505123704560450e-07,6.491471092565396e-06,2.522716720787526e-08,2.927935066768604e-08,1.807909997035181e-08,7.424699221762398e-13,1.844406873028529e-13,5.724418912718753e-12,4.194107698840338e-12,6.362855373841887e-12,2.928043578700877e-12,1.740193741690655e-12,1.054103106355814e-01,7.973505526957945e+03,0.000000000000000e+00,2.346623424814754e+03,1.013251663788670e+05,
1.814985197301269e-07,5.953893642688120e+00,1.491860395587158e-01,1.063525863357092e-05,1.033736894507592e-04,5.984583841106619e-04,1.348991487390872e-07,7.225218562787581e-05,1.235589682192758e-02,2.273921349172041e-08,1.682425251695488e-03,1.409612475897450e-10,5.418494295697084e-10,5.140117444327616e-11,1.925178443200413e-09,4.088601992295224e-10,1.946125625129074e-09,3.280559485851893e-09,7.112969961817683e-12,2.670307950401665e-11,2.386430624154243e-11,4.314968946535176e-03,2.343112047535642e-02,1.791127556762364e-10,1.600659243399268e-08,3.094575495883028e-10,7.364717210420568e-09,6.904413434031923e-13,6.780416101174119e-15,5.228686233892985e-09,2.517169440598737e-09,4.063502629854050e-14,9.150558953884655e-12,1.164458322010572e-12,4.937337076056007e-12,4.686550026432849e-13,1.377425358987916e-12,2.424336382530159e-12,4.563241427511594e-14,1.823434307735500e-12,5.085263846857831e-12,5.902443123528283e-17,5.467182476993368e-14,1.822016738779818e-13,8.659571917991525e-17,4.277447013437522e-18,1.594690731861163e-06,1.099718912645906e-05,3.044843013464198e-08,1.015161773988961e-07,6.418911126866491e-08,1.484261004590028e-12,4.582546304947206e-13,2.555272386677338e-12,8.159186790932097e-12,1.449598674164472e-11,6.884822414253432e-12,3.970057492456624e-12,1.070048027142102e-01,7.928597530388770e+03,0.000000000000000e+00,2.330106470326061e+03,1.013250363866483e+05,
1.069358322066036e-06,5.882116957735462e+00,1.587006919659890e-01,3.262996016894089e-05,2.825716012148239e-04,8.630865806866398e-04,1.966364386720888e-07,1.205336182045927e-04,1.235557876091617e-02,7.764564252173327e-08,2.775808632754832e-03,2.099430784507273e-10,5.665432737651872e-10,5.910978940548699e-11,1.954068872294688e-09,3.976367822788098e-10,8.485044695762816e-09,3.512316823191585e-09,7.429505720985227e-12,3.115072047994200e-11,2.473072323732716e-11,6.484835637481686e-03,2.302821762638643e-02,1.872825008726354e-10,1.615045557142961e-08,5.444504482354745e-10,8.211544039902701e-09,3.803825649630311e-12,2.828210319054988e-14,5.239479767173058e-09,2.497490319840696e-09,2.108764938759599e-13,2.174366387082910e-11,2.797267163213877e-12,7.696842856506895e-12,2.031449411758741e-12,3.346862020247696e-12,6.022471405083778e-12,3.852937888308435e-13,8.533240680652312e-12,5.728313326586271e-12,1.967034283310238e-15,4.511954118420895e-12,1.805617663501779e-13,2.315136572911390e-16,6.292649985864456e-18,2.602738581400084e-06,1.837299330561717e-05,3.047967185095695e-08,2.165984475051402e-06,1.479048316909396e-06,4.029942317840235e-12,7.593553130541671e-12,4.508936238085466e-12,1.099675406690130e-10,5.728989605612658e-11,2.451570518452917e-11,1.589650194375891e-11,1.136859079309593e-01,7.826724113001520e+03,0.000000000000000e+00,2.288795308436845e+03,1.013250308419644e+05,

