1
0
56
1
(4 0
((0,0) (15,255) (0,0))
((0,768) (15,1023) (0,0))
((0,512) (15,767) (0,0))
((0,256) (15,511) (0,0))
)
4
FabOnDisk: SD_5_New_MF_D_0003 0
FabOnDisk: SD_5_New_MF_D_0000 0
FabOnDisk: SD_5_New_MF_D_0001 0
FabOnDisk: SD_5_New_MF_D_0002 0

4,56
-7.856689178360529e+00,-1.681234117004700e+01,-2.627922108421965e+01,-6.108219214797157e+00,-9.958476754728597e+00,-8.937445908641010e+00,-1.119046178705709e+00,-6.350586683269159e+02,-2.865445372055478e-01,-8.397861607846929e-01,-1.000940404677206e-01,-1.392327479326417e+01,-1.302596320496151e+01,-1.555012831172685e+00,-1.055430198249244e+01,-4.728502307796506e-01,-7.699279222385715e-02,-2.949570310034021e+00,-1.530284643712650e+02,4.499862532288471e-22,-1.029304997178853e-01,-4.797335975461876e+01,-1.849262005393693e+00,-1.990347906639512e+02,-7.888307299198090e+00,-2.532788321043566e+01,-4.862696567111134e+00,-2.939339429755298e+00,-9.593483310111485e-03,-2.012478559877744e+00,-1.672365102972757e+00,-9.032563747940968e-01,-3.679476869722045e+00,-2.137100112829387e+00,-3.062473618614350e+00,-2.201607018179886e-01,-3.220180545322043e+01,-5.543523655401573e-01,-3.464153521246193e-01,-8.423125139911072e+00,-9.806853756292030e-01,-1.659750930710353e-02,-6.453035218843032e-04,-8.345926232869950e-02,-1.596857045835515e-01,-2.043692635872449e+00,-7.307113034705015e-02,-4.273573907546063e-01,-1.350212151574453e-01,-2.406749213017907e+01,-4.998452086412170e-01,-5.856137573287742e+02,-8.642179645874457e+01,-9.289174745145349e+00,-2.403163463444272e+01,-2.568185664131306e-10,
-3.866020641050253e-03,-3.077580984144466e-02,-9.030566019050518e-02,5.252198006223407e-07,-1.118866949430021e-02,1.061219888036178e-01,-6.922078023081096e-06,-3.444528926138955e-01,-9.279128382909067e-08,-3.300137485031889e-07,-4.062208924697294e-08,-2.265960383403346e-06,-2.843503053413170e-07,-7.027436241904575e-07,-2.020790853389807e-06,-5.115013695804590e-09,-1.938022487051403e-08,-1.715187773730463e-08,-4.920376480948654e-01,2.777160134981174e-01,-9.685885274088839e-08,-8.929685544042786e-06,-2.154809675945569e-07,-8.984101208283125e-06,-2.587904712652326e-06,-2.709550558631693e-09,-3.773178247196547e-06,-1.299554004817408e-06,-1.026320518348312e-08,-5.888301588367595e-09,-7.488020214382371e-07,-3.212128352833290e-07,-2.822711596797255e-08,-1.410048665618082e-07,-2.561246028249193e-07,-6.119978338828344e-09,-3.375518726987722e-07,-2.981317772044775e-06,-8.537466058109577e-12,-5.797114706091835e-09,-1.127467332992692e-10,-5.144168984317458e-14,-2.546843102103608e-15,-7.337853069347083e-04,-5.079006640225415e-03,-1.261144974677660e-05,-4.556468026931520e-05,-2.860487589272596e-05,-1.731352888124779e-09,-4.874791360341073e-08,-1.961477121528328e-06,-2.030958475192518e-06,-8.759549423579509e-07,-5.528314652545681e-07,-2.437911632434083e-07,-2.112212835192473e-11,
-1.284652268489511e-02,-9.657382417408644e-02,-2.087479338106304e-01,2.129878656057967e-06,-2.996827610295073e-02,1.862730249013001e-01,-2.394049388147352e-05,-8.487640814452803e-01,-1.433564456433670e-07,-4.370586140633172e-07,-6.594801233027042e-08,-2.525057449719890e-06,-2.048267275565841e-07,-2.403418813501566e-06,-2.947447014278999e-06,-7.925277279986051e-09,-3.574666136772454e-08,-2.559847292115171e-08,-1.174438852050384e+00,7.950750675393848e-01,-1.265715479261755e-07,-9.749398180567109e-06,-4.228292197711881e-07,-1.737463817431453e-05,-1.630028907263590e-06,-3.939511373879174e-09,-2.626202427144643e-06,-1.055545151687748e-06,-3.626501474249333e-08,-1.493625510573466e-08,-1.823366649639833e-06,-7.012202517195738e-07,-1.001361366465352e-07,-4.279634087997594e-07,-8.490921864568867e-07,-1.503751941617316e-08,-6.514460108221210e-07,-4.440702593060626e-06,-3.135035575204226e-11,-2.565453383556134e-08,-1.066134060551266e-10,-8.360445327837462e-14,-2.947723961429028e-15,-1.224120468661860e-03,-8.711746177072025e-03,-1.052540656699111e-05,-2.713845674919800e-04,-1.757958949600404e-04,-7.644810263197475e-09,-1.760439811932854e-07,-1.777245562241506e-06,-3.299377072736376e-06,-5.257089378112186e-06,-1.885182664308119e-06,-1.452382558577886e-06,-2.178390801077512e-11,
-1.809590462866572e-01,-8.659867626934856e-01,-5.469408686241951e-01,-6.099170426534323e-04,-1.378014011032484e-01,5.044428848905830e-01,-3.081759572210040e-04,-4.401517345064929e+00,-5.117943251736648e-07,-8.416159624130730e-07,-2.170347420719687e-07,-1.558422994663171e-05,-2.737707031761551e-07,-3.566142875958783e-05,-9.343635512046266e-06,-3.351624722559984e-08,-2.260407947914088e-07,-1.312000873569066e-07,-5.226723461965950e+00,1.887015546631730e+00,-9.827764796035572e-08,-5.956264203869628e-06,-2.884280442580733e-06,-8.479947880372944e-05,-3.588649223518957e-06,-1.278843451557542e-08,-8.727706318316093e-07,2.120538556090904e-07,-9.463048109965014e-08,-1.126200414416386e-07,-5.159113422159305e-06,-2.318957251934676e-06,-1.930913553507562e-06,-2.478516903414174e-06,-5.669751053038762e-06,-1.483343513178080e-07,-4.840213985171967e-06,-6.231192327926489e-06,-1.600025710035499e-09,-1.541047648227349e-05,-1.051249596832840e-08,-3.143465032038110e-11,-8.724496082654776e-13,-1.419741098725985e-03,-1.046502637836517e-02,1.589181735771955e-06,-2.046111170606961e-02,-1.428678741787452e-02,-2.782340032053155e-07,-4.676456753035977e-06,-2.203961018950669e-06,-7.602493539857122e-05,-3.071653515939929e-05,-1.892474558592999e-05,-8.491450477725042e-06,-9.120226795999997e-11,

4,56
5.955834003460040e+00,3.727098141750056e+01,5.243502145260209e+01,7.634368841559666e+00,1.289048766045481e+01,3.180267688286143e+02,6.231205167956730e-01,7.980305596788639e-06,6.236575983279239e-01,1.367860162918218e+00,1.577106722729551e-01,2.611562396974827e+01,1.618425789354199e+01,1.988831905231322e+00,1.559158155012108e+01,4.548827720444258e-01,1.370896774801915e-01,2.932402776229911e+00,4.591223088010323e+02,3.261007398653046e+02,1.940679921036881e-01,5.724477888686477e+01,3.901516311724621e+00,2.897546592668073e+02,1.351000414356203e+01,2.665940434580211e+01,8.408972505807100e+00,3.450032048844960e+00,1.625061514284590e-02,3.784998413442378e+00,2.527369662008159e+00,1.031108867923707e+00,3.827206228172253e+00,2.257809981935980e+00,3.660904916725579e+00,1.991098013015937e-01,3.444071577328516e+01,1.130655473748111e+00,6.236333807177397e-01,7.860472531316936e+00,1.317551773485720e+00,4.052561535542401e-02,9.963253464468469e-04,7.479998579228990e-02,4.082458129781905e-01,2.368581471965574e+00,4.610810980366352e-01,6.566204615487692e-01,1.807931648141003e-01,1.643425311687674e+01,8.563378415705751e-01,2.113073635436197e-01,8.901278924592748e+01,1.400207115956489e+01,2.489212129842331e+01,2.745537130977027e-10,
-1.995707629131129e-03,-1.216362510613035e-02,-3.476882468144465e-02,6.468200656193094e-06,-6.025449978394005e-03,1.856659725144464e-01,-1.699194103943551e-06,-1.580638294580263e-01,-3.891746145393325e-08,-1.534845874556603e-07,-9.372992965670084e-09,2.303294566675924e-07,-1.272454224206494e-08,-1.951904420727910e-07,-8.313837807087680e-07,-1.241896760291548e-09,-4.723601134226125e-09,-3.936017019982531e-09,-1.690824635767749e-01,7.926790653344343e-01,-5.829881664871919e-08,-5.173406243662915e-06,-7.320553048763687e-08,-3.653569305196870e-07,9.369169093587324e-07,1.359041936801064e-09,-1.771295038955052e-06,-7.489127947084902e-07,7.933135634391582e-09,-1.958491551829830e-09,2.709452504192701e-07,1.359189222011496e-06,1.172414142012140e-07,4.964439185653606e-07,7.827705453270969e-07,1.145296928624773e-08,6.608031746172828e-07,4.425345355962317e-06,1.314498906370435e-11,8.107459659721536e-09,-9.416691861893545e-11,-2.302623060721471e-14,-1.542182815530702e-15,-4.584626273237651e-04,-3.127109484281030e-03,-1.053456338692715e-05,-1.236240917614781e-05,-7.541941649975116e-06,2.160992640305476e-09,1.543519436140423e-07,4.637587599181939e-06,4.774452050457822e-06,4.544307764131884e-06,1.692748119123033e-06,1.253857733904915e-06,2.164537993287752e-11,
-3.686679535590837e-03,-3.089004621594153e-02,-9.057238375108087e-02,7.579949259805603e-06,-1.122544547123422e-02,5.020629984448709e-01,-6.888933174534250e-06,-3.455118382431755e-01,-5.807846755425026e-08,-4.329830415356422e-08,2.250152728600187e-08,1.129586934928947e-06,1.711373292977276e-07,-6.746203879897583e-07,-3.023940276425391e-07,3.264134240702024e-10,-2.550242697620637e-09,2.423824506349468e-09,-4.935365858378157e-01,1.879683304357569e+00,-3.434423491488067e-08,-2.995719567022127e-07,-1.143247964350332e-07,2.461958566183053e-06,8.714050771259796e-07,1.776781303258907e-09,3.186909811721084e-07,6.860886761291085e-07,1.286398940844859e-08,-3.879657570582292e-09,3.287968116414769e-07,2.149383312162525e-06,3.147673117895675e-07,9.610709665748863e-07,1.678328032264667e-06,3.711901842285025e-08,1.535257106043252e-06,4.929956812559227e-06,5.386603554305016e-11,3.965316597330033e-08,7.146082920083212e-11,-5.066986481862106e-14,-1.627878391380741e-15,-7.351832886266466e-04,-5.089241394304295e-03,1.583513589041604e-06,-4.576268933084144e-05,-2.870630699264031e-05,7.642364454885128e-09,4.015612699896355e-07,3.643966918745831e-06,6.802461409220666e-06,1.018138972548262e-05,4.401778405737265e-06,2.796410924922225e-06,2.266225401781341e-11,
-1.292641777062216e-02,-9.711056261736571e-02,-2.095161600516369e-01,2.036582214205838e-06,-3.010623512522700e-02,3.101312046649975e+00,-2.406214984274135e-05,-8.523126359751456e-01,7.364096882755681e-07,2.096459597471725e-06,2.574476102224208e-07,1.613856833247782e-05,1.291332485618901e-06,-2.236620372792528e-06,1.290314464845906e-05,3.420177674774731e-08,1.562218241964253e-07,1.103932163682452e-07,-1.179050886311966e+00,8.265855026907124e+00,6.038410029528979e-07,4.519055142870726e-05,1.808048342191079e-06,7.381250220159046e-05,2.594584761886132e-06,1.034316909656866e-08,1.423587932328411e-05,5.082398155338316e-06,2.246513230471818e-08,4.303681897381851e-08,4.247106610746952e-07,2.946725620813553e-06,1.527955165442769e-06,2.676524419769573e-06,5.459974631682914e-06,4.329708749095785e-07,9.373767762535966e-06,1.023647274963961e-05,1.694102172386813e-09,5.121564144568765e-06,3.933621651449393e-10,2.603534335159978e-13,1.275721157169196e-14,2.157510158963946e-03,1.561751428941204e-02,6.898992199776363e-05,-2.739292629286387e-04,-1.774564783564912e-04,3.191825854853061e-07,5.252440671834119e-06,4.276957565733321e-06,7.840213352922634e-05,3.989985695472883e-05,1.077394737529375e-05,1.108290592313633e-05,8.198330903042006e-11,

