1
0
56
1
(4 0
((0,0) (15,255) (0,0))
((0,768) (15,1023) (0,0))
((0,512) (15,767) (0,0))
((0,256) (15,511) (0,0))
)
4
FabOnDisk: SD_5_Old_MF_D_0003 0
FabOnDisk: SD_5_Old_MF_D_0000 0
FabOnDisk: SD_5_Old_MF_D_0001 0
FabOnDisk: SD_5_Old_MF_D_0002 0

4,56
-7.845247751624563e+00,-1.679266960508640e+01,-2.626665375438965e+01,-6.089438241156071e+00,-9.621306061217137e+00,-8.920031670876156e+00,-1.119034851528527e+00,-6.352688086339535e+02,-2.645060410141959e-01,-8.448545050946381e-01,-1.009514040208411e-01,-1.383954797640886e+01,-1.303549285121549e+01,-1.573474900391807e+00,-1.049339705520909e+01,-4.716009538423462e-01,-7.745659910951504e-02,-2.945509455448508e+00,-1.531956914284660e+02,4.781103940556500e-22,-1.045480209588045e-01,-4.848243491191341e+01,-1.846360036129253e+00,-1.992808899085759e+02,-7.823286419405907e+00,-2.531670426508458e+01,-4.899909210587953e+00,-2.966533783720422e+00,-9.596683748072076e-03,-2.012993256046099e+00,-1.673130091529268e+00,-9.155449772032630e-01,-3.664560488469368e+00,-2.127703886418201e+00,-3.045500706332695e+00,-2.200647333453782e-01,-3.214545057672373e+01,-5.543353951434427e-01,-3.452026110822407e-01,-8.424502524533400e+00,-9.469661391145833e-01,-1.648446977938371e-02,-6.484345612945343e-04,-8.315001657601932e-02,-1.605100579006061e-01,-2.041227092174029e+00,-7.234045989996404e-02,-4.106044433461546e-01,-1.363196955705911e-01,-2.390122176013421e+01,-5.045678754658282e-01,-5.880163046447502e+02,-8.630148092883078e+01,-9.324810843667089e+00,-2.386549478912002e+01,-2.561932888056617e-10,
-3.868731399826102e-03,-3.077533959147127e-02,-9.030451049767936e-02,5.173330369153227e-07,-1.118864896202127e-02,1.061146869462067e-01,-6.921201716134821e-06,-3.444446177651116e-01,-9.454571579195323e-08,-3.383386706579234e-07,-4.203833909060650e-08,-2.207827387987752e-06,-2.855502924616979e-07,-7.085027956708781e-07,-2.225387687536887e-06,-5.625350882800682e-09,-2.080396745412834e-08,-1.970603812961462e-08,-4.920207885634663e-01,2.776252969869798e-01,-9.450709007121775e-08,-8.792582049234441e-06,-2.290753842110388e-07,-8.009583501031300e-06,-1.792971156474082e-06,-2.513245045919931e-09,-3.694343845046850e-06,-1.316084178213968e-06,-1.208854547524814e-08,-5.659648558979770e-09,-6.777662438393998e-07,-3.098445183484433e-07,-2.860436798261354e-08,-1.668639773533812e-07,-3.968487502720606e-07,-7.410519832616445e-09,-3.505937962918303e-07,-3.144935729524104e-06,-7.979332329830314e-12,-5.330778254913078e-09,-1.104409248043476e-10,-5.136167214449957e-14,-2.543475523509119e-15,-7.337353291679836e-04,-5.078663945559104e-03,-1.261462524382250e-05,-4.555944267456155e-05,-2.860132009393756e-05,-1.649930155117635e-09,-4.748859208978470e-08,-1.700820467690548e-06,-1.848919987146090e-06,-7.519965527727371e-07,-4.413697528690034e-07,-2.091928113570280e-07,-2.089470957367112e-11,
-1.284455661695445e-02,-9.656211896934465e-02,-2.087319775506254e-01,2.131968286663389e-06,-2.996569904496598e-02,1.862715004030331e-01,-2.393758534312755e-05,-8.486902271533733e-01,-1.545642796005910e-07,-4.097297898512690e-07,-5.741635539050818e-08,-2.644983360135133e-06,-2.110801785023352e-07,-2.426674153439398e-06,-2.950918277129158e-06,-8.274510338709840e-09,-3.643811905065655e-08,-2.588610432299838e-08,-1.174344586817349e+00,7.950443319761383e-01,-1.145506210326117e-07,-9.187883832812803e-06,-4.450060478971341e-07,-1.415348785987436e-05,-1.518521296848232e-06,-4.130391997683925e-09,-2.510857432756885e-06,-1.019017470305483e-06,-3.887948087355756e-08,-1.513488419783376e-08,-1.958781697139437e-06,-6.383901345193545e-07,-1.581591021546673e-07,-5.958169000239351e-07,-1.034806855203121e-06,-1.259231259831481e-08,-6.644215175656288e-07,-4.756843440654695e-06,-2.280500878144559e-11,-2.492318005721749e-08,-1.047334332030363e-10,-8.321683811286552e-14,-2.932118054408781e-15,-1.223992539581777e-03,-8.710814633075272e-03,-1.052817762655906e-05,-2.713149393708269e-04,-1.757504190294587e-04,-7.325517052238215e-09,-1.891930145980737e-07,-1.905267992083097e-06,-3.241856442293349e-06,-6.422023956743245e-06,-2.538856554000737e-06,-1.770639686000103e-06,-2.301972501506100e-11,
-1.808777239216557e-01,-8.648856218818350e-01,-5.462697148537480e-01,-6.090590272278966e-04,-1.381522883259819e-01,5.043916832292309e-01,-3.078383923364507e-04,-4.399157983147887e+00,-4.931948644181914e-07,-8.157177369591975e-07,-1.947766169225178e-07,-1.587973305392713e-05,-1.751807967713976e-07,-3.556353373045967e-05,-7.714284376266361e-06,-2.435247615461050e-08,-1.629060537519348e-07,-8.519282073148883e-08,-5.215483586469192e+00,1.886861319838800e+00,-1.020096036884380e-07,-6.330631132379166e-06,-3.409252576414227e-06,-8.341068814285120e-05,-3.419027481090981e-06,-1.504787759058366e-08,-9.304171121915220e-07,1.881807845909634e-07,-1.008027302037889e-07,-8.657305203195425e-08,-3.629950080893274e-06,-1.527634421024738e-06,-2.139989870335324e-06,-3.195549379606308e-06,-8.573379076088532e-06,-2.262916311605113e-07,-5.733382241459671e-06,-5.765450887674886e-06,-1.337155952763270e-09,-1.817546818161155e-05,-1.035040379657912e-08,-3.094448065986208e-11,-8.586830038033533e-13,-1.419626617394056e-03,-1.046433769588590e-02,1.615534127446055e-06,-2.042534207237538e-02,-1.426182107495897e-02,-2.436864705560217e-07,-6.455474100424964e-06,-2.112409521792872e-06,-1.075657003428432e-04,-4.827920728700763e-05,-2.734934089653665e-05,-1.334333428049144e-05,-1.141655658898344e-10,

4,56
5.969038960332119e+00,3.604213289046307e+01,5.366872027960666e+01,7.593607446224176e+00,1.287139169327397e+01,3.183003493296565e+02,6.227262035294723e-01,8.086272005769501e-06,6.236993852886052e-01,1.363766959946467e+00,1.586103089154781e-01,2.603258436272649e+01,1.612295450874234e+01,1.978441720815776e+00,1.561128512382240e+01,4.570776936148798e-01,1.371022244641212e-01,2.928314398695516e+00,4.591392821808271e+02,3.200395063989336e+02,1.947744570015830e-01,5.716643921578063e+01,3.889510924740488e+00,2.883726072072781e+02,1.357118079281191e+01,2.651031673206747e+01,8.450083586934198e+00,3.453229685662953e+00,1.625928477302289e-02,3.795333050239334e+00,2.536838333689194e+00,1.036207034107118e+00,3.811727516956586e+00,2.259477763117474e+00,3.666347723507744e+00,1.987353743393531e-01,3.456429237806354e+01,1.145155164553120e+00,6.143847278421048e-01,7.854792162007210e+00,1.313247024002305e+00,4.059083587127277e-02,9.975253096960500e-04,7.424111651253412e-02,3.914604905600582e-01,2.346516339655795e+00,4.618768807796435e-01,6.553634358024776e-01,1.808353477210335e-01,1.649080456799006e+01,8.649458032021057e-01,2.253277472114202e-01,8.968537374709304e+01,1.388544815657265e+01,2.508578988474391e+01,4.911271389573812e-10,
-1.995399572387016e-03,-1.215872187340125e-02,-3.473783962424534e-02,6.467449500451595e-06,-6.023869202266717e-03,1.856665402519795e-01,-1.699965369107280e-06,-1.580634768582553e-01,-4.033095828807604e-08,-1.574504193637348e-07,-9.012989320819991e-09,3.292485226516299e-07,-4.850262520871126e-08,-1.941513478851056e-07,-8.749255977649696e-07,-1.392108124600624e-09,-5.219798303741745e-09,-4.745892394633845e-09,-1.690248366470985e-01,7.926521609488452e-01,-5.965270800105829e-08,-5.314671551487371e-06,-7.391158380710288e-08,-1.897418923247946e-07,8.851211633337863e-07,1.271780863131072e-09,-1.802616146688531e-06,-7.429106336816105e-07,5.597584242548828e-09,-1.963892436219324e-09,1.464937397025246e-07,9.367622645670600e-07,1.174566523867082e-07,5.901985203610580e-07,1.025132327132786e-06,1.360665720401007e-08,7.207117873247573e-07,4.612095221096437e-06,1.395920530510628e-11,8.777040891503483e-09,-9.399382328299182e-11,-2.306322890211871e-14,-1.545975765904244e-15,-4.584629839276053e-04,-3.127080975944840e-03,-1.053295386065774e-05,-1.235598153553428e-05,-7.538390228264360e-06,2.207162861264793e-09,1.588003717216660e-07,2.065988151749778e-06,5.125374238667655e-06,3.858416680697518e-06,1.538355742532191e-06,1.058553463116274e-06,2.092712114709627e-11,
-3.686801519776358e-03,-3.088929311485942e-02,-9.057029236543161e-02,7.578873486048840e-06,-1.122524406914421e-02,5.020132558504300e-01,-6.889738441619485e-06,-3.455015487332662e-01,-5.969658112427349e-08,-6.382804258670261e-08,3.425650640679920e-09,1.163251233781870e-06,1.701495765169283e-07,-6.736219639797511e-07,-1.965123853918062e-07,-6.980994300202304e-12,-3.013273112268172e-09,1.982718866517171e-09,-4.935177280975857e-01,1.879532222644008e+00,-3.012231971727231e-08,8.374300824880564e-08,-1.046232217277800e-07,3.261373496871165e-06,9.020404637984336e-07,1.871084673235630e-09,3.262443306456854e-07,6.667589658709257e-07,1.175144912639908e-08,-3.899942165670799e-09,4.888476820612270e-07,2.059613159241276e-06,3.067987153078188e-07,9.551539658615227e-07,1.697702665946376e-06,3.155433996881373e-08,1.487754200819866e-06,5.327085843169832e-06,4.905602245394073e-11,5.397583800633798e-08,7.004239043026090e-11,-5.025583681383363e-14,-1.660206001123400e-15,-7.351329110985797e-04,-5.088876522535903e-03,1.576972791406409e-06,-4.575947804883633e-05,-2.870458060232780e-05,8.085181709079453e-09,4.204814479374731e-07,3.314093549627550e-06,7.179086295821142e-06,8.763318556695695e-06,3.588286419554770e-06,2.417527907319559e-06,2.388611530790286e-11,
-1.292451459020393e-02,-9.709912416161127e-02,-2.094980814776120e-01,2.045756909674418e-06,-3.010363126887937e-02,3.104109943950445e+00,-2.406011863030436e-05,-8.522361413372807e-01,8.373794686365615e-07,2.565488112496325e-06,2.946341263625910e-07,2.144287476986962e-05,1.867321064676073e-06,-2.169846723231907e-06,2.368749270770013e-05,5.711663061826836e-08,2.469139230053006e-07,2.065489116961177e-07,-1.178958033266548e+00,8.248187962906513e+00,5.998219462253272e-07,4.475943383409343e-05,2.572843126833589e-06,9.913044355002647e-05,2.580031459324151e-06,1.066034012447542e-08,1.487303224590672e-05,5.121989632861855e-06,2.319357766013880e-08,5.067561015414538e-08,4.571482200955561e-07,3.393948111179942e-06,1.302426561312681e-06,2.028586733439364e-06,5.423096298409093e-06,2.180669394212788e-07,5.136120576730470e-06,9.790167943356966e-06,1.676531489089539e-09,4.592564036608657e-06,3.947930304248286e-10,2.424837911500062e-13,1.238844521693583e-14,2.150887331763955e-03,1.556696199514552e-02,6.897110353381206e-05,-2.738527420772187e-04,-1.774007831068458e-04,3.818326065978461e-07,6.137878398824830e-06,3.482720076416284e-06,1.039991262934517e-04,3.315345004836739e-05,1.460183467088521e-05,9.187469535049666e-06,1.072435473759015e-10,

