1
0
63
1
(4 0
((0,0) (7,127) (0,0))
((0,256) (7,383) (0,0))
((0,128) (7,255) (0,0))
((0,384) (7,511) (0,0))
)
4
FabOnDisk: SD_0_Old_MF_D_0003 0
FabOnDisk: SD_0_Old_MF_D_0001 0
FabOnDisk: SD_0_Old_MF_D_0002 0
FabOnDisk: SD_0_Old_MF_D_0000 0

4,63
-9.914858876275135e-07,2.154174399251771e+00,1.583132422243783e-01,5.879922630607687e-23,2.472322638726871e-21,7.983685123932568e-17,2.178871491163684e-11,8.378400209214789e-08,5.523231574151490e-09,8.770364259977334e-12,2.912591468530941e-03,0.000000000000000e+00,0.000000000000000e+00,0.000000000000000e+00,0.000000000000000e+00,0.000000000000000e+00,6.425682463107967e-23,0.000000000000000e+00,0.000000000000000e+00,0.000000000000000e+00,0.000000000000000e+00,1.343021533532467e-09,6.906535358485945e-11,6.548539916801396e-34,0.000000000000000e+00,0.000000000000000e+00,0.000000000000000e+00,0.000000000000000e+00,0.000000000000000e+00,0.000000000000000e+00,0.000000000000000e+00,0.000000000000000e+00,0.000000000000000e+00,0.000000000000000e+00,0.000000000000000e+00,0.000000000000000e+00,0.000000000000000e+00,0.000000000000000e+00,0.000000000000000e+00,0.000000000000000e+00,0.000000000000000e+00,0.000000000000000e+00,0.000000000000000e+00,6.686200295279839e-16,6.832613700336160e-17,1.016509310337682e-18,1.930091025210391e-16,6.241898357949224e-17,2.568259002147686e-15,5.954735551545715e-16,1.072952490365445e-15,0.000000000000000e+00,0.000000000000000e+00,0.000000000000000e+00,0.000000000000000e+00,0.000000000000000e+00,0.000000000000000e+00,0.000000000000000e+00,1.135625588246316e-01,3.804178519247628e+03,0.000000000000000e+00,4.430000294954609e+02,1.012598230923854e+05,
-1.217640997926387e-07,5.638327468663674e+00,1.469506512823267e-01,7.224761665087755e-06,6.966708154289355e-05,5.067993203574242e-04,1.327250123316487e-07,6.119870004294990e-05,1.235468583434558e-02,1.463862140784119e-08,1.326878153008105e-03,8.236762192893821e-11,3.960571364091151e-10,3.458109128078972e-11,1.521316988331252e-09,3.813952812071064e-10,1.135004300044159e-09,2.370318619411772e-09,5.186744906832733e-12,1.776238497278431e-11,1.795249910985837e-11,3.784259291621988e-03,2.304500660777299e-02,1.291289324564902e-10,1.269144499729976e-08,1.672821962157564e-10,5.058921041897736e-09,0.000000000000000e+00,5.325246364769790e-16,4.216723090503470e-09,2.207834678414443e-09,6.249547814906429e-15,4.031932892692716e-12,0.000000000000000e+00,1.712221601661666e-13,0.000000000000000e+00,0.000000000000000e+00,0.000000000000000e+00,0.000000000000000e+00,0.000000000000000e+00,0.000000000000000e+00,0.000000000000000e+00,0.000000000000000e+00,1.407449662869029e-13,3.927520440981540e-17,2.440651098518133e-18,9.399057499086708e-07,6.418517920280997e-06,2.501339874128583e-08,2.878256858909861e-08,1.776892477989848e-08,7.330810981770006e-13,0.000000000000000e+00,0.000000000000000e+00,0.000000000000000e+00,0.000000000000000e+00,0.000000000000000e+00,0.000000000000000e+00,1.053973118860829e-01,7.831306961839519e+03,0.000000000000000e+00,2.290785319830942e+03,1.013249900123815e+05,
-1.285934352369123e-06,5.378990901257884e+00,1.491174539245896e-01,1.052341769718202e-05,1.022686645808825e-04,5.958339416176657e-04,1.327460029944645e-07,7.193150924409382e-05,1.230009152972611e-02,2.246330673884750e-08,1.671652445396436e-03,1.388057416740516e-10,4.036121268323163e-10,5.068353733489566e-11,1.353118199968878e-09,1.915940682457611e-10,1.917167105132870e-09,2.800668662016370e-09,5.300012568629114e-12,2.638540369419169e-11,1.895893926438158e-11,4.299522313752790e-03,2.221960587395039e-02,1.273288173032306e-10,1.038716161598407e-08,3.040624976153357e-10,6.733218582062937e-09,0.000000000000000e+00,5.249283222573339e-15,2.869367991891646e-09,1.142185784183226e-09,2.715208820411438e-14,8.942527476331134e-12,2.972224405391867e-13,0.000000000000000e+00,0.000000000000000e+00,0.000000000000000e+00,0.000000000000000e+00,0.000000000000000e+00,0.000000000000000e+00,0.000000000000000e+00,0.000000000000000e+00,0.000000000000000e+00,4.108086862597579e-14,8.459143533002054e-17,2.601208069394969e-18,1.570124379103703e-06,1.082478920744774e-05,1.722923473523879e-08,9.787979329212409e-08,6.184677640317232e-08,1.453987715695409e-12,0.000000000000000e+00,0.000000000000000e+00,0.000000000000000e+00,0.000000000000000e+00,0.000000000000000e+00,0.000000000000000e+00,1.069558074653699e-01,5.460263193816849e+03,0.000000000000000e+00,2.140394127949267e+03,1.013247764136210e+05,
-6.839257969147624e-08,5.708180480485744e+00,1.460980841332891e-01,6.127118956663460e-06,5.850856568582426e-05,4.699812847061569e-04,1.349571158109029e-07,5.712778506837427e-05,1.235254504256520e-02,1.213978452346444e-08,1.186462845724038e-03,5.172952730419103e-11,2.738212937291987e-10,2.314754447171802e-11,1.094849675444094e-09,2.996122051415151e-10,8.763176695113207e-10,1.640388358729393e-09,3.574756813471153e-12,1.182627510505748e-11,1.259386055508830e-11,3.574360158608091e-03,2.343700006890130e-02,8.821394710455283e-11,9.097469377113341e-09,1.012330458325175e-10,3.395016111059770e-09,3.233531112009964e-14,9.301137558940107e-16,3.017666313255968e-09,1.633965921239847e-09,4.170513005224286e-15,2.205729780277899e-12,4.795514708831436e-14,8.239061076383524e-14,0.000000000000000e+00,0.000000000000000e+00,0.000000000000000e+00,0.000000000000000e+00,0.000000000000000e+00,0.000000000000000e+00,0.000000000000000e+00,0.000000000000000e+00,7.919862095688986e-14,1.767124464291375e-17,1.212941194381445e-18,5.932699722441399e-07,4.035152141682534e-06,1.810329244174101e-08,1.351115146411571e-08,8.262573345486768e-09,4.295153751036697e-13,0.000000000000000e+00,0.000000000000000e+00,0.000000000000000e+00,0.000000000000000e+00,0.000000000000000e+00,0.000000000000000e+00,1.047832010985351e-01,7.928297663858789e+03,0.000000000000000e+00,2.330729859373795e+03,1.013249934558826e+05,

4,63
1.139018805074678e-06,5.373876566951803e+00,8.373319523576700e-01,5.029864490579263e-05,4.323039536540931e-04,9.475195714392863e-04,1.149307384541206e-04,4.019983173857368e-04,1.299558815802736e-02,2.046192223211599e-05,1.827790743094541e-01,1.510729770377014e-06,6.695211319546615e-06,7.480659496272648e-07,2.346953632129794e-04,2.748976537952772e-04,1.995906042456723e-05,5.063263340453759e-04,1.445423058284756e-05,9.684505101364131e-07,6.808193056066599e-05,1.438857603177803e-02,2.221459914653038e-02,8.741620221042028e-07,6.431963969368626e-04,2.230367742701544e-05,4.581272507316885e-03,1.036343859090977e-04,4.809114479229519e-04,3.347086355896027e-05,1.112476979196108e-04,1.306967265384522e-07,3.184601718941919e-05,3.829961044728691e-05,1.235370640958114e-05,5.841325996215832e-05,3.144001621663198e-05,4.114840120940936e-05,3.069065746225929e-06,6.471827423202564e-04,1.082211058545654e-05,4.524725437468114e-06,1.116423451345468e-04,1.911387908271548e-05,7.134861489070498e-07,1.727045720839435e-08,2.505993433655795e-06,1.769815265544267e-05,2.980574051622438e-05,1.272485803006090e-05,1.617537502691158e-05,1.692344659934825e-06,4.238788881482670e-04,9.901121390523795e-06,5.259449849126229e-02,1.605314547240175e-03,1.425608053885829e-04,4.384321325330709e-04,6.019582886250090e-01,7.359658988812087e+04,0.000000000000000e+00,2.137537666051912e+03,1.013722059878546e+05,
1.464438452386430e-07,5.707844350122453e+00,1.490896561094718e-01,1.047756763018060e-05,1.018224999676225e-04,5.947619306117855e-04,1.349370433521650e-07,7.179575807463135e-05,1.235668432535115e-02,2.235093525979117e-08,1.667366392288701e-03,1.382396261492893e-10,5.359938173299925e-10,5.067220871320678e-11,1.909429099770639e-09,4.070711165413393e-10,1.906043990760417e-09,3.242552147246717e-09,7.036344831032448e-12,2.631453126090959e-11,2.362740469236700e-11,4.293220587016488e-03,2.343501735484362e-02,1.771321373464338e-10,1.588129211850938e-08,3.025477788824675e-10,7.266938470560385e-09,3.078237910122174e-13,5.640286055438313e-15,5.193268107869734e-09,2.504675701768064e-09,2.762644322970844e-14,8.879114152552607e-12,3.299215241971579e-13,2.855780437151289e-12,2.319208528582870e-13,5.381026442115889e-13,7.736301679161969e-13,9.672035027057356e-15,5.266920644864856e-13,2.177931161505905e-12,1.529769974827044e-17,1.062522986164530e-14,1.803791828608902e-13,8.414130821941325e-17,4.193689209132406e-18,1.563547212816389e-06,1.077820766321184e-05,3.025540575785989e-08,9.663053923392527e-08,6.103982846644231e-08,1.445279217818306e-12,7.099866316123016e-14,1.463087717471519e-13,4.028060892622202e-12,3.119390141951620e-12,3.831089459409871e-12,8.299465244749141e-13,1.069358030380981e-01,7.930404546968805e+03,0.000000000000000e+00,2.330538094701599e+03,1.013250061459808e+05,
8.478004734201872e-07,5.637461215158402e+00,1.581251991077990e-01,2.940824969315509e-05,2.716640349674390e-04,8.573601165457716e-04,1.945613112984276e-07,1.120572206665050e-04,1.235667383442083e-02,7.410520200549227e-08,2.891447599553994e-03,1.961962466660336e-10,5.632217439440628e-10,5.862102706202506e-11,1.939177547921743e-09,3.969859002473618e-10,7.141871985218230e-09,3.495922083991294e-09,7.382818633304755e-12,3.108187834173211e-11,2.457278694730520e-11,5.991209119523721e-03,2.304046574716357e-02,1.861354014606872e-10,1.605996270744815e-08,5.191182267189238e-10,8.138045654528204e-09,3.568554524382623e-12,3.540146727376922e-14,5.210019385028377e-09,2.489323822696250e-09,1.892020134245914e-13,2.230076588129311e-11,2.402174161120327e-12,9.659846094753355e-12,3.807538927778591e-12,4.755502860912485e-12,7.424544075380801e-12,1.908746428062490e-13,4.520923221011312e-12,4.826382012595406e-12,1.204933418575226e-15,1.948986058084914e-12,1.791883178288410e-13,1.179214721360203e-16,4.546385966610491e-18,2.506104239521363e-06,1.769738454399978e-05,3.031241083582689e-08,1.707940412215361e-06,1.163191420086436e-06,3.728740513413417e-12,4.479213759621428e-12,6.264347139067897e-13,5.580662191639331e-11,4.404863641417422e-11,3.933596703940767e-11,1.216113917360579e-11,1.134289607276117e-01,7.828810216038376e+03,0.000000000000000e+00,2.290279593244779e+03,1.013250441673638e+05,
4.405146459745268e-08,5.737933000071639e+00,1.469405165359114e-01,7.210894717011870e-06,6.952752908653965e-05,5.063627662314584e-04,1.366459528880778e-07,6.114888413058805e-05,1.235466628773409e-02,1.460681441536000e-08,1.325223973801540e-03,8.205118209526750e-11,3.949570091611291e-10,3.447263593360320e-11,1.517841510274107e-09,3.808980654197881e-10,1.131808486160553e-09,2.364057412144707e-09,5.172834232673764e-12,1.770727996128325e-11,1.790897028783380e-11,3.781775336465113e-03,2.360493159464497e-02,1.287490007012311e-10,1.266095576469051e-08,1.665666058877082e-10,5.044298882326101e-09,1.368935142933255e-13,2.323492163175269e-15,4.206650920610943e-09,2.203464452865822e-09,8.776894682178659e-15,4.010231887703208e-12,1.041441528499403e-13,8.407341249025454e-13,2.336856100544187e-14,1.075079100550478e-13,1.497316736821678e-13,1.070349563572407e-15,4.919671470520007e-14,1.149831438439055e-13,1.054382860780608e-18,1.184649836684554e-15,1.402124458141283e-13,3.902410843032853e-17,2.427832758500194e-18,9.362648659277536e-07,6.393353976367694e-06,2.495646547135436e-08,2.857126923969675e-08,1.763650500625725e-08,7.296099201106260e-13,4.010981103450024e-14,3.137396625115848e-14,2.304384038413610e-12,3.524217964600434e-12,1.857509193142372e-12,9.616158737050154e-13,1.053900192702388e-01,7.965411409837295e+03,0.000000000000000e+00,2.346732408381928e+03,1.013250068124337e+05,

