1
0
56
1
(4 0
((0,0) (7,127) (0,0))
((0,256) (7,383) (0,0))
((0,128) (7,255) (0,0))
((0,384) (7,511) (0,0))
)
4
FabOnDisk: SD_5_Old_MF_D_0003 0
FabOnDisk: SD_5_Old_MF_D_0001 0
FabOnDisk: SD_5_Old_MF_D_0002 0
FabOnDisk: SD_5_Old_MF_D_0000 0

4,56
-7.540196122783902e+00,-1.628374309435967e+01,-2.665060246204731e+01,-5.695736730897788e+00,-8.104993687317027e+00,-8.520690117734391e+00,-9.944619213145900e-01,-6.334182416463133e+02,-2.596013832188133e-01,-6.711181118408527e-01,-7.606196068979414e-02,-1.312705406808047e+01,-1.253141299250588e+01,-1.303640980410955e+00,-9.318318531333096e+00,-4.083221928962474e-01,-6.759649207943100e-02,-2.643780209415715e+00,-1.306578408724012e+02,7.636002019497518e-19,-8.188689131809040e-02,-4.824243950554251e+01,-1.609781494980070e+00,-1.966573374735993e+02,-7.018193626340936e+00,-2.515291573674256e+01,-3.686109750037220e+00,-2.829340642871640e+00,-7.850068712657910e-03,-1.908951593468243e+00,-1.605938170647729e+00,-9.271562137376085e-01,-3.698038567159697e+00,-2.134976278138212e+00,-2.975676803447031e+00,-1.931948451381776e-01,-3.228158147508378e+01,-5.674691718418603e-01,-3.105580173022805e-01,-8.313349331299685e+00,-1.011175463702578e+00,-1.637170551428126e-02,-6.742583280980782e-04,-7.870148314967008e-02,-1.754492513064135e-01,-2.029945196429176e+00,-7.038657230229217e-02,-3.779869525804774e-01,-1.264963811216986e-01,-2.356203134088322e+01,-5.143167180699579e-01,-5.406164700506888e+02,-8.430507201280329e+01,-8.687315126150207e+00,-2.344208911517654e+01,-1.682565198279917e-10,
-1.237486125078395e-02,-9.293544886202185e-02,-2.033506347605354e-01,2.896426665043196e-06,-2.905399225031154e-02,1.844790689892920e-01,-2.291280339123667e-05,-8.236812172742981e-01,-1.112798996488263e-07,-2.692754216134568e-07,-3.073849065108280e-08,-1.163908524213221e-06,-1.105210259537652e-07,-2.265502322941077e-06,-1.755949986398300e-06,-4.161700454625650e-09,-1.808048585248557e-08,-1.406796267180798e-08,-1.140180025049705e+00,7.799170388492885e-01,-8.243878259065307e-08,-6.411165582940623e-06,-3.052998311103254e-07,-5.628011724977799e-06,-1.915280680913522e-07,-9.895635766256253e-10,-1.987898918284962e-06,-8.202505820645163e-07,-6.072672310458483e-09,-1.303219388345604e-08,-3.465238425711721e-07,-2.672230508301286e-07,-3.310862614437865e-08,-8.144830465376742e-08,-1.378033020525263e-07,-4.500758963018541e-09,-2.218679999450431e-07,-1.087676208131212e-06,-7.648581067580225e-12,-4.570026734800905e-09,-9.919315127571994e-11,-8.153111377079771e-14,-2.721444823581471e-15,-1.202280175334744e-03,-8.545036181504297e-03,-1.057859684559045e-05,-2.527271721250432e-04,-1.634975329256959e-04,-2.879601880775295e-09,-5.796271792868809e-08,-3.715266057734202e-07,-6.771036281337108e-07,-4.601003700414052e-07,-6.065403027834713e-07,-1.337934999896026e-07,-1.384070635879198e-11,
-1.572445202051296e-01,-7.611203651784255e-01,-5.226236739331980e-01,-5.142705044173866e-04,-1.511614072495673e-01,4.911705093320459e-01,-2.700821693037615e-04,-3.977025261479807e+00,-1.791845895931261e-07,-1.491869700718560e-07,-6.737142567369226e-08,-5.383549968260243e-06,1.368407991406391e-07,-2.736607202608338e-05,-1.407971477876180e-06,-3.814198183551656e-09,-5.705119522604247e-08,-1.749972107238999e-08,-4.340935776275119e+00,1.839503169216764e+00,-4.507920010818885e-08,-1.043633247586817e-06,-1.193692319433145e-06,-2.701646898650627e-05,-5.622006023612974e-07,-3.347278145853492e-09,1.022393495601362e-07,5.910760284160783e-07,-5.648656296262298e-09,-5.442665623010985e-08,-1.582119248044017e-07,-3.432583019561942e-06,-1.497776453033554e-06,-2.479487009828941e-06,-5.717986714250624e-06,-8.720439714887005e-08,-2.733080351529656e-06,-1.149742056955720e-06,-5.336441104068768e-10,-7.557744817393390e-07,6.114317916512459e-11,-8.221895536843112e-14,-1.765584953334471e-15,-1.410434573076712e-03,-1.039789270084569e-02,1.012007582789691e-06,-1.508284721863016e-02,-1.053649007646201e-02,-1.401531272775873e-07,-2.950215724379281e-06,-9.582566601214532e-07,-5.308310896211071e-05,-2.728293141951750e-05,-1.961333444213353e-05,-7.476394459740915e-06,-3.893463329518454e-11,
-4.032116990104263e-03,-3.016382503122416e-02,-8.881077870662442e-02,1.992332705075305e-07,-1.103872399433592e-02,1.045644531372523e-01,-6.733461208503332e-06,-3.379020887907138e-01,-9.024854505541114e-08,-3.087825317394709e-07,-2.637642107594466e-08,-1.138424524051499e-06,-2.630975880735976e-07,-6.780539481070945e-07,-1.374749660920706e-06,-3.002785306895403e-09,-1.170512021267551e-08,-1.047577321629336e-08,-4.810854408295319e-01,2.676120192389150e-01,-8.470148071065293e-08,-8.302866255315712e-06,-1.530361161224500e-07,-4.464104486799158e-06,-2.984772557710166e-08,-4.504646248580322e-10,-3.770442294928496e-06,-1.235379932812623e-06,-3.397805991128349e-10,-4.539829622481083e-09,-1.889398783179054e-08,-6.638521844657306e-08,-5.328790719667183e-09,-1.957988925422877e-08,-1.773450287128559e-08,-7.988421252155046e-10,-3.697704120229594e-08,-2.712085790230753e-07,-6.840352567750530e-13,-3.443890090765306e-10,-1.060788299044132e-10,-5.007670260814163e-14,-2.502820432161360e-15,-7.224759174469753e-04,-4.998800211174747e-03,-1.276890043852021e-05,-4.393783084375064e-05,-2.755986694287568e-05,-7.509869402861497e-10,-3.176005885957242e-09,-1.080121969642230e-07,-1.854620671795666e-07,-1.483006578074600e-07,-1.131029558532665e-07,-4.082823295301857e-08,-1.223748880008202e-11,

4,56
5.575487322497112e+00,2.814578709980051e+01,4.312268815216137e+01,7.156166030236367e+00,1.302367258083841e+01,3.127690508444481e+02,5.788800146884582e-01,-6.344791879386857e-12,5.560113572308353e-01,1.338766701813637e+00,1.556592999233134e-01,2.329754092801422e+01,1.587582090442335e+01,1.720274479613568e+00,1.512600207860007e+01,3.952745018668199e-01,1.198789611326443e-01,2.808235617296919e+00,4.534494848642709e+02,2.798652215280013e+02,1.773791414124113e-01,5.697251935979556e+01,3.603390233332459e+00,2.833375797253405e+02,1.271773383819497e+01,2.662929698167589e+01,8.329288850588586e+00,3.172255619335099e+00,1.383394289245530e-02,3.723540429218092e+00,2.206614535312456e+00,1.094456566568252e+00,3.930552797951421e+00,2.152835943694256e+00,3.928697662315731e+00,2.026646579583025e-01,3.127816092724748e+01,1.426347750169730e+00,5.460463855203090e-01,7.869334869228195e+00,1.495767947502924e+00,4.482835404805918e-02,1.129921857290586e-03,8.260776664733085e-02,3.704899255850119e-01,2.383427707389100e+00,4.579537291980631e-01,6.875548102592499e-01,1.685110661998603e-01,1.616295538705990e+01,1.196856453628586e+00,1.929192077472262e+00,9.206036517971833e+01,1.408238247137711e+01,2.574442058460077e+01,2.148397015844239e-10,
-3.683162071743294e-03,-3.038324401153505e-02,-8.932615035300827e-02,7.532886021683446e-06,-1.111004105653841e-02,4.866302130863571e-01,-6.784809896210529e-06,-3.399876466657820e-01,-6.437453597558670e-08,-1.154266714135569e-07,-2.014798413197786e-08,-8.188550013485824e-08,1.477513758979466e-07,-6.811129064051753e-07,-8.555781706782899e-07,-1.388567234518207e-09,-9.898390360846485e-09,-3.553984082238529e-09,-4.840629694806198e-01,1.825135770160150e+00,-4.261488790295546e-08,-8.231289062996894e-07,-1.435599511225359e-07,-2.199213281207216e-06,8.028063972231679e-08,5.253804895124624e-10,1.956945447115338e-07,5.948410093474937e-07,5.003101501946906e-10,-4.514714726030324e-09,2.059104868473123e-08,1.042020056792927e-06,1.024844531888555e-07,2.502414900766760e-07,5.524518748820462e-07,5.757786707773287e-09,3.527245973980745e-07,1.207317783697457e-06,1.303978477362299e-11,7.437398448479790e-09,5.907180765512299e-11,-5.012459872132993e-14,-1.783159268485896e-15,-7.253512957060942e-04,-5.019337317434450e-03,8.142348814859250e-07,-4.440274359191516e-05,-2.785656373728384e-05,-2.720312471090131e-10,4.252750009729850e-08,3.333827866689038e-07,2.220884897183134e-06,1.670860819971593e-06,1.729421641715920e-06,4.513500641110822e-07,1.154604190034547e-11,
-1.252367533454270e-02,-9.395857343106719e-02,-2.048453097902904e-01,2.688157278565533e-06,-2.931995416922091e-02,3.045725449099807e+00,-2.319432863187890e-05,-8.305637044292804e-01,4.125035691255429e-07,1.382451981932325e-06,1.691489644837257e-07,1.373427754163030e-05,1.098217612034604e-06,-2.273448986028669e-06,1.109781811274577e-05,2.657791568870291e-08,1.042312599711091e-07,9.536301795834353e-08,-1.149225072355529e+00,6.872036839115820e+00,4.664396846739415e-07,3.530297169943925e-05,1.475467972139641e-06,6.195449752997475e-05,9.174957960280909e-07,6.779053697691536e-09,1.186640754408588e-05,4.357171654544553e-06,7.840911802006147e-09,2.438241504754959e-08,3.193951674701855e-07,3.167886997852211e-06,1.215169834987482e-06,1.464849456809094e-06,1.847344976647765e-06,8.662779034566092e-08,2.327511169059972e-06,1.669879632945659e-06,4.366016759573560e-10,5.173137585050119e-07,3.888856481587266e-10,5.644938947818701e-12,1.121733016364934e-13,1.190465135700595e-03,8.271911228882621e-03,6.244593087887361e-05,-2.574706370194861e-04,-1.666251381915013e-04,1.094632825237690e-07,1.821178727365537e-06,2.557379494647601e-07,1.807083756645349e-05,1.471112839418191e-05,1.259000744332262e-05,4.082469240367831e-06,1.049162978716822e-10,
-1.957369191221750e-03,-1.167291416896384e-02,-3.242275711940239e-02,6.397896008488917e-06,-5.909239518584419e-03,1.833167624590644e-01,-1.759776676504174e-06,-1.563205129703273e-01,-4.184103676046773e-08,-1.791920687519659e-07,-1.617857535098243e-08,-5.234067625610830e-07,-8.117501878253901e-08,-1.958262990721032e-07,-1.073849791729157e-06,-2.329754640969795e-09,-8.280434764987579e-09,-7.578813799161369e-09,-1.627232167257506e-01,7.751600562407363e-01,-5.979993815744593e-08,-5.520657358915342e-06,-8.537829725583000e-08,-2.362577404304520e-06,1.052625137846857e-08,5.781321061173677e-11,-1.847159241469615e-06,-7.981319518827675e-07,3.508388460829754e-11,-2.147692823688902e-09,3.055899114917744e-09,1.047611670567600e-07,8.828361410641514e-09,4.520708033287418e-08,6.801722069910563e-08,8.366805759296398e-10,4.775836591966818e-08,3.357386220422219e-07,8.635178591926921e-13,5.898013286709330e-10,-9.293630235366903e-11,-2.261559810038213e-14,-1.513008015335152e-15,-4.544962255994630e-04,-3.097836803400354e-03,-1.060279693253976e-05,-1.193243404915331e-05,-7.325078352834107e-06,-3.308408432110908e-10,1.383460345840179e-08,5.062745216826033e-08,8.233616639463569e-07,1.627462130245324e-06,9.277007954471625e-07,4.442574180505673e-07,1.136869764994941e-11,

