1
0
56
1
(4 0
((0,0) (7,127) (0,0))
((0,256) (7,383) (0,0))
((0,128) (7,255) (0,0))
((0,384) (7,511) (0,0))
)
4
FabOnDisk: SD_5_New_MF_D_0003 0
FabOnDisk: SD_5_New_MF_D_0001 0
FabOnDisk: SD_5_New_MF_D_0002 0
FabOnDisk: SD_5_New_MF_D_0000 0

4,56
-7.422871178948204e+00,-1.583868026256251e+01,-2.698297306068377e+01,-5.723152738711496e+00,-8.061312198381907e+00,-8.553381432043063e+00,-9.808652045615197e-01,-6.315494792526945e+02,-2.667908549882861e-01,-6.628855384222269e-01,-7.812407806001587e-02,-1.300958571633174e+01,-1.272964678834970e+01,-1.288172947329006e+00,-9.256327636489296e+00,-4.191216272480782e-01,-6.749580887140574e-02,-2.671832349483582e+00,-1.304298787342500e+02,6.153694361802492e-19,-8.362057925493835e-02,-4.819185996314523e+01,-1.665078807345772e+00,-2.004552185669044e+02,-7.328350075867136e+00,-2.511310195829704e+01,-3.824729856693649e+00,-2.861823968436693e+00,-8.093517902659926e-03,-1.884367893575117e+00,-1.598469604174070e+00,-9.194299885316849e-01,-3.750380622133322e+00,-2.166523808153860e+00,-2.836298252615549e+00,-1.865823561689246e-01,-3.239328183796898e+01,-5.922108100167687e-01,-3.101629282873598e-01,-8.349483754712187e+00,-1.018894275858581e+00,-1.662605984913246e-02,-6.593177300339122e-04,-7.950465165170960e-02,-1.658422010804595e-01,-2.036748653138590e+00,-7.033323237909030e-02,-3.639228909284953e-01,-1.208254627008141e-01,-2.201484892505691e+01,-5.039096737499730e-01,-5.707334854797936e+02,-8.681224147171233e+01,-9.027145790492286e+00,-2.401808412753091e+01,-1.527951098978519e-10,
-1.238873515096541e-02,-9.305610524422335e-02,-2.035302020791816e-01,2.870576287891327e-06,-2.908334648204560e-02,1.845597143497566e-01,-2.294761043601275e-05,-8.245389343420206e-01,-1.102245109023177e-07,-2.562537171487023e-07,-3.091912734145073e-08,-1.016995970697402e-06,-1.052950752687239e-07,-2.266447396163937e-06,-1.668113067246949e-06,-3.961747396397161e-09,-1.791295531643921e-08,-1.268241273309405e-08,-1.141406555500226e+00,7.806052848910304e-01,-8.504364595055399e-08,-6.630581633861531e-06,-3.037304749973771e-07,-5.437483527839622e-06,-1.710982733765581e-07,-8.604167248707495e-10,-2.089781052166987e-06,-8.641439248819461e-07,-5.231765857243049e-09,-1.295370007342282e-08,-3.251984352538110e-07,-2.769965843991628e-07,-3.834873911564758e-08,-1.440424734699911e-07,-1.927171929045897e-07,-5.176014866200716e-09,-2.296705728359572e-07,-8.837513485024400e-07,-8.154232257454312e-12,-5.823401350368989e-09,-9.962820984236916e-11,-8.152103467913454e-14,-2.722534958524152e-15,-1.202910012589837e-03,-8.549959910597942e-03,-1.057522680469784e-05,-2.533394203661726e-04,-1.639001082039576e-04,-3.058754410805071e-09,-5.366071791413290e-08,-2.996667878365728e-07,-8.732845254907286e-07,-5.181328672815420e-07,-6.610822752126798e-07,-1.364595056502956e-07,-1.347150169195288e-11,
-1.582136107147266e-01,-7.622540244958665e-01,-5.208330136450946e-01,-5.167506858215562e-04,-1.521705103383939e-01,4.916701823879651e-01,-2.709413332974861e-04,-3.991663390343716e+00,-3.233180882149344e-07,-2.892450762883265e-07,-1.306084388921812e-07,-1.018588466738429e-05,6.408497424394207e-08,-2.748284314686736e-05,-4.138492560542924e-06,-1.642227702381794e-08,-1.193576439367624e-07,-6.114419514977914e-08,-4.339167692748573e+00,1.841491311192244e+00,-4.736722945550109e-08,-1.239244304147989e-06,-1.971171707755241e-06,-5.333168930290026e-05,-6.288352847938852e-07,-5.034195291403623e-09,-3.813316985856000e-09,5.335110843973917e-07,-9.918247923162974e-09,-8.015947915482578e-08,-3.201526340524946e-07,-3.214756351281350e-06,-1.641360748912353e-06,-2.512502987300827e-06,-5.662560909505564e-06,-1.526705330035642e-07,-3.640679658780769e-06,-2.995920063907403e-06,-6.071423668000544e-10,-1.097764349105493e-06,6.025160102228737e-11,-8.319743345795770e-14,-1.782370192537879e-15,-1.410620715868390e-03,-1.039933094113652e-02,1.035399498138572e-06,-1.520884618637991e-02,-1.062619173401278e-02,-1.827977786814208e-07,-3.195513152001508e-06,-7.343214488732593e-07,-3.512825369836283e-05,-2.953236573984946e-05,-2.035570473125646e-05,-8.115931501115811e-06,-4.065592307256338e-11,
-4.028065466805121e-03,-3.018598641424702e-02,-8.886487642560080e-02,2.066728097390123e-07,-1.104382612133063e-02,1.046427263632959e-01,-6.739516287990678e-06,-3.381501047942873e-01,-9.021917620693023e-08,-3.086908401077483e-07,-2.637093347484568e-08,-1.138007990852701e-06,-2.629491897645708e-07,-6.799745312054241e-07,-1.617847394498050e-06,-3.754391100621071e-09,-1.399828334126261e-08,-1.285017215325974e-08,-4.815134926680889e-01,2.680971527985983e-01,-8.808140043994697e-08,-8.300851346337000e-06,-1.711468142615769e-07,-5.586857359274777e-06,-5.953435470374056e-08,-9.939074978579455e-10,-3.768622819455856e-06,-1.235158434586226e-06,-8.230549303881587e-10,-4.729590864719830e-09,-5.298961961395714e-08,-6.629548009931535e-08,-8.571736905496990e-09,-3.819594740763507e-08,-7.342784912117358e-08,-1.583543164231364e-09,-7.483804660396060e-08,-5.212851098070941e-07,-1.507974840865002e-12,-7.357955146429264e-10,-1.068291772452213e-10,-5.008203532402881e-14,-2.501904050016537e-15,-7.228368871437193e-04,-5.001372127208626e-03,-1.276782353465826e-05,-4.399337837421008e-05,-2.759554080949441e-05,-7.517395464583717e-10,-5.308401786973603e-09,-1.349958292126190e-07,-2.484945126056191e-07,-2.938995577465142e-07,-1.426936375795660e-07,-7.955022124381711e-08,-1.154823459081911e-11,

4,56
5.571741209492384e+00,2.815654956454473e+01,4.288638112989128e+01,7.319810599376724e+00,1.287108874286838e+01,3.109307815212680e+02,5.641178773453712e-01,-1.600565773668405e-11,5.616312278866321e-01,1.354002419163364e+00,1.527191736270283e-01,2.253901421804622e+01,1.546439450572436e+01,1.666188630578672e+00,1.547713837872534e+01,3.798518828826600e-01,1.222517436994355e-01,2.824096995495438e+00,4.584900531237745e+02,2.804850962067243e+02,1.750323528685124e-01,5.617344052608770e+01,3.654006554089454e+00,2.952680786197554e+02,1.119762616983914e+01,2.731011546881822e+01,8.239065481966154e+00,3.273968189602446e+00,1.445805787389143e-02,3.637702874522045e+00,2.306323054887172e+00,1.139060467976827e+00,3.771570748057292e+00,2.280476664275124e+00,3.765609329449270e+00,2.092315601226276e-01,3.335521417834487e+01,1.217432660321213e+00,6.024465030079504e-01,8.054703321346839e+00,1.419041466885518e+00,4.472324154569334e-02,1.124134825307888e-03,7.568001427322556e-02,3.599674266027896e-01,2.214107795568979e+00,4.660998724080971e-01,6.720746062176933e-01,1.844297528217919e-01,1.639936315220884e+01,1.003582830188386e+00,2.106813525576264e+00,8.923775626386150e+01,1.449427255800435e+01,2.493270146577443e+01,1.796252036001533e-10,
-3.683374197090952e-03,-3.040621410140728e-02,-8.938209329787632e-02,7.532724908192434e-06,-1.111521737441045e-02,4.871164023985327e-01,-6.790909037113322e-06,-3.402382275037641e-01,-6.366354413225592e-08,-1.140510976837074e-07,-1.977259713308369e-08,-8.277639826431323e-08,1.471224184306478e-07,-6.819925900334383e-07,-8.579597556069270e-07,-1.352627571647837e-09,-1.019866281446124e-08,-3.504370076854483e-09,-4.844935589913286e-01,1.827083460975242e+00,-4.285288077096301e-08,-8.389667994113614e-07,-1.416700221239752e-07,-2.248510201079089e-06,8.351869573528140e-08,6.241407979535115e-10,2.106629728917146e-07,5.979194171291780e-07,9.012549579262143e-10,-4.513457304847822e-09,2.923295053734587e-08,1.054318533821342e-06,1.352658835532691e-07,3.312280641178448e-07,3.920999214324828e-07,1.468847797671065e-08,4.237443637857699e-07,1.327903967732701e-06,3.257705061193928e-11,1.592597994645749e-08,5.913603952341975e-11,-5.019128052823204e-14,-1.792078010289803e-15,-7.257143710286940e-04,-5.021925375330014e-03,8.403173547317747e-07,-4.445938619987881e-05,-2.789247892734396e-05,5.080179646491738e-10,6.449176716736130e-08,4.569851844076808e-07,2.025028402131303e-06,1.690005315242433e-06,1.819787611959535e-06,4.526767376111233e-07,1.215916256569471e-11,
-1.253786883443529e-02,-9.408219241895041e-02,-2.050298850667705e-01,2.659451066736204e-06,-2.935015733146845e-02,3.062254832404497e+00,-2.323035974627837e-05,-8.314405952532913e-01,5.017728325061662e-07,1.721864393013963e-06,2.114821697843597e-07,1.433030625664391e-05,1.266703705012309e-06,-2.277440625499460e-06,1.289719465974320e-05,3.903328977460413e-08,1.905400235944535e-07,1.271029545889427e-07,-1.150476904935867e+00,6.869257920674510e+00,4.687573704214480e-07,3.545271123322471e-05,1.411327232578870e-06,5.825053250080616e-05,5.275853019160988e-07,4.799279201170510e-09,1.187945432687291e-05,4.360391662262928e-06,9.982029259418981e-09,4.994165956747478e-08,3.377818637415594e-07,4.217255798355794e-06,1.109169467890343e-06,2.123764879306309e-06,3.056014405826642e-06,1.117341586087582e-07,3.170361160362555e-06,7.943187355052617e-07,6.075107616088212e-10,8.820761733896239e-07,3.885815278521614e-10,6.059585931840478e-12,1.197916151551468e-13,1.215286558571099e-03,8.458657629646864e-03,6.255228226030245e-05,-2.580954676525061e-04,-1.670392488411874e-04,1.386789493205542e-07,2.934186191285482e-06,1.610099233862614e-07,4.708672105263853e-05,2.109121571517916e-05,1.392384649260007e-05,5.863896249998710e-06,4.470401826495163e-11,
-1.961091655138586e-03,-1.168377632261295e-02,-3.247058792869156e-02,6.399370186767013e-06,-5.910900338973999e-03,1.833948328888927e-01,-1.763792591241222e-06,-1.564479505974856e-01,-4.193640648951407e-08,-1.799056754501858e-07,-1.628365809082914e-08,-4.789661182146842e-07,-7.449145543737357e-08,-1.962461191116096e-07,-1.080121186121264e-06,-2.209058915624112e-09,-8.333918818848785e-09,-7.029369070747983e-09,-1.630285203668741e-01,7.758425496485948e-01,-5.986697085856006e-08,-5.528917047049792e-06,-8.539746684586525e-08,-2.333755664363951e-06,6.516833045510598e-08,1.985109727762484e-10,-1.845293719265846e-06,-7.938293364079481e-07,9.539280707614184e-11,-2.148713577907696e-09,6.243501363209368e-09,5.842024058119639e-07,5.183278282783331e-08,2.348104163810110e-07,3.433653334231054e-07,4.492712277809750e-09,2.119320694651950e-07,6.454010536990727e-07,4.240373456468517e-12,3.205133133156950e-09,-9.292068256705952e-11,-2.263526191468416e-14,-1.513905140662449e-15,-4.546973211885015e-04,-3.099254457182459e-03,-1.059938598007319e-05,-1.194987831976405e-05,-7.336017669631642e-06,-6.753228627004134e-11,3.100101815325971e-08,1.344687641227062e-07,1.125196547710178e-06,2.261008285224448e-06,1.166245115347569e-06,6.187722143672876e-07,1.180391895339028e-11,

