1
0
63
1
(4 0
((0,152) (15,199) (0,0))
((0,264) (15,327) (0,0))
((0,200) (15,263) (0,0))
((0,328) (15,391) (0,0))
)
4
FabOnDisk: SD_0_Old_MF_D_0003 0
FabOnDisk: SD_0_Old_MF_D_0001 0
FabOnDisk: SD_0_Old_MF_D_0002 0
FabOnDisk: SD_0_Old_MF_D_0000 0

4,63
-1.589748472448129e-06,1.922215925266336e+00,1.652993114927121e-01,2.953731488899955e-07,3.631005420395516e-07,1.325611576765516e-05,3.319549292107193e-07,1.326135549087658e-04,1.034646278031589e-02,1.342180908386309e-07,3.892584996697073e-03,1.735940423201148e-11,2.068508306348632e-10,3.042125874129633e-11,7.191513048173284e-10,1.182516806960366e-10,1.389352037893986e-08,1.672386277308595e-09,2.713193407680192e-12,1.648574690679555e-11,1.167939237283446e-11,7.440152884486853e-03,3.851614999134340e-03,7.497724636275901e-11,5.449683942919169e-09,2.855713855365914e-10,2.675295722712744e-09,4.420528548152791e-13,0.000000000000000e+00,1.322087302678271e-09,5.456975582477657e-10,2.368136963456629e-13,1.591388745989846e-11,3.361612640864239e-12,0.000000000000000e+00,0.000000000000000e+00,0.000000000000000e+00,0.000000000000000e+00,0.000000000000000e+00,0.000000000000000e+00,0.000000000000000e+00,0.000000000000000e+00,0.000000000000000e+00,3.424152723313249e-09,2.052429386224216e-11,4.500715265237157e-13,7.004716876494526e-07,5.349150117753269e-07,4.035006724367741e-09,3.440006623786717e-06,4.425822182227203e-06,0.000000000000000e+00,0.000000000000000e+00,0.000000000000000e+00,0.000000000000000e+00,0.000000000000000e+00,0.000000000000000e+00,0.000000000000000e+00,1.186517450521758e-01,3.846422304263113e+03,0.000000000000000e+00,9.182880767390043e+02,1.013158628416369e+05,
-2.281717771097678e-07,4.342545493494177e+00,1.533449021232537e-01,1.860530203165595e-05,1.778860691727150e-04,7.412047392478036e-04,1.472487920133639e-07,9.222163434221063e-05,1.234123345087655e-02,4.337186092560607e-08,2.289263672185192e-03,1.911599124664741e-10,4.383003064685946e-10,5.335371483258380e-11,1.459146079791409e-09,2.112470675010447e-10,3.999719446808629e-09,2.970244022286618e-09,5.754529247722025e-12,2.850150347339909e-11,2.012116218716813e-11,5.183214755711989e-03,2.219748787792426e-02,1.398612743975130e-10,1.134299189636009e-08,4.719874653335612e-10,7.110850483205749e-09,7.228915346924856e-13,1.270786107975855e-14,3.211591112312817e-09,1.281205772022540e-09,9.486041017424287e-14,1.765633474822625e-11,1.138128055323759e-12,4.575879590236903e-14,7.576893088650272e-15,2.460920530398817e-15,1.274352551985494e-15,0.000000000000000e+00,0.000000000000000e+00,0.000000000000000e+00,0.000000000000000e+00,1.844775007634551e-16,5.393973730103285e-14,1.085268291113627e-16,3.103971102442949e-18,2.259597867410867e-06,1.581569512873690e-05,1.910890000003481e-08,4.765331501292809e-07,3.136010390430794e-07,2.720331389319463e-12,6.508194036368926e-15,0.000000000000000e+00,0.000000000000000e+00,0.000000000000000e+00,0.000000000000000e+00,0.000000000000000e+00,1.099982669929436e-01,6.190897423295925e+03,0.000000000000000e+00,2.158858483764773e+03,1.013249773869818e+05,
-3.107926494515168e-07,4.138172222184807e+00,1.569492945029559e-01,2.688340313994675e-05,2.503668620411995e-04,8.368882016214363e-04,1.814966916671335e-07,1.081202494238382e-04,1.233793376563016e-02,6.665079618803370e-08,2.764494908985691e-03,1.209378511679545e-10,2.062229491851926e-10,3.028075006891807e-11,7.242151852873887e-10,1.045604247104743e-10,6.354963198299681e-09,1.663361426964044e-09,2.725080398580300e-12,1.648586886973296e-11,1.165188410798839e-11,5.813571505761740e-03,2.133944916705765e-02,6.640217800933817e-11,5.412714968013739e-09,3.616765989701095e-10,3.726546881962299e-09,1.090105586180777e-12,0.000000000000000e+00,1.315125874080676e-09,5.514071453093337e-10,1.684101088708658e-13,1.843561991526551e-11,2.098285523414542e-12,0.000000000000000e+00,0.000000000000000e+00,0.000000000000000e+00,0.000000000000000e+00,0.000000000000000e+00,0.000000000000000e+00,0.000000000000000e+00,0.000000000000000e+00,0.000000000000000e+00,5.115202367012328e-14,1.085948718230142e-16,3.083896745677383e-18,1.989728616996401e-06,1.386999914193484e-05,7.724249046860662e-09,1.307247813173069e-06,8.843235190111627e-07,3.540418566681679e-12,0.000000000000000e+00,0.000000000000000e+00,0.000000000000000e+00,0.000000000000000e+00,0.000000000000000e+00,0.000000000000000e+00,1.125924322453866e-01,3.672343402175859e+03,0.000000000000000e+00,2.036745652413312e+03,1.013246803424866e+05,
-4.396072885663080e-07,4.444243464363462e+00,1.512911743707689e-01,1.441113192495189e-05,1.393520173812923e-04,6.749179998729549e-04,1.366935209408859e-07,8.248063538148218e-05,1.235170473846327e-02,3.227145081102021e-08,1.997395087586803e-03,1.734270172718981e-10,5.347647997754225e-10,5.716040539739533e-11,1.780665880563752e-09,2.893118471185914e-10,2.888925378130871e-09,3.402670834728051e-09,6.999644512896595e-12,2.993995857965122e-11,2.346532756087706e-11,4.772586385943370e-03,2.247768199285472e-02,1.751167797947763e-10,1.438850402776812e-08,4.053593300259132e-10,7.997615239074415e-09,5.079507957012181e-13,9.047952050896425e-15,4.382861458419290e-09,1.835145954178107e-09,5.766814908828507e-14,1.373935921815538e-11,6.839436133970563e-13,7.780145527668356e-14,1.042352342386235e-14,1.026023224666162e-14,1.116164126553653e-14,2.437018168906581e-17,7.346031541425019e-16,1.093498711438197e-19,3.981842185284130e-20,4.246276621488806e-16,1.057875310589474e-13,1.089592848026831e-16,4.155121676721859e-18,1.988676733360566e-06,1.382590440939740e-05,2.556203328332463e-08,2.371531742301303e-07,1.531423319963376e-07,2.128649853787758e-12,4.703903081043878e-15,0.000000000000000e+00,0.000000000000000e+00,0.000000000000000e+00,1.222094196128709e-24,0.000000000000000e+00,1.085203700825772e-01,7.226030741487793e+03,0.000000000000000e+00,2.216920601437183e+03,1.013249756143421e+05,

4,63
2.015878607926920e-06,4.133214328461980e+00,3.899847788898347e-01,4.990297853402823e-05,4.576495433271228e-04,9.648420103521722e-04,1.195923887897753e-04,3.326173975096531e-04,1.297769326467249e-02,2.015849615807170e-05,6.608837580739270e-02,1.381150803154750e-06,6.457815287885864e-06,7.229657488413450e-07,2.343521794750201e-04,2.584747439812419e-04,2.032358408929556e-05,5.156121899621332e-04,1.408829988181457e-05,9.639715491514218e-07,6.779790177982856e-05,1.411745854007027e-02,2.127260797442894e-02,8.021335146931667e-07,6.175527323948790e-04,2.221826952354817e-05,4.571911769193018e-03,1.015897233385125e-04,4.555060564090458e-04,3.239873473114912e-05,1.157517836726696e-04,1.331274657476558e-07,3.254215388595693e-05,3.827499463317722e-05,1.246001630881857e-05,5.884731617853640e-05,3.174637435796290e-05,4.174456818997964e-05,3.118317480905170e-06,6.587234405997514e-04,1.093965234896117e-05,4.190684892181078e-06,1.183438964948615e-04,1.703021627539969e-05,6.416099115993138e-07,1.506062560978383e-08,1.962054124493509e-06,1.367180373841128e-05,3.048136847373912e-05,1.289903613751235e-05,1.668234837575058e-05,1.696432772456391e-06,4.595513210593344e-04,9.537302230187305e-06,2.064875782404389e-02,1.690650332020533e-03,1.457626051914913e-04,4.598268015896185e-04,2.713254817367099e-01,7.563592757741029e+04,0.000000000000000e+00,2.033620420673039e+03,1.013302910989994e+05,
2.498543718861971e-07,4.443058343530695e+00,1.568723008310107e-01,2.669541876666313e-05,2.487671409165295e-04,8.350897614970425e-04,1.805629636227445e-07,1.077967139609943e-04,1.235160412877746e-02,6.610453832411071e-08,2.754736015891730e-03,1.957507467044535e-10,5.339453857538856e-10,5.831251203987195e-11,1.777498069750044e-09,2.882909386345222e-10,6.299271287961279e-09,3.399591718601992e-09,6.988874657493637e-12,3.076185928141943e-11,2.343592277094764e-11,5.801039118451623e-03,2.247351676862745e-02,1.748092939848311e-10,1.435738867588632e-08,5.173234817058336e-10,7.992682547080826e-09,1.084874571425453e-12,1.891678466312468e-14,4.369894137026967e-09,1.828030208423971e-09,1.668720154039747e-13,2.172861781103040e-11,2.077009319700803e-12,7.716215478106929e-14,2.075700702140633e-14,1.551903146810415e-14,2.327955694009515e-14,2.080150426927125e-16,4.249857951192629e-15,2.350257466789109e-15,6.254180686342594e-19,3.113948275040928e-15,1.050353731649751e-13,1.169100351365157e-16,4.144622470954811e-18,2.479358378214305e-06,1.748758109651329e-05,2.549023630167715e-08,1.282186289838833e-06,8.669426417682481e-07,3.528115091116086e-12,1.742671060260558e-14,6.848977693091043e-16,2.023220219032494e-15,1.157615113535630e-13,6.724704633898267e-14,3.187936316357158e-14,1.125370287039101e-01,7.217133926806191e+03,0.000000000000000e+00,2.216237005800920e+03,1.013250319929897e+05,
2.900896896058054e-07,4.340419734618457e+00,1.650842628876689e-01,4.593379302280485e-05,4.118047896369066e-04,9.593701353048158e-04,3.265823300113274e-07,1.323588744761140e-04,1.245006068460066e-02,1.323392097413864e-07,3.854764389103273e-03,1.920896775151822e-10,4.359093883060493e-10,5.318398413720856e-11,1.451978745196758e-09,2.098257299341858e-10,1.363123381588845e-08,2.958575648931647e-09,5.724451960549306e-12,2.842080212519976e-11,2.004057810860367e-11,7.371708545988410e-03,2.219305310501510e-02,1.389974652166051e-10,1.127469689016766e-08,5.174497442552695e-10,7.085398103825332e-09,1.430556942701229e-12,2.565859721242727e-14,3.187061343126886e-09,1.270995868983634e-09,2.501390935408343e-13,2.233829978715212e-11,3.499294486101138e-12,1.141787928476967e-13,6.641373497990453e-14,7.346561174550144e-14,1.508571042612079e-13,3.146554039721551e-15,5.820364923502169e-14,7.264320598380682e-15,8.867112547400187e-18,2.938548059058998e-14,2.565116633990174e-09,1.503684212516360e-11,3.318066533406123e-13,2.491044552812797e-06,1.758715649801088e-05,1.897330081620919e-08,6.207259639005264e-06,4.298982057623509e-06,3.991009661789402e-12,2.836490930425738e-14,1.632989394329510e-15,7.081678729533512e-14,6.914136927466904e-13,6.793513799109393e-13,1.900544203048857e-13,1.184919464310723e-01,6.163828277422003e+03,0.000000000000000e+00,2.157646486572733e+03,1.013250680866625e+05,
4.310647228193062e-07,4.505345290835446e+00,1.533042777222396e-01,1.851841256691999e-05,1.771011386086591e-04,7.399819579803211e-04,1.469756341891304e-07,9.203370056692811e-05,1.235569477876748e-02,4.313664700518707e-08,2.283654507601320e-03,1.909455677816461e-10,5.602264560450735e-10,5.838496118826055e-11,1.905414123978625e-09,3.426907881753181e-10,3.976104246736351e-09,3.469642316239990e-09,7.341514447292207e-12,3.076835889216006e-11,2.443609617332082e-11,5.175495931574376e-03,2.271753797668410e-02,1.849813971136708e-10,1.565940985899085e-08,4.709668691038006e-10,8.064941574104794e-09,7.185796558993707e-13,1.263485663854698e-14,4.952972838234448e-09,2.193373019457913e-09,9.406614510364306e-14,1.758848829699338e-11,1.128250173771102e-12,1.124076938325397e-13,1.179034713130148e-14,1.040925473849383e-14,1.205159178887223e-14,4.685006692348726e-17,1.253498110510674e-15,4.681590449602226e-19,9.687136268688136e-20,7.909722626622565e-16,1.452629657926229e-13,1.167918024227744e-16,4.497732572489572e-18,2.255346076522788e-06,1.578404682053073e-05,2.875782281884622e-08,4.704880322183642e-07,3.095129243034681e-07,2.709361671188947e-12,6.472988731470209e-15,6.892705800618293e-21,5.103396693605943e-20,7.764688365341232e-20,6.246398674756125e-20,2.120405233133911e-20,1.099690278498115e-01,7.572900987860919e+03,0.000000000000000e+00,2.251500226993242e+03,1.013251451041176e+05,

