1
0
56
1
(4 0
((0,152) (15,199) (0,0))
((0,264) (15,327) (0,0))
((0,200) (15,263) (0,0))
((0,328) (15,391) (0,0))
)
4
FabOnDisk: SD_5_New_MF_D_0003 0
FabOnDisk: SD_5_New_MF_D_0001 0
FabOnDisk: SD_5_New_MF_D_0002 0
FabOnDisk: SD_5_New_MF_D_0000 0

4,56
-7.602603729513266e+00,-1.783494331448511e+01,-2.722315575712522e+01,-6.069757203195714e+00,-7.978798238999927e+00,-8.500792246958280e+00,-1.149364222585170e+00,-6.246819718020895e+02,-2.489087569471013e-01,-7.678820725176062e-01,-8.773052376694068e-02,-1.377172095151003e+01,-1.208710529023408e+01,-1.410712632447747e+00,-9.704634702854566e+00,-4.552674568265748e-01,-7.117805581260718e-02,-2.749746286631484e+00,-1.339382857973964e+02,1.999741573875163e+00,-8.927007812895463e-02,-4.720259782924178e+01,-1.832761823991706e+00,-1.992434572838249e+02,-7.728390825915472e+00,-2.368384597743941e+01,-4.535304734302612e+00,-2.930547511669342e+00,-9.070659721218092e-03,-1.996318210975496e+00,-1.591805586048532e+00,-9.128956936221757e-01,-3.791673672154286e+00,-2.223312624463949e+00,-3.245486446392259e+00,-2.188434126557939e-01,-3.268462208748323e+01,-4.654679578016004e-01,-3.132585703833068e-01,-8.549337380770865e+00,-8.404446450438698e-01,-1.445134362907820e-02,-5.707638279847575e-04,-8.172453458418283e-02,-1.521340743656811e-01,-2.104783166314641e+00,-7.145567835089632e-02,-3.867244957801406e-01,-1.370227293448846e-01,-2.532829530029252e+01,-4.711834400689708e-01,-5.921977435578066e+02,-9.170790604022145e+01,-9.478849848547155e+00,-2.533077643597289e+01,-3.082932797937588e-10,
-1.260160164478929e-01,-6.640388254955936e-01,-5.477894078699450e-01,-3.874024118293958e-04,-1.341720415914278e-01,1.461003176740518e+00,-2.226054910426957e-04,-3.424516398587925e+00,-2.371383395100950e-08,4.862545192539546e-07,2.169780244822665e-08,1.729732347429935e-06,4.651872189732054e-07,-2.252034986992634e-05,2.057615572135560e-06,6.057867358144043e-09,8.558780454296217e-09,1.709854302966834e-08,-3.902628321840070e+00,4.096234867868925e+00,1.690579870969471e-07,1.579875937718239e-05,-3.030648935853461e-07,3.940465790994252e-06,-9.036125449907147e-09,-8.859007756657639e-11,6.501265440090943e-06,3.174921151170476e-06,-6.652284784778346e-10,-2.355486519543199e-08,-1.137614942379529e-08,-1.484681846325045e-08,-7.046053952860204e-09,-4.652284657354238e-09,-9.191162780154542e-09,-2.497553866459540e-10,-6.692138322417110e-09,-8.911117340595038e-08,-1.174593922230294e-12,-1.419604215538266e-09,3.672804247499572e-11,-4.009466218019300e-13,-7.793651976941286e-15,-1.256771867153178e-03,-9.557844668989729e-03,3.350555315547408e-05,-1.036285550598235e-02,-7.205941208908615e-03,-6.502660790284073e-09,-5.854849776656210e-08,-4.271829262693641e-08,-1.772252843996817e-06,-1.336570938523639e-07,-5.931096106384276e-08,-3.754866190431639e-08,-2.521602371352571e-11,
-2.055926584204857e-01,-1.294677539345558e+00,-5.586664032266043e-01,-2.483250856162463e-03,-1.484098587566410e-01,-2.565299246258852e+00,-7.393628104035229e-04,-1.696411768866375e+01,-4.068022316781976e-06,-4.688417295864193e-06,-8.154832407646991e-07,3.364879507852656e-06,-4.690180116679534e-06,-1.294774161297751e-04,-4.320935239346602e-05,-3.718776539847925e-08,-4.681529675946212e-07,4.002898209304521e-08,-3.473726248912583e+01,6.240644303827622e+00,-5.864308090489905e-06,-1.028865204702114e-04,2.179988319995857e-07,1.170168170295385e-05,-7.467668651590884e-08,-3.134247988489234e-10,-3.026221443335045e-05,-3.805632153716042e-06,-1.765799597060710e-09,-7.024770193189302e-09,-1.464794913038619e-08,-1.474937236077939e-08,-1.181211522857250e-08,-1.714571258813381e-08,-5.723942347417260e-08,-6.881720086481529e-09,-1.012743496397102e-07,-1.437907862804608e-06,-1.424319766715645e-11,-1.001406900694564e-08,-6.952872000453992e-04,-4.618395176030755e-06,-9.821292805657211e-08,2.932532822929460e-04,1.548802568526947e-03,5.819009256648736e-05,-6.741769270486470e-02,-4.844767479673154e-02,-5.897514244919308e-09,-1.274021172815586e-07,-5.527602801380886e-07,-1.944977995559198e-06,-3.812523383497339e-07,-2.081684427797057e-07,-1.076307225392352e-07,-2.294298084848378e-11,
-5.420125464954363e-02,-3.294120066073135e-01,-4.261685800867916e-01,-1.087018552785685e-04,-8.119604727366073e-02,9.196184883100920e-01,-9.640136681302375e-05,-2.055635853056244e+00,-9.756258980209371e-08,1.466672993232691e-07,-6.258574334602470e-09,7.773287857304292e-07,3.406440410766662e-07,-9.565143445861073e-06,3.710126788601837e-07,1.849394633387551e-09,-4.841341864622737e-09,5.888385013115567e-09,-2.561824093719280e+00,3.004685229543112e+00,5.096536964617318e-08,7.383560696445810e-06,-3.597668410399229e-07,-3.281926644104284e-08,-1.661509426211276e-09,-2.804774631775258e-11,3.440447348891069e-06,2.152365380693674e-06,-3.158606659809607e-10,-2.356619665777525e-08,-3.963177918911248e-09,2.071582387109044e-10,-8.983816773268922e-12,-5.439812859291617e-13,-5.661885368314294e-12,-2.210254088589559e-13,-4.665768052487033e-12,-1.572472417251991e-13,-6.672968166706549e-16,-3.604810338341631e-12,2.348517047197758e-10,-5.222914958891684e-14,1.595115054456773e-15,-1.403106771939140e-03,-1.034397193400540e-02,1.804345250164495e-05,-2.486922718471232e-03,-1.686501265591051e-03,-3.920353131357124e-09,-1.309373626783413e-11,-6.459276857336727e-15,-3.733780465652638e-14,-2.734330361252895e-14,-6.562327584089147e-15,-7.344886976151533e-15,-2.363714779463066e-11,

4,56
5.467132011973015e+00,3.049404523923965e+01,4.357031966998701e+01,7.619041828328375e+00,1.355757205065781e+01,3.111818610273717e+02,6.417870935583411e-01,-1.808887645618894e+01,6.099878972434140e-01,1.390331055622572e+00,1.622986431607687e-01,2.614069694779449e+01,1.569074482471351e+01,1.928008328925221e+00,1.566142542513303e+01,2.923867873709729e-01,1.318752305663775e-01,2.735123644298662e+00,4.588513841013455e+02,2.797888137109628e+02,1.954843207508047e-01,6.028970931834129e+01,3.922874416695907e+00,3.071122311766474e+02,1.258023738379125e+01,2.574169083097491e+01,8.739319989272408e+00,3.559614232881970e+00,1.572379651643575e-02,3.765600629291943e+00,2.293378124427378e+00,1.119377874753768e+00,4.055815991392067e+00,2.360266184104340e+00,4.019083493502230e+00,1.989252727511953e-01,3.445422830856048e+01,1.004351409976861e+00,5.724504291492583e-01,8.090333458821368e+00,1.433857617057130e+00,3.704175663418973e-02,9.637264762270196e-04,8.094042269479443e-02,3.753902061801482e-01,2.532913689032486e+00,4.766800415128769e-01,6.964740040743430e-01,1.889768195181755e-01,1.638380021986550e+01,7.393541005681866e-01,1.288003787506465e-01,9.028098322971219e+01,1.494242891014264e+01,2.546315016377348e+01,3.430500328249764e-10,
-5.482303118921703e-02,-3.325168897051500e-01,-4.280189677247800e-01,-1.107488771659515e-04,-8.179274905938051e-02,2.631788571433609e+00,-9.746475773255217e-05,-2.069292621809372e+00,2.764360414190147e-07,1.171458878038067e-06,9.848895717988654e-08,3.722432541448657e-06,6.159491837624684e-07,-9.671548500876447e-06,5.917740740835498e-06,1.436155979126049e-08,4.579537912376601e-08,4.012754495833056e-08,-2.575576936785728e+00,6.184072703736587e+00,3.973007862930605e-07,3.090595940942348e-05,2.429879466692654e-07,1.466646286395012e-05,3.201179212119174e-08,9.763263664429466e-11,1.102889640590749e-05,4.252677747610670e-06,-3.190796754883776e-10,-7.375317850142705e-09,-4.007812005549739e-09,2.363045500236651e-09,5.641409547305998e-09,7.634415590164954e-09,2.292614218162394e-08,7.180610464291856e-10,3.884050584744954e-08,8.343097191973072e-07,6.982365020563669e-12,2.674508216699612e-09,3.383832511459104e-10,1.182834146922653e-13,8.384243259301010e-15,2.367613601276090e-04,1.126504877808195e-03,5.773927622990283e-05,-2.533170603761915e-03,-1.718485473328247e-03,-3.706413121192001e-09,8.719217215174739e-09,3.285386576031550e-07,5.052791684510258e-07,3.146693942189406e-08,5.905584423580855e-08,1.007490636488209e-08,2.416146449579770e-11,
4.148126290202855e-02,-6.725933587910912e-01,5.309856073481719e-01,-3.958182199124821e-04,2.174231957545104e-01,3.300356886317500e+00,-2.261225948700095e-04,-3.458860439643149e+00,1.077788644943159e-06,1.943932815858876e-06,2.350075125721839e-07,1.224495064124312e-05,3.996536401242346e-06,-2.280085024941004e-05,1.186714020136263e-05,2.408780147392723e-08,1.162358683424093e-07,1.030876592127545e-07,-3.938651837429859e+00,5.461651212481821e+01,6.097217226275476e-07,4.727240283614226e-05,3.502721187040695e-06,9.307118622665780e-05,1.055736347890367e-07,6.896162417258569e-07,1.397963799913264e-05,4.952098808100122e-06,5.734067069752930e-11,2.717880133505552e-07,7.162022807807126e-08,6.711165365892841e-08,2.560891759801412e-07,1.350915367249439e-07,5.762892756694951e-08,9.064831768615054e-10,5.426672056903546e-07,7.304487598766417e-07,1.011090330941028e-09,1.539058296692952e-07,-1.429747751763934e-11,-5.102934638523581e-13,-1.111342121020115e-14,1.285307330737017e-02,9.030060452499374e-02,8.069865813072200e-05,-1.064502446186305e-02,-7.404166857893476e-03,1.501173214404110e-08,1.107978569646466e-07,2.811486455617139e-07,3.124917221739392e-06,2.026544274817398e-07,1.523484587917868e-07,5.678725147186645e-08,3.686828620175220e-11,
-2.863131170694126e-02,-1.960006564647782e-01,-3.258044758707097e-01,-3.257602574221968e-05,-5.368117770006526e-02,1.449098807735377e+00,-5.318881137970877e-05,-1.422331916333952e+00,-2.589619982350398e-08,4.788438985875402e-07,2.103059325609255e-08,1.709781887547420e-06,4.630799349357163e-07,-5.244843353263413e-06,2.019548025603297e-06,5.967048562769215e-09,8.230888250603616e-09,1.685912810844697e-08,-1.884568444387585e+00,4.074543797665848e+00,1.665022510172906e-07,1.562556628761707e-05,-3.056836598941248e-07,3.848496216531619e-06,-1.036062068054334e-09,-1.771614052367739e-11,6.441744311586554e-06,3.157914162013500e-06,-1.712716456769287e-10,-2.044177235638098e-08,-2.064618378560293e-09,2.644307284726569e-10,-1.321964071323366e-12,6.804269249077032e-12,-5.337891212666083e-14,-8.996578624183239e-14,-2.197522795224558e-12,2.325918750467669e-13,-2.058635086170371e-16,-1.530237426271388e-12,3.159551191583018e-10,1.947447680767671e-14,5.210312133025590e-15,-1.263681046866197e-03,-9.602109826634952e-03,3.320213135046792e-05,-9.340806397484560e-04,-6.207824636607896e-04,-2.922926529632744e-09,-8.693633299808766e-12,2.294650831974769e-15,1.335771657862567e-13,2.316930685580902e-13,1.277024761223063e-13,6.399301017609858e-14,2.105648988504072e-11,

