1
0
56
1
(4 0
((0,0) (7,127) (0,0))
((0,256) (7,383) (0,0))
((0,128) (7,255) (0,0))
((0,384) (7,511) (0,0))
)
4
FabOnDisk: SD_5_New_MF_D_0003 0
FabOnDisk: SD_5_New_MF_D_0001 0
FabOnDisk: SD_5_New_MF_D_0002 0
FabOnDisk: SD_5_New_MF_D_0000 0

4,56
-7.516313703990237e+00,-1.608599424271141e+01,-2.716397807059126e+01,-5.793018028753176e+00,-8.394191698100180e+00,-8.822370217451400e+00,-9.860901750479116e-01,-6.356316296062712e+02,-2.647044316243511e-01,-6.572223791654395e-01,-7.812988427303189e-02,-1.305165979550851e+01,-1.297405031509045e+01,-1.324482964916397e+00,-9.409642777801437e+00,-4.290256006092867e-01,-6.881152166675225e-02,-2.754037262701449e+00,-1.318457501013473e+02,1.829061770477255e-20,-8.164132170161685e-02,-4.751267497270186e+01,-1.675265280124494e+00,-1.995082448603424e+02,-7.510891097888048e+00,-2.553635371453840e+01,-3.794654321494164e+00,-2.886244339276510e+00,-8.419228988226274e-03,-1.888537879479446e+00,-1.637996047396426e+00,-8.986168708158908e-01,-3.702237308755056e+00,-2.134704095058576e+00,-2.800872032752399e+00,-1.889951792437826e-01,-3.222160085672110e+01,-6.419720705047389e-01,-3.170068808839186e-01,-8.276072164837187e+00,-9.691545370490234e-01,-1.636824695830643e-02,-6.431740071842924e-04,-7.913054019293692e-02,-1.556130346540514e-01,-2.005074861979406e+00,-6.883616265071030e-02,-3.360737044777439e-01,-1.214283052413940e-01,-2.148013625963698e+01,-5.050010028900048e-01,-5.776082623441694e+02,-8.655319859074157e+01,-8.966638259150866e+00,-2.393238062746125e+01,-1.305835439779912e-10,
-1.265939703503431e-02,-9.523841050843783e-02,-2.067937217602055e-01,2.405541640992014e-06,-2.963516736248219e-02,1.860843335509703e-01,-2.356199937570907e-05,-8.397941529252656e-01,-1.110053858583703e-07,-2.336591338610558e-07,-2.977073754760039e-08,-9.845383528011505e-07,-8.849392989511560e-08,-2.327802159133901e-06,-1.661344487376591e-06,-3.631061834428350e-09,-1.728971442154569e-08,-1.190102854802086e-08,-1.162517104306704e+00,7.918102480106929e-01,-8.889856805183915e-08,-6.479354515997258e-06,-3.153362176640074e-07,-7.691305910307620e-06,-1.637787506125418e-07,-1.879777917713141e-09,-2.063137678400049e-06,-8.337211523975183e-07,-1.777712204432960e-09,-1.332883507123899e-08,-8.877604957021115e-08,-2.528954654618928e-07,-2.912719459082822e-08,-1.003428467139407e-07,-1.301760095049949e-07,-7.207404854436631e-09,-2.965185404703717e-07,-1.219224945299066e-06,-9.920437863947319e-12,-5.068110688270748e-09,-9.848044540622311e-11,-8.180871011563484e-14,-2.778949686625699e-15,-1.214943102341049e-03,-8.642487308166460e-03,-1.052168792735835e-05,-2.643029106794361e-04,-1.711256861172897e-04,-2.362687696347959e-09,-4.483046410910146e-08,-5.037439227220167e-07,-9.643887448643659e-07,-1.117188333569520e-06,-9.801489484875685e-07,-3.055276447727489e-07,-1.158292906033864e-11,
-1.733070445414034e-01,-8.003961498826422e-01,-5.079695148294893e-01,-5.624618399805684e-04,-1.546542729891697e-01,5.010192385039072e-01,-2.884205559521470e-04,-4.247445569476334e+00,-3.646403886941189e-07,-3.918279523454893e-07,-8.767216297694398e-08,-5.709313369336716e-06,-8.884364073469961e-08,-3.114046472740628e-05,-5.833385041023687e-06,-1.563624967307598e-08,-1.094962550367678e-07,-6.734382968139245e-08,-4.604991893655155e+00,1.875324585004853e+00,-5.047439688038382e-08,-1.436414107623667e-06,-1.342477888128002e-06,-2.938566099894226e-05,-3.895418637881265e-07,-4.436061804169907e-09,6.627820600728002e-08,5.553410237997966e-07,-6.967040897448856e-09,-6.438687207376232e-08,-2.345429374253494e-07,-2.955135859888084e-06,-1.674547057073025e-06,-2.200604514620199e-06,-3.734461328225854e-06,-1.075843947271260e-07,-2.561671389032633e-06,-2.059425519970946e-06,-6.268632160055168e-10,-3.320346749331054e-06,6.664414056357342e-11,-8.368068833559306e-14,-1.715974651937204e-15,-1.414631368599013e-03,-1.042815910285778e-02,1.490286927304482e-06,-1.788025204017590e-02,-1.249067012130717e-02,-1.276582969509033e-07,-2.129279800355443e-06,-4.862563278100756e-07,-3.853498301177312e-05,-1.622809696036021e-05,-1.744013719048623e-05,-4.526791241144609e-06,-4.898170757883236e-11,
-3.952461664512203e-03,-3.057647911616242e-02,-8.981820815225899e-02,4.917750109246153e-07,-1.113973234251723e-02,1.057083216729692e-01,-6.843219644983086e-06,-3.423261928321291e-01,-8.822973452735550e-08,-3.043345578492138e-07,-2.606976986732004e-08,-1.169244603481723e-06,-2.592245950437225e-07,-6.904773174355355e-07,-1.493047044149018e-06,-3.554095197951814e-09,-1.248763528117697e-08,-1.240422899686588e-08,-4.885120206927900e-01,2.740773684812543e-01,-8.182740165350884e-08,-8.206255143742574e-06,-1.490330018674140e-07,-4.222552630173387e-06,-4.276886988683204e-07,-6.587753027799081e-10,-3.686392676475065e-06,-1.230519318092677e-06,-2.418300235767646e-09,-4.623175026346070e-09,-1.924545135421327e-07,-1.546697137106329e-07,-8.453449152728455e-09,-4.247373402660573e-08,-7.963778284297872e-08,-1.553167357096321e-09,-8.448325610695501e-08,-1.057520897093589e-06,-1.772981571551162e-12,-7.907966965106852e-10,-1.044954948460329e-10,-5.075701375846332e-14,-2.521712829770333e-15,-7.293813064640366e-04,-5.047971861456876e-03,-1.271220757941429e-05,-4.497588251669394e-05,-2.822061782176841e-05,-7.812265504633778e-10,-8.156206868712292e-09,-4.139480186850965e-07,-4.110033859553454e-07,-1.709765956532414e-07,-1.821381319564413e-07,-4.439432124936131e-08,-1.088992264419719e-11,

4,56
5.621037537144371e+00,2.903055736417554e+01,4.367387441743340e+01,7.410420912957257e+00,1.274737221240295e+01,3.141078709192097e+02,5.780172062582212e-01,6.546412283786607e-12,5.611465474811876e-01,1.348715662690055e+00,1.527685352355927e-01,2.279903332577451e+01,1.555722981658129e+01,1.726266977752540e+00,1.562885479313723e+01,3.968612997470715e-01,1.250859993644366e-01,2.910383911563740e+00,4.582869830682169e+02,2.826213340354095e+02,1.708289342762879e-01,5.518740208360295e+01,3.687524958334840e+00,2.961012045088137e+02,1.210496727451482e+01,2.768246965266763e+01,8.209623374950853e+00,3.297675676444374e+00,1.517186427203342e-02,3.602285731925216e+00,2.432064832560436e+00,1.108912367518726e+00,3.715649845026930e+00,2.267763735892917e+00,3.686695811149118e+00,2.139932695118623e-01,3.383839389530133e+01,1.117307576721395e+00,6.246463805859516e-01,8.097414405547923e+00,1.331907919852510e+00,4.292901321358746e-02,1.066670118125128e-03,7.383218279686955e-02,3.313246647442843e-01,2.142077517160088e+00,4.604454582394367e-01,6.515287666707203e-01,1.903113677429937e-01,1.678794790119183e+01,8.980836212815990e-01,1.671826773517671e+00,8.820015939705011e+01,1.444202414791675e+01,2.463024168158845e+01,2.764579676295398e-10,
-3.694949734617130e-03,-3.080147600420680e-02,-9.034485060051181e-02,7.539901847322248e-06,-1.121196011583443e-02,4.963009799434348e-01,-6.896698584652760e-06,-3.444309367888376e-01,-6.589084998617746e-08,-1.081468865939667e-07,-2.010298978154140e-08,3.922830723586363e-08,1.534907373660355e-07,-6.940020336145392e-07,-8.464657402237633e-07,-1.268777039116370e-09,-1.048990020084007e-08,-3.462692728577025e-09,-4.915095972907242e-01,1.860655048140863e+00,-4.054954779819896e-08,-6.063532958218792e-07,-1.461671713482512e-07,-1.640798752008713e-06,6.029981830968164e-08,3.592949661318236e-10,2.895259596212654e-07,6.398182450537632e-07,1.210942627529873e-09,-4.444124329000783e-09,2.630954776165233e-08,1.011433876503769e-06,1.085916304763889e-07,3.424883348844844e-07,3.521374689091451e-07,7.309337991104622e-09,3.002485696835008e-07,8.879853790162125e-07,1.063192927211716e-11,7.449319464211260e-09,6.510593389592040e-11,-5.094718711336060e-14,-1.726937221691037e-15,-7.322730311537438e-04,-5.068637465175893e-03,1.304355715293921e-06,-4.545371291578060e-05,-2.852558632810105e-05,-1.095012996193668e-10,8.097338883231683e-08,2.214133401004608e-07,3.637021586245236e-06,2.459415403868832e-06,1.785364496987049e-06,6.824171233848894e-07,1.143518613133665e-11,
-1.281595440610249e-02,-9.630059618117666e-02,-2.083292858914608e-01,2.180134993024857e-06,-2.991040183898968e-02,3.213414674570591e+00,-2.385507384101563e-05,-8.468697279407287e-01,5.256972463746754e-07,1.587209878619981e-06,1.784966665570259e-07,1.065989039563353e-05,1.092873029309660e-06,-2.338456574843125e-06,8.763359725823372e-06,2.371184892034657e-08,1.070043188807282e-07,7.798240084686924e-08,-1.171748900490973e+00,7.287778668795415e+00,5.302913451435589e-07,4.003542724730108e-05,9.939906803491150e-07,4.441146807181611e-05,7.632830147529910e-07,2.104637940244210e-08,1.294270195883518e-05,4.588782428994331e-06,4.876201594434049e-09,1.234562515196890e-08,1.918268863762029e-07,2.397496945927379e-06,1.067844268649249e-06,1.801552509758629e-06,3.527897905451085e-06,1.359111015180285e-07,2.950320954000759e-06,2.404999102832076e-06,6.495237202763433e-10,1.533057467315271e-06,5.044000580658610e-10,2.733446098542001e-11,5.261913199848477e-13,1.703591514206896e-03,1.215009324768223e-02,6.599809717259208e-05,-2.693167319558018e-04,-1.744282867284236e-04,1.457607391672887e-07,1.910865829416655e-06,3.043726325539380e-07,2.310282161374412e-05,1.927087363894518e-05,1.205696787586856e-05,5.387928621840370e-06,3.251376945456741e-11,
-1.988485452845518e-03,-1.194625772808913e-02,-3.370011010154682e-02,6.432072173678706e-06,-5.998364186472573e-03,1.848970874632951e-01,-1.853704391505704e-06,-1.579261213680523e-01,-4.093989235036081e-08,-1.697991231384343e-07,-1.498133491376370e-08,-4.327661099257508e-07,-8.536040688931104e-08,-2.052406316459978e-07,-1.027334165367858e-06,-2.027596312591296e-09,-7.000230106216525e-09,-7.309337428757524e-09,-1.667800260262047e-01,7.870198911454483e-01,-5.978169253311790e-08,-5.339030452292678e-06,-8.268587520850697e-08,-2.039432156329089e-06,6.944843654596996e-08,2.221925059121853e-10,-1.830456547971788e-06,-7.820487036914524e-07,7.444496369009406e-10,-2.039516921742340e-09,5.053054911489133e-08,6.478434686075194e-07,4.969803992239812e-08,2.447134883032247e-07,3.506480810438772e-07,3.669144796229796e-09,1.721674348211962e-07,1.261848121210010e-06,3.310943453775548e-12,2.991444898025113e-09,-9.352512158537448e-11,-2.312396673418115e-14,-1.537401656094450e-15,-4.578331802488555e-04,-3.121687852675737e-03,-1.054758353021892e-05,-1.230063831889460e-05,-7.556922856746066e-06,-1.326787787960624e-10,1.745594451159706e-08,9.328765924228154e-07,1.505000640010292e-06,1.020809695527600e-06,4.938679138676835e-07,2.791283195016717e-07,9.824363544908010e-12,

