1
0
56
1
(4 0
((0,0) (7,127) (0,0))
((0,256) (7,383) (0,0))
((0,128) (7,255) (0,0))
((0,384) (7,511) (0,0))
)
4
FabOnDisk: SD_5_Old_MF_D_0003 0
FabOnDisk: SD_5_Old_MF_D_0001 0
FabOnDisk: SD_5_Old_MF_D_0002 0
FabOnDisk: SD_5_Old_MF_D_0000 0

4,56
-7.629259845651553e+00,-1.642213014624419e+01,-2.691728818170338e+01,-5.784752511556571e+00,-8.414565647076104e+00,-8.822184250914599e+00,-9.405640262238034e-01,-6.374021634424130e+02,-2.611724432217238e-01,-6.727679363111116e-01,-7.634774368699010e-02,-1.321372487565654e+01,-1.281930679584842e+01,-1.334099225448831e+00,-9.530973231653842e+00,-4.161366062182513e-01,-6.875695621532997e-02,-2.679917533974593e+00,-1.324721856994917e+02,2.072583742812866e-20,-8.025588026737686e-02,-4.757797472361064e+01,-1.629427790041284e+00,-1.966979377042383e+02,-7.330211043282460e+00,-2.565356862378226e+01,-3.677195553162735e+00,-2.859049718896426e+00,-8.206868243324908e-03,-1.913514801114527e+00,-1.648469654819730e+00,-9.043577599330449e-01,-3.662998342506354e+00,-2.111657681321137e+00,-2.918712412886742e+00,-1.945726693351239e-01,-3.220334887027295e+01,-6.082578447040883e-01,-3.192000222668114e-01,-8.282235540369673e+00,-9.661231048965273e-01,-1.617662620703733e-02,-6.565134208138996e-04,-7.893256364228446e-02,-1.661557787602720e-01,-2.007287576224403e+00,-6.888872184327607e-02,-3.487121637051496e-01,-1.271192319460631e-01,-2.296084209442355e+01,-5.270291781692125e-01,-5.569089730369440e+02,-8.476842857059442e+01,-8.711459261108736e+00,-2.354144091200236e+01,-1.578115416123183e-10,
-1.264776983322813e-02,-9.515136476740636e-02,-2.066663941268475e-01,2.422652333412275e-06,-2.961271478980616e-02,1.860247820578756e-01,-2.353714602026616e-05,-8.391984495133303e-01,-1.114234932773082e-07,-2.376670853502959e-07,-2.963101243854419e-08,-1.011192031817223e-06,-8.812348298380399e-08,-2.326189329423145e-06,-1.624514142916588e-06,-3.418745607430813e-09,-1.680357046453499e-08,-1.157818810066262e-08,-1.161716789153555e+00,7.914001467792815e-01,-9.174593116374770e-08,-6.712924577823938e-06,-3.186135681519536e-07,-5.341703299101299e-06,-7.441575766765773e-08,-6.200315279887636e-10,-2.119349525201208e-06,-8.815712414396146e-07,-1.576686782137600e-09,-1.340063943611275e-08,-5.562274484537485e-08,-2.101053166797146e-07,-2.142558199500794e-08,-7.425213900992254e-08,-1.387801382091651e-07,-4.312964344154807e-09,-2.014543360629593e-07,-7.273657698195254e-07,-7.560354217996765e-12,-3.972221792910880e-09,-1.005839648706107e-10,-8.179870287146004e-14,-2.781230908022190e-15,-1.214442458067738e-03,-8.638593588619906e-03,-1.052387054875854e-05,-2.638428933688620e-04,-1.708236528655795e-04,-2.934763268985410e-09,-5.621418218836677e-08,-2.504504325035902e-07,-1.079480323920576e-06,-6.606785522324869e-07,-5.924177714092731e-07,-1.800404577920616e-07,-1.110811442828208e-11,
-1.727553789937473e-01,-7.977574528561354e-01,-5.071520517149327e-01,-5.603157644857477e-04,-1.552869363109441e-01,5.006118814838112e-01,-2.875494087041551e-04,-4.237876275218100e+00,-3.143195676845800e-07,-3.778901175873186e-07,-7.821469841134009e-08,-7.178287198804850e-06,-1.199223589805969e-07,-3.092008865532579e-05,-5.455017331746365e-06,-1.246967797114267e-08,-6.991846344445411e-08,-4.812507784185936e-08,-4.579596831601648e+00,1.873966008210671e+00,-4.722780599018014e-08,-1.243529003015084e-06,-1.488300023287997e-06,-3.305157825507397e-05,-4.425953754477434e-07,-3.072386789864375e-09,4.475168970992269e-08,5.438206933240215e-07,-8.029775552768382e-09,-5.491734425725525e-08,-2.797692352608208e-07,-1.601954297426475e-06,-1.108335183408945e-06,-1.053804359329197e-06,-2.460271317071141e-06,-1.457375654708911e-07,-3.451650468018301e-06,-2.574246747395847e-06,-8.023657784628911e-10,-4.233958362714931e-06,6.499482906582152e-11,-8.401822820291434e-14,-1.770003897629142e-15,-1.414436404088821e-03,-1.042644963226641e-02,1.467701462695880e-06,-1.774488967699437e-02,-1.239618391977672e-02,-1.039448055494596e-07,-2.946361085411964e-06,-6.252189856752524e-07,-5.347445260700462e-05,-2.044515500849929e-05,-1.414825998932187e-05,-5.864224949406907e-06,-4.684785892550281e-11,
-3.956515003633075e-03,-3.056115521820279e-02,-8.978087447995813e-02,4.735659522223319e-07,-1.113593217068406e-02,1.056709178121520e-01,-6.839177758133562e-06,-3.421662125752108e-01,-8.830359330113447e-08,-3.043310382109714e-07,-2.606052979769519e-08,-1.121972661212300e-06,-2.594895693568432e-07,-6.899993454750011e-07,-1.482366935288344e-06,-3.544744296980495e-09,-1.257873304392972e-08,-1.233686123762779e-08,-4.882473220919772e-01,2.738644333309205e-01,-8.184840549570132e-08,-8.210893374968410e-06,-1.493407331158946e-07,-3.977746464027045e-06,-2.889269533256055e-07,-5.783560713871555e-10,-3.690341530405138e-06,-1.230348447401043e-06,-4.010611503828541e-09,-4.624514346611053e-09,-2.659166265797995e-07,-1.493363748781465e-07,-9.521229567619601e-09,-4.122753144168055e-08,-6.919049272633187e-08,-1.341234073850554e-09,-8.756424242300420e-08,-1.241924399047122e-06,-1.405483523121735e-12,-7.663434031077214e-10,-1.051817397848999e-10,-5.069672350198652e-14,-2.518972755321484e-15,-7.291066367293514e-04,-5.046020446029582e-03,-1.271662419775381e-05,-4.493628856075011e-05,-2.819549062906745e-05,-7.467196972198148e-10,-1.086033020333527e-08,-4.917140420751569e-07,-3.989515989443035e-07,-3.184210742569365e-07,-1.275612800464969e-07,-8.852166112643709e-08,-9.813205803510527e-12,

4,56
5.621673991977252e+00,2.895089604064702e+01,4.382328877779278e+01,7.352919058885833e+00,1.287101640950489e+01,3.157950543621773e+02,5.690620442464549e-01,4.471303969438845e-12,5.573653156934966e-01,1.337990631723223e+00,1.553668807056690e-01,2.351564568428899e+01,1.595038661460934e+01,1.756100344897439e+00,1.540514245490628e+01,4.101383229295175e-01,1.230262655059958e-01,2.908145811059907e+00,4.542268820395801e+02,2.820217095396886e+02,1.708970469908656e-01,5.485512680989073e+01,3.667514690822520e+00,2.887242337986719e+02,1.191258774825291e+01,2.733820625349022e+01,8.301869441780758e+00,3.225419826071629e+00,1.474823541576978e-02,3.702566022853913e+00,2.302317282343604e+00,1.076246938621596e+00,3.853911939863915e+00,2.148097058229719e+00,3.827617049657712e+00,2.099240870684893e-01,3.225245148150791e+01,1.318251280349862e+00,5.970999161338854e-01,7.984079574377530e+00,1.387880343501610e+00,4.362432356515631e-02,1.078946872724486e-03,8.025175911884500e-02,3.412245684056052e-01,2.288264087450774e+00,4.541441509857442e-01,6.646716072252206e-01,1.818990986109365e-01,1.604980556937168e+01,1.084912008227802e+00,1.666438901342226e+00,9.121238154179844e+01,1.418282927548842e+01,2.550083665086181e+01,2.441993274260312e-10,
-3.694406991222651e-03,-3.078649365594625e-02,-9.030848058973201e-02,7.539275582035113e-06,-1.120829970635124e-02,4.959260067751640e-01,-6.892859029982003e-06,-3.442750885419760e-01,-6.568216285981806e-08,-1.065077299571560e-07,-2.065775561240398e-08,3.618077198827327e-08,1.541878093615199e-07,-6.933193189568587e-07,-8.405981701583989e-07,-1.227226830937682e-09,-1.040512600145017e-08,-3.241167763644800e-09,-4.912537756134370e-01,1.859381443228950e+00,-4.019533357519448e-08,-5.828109777540427e-07,-1.472913140616077e-07,-1.638865791798265e-06,6.397048563988865e-08,5.004763995186071e-10,3.060443650978312e-07,6.500926703666469e-07,1.010912627018168e-09,-4.493222708260015e-09,3.508910648273121e-08,1.006687334041744e-06,9.906233066493919e-08,3.196064490513393e-07,4.843002811024850e-07,4.931917947553543e-09,2.952758870397525e-07,9.626038400989742e-07,9.950620517707300e-12,7.636204302862163e-09,6.498276282111319e-11,-5.078424834414580e-14,-1.727091780058924e-15,-7.320040407275347e-04,-5.066742226178013e-03,1.285334898432210e-06,-4.541484396545988e-05,-2.850056283844510e-05,2.983040688908456e-10,6.978769293031533e-08,1.951018214298240e-07,1.379674944358100e-06,2.497064465064948e-06,1.850624800033135e-06,6.776718931938768e-07,1.125557980152792e-11,
-1.280335804252762e-02,-9.620662880132871e-02,-2.081915164301464e-01,2.199019732831035e-06,-2.988632971808492e-02,3.214842688221826e+00,-2.382932639888521e-05,-8.462291325757447e-01,5.170697264273046e-07,1.574239126933805e-06,1.756826013701472e-07,1.053186076837060e-05,1.068423652293516e-06,-2.334369858852847e-06,8.903346906709108e-06,2.673613802555368e-08,1.257697038271893e-07,8.553183946137625e-08,-1.170898190438991e+00,7.247803856085484e+00,5.269495956878540e-07,3.976710604621922e-05,9.849567862482889e-07,3.784012535441414e-05,7.944663586043295e-07,1.971573768986379e-08,1.286297879869654e-05,4.799734841009925e-06,7.279425154714399e-09,2.110003661598305e-08,2.786393262251293e-07,4.949554200027486e-06,1.323881047049416e-06,1.951894798130755e-06,3.498159411448262e-06,2.519463621536806e-07,4.455867345354166e-06,3.930105626603812e-06,1.138306977565802e-09,1.075931593016206e-06,4.931621474554641e-10,2.553504566902203e-11,4.919096920670775e-13,1.679711355946413e-03,1.197153677944560e-02,6.581683849789095e-05,-2.688354403090261e-04,-1.741145117437185e-04,1.356410523687865e-07,1.977789425167233e-06,4.610244882572040e-07,2.336284184028400e-05,2.121272342355590e-05,1.447410122121213e-05,5.834828847500355e-06,8.760059344581350e-11,
-1.988155416297051e-03,-1.193180739867179e-02,-3.363065488961833e-02,6.430814128698839e-06,-5.993683926446021e-03,1.848365709130483e-01,-1.848877671647498e-06,-1.578890795145170e-01,-4.106836396246355e-08,-1.712002271898098e-07,-1.495725079886793e-08,-4.046271484500487e-07,-8.476037335019000e-08,-2.047154287989846e-07,-1.005948786965580e-06,-2.052873986582047e-09,-7.300540255969275e-09,-7.047276877389905e-09,-1.666464033357113e-01,7.865964598579587e-01,-5.963739438543923e-08,-5.556105638347307e-06,-8.121794309151327e-08,-1.961929770701114e-06,6.724348975347201e-08,2.222669826705671e-10,-1.868548979338310e-06,-7.851390542699295e-07,6.708833215076036e-10,-2.078789990511146e-09,2.553876645865625e-08,6.036250358160883e-07,4.630299066588179e-08,2.319051440248909e-07,3.480568241520290e-07,4.374948495586311e-09,2.229653816514567e-07,9.680376470300533e-07,3.993454159980497e-12,2.787120178375098e-09,-9.359533149719383e-11,-2.309801154467165e-14,-1.536171008682112e-15,-4.577263938299439e-04,-3.120907298956979e-03,-1.054924808616150e-05,-1.228398306526566e-05,-7.546408368841902e-06,-9.009894683936930e-11,2.500047363627119e-08,3.494008336761115e-07,2.266514867033527e-06,9.655591587725188e-07,5.602022282063779e-07,2.645227884125904e-07,9.928780020374006e-12,

