1
0
63
1
(4 0
((0,0) (15,255) (0,0))
((0,768) (15,1023) (0,0))
((0,512) (15,767) (0,0))
((0,256) (15,511) (0,0))
)
4
FabOnDisk: SD_0_Old_MF_D_0003 0
FabOnDisk: SD_0_Old_MF_D_0000 0
FabOnDisk: SD_0_Old_MF_D_0001 0
FabOnDisk: SD_0_Old_MF_D_0002 0

4,63
-1.697612590030940e-02,1.945033902692710e+00,1.509384385159185e-01,2.924077946614604e-24,1.288663632661548e-22,7.711506100855583e-18,1.837746751072798e-12,2.162236116399322e-08,5.742047578281124e-10,7.318873581431900e-13,2.876178837676496e-03,0.000000000000000e+00,1.250190181448845e-29,8.343403345821176e-31,3.050947098449346e-14,0.000000000000000e+00,1.608641042385627e-24,7.757932929240634e-13,1.479064669811609e-18,7.609583666055167e-31,7.957551774991301e-14,1.130407406662157e-10,3.782661515634609e-12,3.877021695485464e-36,5.338759668871392e-13,2.346574647811455e-28,0.000000000000000e+00,0.000000000000000e+00,0.000000000000000e+00,5.990395318325577e-30,2.418433177523260e-14,0.000000000000000e+00,3.043621467642536e-26,0.000000000000000e+00,0.000000000000000e+00,0.000000000000000e+00,0.000000000000000e+00,0.000000000000000e+00,0.000000000000000e+00,0.000000000000000e+00,0.000000000000000e+00,0.000000000000000e+00,0.000000000000000e+00,1.298875986368140e-17,1.312680380641165e-18,1.931970114839282e-20,3.639789917163293e-18,1.173956091976303e-18,4.794124240469270e-17,1.108576887691637e-17,1.997486409563655e-17,0.000000000000000e+00,0.000000000000000e+00,0.000000000000000e+00,0.000000000000000e+00,0.000000000000000e+00,0.000000000000000e+00,0.000000000000000e+00,1.084617649508513e-01,3.697087967759205e+03,0.000000000000000e+00,4.430000031973107e+02,8.939198290936569e+04,
-1.474877691689215e-07,6.258925436251595e+00,1.461013310762335e-01,6.132759080073655e-06,5.856352326023409e-05,4.701798084071214e-04,1.349307631679063e-07,5.715176766003275e-05,1.235265898924231e-02,1.215156155300274e-08,1.187139826253397e-03,5.198220386400564e-11,2.750084174981778e-10,2.325149169655003e-11,1.099328584661192e-09,3.007070509320685e-10,8.778115340333278e-10,1.647438855461223e-09,3.590129315264642e-12,1.187911327373833e-11,1.264585592012868e-11,3.575651265830472e-03,2.343427457946071e-02,8.860252743101391e-11,9.134642564549501e-09,1.017032368906331e-10,3.407234021065515e-09,0.000000000000000e+00,0.000000000000000e+00,3.030187559115970e-09,1.640485281646276e-09,0.000000000000000e+00,2.217187570404074e-12,0.000000000000000e+00,3.537696199327263e-13,0.000000000000000e+00,0.000000000000000e+00,0.000000000000000e+00,0.000000000000000e+00,0.000000000000000e+00,0.000000000000000e+00,0.000000000000000e+00,0.000000000000000e+00,7.982350184152896e-14,1.783150569739447e-17,1.223318549187947e-18,5.961626764627936e-07,4.054902326717403e-06,1.817858826514307e-08,1.359711285179726e-08,8.315488258887400e-09,4.316908241740600e-13,0.000000000000000e+00,0.000000000000000e+00,0.000000000000000e+00,0.000000000000000e+00,0.000000000000000e+00,0.000000000000000e+00,1.047854442794937e-01,7.929865492436491e+03,0.000000000000000e+00,2.330448863138334e+03,1.013249534232907e+05,
-1.339735791097655e-07,6.188236965514010e+00,1.469606913467800e-01,7.237759532879122e-06,6.980026059690346e-05,5.072120898992188e-04,1.327288391255131e-07,6.124385862782087e-05,1.235463455924214e-02,1.466903133165688e-08,1.328513617831315e-03,8.280727585484069e-11,3.977288408933943e-10,3.473863643542473e-11,1.526279639535206e-09,3.825260790422398e-10,1.138331636423077e-09,2.380491929054104e-09,5.208323108232295e-12,1.784302706488397e-11,1.802462027425795e-11,3.786613638614867e-03,2.303760650668891e-02,1.297048152871576e-10,1.274157396311972e-08,1.682637606224812e-10,5.081473025993415e-09,0.000000000000000e+00,0.000000000000000e+00,4.233423845987519e-09,2.215715874999132e-09,0.000000000000000e+00,4.060080926848334e-12,0.000000000000000e+00,3.218209477246268e-13,0.000000000000000e+00,0.000000000000000e+00,0.000000000000000e+00,0.000000000000000e+00,0.000000000000000e+00,0.000000000000000e+00,0.000000000000000e+00,0.000000000000000e+00,1.417218276437625e-13,3.964603090996324e-17,2.460990567581490e-18,9.449775226088830e-07,6.453444267585945e-06,2.511002198536337e-08,2.903415900275434e-08,1.792618312270797e-08,7.371756008725246e-13,0.000000000000000e+00,0.000000000000000e+00,0.000000000000000e+00,0.000000000000000e+00,0.000000000000000e+00,0.000000000000000e+00,1.054045158118410e-01,7.826818225760577e+03,0.000000000000000e+00,2.289899931110080e+03,1.013249785571167e+05,
-1.317931416595587e-06,5.918123164070811e+00,1.491529586589708e-01,1.058036430867480e-05,1.028296431009046e-04,5.971681455751032e-04,1.327590685113891e-07,7.209585405444348e-05,1.225348310878158e-02,2.260431169306036e-08,1.677136604272931e-03,1.397500405442403e-10,4.013129506013799e-10,5.104350538656783e-11,1.347934639342581e-09,1.903864371005236e-10,1.931541140201996e-09,2.794949777344564e-09,5.237529562102649e-12,2.651451823611753e-11,1.876234480194464e-11,4.307366368703341e-03,2.222852416067905e-02,1.267113223259471e-10,1.031094553289775e-08,3.064232018394276e-10,6.718208949745993e-09,0.000000000000000e+00,1.139257301802527e-15,2.797359256262636e-09,1.106167613018801e-09,0.000000000000000e+00,9.036567184889130e-12,0.000000000000000e+00,0.000000000000000e+00,0.000000000000000e+00,0.000000000000000e+00,0.000000000000000e+00,0.000000000000000e+00,0.000000000000000e+00,0.000000000000000e+00,0.000000000000000e+00,0.000000000000000e+00,4.818900106290697e-14,8.547109180209232e-17,3.015815210973247e-18,1.581303502371321e-06,1.090342085924494e-05,1.669342135713468e-08,9.964527674488368e-08,6.298503679243883e-08,1.454713283989557e-12,0.000000000000000e+00,0.000000000000000e+00,0.000000000000000e+00,0.000000000000000e+00,0.000000000000000e+00,0.000000000000000e+00,1.069812523265980e-01,5.313363890414844e+03,0.000000000000000e+00,2.135724534764896e+03,1.013249106879087e+05,

4,63
1.485566516553897e-02,5.915433713320110e+00,8.373328634562581e-01,5.671320689410705e-05,4.721281277183209e-04,1.018227206628311e-03,1.177081545956693e-04,4.175651717141159e-04,1.518549463741827e-02,2.069241735351578e-05,1.827792883263676e-01,1.500165073790961e-06,6.596026960230894e-06,7.433704903914409e-07,2.362737616037885e-04,2.756847149890816e-04,2.029955971443821e-05,5.067076541028591e-04,1.511244787531815e-05,9.845972010673732e-07,6.936804295859912e-05,1.453307032834056e-02,2.222557188439059e-02,8.453309974778973e-07,6.335114651819680e-04,2.219861239159605e-05,4.513174618026219e-03,1.024794082383360e-04,4.727160155633708e-04,3.267983597121466e-05,1.098884714139415e-04,1.343445843223232e-07,3.167390045711626e-05,3.829133623834928e-05,1.212750941139899e-05,5.723239685931458e-05,3.079908616371543e-05,4.003188902250349e-05,3.129080570065434e-06,6.378346855548628e-04,1.096707467688131e-05,4.352289548696319e-06,1.128581385213242e-04,1.859530008651788e-05,7.109133740726443e-07,1.701598131935633e-08,2.538117438241257e-06,1.792280807442746e-05,2.925826801100518e-05,1.288974124247485e-05,1.594393171311447e-05,1.712232837091424e-06,4.296724117520842e-04,9.693287470036267e-06,5.259455802567657e-02,1.584079632792512e-03,1.395875242202323e-04,4.326673103503093e-04,6.019589947751388e-01,7.380776148222176e+04,0.000000000000000e+00,2.134294225973569e+03,1.196602678591856e+05,
1.175496493735022e-07,6.288861828543988e+00,1.469555659115412e-01,7.230713465716891e-06,6.972934768786157e-05,5.069906720581799e-04,1.366408954290485e-07,6.121858973420840e-05,1.235462725504919e-02,1.465286181761441e-08,1.327674214281632e-03,8.266075668441085e-11,3.972548482688063e-10,3.469241736456347e-11,1.525718502629544e-09,3.823201552747328e-10,1.136741027138810e-09,2.377908855267677e-09,5.203249163435771e-12,1.782202099686394e-11,1.800952973219907e-11,3.785354270358734e-03,2.360356175991763e-02,1.295203452169393e-10,1.272695532664365e-08,1.679051301626190e-10,5.076202873229903e-09,5.306768963876841e-13,2.790411019613442e-15,4.228534209800168e-09,2.213593542817113e-09,1.426746932469718e-14,4.049169703912341e-12,4.835840613032694e-13,3.304911673881803e-12,1.704595457607529e-13,7.016979152288061e-13,1.187630030124197e-12,1.522507490316120e-14,7.411761897351734e-13,5.118488518228842e-12,1.559379998793380e-17,1.181521406026023e-14,1.414555928670423e-13,3.951893861520727e-17,2.454522919502033e-18,9.431342658805769e-07,6.440702613625561e-06,2.508142648735793e-08,2.892630735034283e-08,1.785857924925243e-08,7.359047798232506e-13,1.818974576195710e-13,1.571461304243411e-12,5.930984811389329e-12,5.291071013326847e-12,2.563578527149971e-12,1.438683120036025e-12,1.054008278983664e-01,7.968289321060763e+03,0.000000000000000e+00,2.346663160902107e+03,1.013251042665876e+05,
1.391822917302242e-07,6.258755319903167e+00,1.491388796613523e-01,1.055703639842657e-05,1.026027827735994e-04,5.966256242773165e-04,1.349205994560639e-07,7.202702594053885e-05,1.235640790159869e-02,2.254708456906517e-08,1.674965613487411e-03,1.395040362448036e-10,5.385464392807269e-10,5.100098406720386e-11,1.915998103578869e-09,4.077200133704824e-10,1.925995378946896e-09,3.259408708829952e-09,7.069960227498065e-12,2.649155642610223e-11,2.373106986116079e-11,4.304175189331621e-03,2.343327151255322e-02,1.779906033597712e-10,1.593231345657426e-08,3.057812357352345e-10,7.310325098208429e-09,7.013689312725990e-13,5.563954364238651e-15,5.207030225063312e-09,2.508866381993939e-09,2.898459776435888e-14,9.008577347787815e-12,6.826302300441463e-13,4.079318675633471e-12,3.476440655978850e-13,1.142824500535848e-12,1.941803963033413e-12,3.065323051173890e-14,1.434128205636189e-12,4.484703168608693e-12,4.386638266722767e-17,2.533780218202465e-14,1.810129211697044e-13,8.524578885046503e-17,4.229526960848912e-18,1.577981852278079e-06,1.087988589870861e-05,3.032915297068699e-08,9.900169544637052e-08,6.256910858984529e-08,1.463632025489823e-12,1.848819884452391e-13,1.330567700399335e-12,7.641337436976921e-12,6.824285368683014e-12,3.035734313129229e-12,1.872635289511783e-12,1.069711218819016e-01,7.929680275243605e+03,0.000000000000000e+00,2.330351517320252e+03,1.013250184771299e+05,
1.831998853477127e-06,6.187796878587304e+00,1.584160109758771e-01,3.074657747887197e-05,2.779249400683348e-04,8.619920143164824e-04,1.967242136560982e-07,1.152433662092803e-04,1.235634615695901e-02,7.606240158233856e-08,2.867831733190715e-03,1.986797575991043e-10,5.645822444361340e-10,5.876981339388858e-11,1.945846739019234e-09,3.971894365572979e-10,7.652708277316706e-09,3.499431311768683e-09,7.402031621961135e-12,3.095522959437890e-11,2.463726367413670e-11,6.168451410367280e-03,2.303531421689551e-02,1.865934859933995e-10,1.609300457640306e-08,5.245983338651475e-10,8.165929166136955e-09,3.378084763741656e-12,2.769268853608941e-14,5.220325307240790e-09,2.491842194575708e-09,1.993851170313337e-13,2.214470005332717e-11,3.173507585205293e-12,8.190516230018217e-12,5.288638160523779e-12,7.114979051327031e-12,1.798709880353511e-11,5.280403878029365e-13,1.115678014786366e-11,1.049419336031122e-11,1.884948723168586e-15,2.167992449070787e-12,1.796426574442208e-13,1.451610307934013e-16,4.565501513506452e-18,2.536492296105705e-06,1.791110377980069e-05,3.037166143630120e-08,1.892270647958885e-06,1.290543554410270e-06,3.842659356698863e-12,8.019318889290431e-12,5.626060076906900e-12,1.091373678749636e-10,9.608205159628432e-11,5.747041992683750e-11,2.653668253582355e-11,1.135878430935992e-01,7.825569966835312e+03,0.000000000000000e+00,2.289643800565325e+03,1.013250417423553e+05,

