1
0
63
1
(4 0
((0,0) (15,255) (0,0))
((0,768) (15,1023) (0,0))
((0,512) (15,767) (0,0))
((0,256) (15,511) (0,0))
)
4
FabOnDisk: SD_0_New_MF_D_0003 0
FabOnDisk: SD_0_New_MF_D_0000 0
FabOnDisk: SD_0_New_MF_D_0001 0
FabOnDisk: SD_0_New_MF_D_0002 0

4,63
-2.020295878072792e-02,1.936414414075134e+00,1.527133979995559e-01,2.773445932128498e-24,1.213135409830033e-22,7.444852943179764e-18,1.772192653701797e-12,2.133286237309353e-08,5.560188480148200e-10,7.056326405686618e-13,2.874630443924325e-03,0.000000000000000e+00,1.166475250483682e-29,7.787886497948350e-31,2.950091333594107e-14,0.000000000000000e+00,1.469578422534846e-24,7.424069012742786e-13,1.391724494347107e-18,7.024905194191769e-31,7.609544586882278e-14,1.090040104860746e-10,3.617489253451380e-12,3.586317026390976e-36,5.116232169110194e-13,2.137211625315569e-28,0.000000000000000e+00,0.000000000000000e+00,0.000000000000000e+00,5.486073496162930e-30,2.300507668298876e-14,0.000000000000000e+00,2.742424871456448e-26,0.000000000000000e+00,0.000000000000000e+00,0.000000000000000e+00,0.000000000000000e+00,0.000000000000000e+00,0.000000000000000e+00,0.000000000000000e+00,0.000000000000000e+00,0.000000000000000e+00,0.000000000000000e+00,1.218831067459177e-17,1.231544135344311e-18,1.812211827016509e-20,3.413699083767888e-18,1.100982248333327e-18,4.495524480709059e-17,1.039480619423478e-17,1.872985476599374e-17,0.000000000000000e+00,0.000000000000000e+00,0.000000000000000e+00,0.000000000000000e+00,0.000000000000000e+00,0.000000000000000e+00,0.000000000000000e+00,1.097138899875383e-01,3.693278740143014e+03,0.000000000000000e+00,4.430000031051171e+02,9.043671758979163e+04,
-1.722199050611438e-07,6.259832592569120e+00,1.461014187795568e-01,6.132914098374297e-06,5.856502669329175e-05,4.701852717317422e-04,1.349301139809326e-07,5.715243143359306e-05,1.235266179876947e-02,1.215188112851927e-08,1.187157857018063e-03,5.198371261130381e-11,2.750108879595465e-10,2.325115970891126e-11,1.099232269912222e-09,3.007402299786861e-10,8.778393140351750e-10,1.647403639886691e-09,3.589790653272350e-12,1.187798117976820e-11,1.264458737625370e-11,3.575686266590724e-03,2.343420900072039e-02,8.861963751772768e-11,9.136347878523824e-09,1.017585094461372e-10,3.409299750662382e-09,0.000000000000000e+00,0.000000000000000e+00,3.030592765693836e-09,1.640689606866159e-09,0.000000000000000e+00,2.218315173820299e-12,0.000000000000000e+00,4.027249243038265e-13,0.000000000000000e+00,0.000000000000000e+00,0.000000000000000e+00,0.000000000000000e+00,0.000000000000000e+00,0.000000000000000e+00,0.000000000000000e+00,0.000000000000000e+00,7.983973751907859e-14,1.783570690386680e-17,1.223583237739028e-18,5.962381820747432e-07,4.055417871797951e-06,1.818053996398942e-08,1.359937499678856e-08,8.316880852887102e-09,4.317836916204027e-13,0.000000000000000e+00,0.000000000000000e+00,0.000000000000000e+00,0.000000000000000e+00,0.000000000000000e+00,0.000000000000000e+00,1.047855041113459e-01,7.929840156417985e+03,0.000000000000000e+00,2.330441953224483e+03,1.013249567332020e+05,
-1.184140416312579e-07,6.189123531086969e+00,1.469610642866587e-01,7.238248846168110e-06,6.980525090320421e-05,5.072275810193383e-04,1.327289366072158e-07,6.124557198832758e-05,1.235463307898435e-02,1.467017026208128e-08,1.328574163961813e-03,8.283811615880546e-11,3.978684537426520e-10,3.475361799121049e-11,1.527687845267072e-09,3.826041075372624e-10,1.138482113251812e-09,2.381503641446294e-09,5.211193008030825e-12,1.785357068098349e-11,1.803461037155637e-11,3.786701405060842e-03,2.303742499847727e-02,1.297054608837706e-10,1.274133372134430e-08,1.681963423029175e-10,5.078085539253236e-09,0.000000000000000e+00,0.000000000000000e+00,4.233691672648186e-09,2.215855314693562e-09,0.000000000000000e+00,4.058817893326595e-12,0.000000000000000e+00,2.922509249243790e-13,0.000000000000000e+00,0.000000000000000e+00,0.000000000000000e+00,0.000000000000000e+00,0.000000000000000e+00,0.000000000000000e+00,0.000000000000000e+00,0.000000000000000e+00,1.417521288961606e-13,3.965816139597838e-17,2.461661310728857e-18,9.451525672070223e-07,6.454650569428488e-06,2.511323189707503e-08,2.904314707448701e-08,1.793180490984231e-08,7.370961684206767e-13,0.000000000000000e+00,0.000000000000000e+00,0.000000000000000e+00,0.000000000000000e+00,0.000000000000000e+00,0.000000000000000e+00,1.054047835783443e-01,7.826724942935713e+03,0.000000000000000e+00,2.289878104940734e+03,1.013249780005454e+05,
-1.881903206675176e-06,5.918747729056737e+00,1.491541750788056e-01,1.058234888709856e-05,1.028491223456262e-04,5.972144746519824e-04,1.327595348675735e-07,7.210160639664505e-05,1.225219410384654e-02,2.260920688064639e-08,1.677325369176891e-03,1.397737880814217e-10,4.014794546705100e-10,5.106157836904814e-11,1.348649103655673e-09,1.905391696935976e-10,1.932048679130315e-09,2.796845671113789e-09,5.239466085694393e-12,2.652146922160095e-11,1.877021971976379e-11,4.307638521651516e-03,2.222861826236356e-02,1.267553529912764e-10,1.031390719849387e-08,3.065545548112699e-10,6.720864939662628e-09,0.000000000000000e+00,0.000000000000000e+00,2.796450723599519e-09,1.105530278270727e-09,0.000000000000000e+00,9.040307653669646e-12,0.000000000000000e+00,0.000000000000000e+00,0.000000000000000e+00,0.000000000000000e+00,0.000000000000000e+00,0.000000000000000e+00,0.000000000000000e+00,0.000000000000000e+00,0.000000000000000e+00,0.000000000000000e+00,4.820945605445639e-14,8.549685130528260e-17,3.018818987140936e-18,1.581672589267426e-06,1.090601970178550e-05,1.668280531203659e-08,9.970574087757443e-08,6.302404125906725e-08,1.453828299287946e-12,0.000000000000000e+00,0.000000000000000e+00,0.000000000000000e+00,0.000000000000000e+00,0.000000000000000e+00,0.000000000000000e+00,1.069821242228415e-01,5.307526082481641e+03,0.000000000000000e+00,2.135619707858111e+03,1.013249089635062e+05,

4,63
1.416846558095414e-02,5.916057102474556e+00,8.373328676790239e-01,5.702541878912291e-05,4.806679210694654e-04,1.029025845630841e-03,1.177783234581015e-04,4.177934431968595e-04,1.498577259423525e-02,2.068610564071477e-05,1.827792893158033e-01,1.493013333053635e-06,6.601471931452753e-06,7.422477922722956e-07,2.364860985088888e-04,2.758629098507018e-04,2.027023084080206e-05,5.060024242622853e-04,1.512491182981772e-05,9.853115834595515e-07,6.935657679881806e-05,1.471687932051123e-02,2.222565168883552e-02,8.526824367420563e-07,6.338546315240350e-04,2.214970138401255e-05,4.509334173952394e-03,1.028903509540221e-04,4.727230143133271e-04,3.259807710591339e-05,1.096822762102206e-04,1.347278410463187e-07,3.171211814401237e-05,3.827337826063226e-05,1.212840110685411e-05,5.728771267611403e-05,3.077596784825727e-05,3.998202155266441e-05,3.127465777374349e-06,6.377533517138449e-04,1.093943279600524e-05,4.382194491491008e-06,1.129344478385753e-04,1.858367860151083e-05,7.114189279555622e-07,1.700706135870367e-08,2.539410069912906e-06,1.793179692543548e-05,2.924580776168766e-05,1.305808545250347e-05,1.592937519248997e-05,1.704669616684986e-06,4.287695682534839e-04,9.713570686901807e-06,5.259455830056788e-02,1.587103551749757e-03,1.398894075803503e-04,4.336285543526286e-04,6.019589980460539e-01,7.375485592092406e+04,0.000000000000000e+00,2.134188334107650e+03,1.183717002029202e+05,
1.059280174597776e-07,6.289772465064106e+00,1.469559366811853e-01,7.231199835157099e-06,6.973430869078369e-05,5.070060806755090e-04,1.366407575033825e-07,6.122029344340429e-05,1.235462576919916e-02,1.465399389606198e-08,1.327734453126610e-03,8.267764485313377e-11,3.973204865432783e-10,3.469885488461767e-11,1.526025799068133e-09,3.823702460220117e-10,1.136867589159464e-09,2.378358089533453e-09,5.204257902286854e-12,1.782580991454936e-11,1.801295838110038e-11,3.785441576077302e-03,2.360352458658116e-02,1.295394883539345e-10,1.272859702656246e-08,1.679388921965214e-10,5.077140402428835e-09,5.296655180496167e-13,3.046409768195908e-15,4.229096044870907e-09,2.213855269122772e-09,1.344455710977316e-14,4.050130586561214e-12,4.309926883315800e-13,3.386367622715374e-12,1.941398012577276e-13,8.621109876773109e-13,1.212430351906550e-12,1.689701965326830e-14,8.272469381799305e-13,5.066333342857897e-12,1.690012417151477e-17,1.183119739018351e-14,1.414881656697087e-13,3.953169776049894e-17,2.455213809416097e-18,9.433087600504305e-07,6.441905060516854e-06,2.508464140215650e-08,2.893523808739175e-08,1.786416464569258e-08,7.360772803425850e-13,1.928441885854214e-13,1.947354637569611e-12,5.869130440237484e-12,5.825285421439813e-12,2.380164280472400e-12,1.593259088855846e-12,1.054010941164406e-01,7.968378317924428e+03,0.000000000000000e+00,2.346661370822102e+03,1.013251055082852e+05,
1.341960296332306e-07,6.259662444129320e+00,1.491400926322854e-01,1.055900878670266e-05,1.026221512859784e-04,5.966717640546992e-04,1.349199515860105e-07,7.203274966148052e-05,1.235640031146606e-02,2.255195036324818e-08,1.675153622501314e-03,1.395426925631588e-10,5.386350676630048e-10,5.101117554607201e-11,1.916244359231184e-09,4.077426792648971e-10,1.926507047975191e-09,3.259994611092565e-09,7.071238400444565e-12,2.649738079690624e-11,2.373536577158503e-11,4.304446195889551e-03,2.343320599418294e-02,1.780195608376229e-10,1.593432536235439e-08,3.058792168946210e-10,7.312373865153092e-09,6.347659058559713e-13,5.576159002378332e-15,5.207550635619562e-09,2.509061166235737e-09,2.962520648360456e-14,9.012414521691535e-12,8.303016325394049e-13,3.969352872646807e-12,3.300297170945822e-13,1.130186787490252e-12,1.960941609887545e-12,2.778832384639689e-14,1.169815207756216e-12,4.170121774617583e-12,2.955127661740095e-17,2.486296958571629e-14,1.810333704026347e-13,8.527474287965720e-17,4.230479297256563e-18,1.578350030577751e-06,1.088247803327691e-05,3.033116184709932e-08,9.906160850664145e-08,6.260775049566800e-08,1.464167305828852e-12,2.784681624142689e-13,1.801864109284718e-12,5.994019565913993e-12,7.497555596784340e-12,3.166693600203289e-12,2.060466939668932e-12,1.069719913041035e-01,7.929655197507585e+03,0.000000000000000e+00,2.330344574230944e+03,1.013250165639894e+05,
1.558666593223912e-06,6.188683197795894e+00,1.584219530927412e-01,3.078464993934885e-05,2.780500390953604e-04,8.620598446106724e-04,1.967410561470939e-07,1.153452615477356e-04,1.235633573539217e-02,7.610106015389765e-08,2.866327120425247e-03,1.987879622221508e-10,5.646253307050235e-10,5.878078540615027e-11,1.947616274143428e-09,3.971924032273252e-10,7.668258278560894e-09,3.496942502294124e-09,7.402586140787300e-12,3.095689560991345e-11,2.463672663317289e-11,6.174363798772083e-03,2.303513099591899e-02,1.866052049352118e-10,1.609377496933824e-08,5.248808189513842e-10,8.166097140498218e-09,3.988380409648761e-12,2.906112277342499e-14,5.220665997771311e-09,2.491979714360137e-09,1.997156851337277e-13,2.213604463966606e-11,3.011376370770724e-12,1.132585010308295e-11,4.505526525291817e-12,5.047279644540369e-12,1.063137213767337e-11,6.522688124988964e-13,1.667517407117430e-11,1.730027296486200e-11,2.341734613509871e-15,1.538593923421290e-12,1.796562075977975e-13,1.460334200898281e-16,4.566015929789337e-18,2.537749366085018e-06,1.791989596018668e-05,3.037334372663570e-08,1.897514218481321e-06,1.294155175149629e-06,3.848450551552172e-12,7.666360938451406e-12,6.565533725616793e-12,1.389536654506842e-10,6.186673474164166e-11,4.848897305947528e-11,1.722563703763715e-11,1.135902240340534e-01,7.825477554794802e+03,0.000000000000000e+00,2.289621892729898e+03,1.013250539765864e+05,

