1
0
56
1
(4 0
((0,0) (15,255) (0,0))
((0,768) (15,1023) (0,0))
((0,512) (15,767) (0,0))
((0,256) (15,511) (0,0))
)
4
FabOnDisk: SD_5_New_MF_D_0003 0
FabOnDisk: SD_5_New_MF_D_0000 0
FabOnDisk: SD_5_New_MF_D_0001 0
FabOnDisk: SD_5_New_MF_D_0002 0

4,56
-7.840770140609198e+00,-1.618226324264452e+01,-2.601960347131567e+01,-6.078350841129994e+00,-9.493030831883599e+00,-9.092778685363413e+00,-1.132358804885471e+00,-6.362620057100914e+02,-2.803319390042326e-01,-8.520611167730345e-01,-9.958040388620115e-02,-1.400939944191681e+01,-1.294167627352835e+01,-1.537572072646869e+00,-1.033892199375197e+01,-4.670155083722785e-01,-7.628993161832623e-02,-2.888771233422316e+00,-1.474584391409666e+02,6.908612476042887e-21,-1.050709378240408e-01,-4.939177896520743e+01,-1.859439691009516e+00,-2.016992497289883e+02,-7.848353184408545e+00,-2.534156587837999e+01,-4.879393966406401e+00,-2.894063907529407e+00,-9.366941530400481e-03,-2.019027127910327e+00,-1.642890493221691e+00,-9.288239818058459e-01,-3.792239208495009e+00,-2.207868852011450e+00,-3.159367061643412e+00,-2.214104056359200e-01,-3.263931352588884e+01,-5.386712167880612e-01,-3.381130649697591e-01,-8.544893927850907e+00,-1.078281333870171e+00,-1.774889663596434e-02,-6.971848035320080e-04,-8.422990791587816e-02,-1.707209567493850e-01,-2.089024728639608e+00,-8.098920963652001e-02,-4.555204613811342e-01,-1.355299521071193e-01,-2.441880180495703e+01,-4.862052078678250e-01,-5.884135460620550e+02,-8.813738814842588e+01,-9.421360240892925e+00,-2.448245012169531e+01,-3.233253664802760e-10,
-3.978376619426233e-03,-3.050248038890413e-02,-8.964015154522920e-02,2.809081537304313e-07,-1.112059260066815e-02,1.053951319711579e-01,-6.828130206462524e-06,-3.415586854090272e-01,-9.698604332177384e-08,-3.485912918991168e-07,-3.671819447356872e-08,-2.845865519461941e-06,-2.881245323973312e-07,-6.961323827440066e-07,-2.157981903694006e-06,-5.660270717701291e-09,-2.098412621738982e-08,-1.945116818828881e-08,-4.872657838832194e-01,2.725708019125111e-01,-9.705575631372873e-08,-8.563304516974978e-06,-2.386666610466289e-07,-9.528163939070622e-06,-2.061700283230129e-06,-3.065907264595205e-09,-3.763961741739408e-06,-1.263299950438118e-06,-1.112686228391181e-08,-5.996292068847958e-09,-7.982861622993058e-07,-2.984934222222909e-07,-2.812768162250718e-08,-1.366652324788318e-07,-2.619564729835138e-07,-6.428992568891048e-09,-6.164354977543620e-07,-3.773248390595632e-06,-1.056390151501570e-11,-3.832291335838023e-09,-1.077257894760199e-10,-5.056436572732303e-14,-2.512937317669249e-15,-7.281192454510907e-04,-5.038963685097877e-03,-1.273932029997589e-05,-4.479614271600746e-05,-2.810748943486185e-05,-1.578497681962700e-09,-6.163405192021781e-08,-1.393733131376308e-06,-2.393040088661905e-06,-7.878897468517823e-07,-3.307532684868766e-07,-2.180668829580595e-07,-2.780364827259518e-11,
-1.260224690293842e-02,-9.482535645101266e-02,-2.061917008216995e-01,2.493675258833103e-06,-2.952815217951593e-02,1.851755912171945e-01,-2.344816698122351e-05,-8.369617625437161e-01,-1.229797163987861e-07,-3.587795832869405e-07,-4.639936199621481e-08,-2.448312686112818e-06,-1.461727709156668e-07,-2.358937875667753e-06,-2.680902000418364e-06,-6.549427103150964e-09,-2.794317259452437e-08,-2.222590727723678e-08,-1.158743783458220e+00,7.873834889151946e-01,-1.006969969128525e-07,-8.021662743034563e-06,-3.961384225553291e-07,-1.072090054383109e-05,-1.188005447208658e-06,-2.641532718956363e-09,-2.289593077198410e-06,-9.560684597181358e-07,-2.553766332913791e-08,-1.631168072220179e-08,-1.368981393677179e-06,-4.303167735094936e-07,-6.192630254125308e-08,-2.313508022095186e-07,-4.674935344602421e-07,-1.099614375885653e-08,-8.637696209138560e-07,-4.112371315317229e-06,-1.863626418533598e-11,-1.312843434123852e-08,-1.017865305171181e-10,-8.174021049460437e-14,-2.752180322309016e-15,-1.212613512480212e-03,-8.624584092318319e-03,-1.054948090744150e-05,-2.622045282607747e-04,-1.697370993259816e-04,-4.063298420893468e-09,-7.168703625347221e-08,-1.200924170102387e-06,-3.772314134669317e-06,-1.871796923645061e-06,-7.731204846326362e-07,-5.156879366873866e-07,-2.275457600120490e-11,
-1.708431766348460e-01,-7.902294986075247e-01,-5.064297012310248e-01,-5.531794937736774e-04,-1.573778129618447e-01,4.968036879716941e-01,-2.848184665231810e-04,-4.202748625459955e+00,-6.405417430521986e-07,-8.185479342869598e-07,-3.277901300832515e-07,-2.804433664376127e-05,-5.831925982098777e-07,-3.054946922737157e-05,-1.549593036338374e-05,-3.660659633048695e-08,-2.024344301406163e-07,-1.549300078895247e-07,-4.499204727418983e+00,1.861848420966008e+00,-1.100121939788224e-07,-6.966294046653475e-06,-4.373747363100436e-06,-1.514608877823332e-04,-5.611946217870425e-06,-1.832867574183195e-08,-1.001035134059221e-06,1.831383287093987e-07,-1.054686787960384e-07,-1.559777156237803e-07,-5.658715436715123e-06,-4.150633281270686e-06,-4.250308383369555e-06,-6.271876495038477e-06,-1.336801865682970e-05,-4.206526176801556e-07,-8.351744370559852e-06,-1.048537244346818e-05,-2.064788469728817e-09,-1.619073433446995e-06,-3.781651863783360e-09,-1.092864443174165e-11,-3.015917476980625e-13,-1.413853979893572e-03,-1.042205773204205e-02,1.250706166681374e-06,-1.730130497660318e-02,-1.208868712000693e-02,-4.058652240755249e-07,-9.838217797203070e-06,-2.880377640749979e-06,-1.443853204530953e-04,-7.264884199837650e-05,-5.138669043083745e-05,-2.027327247755497e-05,-9.865175343293231e-11,

4,56
5.961617416620635e+00,3.552624057140298e+01,5.152912230075752e+01,7.610425583361044e+00,1.324592897121341e+01,3.165183569218121e+02,6.199795119253917e-01,1.358586177957477e-05,6.447115663451805e-01,1.398392473293777e+00,1.593464906580643e-01,2.615386570121085e+01,1.630765819739323e+01,1.957713842443388e+00,1.560495537707620e+01,4.369077162130620e-01,1.348011714109291e-01,2.872157067407109e+00,4.619630611728718e+02,3.222529078587309e+02,2.038517037883013e-01,5.936790868874171e+01,3.932126158232770e+00,2.950347501781887e+02,1.354113822381193e+01,2.677528007659383e+01,8.452373675541066e+00,3.459007313382593e+00,1.587429095148574e-02,3.802141302886847e+00,2.470493734569703e+00,1.055177638313491e+00,3.902049506255505e+00,2.299562240658886e+00,3.781694782560852e+00,2.000311419410164e-01,3.461706387534850e+01,1.060840045911591e+00,6.175607469012776e-01,7.920811541034575e+00,1.455486270833062e+00,4.355084158758703e-02,1.086965018587522e-03,7.524232010106033e-02,4.381633928289427e-01,2.420600079501304e+00,4.668355623210447e-01,6.769593587130723e-01,1.810800437495573e-01,1.649065282785867e+01,7.898865811082934e-01,4.761637572377951e-01,8.930502921473386e+01,1.434656600400337e+01,2.496261836218818e+01,2.912656782427803e-10,
-1.984069845506436e-03,-1.184364573055126e-02,-3.315907927755107e-02,6.429930529846603e-06,-5.944581343395572e-03,1.845908261261045e-01,-1.768418130453816e-06,-1.574942005864949e-01,-3.866282134781400e-08,-1.487089151211548e-07,-7.550449772289634e-09,5.053184397678031e-07,-6.296507600867562e-08,-1.920771703069568e-07,-8.439917968852151e-07,-1.035885308411552e-09,-3.703665767929666e-09,-4.256534429055659e-09,-1.658384692222933e-01,7.850269727459818e-01,-5.775411410355578e-08,-5.221527311984654e-06,-6.706330537708441e-08,-3.768338898232357e-07,6.270536003561222e-07,1.252176171326581e-09,-1.820250194077466e-06,-7.801182262642790e-07,4.966422573891547e-09,-1.802124268247982e-09,1.651898773218042e-07,1.002150775820496e-06,1.139650626228165e-07,5.848531770242583e-07,1.037409718870732e-06,1.418458340976384e-08,7.517779034308804e-07,6.075767731659157e-06,1.377704976823309e-11,1.045889884081190e-08,-9.317745079473959e-11,-2.277372621912611e-14,-1.523443629017703e-15,-4.567999173607758e-04,-3.114532502877138e-03,-1.055556474406073e-05,-1.207385835004807e-05,-7.397320419692949e-06,1.968245787626181e-09,1.442793756322133e-07,2.672468532458389e-06,5.863069489241146e-06,4.957067628898941e-06,1.439179479228454e-06,1.367619262018643e-06,2.073791832701843e-11,
-3.677546274456315e-03,-3.061318253360861e-02,-8.989891426954498e-02,7.547572842434181e-06,-1.115623789140807e-02,4.944966996868379e-01,-6.845827675804982e-06,-3.425950847490081e-01,-5.793377231505679e-08,-6.528755071286529e-08,-1.139264471653872e-08,7.189101539726099e-07,1.550071706083342e-07,-6.737619048665762e-07,-6.852722704958328e-07,-4.529183463731966e-10,-4.304563925608906e-09,-1.382431605360116e-09,-4.887401559255982e-01,1.854652860934859e+00,-4.140966846954637e-08,-7.184644242074838e-07,-1.141976547747488e-07,-2.354237355388931e-07,3.380812889555539e-07,1.085356060804602e-09,3.124795726388449e-07,6.607015064706687e-07,6.709906945255050e-09,-3.730791543823971e-09,1.072131598872258e-07,1.287576224317341e-06,2.306621495776843e-07,8.306053871742725e-07,1.343188900639082e-06,2.488431739896357e-08,1.233248612183831e-06,5.125724157614881e-06,3.006112689393178e-11,1.701034002572039e-08,6.618024530563901e-11,-5.018508094373252e-14,-1.694991603412572e-15,-7.295365583615884e-04,-5.049130374582675e-03,1.230323727430694e-06,-4.502286567937550e-05,-2.824967534006532e-05,4.595002576930039e-09,2.526737371963018e-07,2.200653612668473e-06,7.352719221403817e-06,5.772314531613559e-06,2.087662478094983e-06,1.589266706187751e-06,2.376010499460790e-11,
-1.267834383921655e-02,-9.534534728375353e-02,-2.069441803995656e-01,2.391533433823597e-06,-2.966285893551081e-02,3.216692943217067e+00,-2.358963794784091e-05,-8.404271002556972e-01,1.106284705372775e-06,3.520818641232313e-06,4.367551126120551e-07,2.906949474905521e-05,1.974733589403184e-06,-2.130965527317494e-06,2.807390658449246e-05,7.639663591770741e-08,3.381759016398102e-07,2.658957657157376e-07,-1.163270535315435e+00,7.121289471330186e+00,5.870349851493283e-07,4.807966477409605e-05,3.489073161572795e-06,1.322224044979962e-04,5.509031544038245e-06,1.698653808775169e-08,1.457910839701330e-05,5.632037902870562e-06,3.775330114403633e-08,9.289323765840906e-08,9.287754424355570e-07,4.057726188966453e-06,1.985693575210906e-06,3.461444355294970e-06,8.700461044530017e-06,7.243127101849466e-07,1.780118766846575e-05,2.204123156548543e-05,2.779610407996460e-09,1.462058264871409e-06,3.771929364676707e-10,2.240628815897300e-13,1.122538889773392e-14,1.601252508423399e-03,1.137720555474061e-02,6.528320347532432e-05,-2.646528243696923e-04,-1.713570270601486e-04,2.874012351718147e-07,5.899202793625191e-06,7.007296068976551e-06,1.523057472250339e-04,3.853429065963893e-05,1.638207746921745e-05,1.071508858264593e-05,1.227609125464824e-10,

