1
0
56
1
(4 0
((0,0) (15,255) (0,0))
((0,768) (15,1023) (0,0))
((0,512) (15,767) (0,0))
((0,256) (15,511) (0,0))
)
4
FabOnDisk: SD_5_Old_MF_D_0003 0
FabOnDisk: SD_5_Old_MF_D_0000 0
FabOnDisk: SD_5_Old_MF_D_0001 0
FabOnDisk: SD_5_Old_MF_D_0002 0

4,56
-7.822837004783733e+00,-1.619400338399396e+01,-2.587460431639595e+01,-6.047880982904475e+00,-9.264234333709524e+00,-9.073032439000659e+00,-1.132329663494579e+00,-6.369106128851174e+02,-2.686126217885638e-01,-8.556996789777593e-01,-1.005728917544306e-01,-1.393352951836335e+01,-1.297899024803764e+01,-1.535860027428888e+00,-1.028395158151874e+01,-4.655747856870850e-01,-7.676573040454497e-02,-2.884131571668954e+00,-1.470016259591347e+02,7.596826745687006e-21,-1.073590266588232e-01,-5.023507543055871e+01,-1.852257634098176e+00,-2.022605691918062e+02,-7.738711671336388e+00,-2.534374446535583e+01,-4.921312585340873e+00,-2.937351466159417e+00,-9.335804637206064e-03,-2.020846229929395e+00,-1.644488055649576e+00,-9.501817715019716e-01,-3.777352612952975e+00,-2.197793712481897e+00,-3.133531113442267e+00,-2.205283728439289e-01,-3.257468261972690e+01,-5.389921528155643e-01,-3.363588943603578e-01,-8.565775657487469e+00,-1.041095100274643e+00,-1.722879689023260e-02,-7.024257624734768e-04,-8.381366148350980e-02,-1.731065352478285e-01,-2.087135501587117e+00,-7.898966012390307e-02,-4.480898528698860e-01,-1.352908928236319e-01,-2.414148312792974e+01,-4.944636655189929e-01,-5.928337337838268e+02,-8.746958340052282e+01,-9.497903136641106e+00,-2.419295638680362e+01,-2.964952727779746e-10,
-3.978867334363907e-03,-3.049454413274737e-02,-8.962065450381458e-02,2.886668039081520e-07,-1.111860185086854e-02,1.053741098496740e-01,-6.825565300989678e-06,-3.414753642382597e-01,-9.411994670295004e-08,-3.392274188174875e-07,-3.482911064484554e-08,-2.627604475990198e-06,-2.763997711535088e-07,-6.922759068983567e-07,-2.231129565355574e-06,-5.870339934238517e-09,-2.170419924995687e-08,-2.002304973021768e-08,-4.871284018538014e-01,2.724765392995723e-01,-9.194587249061004e-08,-9.233190704513439e-06,-2.564227167803611e-07,-9.699734440757253e-06,-2.287642648284598e-06,-3.431072916077020e-09,-3.908257062853180e-06,-1.305939724780230e-06,-9.338985507623633e-09,-5.588558984162160e-09,-7.575942804975361e-07,-2.957679567270012e-07,-3.256719268580044e-08,-1.368482296949100e-07,-2.550818255289633e-07,-5.704286487273765e-09,-5.825239534686642e-07,-3.663904981238319e-06,-9.876158423612513e-12,-4.481931781836937e-09,-1.076266536038263e-10,-5.056564217447789e-14,-2.511136468268372e-15,-7.279829153003447e-04,-5.037993924343304e-03,-1.273868601153819e-05,-4.477548174889800e-05,-2.809422350730864e-05,-1.803203432524229e-09,-7.269885677418769e-08,-1.549497970714619e-06,-2.314317550213481e-06,-7.410299066939534e-07,-3.703054630013949e-07,-2.051509849966143e-07,-2.311904834240153e-11,
-1.259642233283017e-02,-9.478064974251836e-02,-2.061254095099773e-01,2.504071908087131e-06,-2.951665542560420e-02,1.851427238852087e-01,-2.343539342118779e-05,-8.366513266911875e-01,-1.334658218695950e-07,-3.426459185693096e-07,-4.643999999314693e-08,-2.349646866219799e-06,-1.759167653603748e-07,-2.354147996425447e-06,-2.672842567465438e-06,-6.240323836116629e-09,-2.816030156900111e-08,-2.220618708924252e-08,-1.158322502686619e+00,7.871571360149111e-01,-1.071143429894121e-07,-7.938769873634919e-06,-3.872412193858793e-07,-1.053498095421084e-05,-1.360646039849955e-06,-2.155126688163916e-09,-2.313102421478913e-06,-9.613924271051644e-07,-1.837337463273321e-08,-1.572299165005053e-08,-1.065849208447406e-06,-3.936815124430500e-07,-6.561802066643649e-08,-2.509250484455014e-07,-4.856458010449967e-07,-1.349060035761863e-08,-6.324590159721490e-07,-3.373001995170876e-06,-1.555397055547828e-11,-1.048282594612985e-08,-1.018051501083417e-10,-8.185652102427110e-14,-2.738581101742426e-15,-1.212362457518440e-03,-8.622642228345375e-03,-1.054856431589198e-05,-2.619754010245469e-04,-1.695865714381326e-04,-3.702671182718760e-09,-9.785504740358815e-08,-1.303564734901203e-06,-3.257326692527567e-06,-1.811576814073815e-06,-5.507572396470350e-07,-5.005109587791416e-07,-2.345684757543154e-11,
-1.705499031047296e-01,-7.891848278995759e-01,-5.063728458295190e-01,-5.522076305680182e-04,-1.575641345004120e-01,4.966078056772332e-01,-2.844319166216739e-04,-4.197857543459923e+00,-1.181576648162845e-06,-2.047491434200338e-06,-3.482135237743859e-07,-3.197208415195537e-05,-1.420524183572399e-06,-3.068847958139892e-05,-2.603032466855462e-05,-7.643127520475266e-08,-3.624997792277196e-07,-2.666381757321604e-07,-4.490171409772441e+00,1.861173932718885e+00,-9.667178970562626e-08,-5.933686001763145e-06,-4.657173658622892e-06,-1.564451275850973e-04,-6.151231952258096e-06,-1.828890976700980e-08,-7.418210835657068e-07,2.861769865389350e-07,-7.235136232274211e-08,-1.374580210411879e-07,-2.614226282144941e-06,-4.926677871607485e-06,-4.194650343412903e-06,-6.119126580154874e-06,-1.458411238389697e-05,-4.552704895572761e-07,-1.279096292359743e-05,-9.639756361420344e-06,-2.880072636722177e-09,-2.478618923054042e-06,-3.715840262323079e-09,-1.072640345112993e-11,-2.960414387134372e-13,-1.413781599582410e-03,-1.042140507396468e-02,1.244556351246292e-06,-1.724103304332468e-02,-1.204641061361214e-02,-5.818549364689881e-07,-1.136160247572481e-05,-2.996021377336459e-06,-1.570725145459933e-04,-9.193801766435304e-05,-4.819800365255305e-05,-2.559635761643163e-05,-9.818146295970109e-11,

4,56
5.979145174815590e+00,3.419992426952618e+01,5.291163999733604e+01,7.539971255291417e+00,1.322018551603918e+01,3.170949850736114e+02,6.191270460165914e-01,1.366333703956002e-05,6.471165739713239e-01,1.396224598686865e+00,1.609445409591844e-01,2.604297648079081e+01,1.620779629070599e+01,1.938969902721293e+00,1.564611977178065e+01,4.403464989631272e-01,1.350275165705017e-01,2.865664108419881e+00,4.622385288243689e+02,3.181653421221201e+02,2.056233665442167e-01,5.930329798975255e+01,3.907515862300233e+00,2.924654027592539e+02,1.360267133483633e+01,2.651007215604649e+01,8.546822368686120e+00,3.463580791220576e+00,1.599271149166552e-02,3.815874271473389e+00,2.486242476971539e+00,1.066932035980044e+00,3.880613229269414e+00,2.305535884053547e+00,3.742799007420035e+00,1.996585878897554e-01,3.484971701089021e+01,1.089027240783334e+00,5.989627512826424e-01,7.862759330551764e+00,1.448627913691446e+00,4.356381413339439e-02,1.088406354193209e-03,7.401435792705233e-02,4.306279561236401e-01,2.382540896005679e+00,4.687246297304802e-01,6.751125756747722e-01,1.796908506309944e-01,1.660369455595338e+01,8.092601148876157e-01,4.935650927868300e-01,9.051175871852583e+01,1.414074186247881e+01,2.531191972906051e+01,2.888782546506263e-10,
-1.983879973714303e-03,-1.184039137512947e-02,-3.314787154149693e-02,6.429022171662482e-06,-5.944263455662161e-03,1.845587978493529e-01,-1.771148713720462e-06,-1.574679365304239e-01,-3.935236323253278e-08,-1.548316074198603e-07,2.294640379966181e-09,4.062310310677420e-07,-7.717188225334130e-08,-1.943984274846827e-07,-8.881111452057008e-07,-1.145875648045894e-09,-4.102986218326666e-09,-4.570382522061508e-09,-1.657794407825163e-01,7.848075183528682e-01,-5.805386868240459e-08,-5.230838215216185e-06,-7.099296788783137e-08,-4.191767644942807e-07,7.398155181710548e-07,1.370580747190783e-09,-1.747589180823817e-06,-7.773919502578076e-07,5.518475221419449e-09,-1.981215576305885e-09,7.048982630289051e-08,9.116366559569206e-07,1.179250830754826e-07,5.434676664458474e-07,1.004136303986670e-06,1.453514645358383e-08,6.762648393875146e-07,4.670956714676691e-06,1.532657393668401e-11,9.927915311403177e-09,-9.324831070911064e-11,-2.258855852284934e-14,-1.511978573287248e-15,-4.567525845761713e-04,-3.114114955354645e-03,-1.055641098579193e-05,-1.207269964317947e-05,-7.397361611356880e-06,1.974697760680830e-09,1.387544835514952e-07,2.930470185655488e-06,5.900584753135694e-06,4.222739241705957e-06,1.236621925942341e-06,1.164110705145147e-06,2.432123946682907e-11,
-3.677240672339179e-03,-3.060468084683943e-02,-8.987903901720741e-02,7.546387108870782e-06,-1.115417224423921e-02,4.943046897350848e-01,-6.844131461059623e-06,-3.425089735725103e-01,-5.898851329224492e-08,-7.653470276074387e-08,-1.005407751445768e-08,7.040484798751900e-07,1.534474793355361e-07,-6.802801816257077e-07,-6.372064390296891e-07,-6.377704916816087e-10,-5.063892203054524e-09,-1.529301417712181e-09,-4.885987454597391e-01,1.853982194178035e+00,-4.253821058934663e-08,-7.619076267373661e-07,-1.231970833355679e-07,-6.407982514969152e-07,4.062059987376033e-07,1.031183367242784e-09,2.648399875736004e-07,6.503885071141421e-07,7.771601581130188e-09,-3.791321109029282e-09,1.233705627479046e-07,1.288229687692997e-06,2.267402135380587e-07,8.843699039351067e-07,1.464408609761344e-06,2.266105415364807e-08,1.179365017712142e-06,4.621957027274276e-06,3.860145261567358e-11,1.792030462501177e-08,6.550518044357693e-11,-5.049549918906174e-14,-1.699084070982226e-15,-7.293910748329460e-04,-5.048125391328479e-03,1.219922412474657e-06,-4.500254529211764e-05,-2.823688709311994e-05,4.064514351081820e-09,1.824912331655565e-07,2.333382529897531e-06,6.623914384100189e-06,5.675863853659626e-06,2.224313760821442e-06,1.568641185805061e-06,2.474975779875876e-11,
-1.267243105043204e-02,-9.530100559341304e-02,-2.068760577290791e-01,2.399579052707286e-06,-2.965110975216127e-02,3.215581743910279e+00,-2.357725915150060e-05,-8.401151304159566e-01,1.457533127573680e-06,4.261859424567486e-06,6.686477264718683e-07,4.477859964883816e-05,2.464800636235985e-06,-2.126373662352369e-06,3.448178348756503e-05,9.978865893685755e-08,4.776656113114017e-07,3.379418504100831e-07,-1.162847809734896e+00,7.107072750168243e+00,6.121797987964692e-07,5.278802851398124e-05,5.453043738289968e-06,1.891381157897191e-04,5.117786676514123e-06,1.944940281219542e-08,1.628165977123692e-05,5.265995184246806e-06,3.500833978501553e-08,1.578558887511779e-07,7.869782637399404e-07,4.016326314728231e-06,2.573189322591147e-06,4.220535144361142e-06,1.175396979668543e-05,4.081569799633170e-07,8.693651689973744e-06,1.071514193161082e-05,1.830736601466112e-09,2.016238639749010e-06,3.810754458962810e-10,2.141416495772371e-13,1.112306027556920e-14,1.590320075128637e-03,1.129639444684660e-02,6.522347932448982e-05,-2.644193386733781e-04,-1.712014289592284e-04,4.805602058344094e-07,7.822735860910348e-06,5.149838269642858e-06,1.506424434658619e-04,6.641519075714006e-05,3.058642160168573e-05,1.837224568006539e-05,1.068369837042837e-10,

