1
0
63
1
(4 0
((0,0) (15,255) (0,0))
((0,768) (15,1023) (0,0))
((0,512) (15,767) (0,0))
((0,256) (15,511) (0,0))
)
4
FabOnDisk: SD_0_Old_MF_D_0003 0
FabOnDisk: SD_0_Old_MF_D_0000 0
FabOnDisk: SD_0_Old_MF_D_0001 0
FabOnDisk: SD_0_Old_MF_D_0002 0

4,63
-9.313525204209595e-07,2.063791554939748e-01,1.576503558342280e-01,4.159413783785626e-20,1.565277724156455e-18,7.902117139027755e-15,2.818306886284202e-09,9.860753619225049e-07,4.890047086201804e-07,1.155777261299543e-09,2.852714607583773e-03,0.000000000000000e+00,1.273103741260560e-23,8.963861253571322e-25,3.187919304363657e-11,1.141485013938501e-10,6.947859085886703e-20,1.731412886610111e-09,3.651020040794571e-14,3.725951139383458e-24,1.212119436345927e-11,1.743479789886272e-07,1.826205431591558e-08,1.439051708717912e-29,1.944775633042988e-09,8.775085149510353e-21,3.221572271486113e-09,0.000000000000000e+00,5.921096555962635e-15,4.073306490292150e-23,2.390334229624664e-10,1.577948492205817e-17,3.235964164416002e-19,2.068439113332066e-12,0.000000000000000e+00,0.000000000000000e+00,0.000000000000000e+00,0.000000000000000e+00,0.000000000000000e+00,0.000000000000000e+00,0.000000000000000e+00,0.000000000000000e+00,0.000000000000000e+00,8.411473754555046e-14,1.913425921481941e-16,5.431297720003649e-18,2.285151823440194e-13,7.415308899083848e-14,3.080258777818755e-12,7.166186804740474e-13,1.291237501230008e-12,2.318690339457474e-27,0.000000000000000e+00,0.000000000000000e+00,0.000000000000000e+00,0.000000000000000e+00,0.000000000000000e+00,0.000000000000000e+00,1.130974271029602e-01,4.088490331198132e+03,0.000000000000000e+00,4.430043547658473e+02,1.013238607066031e+05,
-8.528289717160017e-08,3.765415310117452e+00,1.460847323972707e-01,6.090996919809090e-06,5.816589957399318e-05,4.686968474780701e-04,1.349639917315801e-07,5.696165781367880e-05,1.235215088798964e-02,1.206920178594891e-08,1.183243145763630e-03,5.112971947364255e-11,2.716214301975235e-10,2.293435532580384e-11,1.087502652089533e-09,2.983213945132645e-10,8.691114259955053e-10,1.627224511422121e-09,3.544738571097607e-12,1.171465901146137e-11,1.250501487302312e-11,3.567118905066216e-03,2.343956033392273e-02,8.748251075149043e-11,9.041150317162350e-09,1.000747703292813e-10,3.367961337746049e-09,6.907755431690571e-14,1.249236429372153e-15,2.998172913219112e-09,1.625181592117062e-09,4.089955356574992e-15,2.175525614045947e-12,4.867272150884567e-14,8.161990244789051e-14,1.571296456519547e-15,3.171050926368435e-15,2.782112792444091e-15,9.583019784746950e-19,4.451763328301515e-17,1.672144192299665e-20,7.821009466364054e-22,2.123094702342981e-17,7.838227842632907e-14,1.736567954195500e-17,1.195670840022313e-18,5.873927350602036e-07,3.994806249500136e-06,1.800531954276503e-08,1.326324450141426e-08,8.109436530500924e-09,4.242762404973511e-13,6.974266651889204e-16,1.140882958706344e-24,0.000000000000000e+00,0.000000000000000e+00,0.000000000000000e+00,3.750912574632907e-28,1.047745098143117e-01,7.926818482409887e+03,0.000000000000000e+00,2.330930203022345e+03,1.013249766930662e+05,
-3.125544813423325e-07,3.696453714228798e+00,1.469342758259820e-01,7.202690297486724e-06,6.943941356588682e-05,5.060898814946736e-04,1.327002494827596e-07,6.112164889639198e-05,1.235467735685784e-02,1.458687678905294e-08,1.324017330180794e-03,8.155704444203590e-11,3.928407728186741e-10,3.427971037722541e-11,1.510054053459109e-09,3.791110259301775e-10,1.129136204941992e-09,2.351134194924560e-09,5.144635015131388e-12,1.760675931656744e-11,1.781299322827927e-11,3.779808554061295e-03,2.305444739952915e-02,1.280645770872357e-10,1.259796267198243e-08,1.655650288977962e-10,5.017557391431656e-09,1.273517512962743e-13,2.311487533878848e-15,4.185261912918387e-09,2.192704414953082e-09,8.708532855141719e-15,3.982783685737301e-12,1.033787634141185e-13,1.254379653950890e-13,3.220369560779361e-15,5.394913986839614e-15,4.837887517977434e-15,2.352345808089833e-18,1.000825955338207e-16,0.000000000000000e+00,2.171935932340192e-21,4.919027491726188e-17,1.387662901185678e-13,3.856073184716558e-17,2.400620716906460e-18,9.308787260633846e-07,6.356381709359381e-06,2.483784395768172e-08,2.834676972289695e-08,1.749675568034281e-08,7.250571550138098e-13,1.263999349904591e-15,0.000000000000000e+00,0.000000000000000e+00,0.000000000000000e+00,0.000000000000000e+00,0.000000000000000e+00,1.053856781627559e-01,7.834667059553768e+03,0.000000000000000e+00,2.291828660164090e+03,1.013249761246386e+05,
-1.713213768093267e-06,3.444441970923282e+00,1.490448124671014e-01,1.040971409315555e-05,1.011398230249126e-04,5.931437809042157e-04,1.327084384546706e-07,7.160416972970647e-05,1.234073404079072e-02,2.217889683630167e-08,1.660198172192015e-03,1.368963873333324e-10,4.160106236413656e-10,5.029182849516348e-11,1.390829018856289e-09,1.985599440632923e-10,1.887969591665113e-09,2.858936115925563e-09,5.470682251911289e-12,2.611203483014329e-11,1.935074094841416e-11,4.282755503381431e-03,2.215648081397943e-02,1.319138186590551e-10,1.071905787712240e-08,2.991039649128487e-10,6.857992866757090e-09,0.000000000000000e+00,0.000000000000000e+00,2.990396209647211e-09,1.190627772536470e-09,2.694220288947284e-14,8.745763391985559e-12,0.000000000000000e+00,0.000000000000000e+00,0.000000000000000e+00,0.000000000000000e+00,0.000000000000000e+00,0.000000000000000e+00,0.000000000000000e+00,0.000000000000000e+00,0.000000000000000e+00,0.000000000000000e+00,6.226799032329558e-14,8.285754563662702e-17,3.426649620199249e-18,1.547458772646191e-06,1.066537003227035e-05,1.787931768130853e-08,9.437329266101068e-08,5.958733688359451e-08,1.426168188858607e-12,0.000000000000000e+00,0.000000000000000e+00,0.000000000000000e+00,0.000000000000000e+00,0.000000000000000e+00,0.000000000000000e+00,1.069037102358461e-01,5.945939086727107e+03,0.000000000000000e+00,2.147962127737645e+03,1.013249576276895e+05,

4,63
7.359760792274345e-07,3.442110669021371e+00,8.373109420970876e-01,5.094337287204631e-05,4.643146236501671e-04,9.714321075133777e-04,1.193615737266851e-04,3.284302913167133e-04,1.312406298563143e-02,2.140715311577395e-05,1.827738502885549e-01,1.334004121076229e-06,6.288423952874559e-06,7.061355966933220e-07,2.319750555644734e-04,2.532259260771531e-04,2.059898974311289e-05,5.096223878331829e-04,1.458683991509490e-05,9.641101385514417e-07,6.669443221635093e-05,1.405148947347265e-02,2.215184898008725e-02,7.486963795318845e-07,5.931518122528483e-04,2.185073179917657e-05,4.472774555870374e-03,1.021072130277667e-04,4.440759120264198e-04,3.128227904574295e-05,1.158794600537507e-04,1.368137611919466e-07,3.237192411954362e-05,3.848866550723011e-05,1.167569677169889e-05,5.676200469969920e-05,3.053445675076200e-05,4.012653275479425e-05,3.150017092264240e-06,6.501571218903150e-04,1.111875752863434e-05,4.275851778027801e-06,1.169550510676851e-04,1.582585059445864e-05,6.600476367312974e-07,1.481428779360498e-08,2.488814726161763e-06,1.756850025262197e-05,2.963157231729062e-05,1.265645041844451e-05,1.648480069194921e-05,1.711746361171811e-06,4.578968303372184e-04,9.694273647013062e-06,5.259363661487865e-02,1.684119587724806e-03,1.404177752378920e-04,4.573213626981128e-04,6.019417480664297e-01,7.576557677450110e+04,0.000000000000000e+00,2.146641513382901e+03,1.013274412643370e+05,
8.524715895657947e-08,3.795540866070962e+00,1.469300403284987e-01,7.196560389260411e-06,6.937856409607343e-05,5.058979834948674e-04,1.367225252249077e-07,6.109922098639026e-05,1.235467504911841e-02,1.457310932037735e-08,1.323318467739727e-03,8.140946897730000e-11,3.923255552263863e-10,3.422884882950156e-11,1.508358334708591e-09,3.788423455210313e-10,1.127717582677730e-09,2.348022010658964e-09,5.137779615363788e-12,1.758011223209597e-11,1.779096697177975e-11,3.778746202305634e-03,2.361300255728397e-02,1.278918664657226e-10,1.258402817706315e-08,1.652469664206742e-10,5.010502320739078e-09,1.270358034896146e-13,2.305736605347315e-15,4.180621273167131e-09,2.190660241850751e-09,8.680937876258806e-15,3.973278298250692e-12,1.030531376552585e-13,1.252644117900210e-13,3.211340622701536e-15,5.384476339762879e-15,4.827844643538942e-15,2.343389045424321e-18,9.974587597984357e-17,3.654380529022499e-20,2.162326361640816e-21,4.901750654319861e-17,1.385119830319791e-13,3.844593751613153e-17,2.394668237128480e-18,9.293065839622588e-07,6.345517121595741e-06,2.481306658813149e-08,2.825617013628036e-08,1.743999071039742e-08,7.235483700187997e-13,1.260984291361524e-15,2.303455229609812e-24,2.079392704840547e-25,3.281753272327964e-20,2.099811257267973e-19,9.214005101460179e-21,1.053826426511452e-01,7.939998824703684e+03,0.000000000000000e+00,2.347059199632994e+03,1.013250164605724e+05,
3.125877662830455e-07,3.765254366571574e+00,1.490315720799978e-01,1.038800154416629e-05,1.009283451517827e-04,5.926322200818254e-04,1.349546903733840e-07,7.153950162340344e-05,1.235707403239158e-02,2.212574904016216e-08,1.658147355525623e-03,1.366184720231172e-10,5.323159900914160e-10,5.022630562577741e-11,1.899189698771976e-09,4.050412700470851e-10,1.882695127572478e-09,3.218760945996079e-09,6.988181463664332e-12,2.607650614266236e-11,2.347394210721014e-11,4.279730988763409e-03,2.343870341806672e-02,1.758957290135435e-10,1.579875245782016e-08,2.983670611708739e-10,7.205555838972063e-09,2.942708464501428e-13,5.316006295614728e-15,5.169338898267039e-09,2.492402604970286e-09,2.679550015075240e-14,8.715231600976665e-12,3.165869465295447e-13,1.478003134412878e-13,7.229331939239137e-15,8.895609783312094e-15,8.750015103962878e-15,9.200229956061448e-18,3.257695946070601e-16,5.647952219762999e-18,1.133243532289459e-20,1.729630222733566e-16,1.785929593444655e-13,8.263812485998649e-17,4.140347571579904e-18,1.544272517495913e-06,1.064283078726010e-05,3.011719548721621e-08,9.379077973847111e-08,5.921143786156903e-08,1.421867880903158e-12,2.816985140713614e-15,1.859212347619112e-18,8.866409021795109e-18,7.994309974709337e-17,6.709227416306311e-17,2.849051461823567e-17,1.068941769161452e-01,7.928800537622101e+03,0.000000000000000e+00,2.330849324005958e+03,1.013250142016667e+05,
1.134750060329210e-06,3.696066428866099e+00,1.575656061291981e-01,2.842033890873853e-05,2.633195160023631e-04,8.510794351695661e-04,1.893250014336581e-07,1.107333215097753e-04,1.235716445795562e-02,7.113083184158390e-08,2.842071412185362e-03,1.964872946727381e-10,5.603419493669671e-10,5.833767331555566e-11,1.930502296012653e-09,3.968043895122817e-10,6.813511156409626e-09,3.474050003494432e-09,7.345148542374631e-12,3.095469082793070e-11,2.445256113824849e-11,5.913429106595081e-03,2.305223920411590e-02,1.851782700091949e-10,1.599304455867020e-08,5.171529864390501e-10,8.106852200769138e-09,6.928528511603652e-12,3.522886647337869e-14,5.189941575947708e-09,2.484125335742004e-09,1.812402881276659e-13,2.206411620850185e-11,2.862816748575422e-12,3.237185094293990e-12,2.285279258114580e-12,3.816121125536218e-12,1.215255552300369e-11,3.814374826550398e-13,1.039417192416591e-11,1.619984266191958e-11,2.237006679015228e-15,1.252934316912416e-12,1.782992015845720e-13,1.774353216407103e-16,5.041577979083846e-18,2.487665468870468e-06,1.755432651606939e-05,3.019791370561270e-08,1.521917926510013e-06,1.033100218169271e-06,3.646008668865943e-12,8.101634463913606e-12,7.109409966356481e-12,1.442134986796988e-10,9.041172877304913e-11,2.819179518429016e-11,2.513818451838232e-11,1.130364278387525e-01,7.833571619433535e+03,0.000000000000000e+00,2.291587193444343e+03,1.013250438299947e+05,

