1
0
63
1
(4 0
((0,0) (15,255) (0,0))
((0,768) (15,1023) (0,0))
((0,512) (15,767) (0,0))
((0,256) (15,511) (0,0))
)
4
FabOnDisk: SD_0_New_MF_D_0003 0
FabOnDisk: SD_0_New_MF_D_0000 0
FabOnDisk: SD_0_New_MF_D_0001 0
FabOnDisk: SD_0_New_MF_D_0002 0

4,63
-7.596626969038101e-07,2.423345229145346e-01,1.576458351928939e-01,3.811446117021418e-20,1.449171560335596e-18,7.400076339077142e-15,2.650850129205749e-09,9.293932010316366e-07,4.599504851302323e-07,1.087105101524168e-09,2.852158652103977e-03,0.000000000000000e+00,1.124609409271747e-23,7.898709308291949e-25,2.998440926016334e-11,1.138276050682394e-10,6.452341556659233e-20,1.726162407970443e-09,3.411236567444315e-14,3.285747253694073e-24,1.209130990162981e-11,1.639886569020279e-07,1.717640870582699e-08,1.268748950373511e-29,1.829224715031682e-09,7.775070346197931e-21,3.231496949647204e-09,0.000000000000000e+00,1.625845587035575e-14,3.631267541539708e-23,2.247704420955498e-10,1.474136007596138e-17,2.888734007380012e-19,2.112221289906754e-12,0.000000000000000e+00,0.000000000000000e+00,0.000000000000000e+00,0.000000000000000e+00,0.000000000000000e+00,0.000000000000000e+00,0.000000000000000e+00,0.000000000000000e+00,0.000000000000000e+00,8.138497639377917e-14,1.849799078872391e-16,5.245021073169794e-18,2.144787151201323e-13,6.959763633194210e-14,2.890956108822782e-12,6.725715505680070e-13,1.211871295689104e-12,1.861074306483929e-27,0.000000000000000e+00,0.000000000000000e+00,0.000000000000000e+00,0.000000000000000e+00,0.000000000000000e+00,0.000000000000000e+00,1.130941559797052e-01,4.079598698757267e+03,0.000000000000000e+00,4.430040501391007e+02,1.013237079497057e+05,
-9.590065507540491e-08,3.799186256761510e+00,1.460849484602869e-01,6.091898771907179e-06,5.817414674561250e-05,4.687288512146667e-04,1.349642690800162e-07,5.696653008199345e-05,1.235213825761548e-02,1.207083695337619e-08,1.183287945743072e-03,5.114335028911456e-11,2.716687427919120e-10,2.293903195324438e-11,1.087667629050759e-09,2.983627057670063e-10,8.692693598337858e-10,1.627551110483349e-09,3.545449235356040e-12,1.171725194976054e-11,1.250709188468270e-11,3.567217154461381e-03,2.343963914704977e-02,8.749523516021678e-11,9.041935848493776e-09,1.000894062113261e-10,3.368201478483603e-09,6.909368064882294e-14,1.249535491011223e-15,2.998515208419090e-09,1.625360382521168e-09,4.091340370510690e-15,2.175904294982999e-12,4.869125001941235e-14,8.163429783454663e-14,1.571813366222070e-15,3.171592198320467e-15,2.782640780961841e-15,9.587379033539000e-19,4.453366707681024e-17,1.672706182587115e-20,7.825079697476549e-22,2.123858433853346e-17,7.839287381969831e-14,1.737095016470750e-17,1.195945834182791e-18,5.874521915374132e-07,3.995215991764942e-06,1.800510135038202e-08,1.326717811579003e-08,8.111858300506989e-09,4.243409653030666e-13,6.975875175788402e-16,1.141121764034762e-24,0.000000000000000e+00,0.000000000000000e+00,0.000000000000000e+00,4.268942318304892e-28,1.047746427123809e-01,7.926805684672387e+03,0.000000000000000e+00,2.330938670530807e+03,1.013249770593105e+05,
-1.842860356996354e-07,3.730234943282488e+00,1.469338329815862e-01,7.202279609459013e-06,6.943499489107531e-05,5.060768530747684e-04,1.327004700726197e-07,6.112042888493684e-05,1.235467150481292e-02,1.458580931087168e-08,1.323948620404759e-03,8.155221740911413e-11,3.928294475556610e-10,3.427835362312083e-11,1.510038669735563e-09,3.791262022811578e-10,1.129042206251185e-09,2.351091888937152e-09,5.144527962812567e-12,1.760611602333570e-11,1.781265844819650e-11,3.779713817618812e-03,2.305452712123875e-02,1.280577728106265e-10,1.259743942294602e-08,1.655397305838315e-10,5.017053134552503e-09,1.273288100511973e-13,2.311079298904578e-15,4.185160190334178e-09,2.192696280151659e-09,8.706407924130020e-15,3.981988171684103e-12,1.033539537990679e-13,1.254376156471565e-13,3.219930547908318e-15,5.394333003727950e-15,4.837170132709364e-15,2.351702934007510e-18,1.000574742155618e-16,0.000000000000000e+00,2.171221469061300e-21,4.917700666164596e-17,1.387608206799088e-13,3.855588269048773e-17,2.400409196551834e-18,9.307310980783650e-07,6.355366513264109e-06,2.483535394886813e-08,2.833881343019228e-08,1.749177745666006e-08,7.249266283902625e-13,1.263752970653745e-15,0.000000000000000e+00,0.000000000000000e+00,0.000000000000000e+00,0.000000000000000e+00,0.000000000000000e+00,1.053853503723394e-01,7.834696448239734e+03,0.000000000000000e+00,2.291838745864678e+03,1.013249748691164e+05,
-7.690299616727676e-07,3.478362756719054e+00,1.490442663826578e-01,1.040867019961910e-05,1.011303536783300e-04,5.931205015305523e-04,1.327086736115109e-07,7.160099892397763e-05,1.234070065682995e-02,2.217655346423876e-08,1.660117065919502e-03,1.368835080679134e-10,4.161205255947986e-10,5.028887138672015e-11,1.390966004619824e-09,1.986391179918771e-10,1.887733100484034e-09,2.859486747105284e-09,5.472174079654036e-12,2.611052341877454e-11,1.935454866460044e-11,4.282640751316004e-03,2.215677835470179e-02,1.319563182523185e-10,1.072231965817060e-08,2.990696237676831e-10,6.858295412588917e-09,0.000000000000000e+00,0.000000000000000e+00,2.991644403542804e-09,1.191097823098048e-09,2.671447394666348e-14,8.744422320400960e-12,0.000000000000000e+00,0.000000000000000e+00,0.000000000000000e+00,0.000000000000000e+00,0.000000000000000e+00,0.000000000000000e+00,0.000000000000000e+00,0.000000000000000e+00,0.000000000000000e+00,0.000000000000000e+00,6.167135277096641e-14,8.284824099083177e-17,3.412444832902448e-18,1.547332918246049e-06,1.066449095008021e-05,1.788690167615104e-08,9.434823090560036e-08,5.957118054145828e-08,1.425973105378230e-12,0.000000000000000e+00,0.000000000000000e+00,0.000000000000000e+00,0.000000000000000e+00,0.000000000000000e+00,0.000000000000000e+00,1.069033156759808e-01,5.947633992121466e+03,0.000000000000000e+00,2.148034355138257e+03,1.013249555092090e+05,

4,63
6.455816979310684e-07,3.476033837533778e+00,8.373123211173810e-01,5.088919064260361e-05,4.640451486675807e-04,9.712383216569251e-04,1.193920925003776e-04,3.296683623421170e-04,1.311544043763206e-02,2.141094436067530e-05,1.827741911190253e-01,1.335717230549429e-06,6.291868757543250e-06,7.071721637467896e-07,2.321066084519180e-04,2.535734517576171e-04,2.058180102660422e-05,5.100519497886425e-04,1.462678698778168e-05,9.640873893159377e-07,6.679124969547277e-05,1.405255943848648e-02,2.215215051678612e-02,7.492472468406652e-07,5.937858151717852e-04,2.188961666211384e-05,4.479210730905254e-03,1.021143263658078e-04,4.449201121278124e-04,3.134791941569842e-05,1.158910059593055e-04,1.366899298841356e-07,3.240010377402938e-05,3.852983174611021e-05,1.171520296539529e-05,5.685492267309939e-05,3.060852092012229e-05,4.025977538838886e-05,3.150458318229059e-06,6.508020823808106e-04,1.114059039279435e-05,4.268156402527773e-06,1.170943950119511e-04,1.586271908773020e-05,6.577994408067732e-07,1.480217957361753e-08,2.488821217896177e-06,1.756927564408790e-05,2.968969616603033e-05,1.266901534265356e-05,1.649469926040488e-05,1.709258684934311e-06,4.582382746016818e-04,9.713217194779658e-06,5.259369187866178e-02,1.684933775723121e-03,1.408330758385162e-04,4.574648063080156e-04,6.019428305191001e-01,7.576897007314763e+04,0.000000000000000e+00,2.146713120709845e+03,1.013277460593413e+05,
9.591518473209566e-08,3.829284887694937e+00,1.469295703366975e-01,7.196118374316727e-06,6.937377575739421e-05,5.058837702567615e-04,1.367182784631459e-07,6.109789622415954e-05,1.235466917022391e-02,1.457195816119061e-08,1.323245665756049e-03,8.140476025608340e-11,3.923158172378220e-10,3.422760012494709e-11,1.508351108387512e-09,3.788606501386993e-10,1.127617781845472e-09,2.347989514495192e-09,5.137693848566890e-12,1.757952280798935e-11,1.779071665687014e-11,3.778645066815277e-03,2.361290880181939e-02,1.278854850930226e-10,1.258356461101732e-08,1.652212251113784e-10,5.010004272476972e-09,1.270123242997829e-13,2.305319259263856e-15,4.180539465160554e-09,2.190666386148834e-09,8.678730980304532e-15,3.972461961365514e-12,1.030271169617342e-13,1.252647882246662e-13,3.210897724326900e-15,5.383906071289768e-15,4.827121353937433e-15,2.342722853809620e-18,9.971997502956578e-17,3.653521213504124e-20,2.161584408616075e-21,4.900377951195306e-17,1.385072184531680e-13,3.844105717080011e-17,2.394460684010098e-18,9.291551625592377e-07,6.344475893453555e-06,2.481060651071592e-08,2.824787692770699e-08,1.743480280018801e-08,7.234147168159339e-13,1.260730828747890e-15,2.032452204619731e-24,1.054704188312841e-24,2.722346125723833e-20,1.818011181805463e-19,6.560659351343715e-21,1.053822958262847e-01,7.940512893591097e+03,0.000000000000000e+00,2.347053539925602e+03,1.013250128206317e+05,
1.821836881519731e-07,3.799026570873163e+00,1.490310251841208e-01,1.038695248148722e-05,1.009188634054752e-04,5.926088519756147e-04,1.349548876684067e-07,7.153629069818016e-05,1.235707596381275e-02,2.212340564021243e-08,1.658066422113508e-03,1.366054349215880e-10,5.322963374785767e-10,5.022329974269381e-11,1.899155435604719e-09,4.050837610140681e-10,1.882457969168262e-09,3.218650601499284e-09,6.987952200529150e-12,2.607497708067893e-11,2.347341321065417e-11,4.279616464657664e-03,2.343877787809673e-02,1.758874994318557e-10,1.579836995277684e-08,2.983323694866876e-10,7.205122598311932e-09,2.942187291612600e-13,5.314985634095557e-15,5.169287857793097e-09,2.492830710908356e-09,2.678848940595100e-14,8.713883293402673e-12,3.164956911664159e-13,1.478034540048324e-13,7.253273198963293e-15,8.968975423005118e-15,8.817999633916793e-15,8.877065088185986e-18,3.162544824767311e-16,2.331156141748688e-19,1.089231161368520e-20,1.739645557678810e-16,1.786219830281674e-13,8.262876218686069e-17,4.140116213248457e-18,1.544145644795220e-06,1.064194370125050e-05,3.011698950982047e-08,9.376574728257495e-08,5.919530124481811e-08,1.421671725096712e-12,2.815514385133306e-15,4.896999369340165e-20,9.265917786115292e-17,1.153459329072921e-15,8.395229520582545e-16,4.016470175030502e-16,1.068937816095686e-01,7.928903241966532e+03,0.000000000000000e+00,2.330857301998635e+03,1.013250171788076e+05,
7.818442428049128e-07,3.729843945290501e+00,1.575610509961825e-01,2.840846992015511e-05,2.632211736033330e-04,8.509725914074471e-04,1.892643666056668e-07,1.107129254536695e-04,1.235715849502842e-02,7.109633522513498e-08,2.841511041159521e-03,1.963848074810964e-10,5.603678559229895e-10,5.833751733034480e-11,1.930546695690113e-09,3.968187131487650e-10,6.809952794734121e-09,3.472912583967909e-09,7.345553890748064e-12,3.080730382941020e-11,2.445383931873429e-11,5.912704584840434e-03,2.305231914224645e-02,1.851861202111516e-10,1.599331291500725e-08,5.171216518115924e-10,8.103997537986486e-09,3.114840225670871e-12,3.720344704288091e-14,5.190023206973451e-09,2.484166386207900e-09,1.975476938888515e-13,2.206138198472809e-11,3.889885711047613e-12,2.928646689428551e-12,1.793754334379151e-12,3.542190682525699e-12,1.289285528077890e-11,6.186847315866264e-13,1.376876404980369e-11,1.668893145461042e-11,2.636043617092447e-15,1.178230496806317e-12,1.783038120433786e-13,1.719850862874395e-16,4.881236278230948e-18,2.487600936775629e-06,1.755496341700735e-05,3.019821547930342e-08,1.520148745219453e-06,1.031957859400099e-06,3.644127139077275e-12,2.617700811756748e-12,1.090201208136207e-11,6.438583828617235e-11,4.682125768588354e-11,1.205338340775803e-11,1.340406043744601e-11,1.130331311106442e-01,7.833606552043162e+03,0.000000000000000e+00,2.291597289060278e+03,1.013250462582697e+05,

