1
0
56
1
(4 0
((0,0) (15,255) (0,0))
((0,768) (15,1023) (0,0))
((0,512) (15,767) (0,0))
((0,256) (15,511) (0,0))
)
4
FabOnDisk: SD_5_Old_MF_D_0003 0
FabOnDisk: SD_5_Old_MF_D_0000 0
FabOnDisk: SD_5_Old_MF_D_0001 0
FabOnDisk: SD_5_Old_MF_D_0002 0

4,56
-7.753830647342386e+00,-1.807262868303813e+01,-2.717328322566304e+01,-6.169605840635742e+00,-8.352264959348551e+00,-8.833568962872791e+00,-1.137889007719717e+00,-6.274440788179568e+02,-2.446839213293736e-01,-7.578203438829515e-01,-8.758939106769692e-02,-1.377913110367815e+01,-1.221255213095512e+01,-1.468059401662699e+00,-1.006361838843029e+01,-4.686346727010685e-01,-7.298312922722963e-02,-2.750600791196007e+00,-1.371648868426008e+02,1.134877782027477e-14,-8.593786667364578e-02,-4.608600276391170e+01,-1.843006790697961e+00,-1.970276706101485e+02,-7.865561362605135e+00,-2.310732569375367e+01,-4.469897959576528e+00,-2.958595713668291e+00,-9.503439607413742e-03,-2.001348035719070e+00,-1.611766180832128e+00,-8.588185081469670e-01,-3.644729359331047e+00,-2.125629995742429e+00,-3.093847086019335e+00,-2.198843752151020e-01,-3.202722690329571e+01,-4.836935982687440e-01,-3.229065056847337e-01,-8.275229660105792e+00,-7.825743749710216e-01,-1.503955723909779e-02,-5.808107096923437e-04,-7.889403418076955e-02,-1.330912783401791e-01,-2.032299649057798e+00,-6.900271532651926e-02,-3.591607880509277e-01,-1.386029116362853e-01,-2.483221407031302e+01,-4.867201721528291e-01,-5.929082909709141e+02,-8.990678931481592e+01,-9.089327379611893e+00,-2.485194225336757e+01,-4.471303327591158e-10,
-4.859435978112361e-03,-2.960026311189845e-02,-8.974932297049613e-02,-6.481615134839291e-06,-1.093591029682933e-02,8.334410072542353e-02,-6.641332188222126e-06,-3.341418430788492e-01,-7.623114877900813e-08,-2.524908211557560e-07,-2.093500567288729e-08,-9.261075807293956e-07,-1.976250738199537e-07,-6.286641162315339e-07,-1.074521890265333e-06,-2.387391455282678e-09,-9.145861239711163e-09,-7.958048254607961e-09,-4.671570724617378e-01,2.878257733815056e-01,-6.876271735073634e-08,-7.505319216600535e-06,-1.391730600042834e-07,-3.438433518989244e-06,-1.372518532263368e-10,-2.479100280705192e-12,-3.378488174847562e-06,-1.005081089791082e-06,-1.250849756235761e-11,-4.283326441121967e-09,-1.503713709117133e-10,-6.709803691996317e-11,-3.579867407777105e-12,-4.046948279568271e-12,-4.198479300811106e-12,-3.948755649918309e-15,-1.485289380749121e-13,-5.064592118398387e-17,-1.375216530428076e-18,-7.676826503458906e-14,-9.546622108828092e-11,-4.447343924047725e-14,-2.211406314452507e-15,-7.190641677599237e-04,-4.961772096606612e-03,-1.473506837431146e-05,-4.220798033701077e-05,-2.643737431485523e-05,-6.753927589554567e-10,-1.338580304099314e-12,-4.682245348364012e-19,-3.431097447272408e-18,-9.803811920005766e-15,-4.442837727619314e-14,-5.185452698391766e-15,-5.024924920604690e-11,
-1.321931702132652e-02,-8.957734199927615e-02,-1.989870356982330e-01,3.018764951626348e-06,-2.834297868890020e-02,1.839698257446529e-01,-2.163823191506952e-05,-8.010333180156270e-01,-1.046961075207585e-07,-2.094943399087604e-07,-2.272110706136467e-08,-6.534796109773749e-07,-7.393959532350025e-08,-2.120713055833700e-06,-1.200674667006020e-06,-2.648618129087618e-09,-1.218693247010491e-08,-8.601593208942308e-09,-1.086033441153734e+00,7.525916335282181e-01,-7.306420616440435e-08,-5.921182364118281e-06,-2.929604673897852e-07,-3.447950775836493e-06,-4.731015796821363e-10,-8.314079805729382e-12,-1.908862257414710e-06,-7.638028918544374e-07,-6.037083430823730e-11,-1.226437168407507e-08,-7.081433089410906e-10,-5.834899475960392e-11,-8.795553532659798e-12,-7.473484086300144e-12,-1.785029758884916e-11,-1.732700087686849e-13,-5.251890963631905e-12,-3.615421896900739e-12,-1.794588793353345e-15,-5.995370051044649e-13,-9.260160129236908e-11,-7.663309272387773e-14,-2.436600407418706e-15,-1.197046807233195e-03,-8.449751029692211e-03,-1.185860515554610e-05,-2.346484996662773e-04,-1.515214294647825e-04,-1.684105777162639e-09,-7.933770946002631e-12,-1.107515969788314e-12,-1.306928426380798e-10,-4.225455307999947e-11,-1.892103581351587e-13,-1.566125411053571e-11,-5.069533681734129e-11,
-1.443711717752464e-01,-7.428401475938792e-01,-5.596986903001751e-01,-4.671996626915852e-04,-1.425014762532977e-01,4.849094526089598e-01,-2.555589391646680e-04,-3.745635076465963e+00,-9.528019554809778e-07,-2.172950588187397e-06,-8.034388542098848e-07,-6.448135398156462e-05,-7.129155934392686e-07,-2.626914931268319e-05,-2.088255049121969e-05,-6.714642150666277e-08,-4.352354072651176e-07,-2.496821962785871e-07,-4.238785087913627e+00,1.747418500772203e+00,-4.879820236937639e-08,-1.640077112889014e-06,-8.329896767495681e-06,-3.228685259376296e-04,-3.341879307256915e-05,-4.461744005999818e-08,5.663568858513630e-09,4.788688940942186e-07,-1.791334689019343e-07,-2.032034994214134e-07,-9.368401710867420e-06,-7.240728295897439e-07,-1.338268222952134e-06,-4.535558986551007e-06,-3.182761012177611e-05,-1.116727184466783e-06,-2.913850838151405e-05,-1.902378271376621e-05,-4.386406828595711e-09,-3.549499643526928e-06,-7.522111856379043e-09,-1.856840775027254e-11,-5.337613444703705e-13,-1.483523323531543e-03,-1.026498287864698e-02,-1.233247495545830e-06,-1.329576839766494e-02,-9.115178719295085e-03,-9.450194911123637e-07,-2.187706467754294e-05,-4.478537998986901e-06,-3.031821170950650e-04,-2.379261072160254e-04,-3.387148150720985e-05,-6.631699166439320e-05,-1.101245761248038e-10,

4,56
5.443767866602063e+00,3.158739107043129e+01,4.424821911062603e+01,7.757344878380981e+00,1.328893368378316e+01,3.133296994398528e+02,6.393881502701084e-01,-2.600696658028312e-09,5.844045337138850e-01,1.340895888911400e+00,1.561329434757244e-01,2.638428436531791e+01,1.578353860589027e+01,1.995895294652334e+00,1.555941963699925e+01,4.417525643891474e-01,1.353514510961024e-01,2.841804085713203e+00,4.573877230273887e+02,2.832918525235338e+02,1.833673068391437e-01,5.708430653810089e+01,3.906895040262223e+00,3.038149088764620e+02,1.249363785473996e+01,2.588871499146119e+01,8.437984722779611e+00,3.520278732362441e+00,1.608743905741651e-02,3.756424489384227e+00,2.407690203132712e+00,1.064048868754374e+00,3.950462148556584e+00,2.297287174576119e+00,3.943285817359195e+00,2.003778766365194e-01,3.425851870659726e+01,1.051473911225421e+00,5.694185007502807e-01,8.017254707987266e+00,1.274874442893918e+00,3.442466280693472e-02,8.814991621069185e-04,8.206249832039132e-02,3.426256766753511e-01,2.461660537492695e+00,4.628562574877336e-01,6.582326109490132e-01,1.879406318140064e-01,1.664605123734095e+01,7.937554556383671e-01,1.822830155991739e-04,9.074006647706166e+01,1.486825900725078e+01,2.559689852342951e+01,3.318518793093972e-10,
-1.690855131366761e-03,-6.593882537078264e-03,-9.671964767129899e-03,7.586409874958330e-06,-3.554848372439373e-03,1.835561806381387e-01,-4.205123303056689e-07,-1.672439410962552e-01,-3.072610659730960e-08,-8.023478382619436e-08,-9.532867866451230e-09,-1.691183985638087e-07,3.476165085464283e-08,-5.419240353265351e-08,-4.439261094422704e-07,-1.035567040288402e-09,-4.968524758949730e-09,-2.616780969639193e-09,-1.756762995557439e-01,7.530535775510414e-01,-3.572466786645883e-08,-2.139166690037700e-06,-7.571432159797237e-08,-1.921481469244635e-06,-5.284229488232153e-11,-9.564982410544137e-13,-5.040667789950403e-07,-4.045755883911665e-08,-3.448146002881531e-12,-1.933059461250877e-09,-3.734774518842473e-11,-3.857925700095281e-11,-1.308542154729697e-12,-2.518009598440472e-12,-2.104407588326128e-12,-6.215611560948655e-16,-3.264464641737089e-14,-1.283601362678517e-17,-3.603511312354200e-20,-1.309410293737509e-14,-7.203844537460684e-11,-1.752044593043010e-14,-1.267342670472966e-15,-4.501087330469757e-04,-3.065100861301272e-03,-8.997305272501568e-06,-8.984326643603105e-06,-5.509288148120833e-06,-2.968828124068682e-10,-4.221536295387674e-13,4.054555049114151e-19,8.986306638202023e-19,1.815815814943113e-23,1.185940542132465e-22,5.086291016577291e-23,4.972500189381890e-11,
-3.891593250348948e-03,-2.912045838880022e-02,-8.302519459552885e-02,9.218072015068370e-06,-1.090909104448912e-02,4.827808350202212e-01,-6.290060564634313e-06,-3.348956806694551e-01,-5.723455032718222e-08,-7.720305240852731e-08,-1.708670282318530e-08,4.356568693769907e-08,1.829605452910690e-07,-6.224460028069416e-07,-5.154907295856550e-07,-9.413454821091716e-10,-9.218820867560372e-09,-1.212105088481584e-09,-4.667250719935393e-01,1.739640163242267e+00,-3.469501048537475e-08,1.380192785583434e-07,-1.404058008999970e-07,-2.496523007316473e-06,-1.383892488752476e-10,-2.500462744795653e-12,5.018966730985555e-07,8.295385139711850e-07,-1.255565525793384e-11,-4.313431021157007e-09,-1.498557540309135e-10,7.638802143904911e-11,-3.607318491987464e-12,-3.049259117547252e-12,-1.573966979099938e-12,8.271327053457742e-14,1.922787387483607e-12,1.625525162561694e-11,5.590592894371855e-17,-7.705881987071693e-14,7.039442731644979e-11,-4.464807774197410e-14,-1.348228710344013e-15,-7.202475550714717e-04,-4.970975614029738e-03,2.991592341673108e-08,-4.218648925161952e-05,-2.643729740201349e-05,-6.779765350460166e-10,-1.340739109326819e-12,4.215756512873430e-12,1.844882490013168e-11,1.236349648659831e-10,2.570209421671441e-11,3.434928450248278e-11,4.738187620034751e-11,
-1.326129734506441e-02,-9.005321615378603e-02,-1.949490573443301e-01,2.941659350985442e-06,-2.848182023331316e-02,2.875670781900181e+00,-2.178504598724200e-05,-8.045560154699483e-01,3.379147233214474e-06,9.505998111565418e-06,1.209737742757446e-06,8.556905713279527e-05,4.013525256367811e-06,-2.133032359973406e-06,7.366999174289511e-05,2.433258497792784e-07,1.225544978419975e-06,8.357594860006030e-07,-1.090936537270142e+00,6.711851388573002e+00,9.259500320811554e-07,8.175594668472613e-05,9.107511879338735e-06,3.561622059776139e-04,1.205742767794133e-05,3.541769120812589e-08,1.562854043672433e-05,6.227946824478352e-06,1.160180044278212e-07,4.220843268724786e-07,3.610886913471890e-06,2.818236124409981e-06,2.625273491925452e-06,4.137583362753737e-06,1.026443229915614e-05,8.808018245608107e-07,2.212494807080198e-05,4.494526534447337e-05,5.017571683880713e-09,1.656123014550830e-06,3.341269523662377e-10,6.605109108078358e-14,6.640318849848675e-15,5.644431360214450e-04,5.673374736843477e-03,5.953011156456644e-05,-2.370775648124982e-04,-1.530779891013468e-04,5.872075410414570e-07,1.304536371129953e-05,1.610372550306635e-05,3.048475036827204e-04,8.701773939879601e-05,2.361344331253399e-05,2.402229967703342e-05,1.787574532841063e-10,

