1
0
56
1
(4 0
((0,0) (15,255) (0,0))
((0,768) (15,1023) (0,0))
((0,512) (15,767) (0,0))
((0,256) (15,511) (0,0))
)
4
FabOnDisk: SD_5_New_MF_D_0003 0
FabOnDisk: SD_5_New_MF_D_0000 0
FabOnDisk: SD_5_New_MF_D_0001 0
FabOnDisk: SD_5_New_MF_D_0002 0

4,56
-7.746074911834263e+00,-1.813351146820573e+01,-2.721381593123477e+01,-6.169485649289038e+00,-8.316481854310787e+00,-8.877183000158704e+00,-1.141603554324893e+00,-6.273426306243678e+02,-2.439457030101828e-01,-7.565743290539558e-01,-8.763654779498609e-02,-1.376993389612850e+01,-1.218331010910454e+01,-1.467224408371502e+00,-1.004971015931009e+01,-4.691975081340931e-01,-7.281142463093422e-02,-2.758784482894806e+00,-1.370897524057872e+02,9.969672656873207e-15,-8.614971714569378e-02,-4.609339717977381e+01,-1.844272783476526e+00,-1.973085168910603e+02,-7.863534308957149e+00,-2.319344408149554e+01,-4.473386809188307e+00,-2.959239210401658e+00,-9.498067033050251e-03,-2.006082354899616e+00,-1.615742122995752e+00,-8.623677155458181e-01,-3.648644389099334e+00,-2.128603040793374e+00,-3.100625206838634e+00,-2.199278330827857e-01,-3.209560535067611e+01,-4.815029271581135e-01,-3.235684914127807e-01,-8.312394083138285e+00,-7.836254865534305e-01,-1.499046809839518e-02,-5.793638180855736e-04,-7.916972106286094e-02,-1.330128188522451e-01,-2.040249385526482e+00,-6.931394267325036e-02,-3.597816205532385e-01,-1.382688891523048e-01,-2.486807745995467e+01,-4.852660791627983e-01,-5.916312175531957e+02,-8.997201428987943e+01,-9.086024733568150e+00,-2.487773085924893e+01,-3.007016857736744e-10,
-4.778038306423827e-03,-2.946692548184995e-02,-8.929172856049494e-02,-5.930077241995185e-06,-1.094928607591567e-02,8.608019400396304e-02,-6.607272223558944e-06,-3.338638134264642e-01,-7.737766986012924e-08,-2.609168670634971e-07,-2.170048903140540e-08,-9.583757608047937e-07,-2.064318612133268e-07,-6.288131573821637e-07,-1.090908797341566e-06,-2.425246546839189e-09,-9.440261347215821e-09,-8.339249638894935e-09,-4.662679870030150e-01,2.842132488220871e-01,-7.162992197192353e-08,-7.753675193524286e-06,-1.413677153482974e-07,-3.487785030970493e-06,-1.397389048824265e-10,-2.528235460350714e-12,-3.448965685112270e-06,-1.062248318131251e-06,-1.258491259470735e-11,-4.333905921943297e-09,-1.488669751659262e-10,-6.763802276995165e-11,-3.617928942330403e-12,-4.159644179417441e-12,-4.281509906230246e-12,-3.991365244746358e-15,-1.502274316245333e-13,-5.116064792449747e-17,-1.373203956248079e-18,-7.750889275763732e-14,-9.544341462307310e-11,-4.448144577671971e-14,-2.209242753118267e-15,-7.185198232234576e-04,-4.961304791444901e-03,-1.465891109029990e-05,-4.217450427725975e-05,-2.642796622363565e-05,-6.806476873531601e-10,-1.349983764088333e-12,-3.815406191880342e-19,-2.441311478200800e-18,-7.994924572965602e-15,-3.957609951203210e-14,-3.824167706503883e-15,-4.647915385902479e-11,
-1.311924509761248e-02,-8.982887341627806e-02,-1.976504513096814e-01,3.152586848632695e-06,-2.843502774176973e-02,1.842862104424583e-01,-2.173500344982104e-05,-8.007763922212991e-01,-1.065564586228173e-07,-2.138545785562217e-07,-2.339346535345348e-08,-6.678830023755074e-07,-7.600065003953812e-08,-2.132341834648720e-06,-1.223026919154550e-06,-2.701312497143845e-09,-1.243068419780929e-08,-8.746295131106085e-09,-1.086961798926324e+00,7.514888022294698e-01,-7.425259831522133e-08,-6.007315506566820e-06,-2.924968668458783e-07,-3.465299639633005e-06,-6.428954289635589e-10,-8.256203300391376e-12,-1.951791187756718e-06,-7.800281641591041e-07,-6.041460250580677e-11,-1.225907530940967e-08,-7.014158249672320e-10,-5.864383036939039e-11,-1.403692448273724e-11,-5.976637246629641e-11,-1.209768656599730e-10,-1.876800065454390e-13,-8.610040633226117e-12,-2.822662912595855e-11,-1.869042657158488e-15,-4.069733290164946e-13,-9.282664214348954e-11,-7.742586210714228e-14,-2.445343981966765e-15,-1.195407824687061e-03,-8.449254478579143e-03,-1.175294906797152e-05,-2.354542456723261e-04,-1.520893048278870e-04,-1.682123192767088e-09,-3.978120191259342e-12,-1.049443744821253e-11,-5.962361149618200e-11,-5.347309511649364e-10,-1.307841606627967e-12,-1.941387636570214e-10,-4.661571129105369e-11,
-1.442720855254002e-01,-7.419876447963163e-01,-5.579956496479539e-01,-4.667188979532845e-04,-1.424005359228974e-01,4.854670462267079e-01,-2.552654352226237e-04,-3.744478182199461e+00,-9.999761815651294e-07,-1.301480718420563e-06,-2.756222971718522e-07,-3.082972046736697e-05,-2.879660832898773e-07,-2.615757104914844e-05,-1.920868963551778e-05,-5.176497738017692e-08,-3.215725621334834e-07,-2.218616847327316e-07,-4.237370909414786e+00,1.748832216099200e+00,-8.547280028617752e-08,-5.010585651919882e-06,-5.847310563730086e-06,-1.751159968119956e-04,-2.671236771032796e-05,-4.458972932823865e-08,-3.652278675895551e-07,3.950313658016824e-07,-2.485861523033788e-07,-1.395338620834458e-07,-8.944154087850470e-06,-2.222780722462171e-06,-1.532413186338969e-06,-3.155869269417033e-06,-1.693241578611455e-05,-5.887451029277167e-07,-1.357435899358345e-05,-1.935223783205423e-05,-2.902718369164611e-09,-1.513107600535130e-06,-6.990191915227619e-09,-1.729975447693726e-11,-4.968206692526347e-13,-1.457829602898055e-03,-1.027798896419384e-02,-9.890208375887401e-07,-1.323258564008682e-02,-9.106211869459311e-03,-5.965129485600315e-07,-1.772839870863234e-05,-5.161562145036946e-06,-2.496531046943704e-04,-1.012862497025048e-04,-2.015553650981715e-05,-2.820398173502955e-05,-1.856412801259921e-10,

4,56
5.436015936743608e+00,3.154920895181647e+01,4.422206379864956e+01,7.758580996285468e+00,1.330775963341239e+01,3.129656862661348e+02,6.404324073344239e-01,-2.442843649586024e-09,5.864217111737842e-01,1.345069188702477e+00,1.560085975598490e-01,2.637791181891592e+01,1.577055743350681e+01,1.993129627289890e+00,1.559070501416260e+01,4.411755277963084e-01,1.356626258040121e-01,2.843048535742141e+00,4.575725052661875e+02,2.832504630500313e+02,1.841516436085750e-01,5.729065775378157e+01,3.911798705682012e+00,3.038175170064205e+02,1.251977650832796e+01,2.590316580163993e+01,8.432044986400683e+00,3.530545006275884e+00,1.606953712475382e-02,3.766639782292198e+00,2.391856834213659e+00,1.065187490293386e+00,3.961738494036183e+00,2.308936040719288e+00,3.942402483540662e+00,2.003306659975420e-01,3.423011670514067e+01,1.053479662977235e+00,5.681376678504673e-01,8.020694162895056e+00,1.279136709957887e+00,3.440867068686150e-02,8.826982098815124e-04,8.195432855551454e-02,3.432664018079897e-01,2.465800372950948e+00,4.630078409905224e-01,6.597806743576439e-01,1.880348922328090e-01,1.659550897606383e+01,7.928962659533356e-01,1.568897510506023e-04,9.045999633866114e+01,1.488246176817614e+01,2.552737774298094e+01,3.792592906393111e-10,
-1.694777605412839e-03,-6.950237307165994e-03,-1.141455736455598e-02,7.505711566525027e-06,-3.839048991525516e-03,1.838150703844378e-01,-5.293624053147679e-07,-1.663666595974913e-01,-3.174763940362802e-08,-9.381020963621216e-08,-1.058622647737414e-08,-2.112543172982661e-07,3.167928927552632e-08,-6.733566311971001e-08,-4.956596724515247e-07,-1.172004780196528e-09,-5.464811829012580e-09,-3.037553573412855e-09,-1.733749782366671e-01,7.516472151917322e-01,-4.117134961781282e-08,-2.678143866628127e-06,-7.761135657276989e-08,-2.028680239514343e-06,-5.500767892498352e-11,-9.988228858180074e-13,-6.735933156353626e-07,-1.209163441315409e-07,-3.565132383024958e-12,-1.973922844480090e-09,-3.888542212473603e-11,-3.762765760213664e-11,-1.363658427409034e-12,-2.615496102228155e-12,-2.180907929944152e-12,-6.738087978285147e-16,-3.459974401708576e-14,-1.356357985452829e-17,-6.681235283806271e-20,-1.411606302381004e-14,-6.973732694864232e-11,-1.783455803306863e-14,-1.278434770340113e-15,-4.501109913432134e-04,-3.065301367970744e-03,-9.443808029068766e-06,-9.239050924304166e-06,-5.663155330769957e-06,-3.019043315407585e-10,-4.374702447440337e-13,2.119807851457963e-19,2.173839582798072e-18,1.330849786156910e-23,1.342352251721210e-22,2.777814651939786e-23,4.705238976221437e-11,
-3.909597233805624e-03,-2.920968180646058e-02,-8.377412024832141e-02,9.073125834791178e-06,-1.095157978955696e-02,4.833174967571278e-01,-6.336167244738267e-06,-3.345844498587951e-01,-5.884143509894191e-08,-8.927143690574748e-08,-1.816454006698907e-08,1.103636486856894e-09,1.788901451584012e-07,-6.265426489036940e-07,-5.869896238598441e-07,-1.091586024506145e-09,-9.606262762715093e-09,-1.788130807083581e-09,-4.660704807635421e-01,1.741095619751805e+00,-3.833276019543071e-08,-2.361958023785187e-07,-1.425151321973850e-07,-2.614491053806682e-06,-1.407997304273507e-10,-2.547959469991881e-12,3.650216142864421e-07,7.548013860317907e-07,-1.263738877762147e-11,-4.361471293197802e-09,-1.490996258760231e-10,1.408109997520191e-10,2.050140934433316e-12,3.058925558379119e-11,6.417416193307828e-11,4.503966770358877e-12,2.061070577159835e-10,4.615224188642651e-10,4.666723947603065e-15,7.906199579087941e-13,7.033663585412993e-11,-4.470827073191989e-14,-1.320267078858102e-15,-7.197483441122124e-04,-4.970472777659848e-03,-1.416770556069550e-07,-4.218715851656272e-05,-2.644122645266123e-05,-6.828819031807895e-10,5.265167133645875e-11,1.547809132879503e-10,7.469272873508572e-10,2.058092616160160e-10,1.760525966351838e-10,5.714201329709968e-11,4.474154380318396e-11,
-1.316587186444184e-02,-9.030771682612589e-02,-1.959987828993494e-01,3.071403566210128e-06,-2.857846119453720e-02,2.873421849219822e+00,-2.187990607446236e-05,-8.043246905649533e-01,2.401992537834321e-06,6.961498214718753e-06,5.660502375507171e-07,4.637966002467237e-05,2.573067393751484e-06,-2.144215155744349e-06,4.247853090103349e-05,1.686554456672776e-07,8.047917945411238e-07,5.157664615234693e-07,-1.091838336386272e+00,6.709625786400137e+00,6.910414482019256e-07,6.192019063420705e-05,6.649342362602796e-06,2.388041275157806e-04,1.138376073136982e-05,3.358315201989162e-08,1.262610777031642e-05,6.140673007539399e-06,6.314627240139333e-08,2.861209704097053e-07,1.796380818906110e-06,3.218141690884015e-06,3.656074157003932e-06,5.653173202435701e-06,9.657377327940712e-06,9.716828954758956e-07,2.308156603542532e-05,3.564029692466684e-05,5.543133943870470e-09,2.033668421590689e-06,3.346203081028826e-10,7.451043622754893e-14,6.814179451293749e-15,6.126573681706760e-04,5.552926419621407e-03,5.994826201112343e-05,-2.378351838898287e-04,-1.536136495183912e-04,3.017881963295675e-07,5.781455367679383e-06,2.141069621400509e-05,2.009211834932095e-04,3.377065057952908e-05,1.903514223302727e-05,9.369350537297070e-06,1.173945385346542e-10,

