1
0
63
1
(4 0
((0,0) (7,127) (0,0))
((0,256) (7,383) (0,0))
((0,128) (7,255) (0,0))
((0,384) (7,511) (0,0))
)
4
FabOnDisk: SD_0_New_MF_D_0003 0
FabOnDisk: SD_0_New_MF_D_0001 0
FabOnDisk: SD_0_New_MF_D_0002 0
FabOnDisk: SD_0_New_MF_D_0000 0

4,63
-4.306200316327070e-04,1.015353510887842e+00,1.591910399707819e-01,-6.484449552607981e-09,2.571930339260308e-24,3.332819078238035e-18,9.098817321408250e-13,2.679684483999705e-08,3.341606413307006e-10,3.594466840093593e-13,2.805323861361776e-03,-8.611034909714348e-10,2.465968476025326e-30,1.961298728949657e-31,1.675307534689854e-14,3.630451816905185e-12,4.770629400447514e-25,2.892298439119451e-13,1.264475648428856e-19,-1.063418459477438e-27,2.891083571765027e-14,5.587624768048478e-11,1.377701552940598e-12,-5.456000355386323e-11,2.093586296263734e-13,2.622442489290933e-29,1.812639582386778e-12,-8.372353399689273e-25,-1.734883716019246e-13,4.046217602435455e-31,7.343055199804701e-15,3.702667193385729e-22,7.802036589790483e-28,1.463310636410564e-15,2.089530438209086e-21,-1.098884947651355e-14,-5.808554773448145e-15,-1.142091637779676e-14,-7.142370886221338e-17,-3.321700415022960e-13,-2.312719006429469e-14,-2.726311498983353e-15,-7.139309996268510e-14,2.633558138440116e-18,2.647953332811132e-19,4.059388791411346e-21,7.279872323625643e-19,2.345135856197876e-19,9.544157978586583e-18,2.204263199143633e-18,3.971745975307706e-18,-4.502973136786773e-30,-4.773108937959274e-13,-1.979861323181039e-14,-1.929684708096012e-10,-1.562454243134946e-12,-8.353227715921847e-14,-3.382082231175885e-13,1.140199515030678e-01,3.306103634130718e+03,0.000000000000000e+00,4.430000281264151e+02,1.012723501422858e+05,
-1.117152902056289e-07,4.460422892864799e+00,1.469736846510132e-01,7.254162586009436e-06,6.997127809756898e-05,5.077390509368500e-04,1.327476630933809e-07,6.129902418151055e-05,1.235438725837416e-02,1.470782763593550e-08,1.330645391724512e-03,8.365136737484735e-11,4.012666265220897e-10,3.506682471787813e-11,1.539901156884386e-09,3.851546894493934e-10,1.143104004468452e-09,2.401257995759139e-09,5.255035422138687e-12,1.801409844705535e-11,1.817988724270514e-11,3.789535439822842e-03,2.303176869383534e-02,1.308560786088809e-10,1.284633488191511e-08,1.700549106721971e-10,5.129231990741041e-09,8.003168303703325e-17,1.540301523067317e-15,4.268288079013904e-09,2.232805388357620e-09,6.580124010893051e-15,4.109230297184590e-12,5.906577559385699e-17,-1.451124011837547e-14,-1.887246136344842e-15,-5.596842607606117e-15,-8.060517296310856e-15,-9.729028177888886e-17,-6.048437344751393e-15,-1.582001806333332e-14,-1.143684399052854e-19,-1.250509782150867e-16,1.438831032647989e-13,4.037676925087827e-17,2.502809219236873e-18,9.545094788513045e-07,6.518910507875908e-06,2.531395888338615e-08,2.945025380348719e-08,1.818557137297692e-08,7.458124861412269e-13,-5.268315542652759e-16,-2.956384299195643e-15,-7.148921844488980e-15,-4.503021152421529e-14,-4.433997473546602e-14,-1.339602673207448e-14,1.054137421750309e-01,7.838631274898042e+03,0.000000000000000e+00,2.289171198643467e+03,1.013249561423895e+05,
-6.697224355292065e-04,4.183770774199799e+00,1.492085201164755e-01,1.067518828391339e-05,1.037705628413353e-04,5.993984404613634e-04,1.328011599015000e-07,7.236488639903578e-05,1.218788439472727e-02,2.283538614550262e-08,1.686208014185533e-03,1.418204485838896e-10,4.013923793176350e-10,5.164597559486472e-11,1.354961290164009e-09,1.921422288528700e-10,1.956627022000596e-09,2.811907241102520e-09,5.167767684367908e-12,2.682981766142274e-11,1.867276854329976e-11,4.320545078720747e-03,2.225870704031914e-02,1.267098394258594e-10,1.033172604448634e-08,3.115715772782917e-10,6.760272621036503e-09,7.963924561700617e-16,3.707971336164028e-15,2.692190268800745e-09,1.049884391447621e-09,2.789852890271395e-14,9.229795296685623e-12,9.077722860019070e-14,-1.735097930399353e-14,-1.718115387195736e-15,-4.707403661262053e-15,-1.379571132969035e-14,-4.098740537681138e-16,-1.118708502743686e-14,-2.757368782538481e-15,-1.803482786260108e-18,-3.757214029021713e-15,5.530791206115988e-14,8.742521001139419e-17,3.538485790924313e-18,1.604814935099495e-06,1.106800974283948e-05,1.580640521564329e-08,1.028926753954199e-07,6.507431034784241e-08,1.492398948750929e-12,-4.366837361657015e-15,-9.107836056126256e-16,-1.115197549695026e-13,-6.988386286952778e-14,-2.321296237859820e-14,-2.171338415866201e-14,1.070208340004440e-01,4.359178893512339e+03,0.000000000000000e+00,2.126879110872175e+03,1.013003960945756e+05,
-6.185135826062282e-08,4.531749240629408e+00,1.460989528045499e-01,6.134353906222995e-06,5.857505805079691e-05,4.702359925648138e-04,1.349235015173934e-07,5.716262092720406e-05,1.235280464206514e-02,1.215313630229377e-08,1.187181937161020e-03,5.216321702587835e-11,2.759240720649742e-10,2.333099652906941e-11,1.102956717445618e-09,3.016628793469586e-10,8.785139953268626e-10,1.652839440405134e-09,3.602436919720659e-12,1.192019786103937e-11,1.268694862857062e-11,3.576448166007089e-03,2.343342312650230e-02,8.890634592927384e-11,9.164852709031197e-09,1.020966666643169e-10,3.421139029440582e-09,-5.824787499244070e-16,-1.273558382996994e-18,3.039902586417290e-09,1.645670682777494e-09,3.033693574872842e-15,2.225678105978111e-12,9.974725621301267e-17,-1.741054864997397e-14,-8.663345349398045e-16,-3.690875282238217e-15,-3.544529369232093e-15,-2.820357787390671e-17,-1.376064720147412e-15,-1.272278913782638e-14,-2.245427773518977e-20,-2.181802161679576e-17,8.031937280449143e-14,1.794531789495548e-17,1.231041677320740e-18,5.981891844935182e-07,4.068672694560543e-06,1.823791723216419e-08,1.364426200421834e-08,8.344197218265877e-09,4.332703390721671e-13,-1.688090949591120e-16,-1.533213115565929e-15,-6.075708733148252e-15,-1.060642354140949e-14,-7.399495489449490e-15,-3.264240245308270e-15,1.047833634532803e-01,7.929226433945403e+03,0.000000000000000e+00,2.330311159246970e+03,1.013249819162385e+05,

4,63
5.063809260275736e-04,4.178352402934078e+00,8.373327342020059e-01,5.048164454398341e-05,4.493413028229448e-04,9.547028078291647e-04,1.186186055798420e-04,4.303368953087910e-04,1.311217371552684e-02,1.949719579636171e-05,1.827792591199621e-01,1.325642145299054e-06,6.194073039725540e-06,6.983368102403671e-07,2.310677614741875e-04,2.728893349690365e-04,2.037081144202882e-05,4.951866391985297e-04,1.543338492953569e-05,9.577684003876233e-07,7.133953478593606e-05,1.406113704469013e-02,2.224742604368031e-02,7.495930929521300e-07,5.864952912147865e-04,2.097939222203246e-05,4.268751109308478e-03,1.016814458036357e-04,4.628594596616266e-04,3.070016195885556e-05,1.058592715617967e-04,1.361583364937726e-07,2.992238660412451e-05,3.840046739387530e-05,1.139723811837441e-05,5.432995317048956e-05,2.889489156928168e-05,3.732246663468747e-05,3.125309186363710e-06,6.066795942315580e-04,1.188080034535104e-05,4.273162548195205e-06,1.111480143225004e-04,1.587751311272781e-05,6.175383604216446e-07,1.414498087362547e-08,2.577809210322939e-06,1.819667128572493e-05,2.694850717162880e-05,1.208503624665683e-05,1.522946905252142e-05,1.690204792296974e-06,4.225573731521439e-04,1.101755588066328e-05,5.259454965449600e-02,1.504015476343882e-03,1.296492294534400e-04,4.154533091165460e-04,6.019588982319428e-01,7.270974156125676e+04,0.000000000000000e+00,2.123422456801818e+03,1.014180808879303e+05,
1.847496678832143e-07,4.531405195399836e+00,1.491800063835429e-01,1.062746739363489e-05,1.033067779276748e-04,5.982951826150546e-04,1.349030750495043e-07,7.222468150471866e-05,1.235546487084636e-02,2.271842064768366e-08,1.681797621281573e-03,1.412381393847928e-10,5.431144371476836e-10,5.151436837786322e-11,1.929742638495675e-09,4.097879835575489e-10,1.945012942555727e-09,3.287816734854812e-09,7.129036055753144e-12,2.675823217177898e-11,2.391505534972561e-11,4.314043953465972e-03,2.343138436918309e-02,1.795421314598562e-10,1.604537875242214e-08,3.100225729187744e-10,7.380329449121866e-09,3.517531575651379e-13,5.640316432244938e-15,5.242144500235379e-09,2.524042737452224e-09,3.174631696015861e-14,9.164214846880090e-12,6.983424480765119e-13,4.038273167007063e-12,3.281567174222706e-13,8.136556893937195e-13,1.047242794953390e-12,1.354293220508375e-14,6.505403580417289e-13,3.278116581411126e-12,2.106973399582900e-17,2.080899530578319e-14,1.831791152601967e-13,8.696755664618459e-17,4.297460579801554e-18,1.598052658977362e-06,1.102007949254357e-05,3.053165322081645e-08,1.015540375553098e-07,6.420874603073715e-08,1.486452424208523e-12,1.153945472058185e-13,8.235158663588589e-13,4.936949118833457e-12,1.136563734152359e-11,1.098280034527324e-11,3.036847560450739e-12,1.070003164950712e-01,7.928973543186249e+03,0.000000000000000e+00,2.330114979489132e+03,1.013249849391020e+05,
6.608906051170559e-04,4.459528745996048e+00,1.589635321036294e-01,3.318877209889722e-05,2.854695210214603e-04,8.642844378972445e-04,1.986482708254951e-07,1.216021962185502e-04,1.235455631632766e-02,7.894224649730190e-08,2.778841809774725e-03,2.178132899882212e-10,5.681845950279993e-10,6.075159988076992e-11,1.957982886079318e-09,3.984302063708942e-10,8.718032766597776e-09,3.521356169905803e-09,7.443963184855054e-12,3.198847442740446e-11,2.475822984651710e-11,6.552336387478666e-03,2.302710369377144e-02,1.878299017951765e-10,1.618963728987392e-08,5.511058335353355e-10,8.213507755514546e-09,1.396246591746533e-12,2.492986502375773e-14,5.252998555449671e-09,2.503506514988132e-09,2.126078355918734e-13,2.154745719483528e-11,2.811567968382335e-12,2.155006245400497e-12,2.534090086347445e-13,5.805938745972943e-13,1.034122216694971e-12,3.249027169723180e-14,9.437976360573170e-13,1.335345290133523e-12,1.272922003433032e-16,3.074083837360158e-13,1.814609917881430e-13,4.824069719526156e-16,1.329051974456523e-17,2.611073590258227e-06,1.842800401402561e-05,3.056383276416240e-08,2.274207533440409e-06,1.554872231917772e-06,4.042704740220642e-12,8.197123659293075e-13,2.059808395504106e-13,1.489015912754081e-11,6.998468357375695e-12,3.544091808049698e-12,1.953124785995787e-12,1.138562097064530e-01,7.836895184795831e+03,0.000000000000000e+00,2.288653057112156e+03,1.013574694895011e+05,
9.146340056463873e-08,4.561561249599317e+00,1.469633196143069e-01,7.239880732041710e-06,6.982765690012489e-05,5.072908278489924e-04,1.366529259890370e-07,6.124777045200263e-05,1.235437034271329e-02,1.467508599534337e-08,1.328950350460960e-03,8.332357074666855e-11,4.001423744224824e-10,3.495370437249494e-11,1.536291303626945e-09,3.846946037159017e-10,1.139808818559519e-09,2.395122799176979e-09,5.241007957190706e-12,1.795648562295264e-11,1.813791414905326e-11,3.786983739921704e-03,2.360216928952018e-02,1.304730284405787e-10,1.281580277712987e-08,1.693102991798975e-10,5.114337053263857e-09,1.314184589094424e-13,2.393319371537519e-15,4.258231891222637e-09,2.228495914567528e-09,1.249077642267332e-14,4.086608703030494e-12,3.659555218900232e-13,2.091865882817482e-12,8.469333350196367e-14,3.242234918358714e-13,3.522629147330166e-13,5.185250606532023e-15,2.679463204513033e-13,1.254469713018882e-12,5.208241897505021e-18,3.241602761442816e-15,1.433470603946277e-13,4.011832557219571e-17,2.489711994216110e-18,9.507816176696283e-07,6.493138266559471e-06,2.525656241817397e-08,2.923059898000025e-08,1.804786691676114e-08,7.422466051903917e-13,3.363232561477586e-14,3.999332919980252e-13,1.525878923275872e-12,3.176168214287303e-12,2.655386206673958e-12,8.499050134949858e-13,1.054062889157832e-01,7.976455314152776e+03,0.000000000000000e+00,2.346687602165657e+03,1.013249975889128e+05,

