1
0
63
1
(4 0
((0,0) (7,127) (0,0))
((0,256) (7,383) (0,0))
((0,128) (7,255) (0,0))
((0,384) (7,511) (0,0))
)
4
FabOnDisk: SD_0_Old_MF_D_0003 0
FabOnDisk: SD_0_Old_MF_D_0001 0
FabOnDisk: SD_0_Old_MF_D_0002 0
FabOnDisk: SD_0_Old_MF_D_0000 0

4,63
-1.625445916505001e-04,1.028729398421470e+00,1.591758219659823e-01,0.000000000000000e+00,2.794740156742436e-24,3.362275325583899e-18,9.153223006747143e-13,2.680335903818731e-08,3.356845626797662e-10,3.616238799076968e-13,2.802819505028164e-03,0.000000000000000e+00,2.500768655752873e-30,1.988767148245330e-31,1.683849498646197e-14,3.648855344273734e-12,4.939726804901852e-25,2.918339574894174e-13,1.326765380135633e-19,0.000000000000000e+00,2.918023108572067e-14,5.621129627582551e-11,1.390497304374647e-12,0.000000000000000e+00,2.111194986577498e-13,2.677816203804943e-29,1.828671392378156e-12,0.000000000000000e+00,0.000000000000000e+00,4.135084159523546e-31,7.428978822436388e-15,3.847894878535629e-22,7.995982021713732e-28,1.480712804606974e-15,2.163597477512484e-21,0.000000000000000e+00,0.000000000000000e+00,0.000000000000000e+00,0.000000000000000e+00,0.000000000000000e+00,0.000000000000000e+00,0.000000000000000e+00,0.000000000000000e+00,2.682757290803461e-18,2.697706359930474e-19,4.159088628290729e-21,7.417971245194493e-19,2.389684130235742e-19,9.726157215167463e-18,2.246354361568468e-18,4.047587827920167e-18,0.000000000000000e+00,0.000000000000000e+00,0.000000000000000e+00,0.000000000000000e+00,0.000000000000000e+00,0.000000000000000e+00,0.000000000000000e+00,1.140082090146706e-01,3.307529267577947e+03,0.000000000000000e+00,4.430000274807299e+02,1.013049698248589e+05,
-1.366119030162440e-07,4.474254204957226e+00,1.469741709311694e-01,7.254819834033479e-06,6.997780857247895e-05,5.077594254915490e-04,1.327469861982379e-07,6.130142406903222e-05,1.235439481333131e-02,1.470933474004203e-08,1.330721704729111e-03,8.366018539877294e-11,4.012771914119422e-10,3.506774531120938e-11,1.539934597106745e-09,3.851887657044882e-10,1.143265533368161e-09,2.401958946317163e-09,5.256061132205082e-12,1.801623306563778e-11,1.818603565706019e-11,3.789652283216740e-03,2.303163173504835e-02,1.308475022163117e-10,1.284516537771829e-08,1.700652637471060e-10,5.130121487672836e-09,0.000000000000000e+00,1.649500385604021e-15,4.267962484184786e-09,2.232612142845339e-09,3.311185591408425e-15,4.109651900400171e-12,0.000000000000000e+00,0.000000000000000e+00,0.000000000000000e+00,0.000000000000000e+00,0.000000000000000e+00,0.000000000000000e+00,0.000000000000000e+00,0.000000000000000e+00,0.000000000000000e+00,0.000000000000000e+00,1.438685605187260e-13,4.037774521870239e-17,2.502745376634615e-18,9.545551039501207e-07,6.519236929860187e-06,2.531326689352010e-08,2.945656011688183e-08,1.818956375636876e-08,7.456714380750854e-13,0.000000000000000e+00,0.000000000000000e+00,0.000000000000000e+00,0.000000000000000e+00,0.000000000000000e+00,0.000000000000000e+00,1.054140969881297e-01,7.837828186350505e+03,0.000000000000000e+00,2.289156768905306e+03,1.013249602538547e+05,
-1.894729513656083e-04,4.197100327888254e+00,1.492092967736059e-01,1.067629509870222e-05,1.037808257347982e-04,5.994230679434471e-04,1.328006758826241e-07,7.236840325235300e-05,1.218773850583942e-02,2.283825920260533e-08,1.686307424322991e-03,1.417799986968624e-10,4.021280831280140e-10,5.162926235941634e-11,1.357300206260170e-09,1.924981261936233e-10,1.956751431517527e-09,2.816211850581115e-09,5.176738966177043e-12,2.681885724759604e-11,1.869771527900295e-11,4.320687517573774e-03,2.225779629463745e-02,1.269692626375691e-10,1.035057836266724e-08,3.114586598750229e-10,6.770281367803226e-09,0.000000000000000e+00,1.429840360897445e-15,2.697259345484230e-09,1.051693557855128e-09,2.287246500059489e-14,9.226156396862642e-12,7.877724352846291e-14,0.000000000000000e+00,0.000000000000000e+00,0.000000000000000e+00,0.000000000000000e+00,0.000000000000000e+00,0.000000000000000e+00,0.000000000000000e+00,0.000000000000000e+00,0.000000000000000e+00,5.518625392629357e-14,8.741336526743851e-17,3.530047224302516e-18,1.604730625166603e-06,1.106746429684217e-05,1.583237387238920e-08,1.029106362692399e-07,6.508621005016395e-08,1.489936245928064e-12,0.000000000000000e+00,0.000000000000000e+00,0.000000000000000e+00,0.000000000000000e+00,0.000000000000000e+00,0.000000000000000e+00,1.070213974350556e-01,4.374360387768739e+03,0.000000000000000e+00,2.127070253454652e+03,1.013112678618702e+05,
-1.090415284761296e-07,4.545599193202978e+00,1.460993195837783e-01,6.134744282491584e-06,5.857910060154709e-05,4.702498788664996e-04,1.349223658605633e-07,5.716406124900747e-05,1.235280130693049e-02,1.215403542273369e-08,1.187235530646115e-03,5.217096231403606e-11,2.759546751038733e-10,2.333384238538802e-11,1.103030325405516e-09,3.016756610046955e-10,8.785960681407942e-10,1.653034473681360e-09,3.602765862107897e-12,1.192145046855199e-11,1.268818876895594e-11,3.576515277041046e-03,2.343332317041654e-02,8.891668348898696e-11,9.165772482430074e-09,1.021169105064080e-10,3.421980198455813e-09,4.854489430041804e-18,0.000000000000000e+00,3.040192047603418e-09,1.645810173261168e-09,6.695828654504879e-19,2.226202575734184e-12,0.000000000000000e+00,0.000000000000000e+00,0.000000000000000e+00,0.000000000000000e+00,0.000000000000000e+00,0.000000000000000e+00,0.000000000000000e+00,0.000000000000000e+00,0.000000000000000e+00,0.000000000000000e+00,8.033214502135261e-14,1.794974923180200e-17,1.231296958312186e-18,5.982718184483804e-07,4.069241472496886e-06,1.823946572201789e-08,1.364775474865228e-08,8.346366482654423e-09,4.333260044134662e-13,0.000000000000000e+00,0.000000000000000e+00,0.000000000000000e+00,0.000000000000000e+00,0.000000000000000e+00,0.000000000000000e+00,1.047836347078695e-01,7.929161003760451e+03,0.000000000000000e+00,2.330301990966936e+03,1.013249818674784e+05,

4,63
1.296619912592028e-04,4.191685657781654e+00,8.373327352738718e-01,5.049719814551289e-05,4.488377561969793e-04,9.543866132368661e-04,1.186023178158266e-04,4.302397809197710e-04,1.311282761019772e-02,1.950142836572472e-05,1.827792593525227e-01,1.323208507146426e-06,6.217135055095337e-06,6.969082658481154e-07,2.311829606798639e-04,2.733592583258443e-04,2.034417522369426e-05,4.956201547918739e-04,1.542901656137147e-05,9.610192856694937e-07,7.134646985760926e-05,1.406955962901544e-02,2.224663161738706e-02,7.533419345029509e-07,5.881107234735178e-04,2.090023199014876e-05,4.262105538752855e-03,1.017604811919421e-04,4.646991013587729e-04,3.062308570163265e-05,1.057514225193791e-04,1.365548993974067e-07,3.010298326388085e-05,3.830313317043558e-05,1.140046011534435e-05,5.447309116248471e-05,2.899291302858056e-05,3.731341952745477e-05,3.127636186195003e-06,6.086990931625600e-04,1.143556868135489e-05,4.323147522588366e-06,1.111130737752854e-04,1.591048513134517e-05,6.210605588365369e-07,1.422706323668022e-08,2.580202945155962e-06,1.821349463113016e-05,2.701746797783913e-05,1.208150349764202e-05,1.523773239480371e-05,1.698479627666992e-06,4.225680324433740e-04,1.063924144691958e-05,5.259454972220980e-02,1.511040235892760e-03,1.305461458873313e-04,4.170330430379946e-04,6.019588989951006e-01,7.278453588476380e+04,0.000000000000000e+00,2.123626180624686e+03,1.013549536376087e+05,
1.866454449820136e-07,4.545255057962458e+00,1.491807747181189e-01,1.062857363353464e-05,1.033170408496501e-04,5.983198637084539e-04,1.349019338270046e-07,7.222820016635273e-05,1.235548936767626e-02,2.272128047772369e-08,1.681896925343736e-03,1.412339001478511e-10,5.430675258162736e-10,5.151105331874214e-11,1.929567151919400e-09,4.097232705864125e-10,1.945243184446880e-09,3.287556542875590e-09,7.128480769332528e-12,2.675699401401974e-11,2.391316624059111e-11,4.314186798788338e-03,2.343128475352686e-02,1.795253130703653e-10,1.604350945410662e-08,3.100177327829834e-10,7.379993524098004e-09,3.586761193812515e-13,5.680055657830188e-15,5.241450429464561e-09,2.523574381736596e-09,2.950449850740113e-14,9.164632414029102e-12,5.732488450095198e-13,5.826988864856994e-12,3.731045467611815e-13,9.509201987569314e-13,1.618383380716638e-12,2.060824721547927e-14,1.253101372117752e-12,3.524398782152741e-12,1.889036074027302e-17,1.837070835178711e-14,1.831357288648600e-13,8.695507768772777e-17,4.296588321528178e-18,1.597969720159518e-06,1.101954358287402e-05,3.052728901159034e-08,1.015718204650806e-07,6.422051700919421e-08,1.486454469427842e-12,1.193302147488872e-13,1.136328033072230e-12,4.438432959951082e-12,9.983797363507740e-12,9.946494916274132e-12,2.665838014496684e-12,1.070008743321072e-01,7.928902090052226e+03,0.000000000000000e+00,2.330105736227148e+03,1.013249862879499e+05,
1.898289918232559e-04,4.473359810483093e+00,1.589492895916861e-01,3.317310581230312e-05,2.852664918041115e-04,8.641210961769811e-04,1.984677865117897e-07,1.216035399667169e-04,1.235462561907664e-02,7.885905421636393e-08,2.776732210125199e-03,2.175101744437703e-10,5.680172303762077e-10,6.063922268245907e-11,1.954889097503474e-09,3.983284287180910e-10,8.713808075077852e-09,3.519566703514258e-09,7.442559450751592e-12,3.193430776011930e-11,2.475182750036083e-11,6.552428696067212e-03,2.302696575863650e-02,1.877897442736450e-10,1.618756383766082e-08,5.510213085762130e-10,8.205760961597775e-09,1.396818417808035e-12,2.493299183154613e-14,5.252642474928962e-09,2.502750897071649e-09,2.126113146287119e-13,2.155597104480870e-11,2.811081352459155e-12,3.008362898445062e-12,3.547472902944811e-13,7.401054619852074e-13,2.535687100974589e-12,6.336170302205874e-14,1.732912461312172e-12,7.161187736671257e-13,1.703653329015546e-16,3.491973315482538e-13,1.813917984731696e-13,4.702514651808000e-16,1.295546402933630e-17,2.611678072396602e-06,1.843212241427345e-05,3.055939677361442e-08,2.270706459489934e-06,1.552375352040420e-06,4.044784210465071e-12,1.257683520424550e-12,8.554133761574447e-14,1.878485788866769e-11,1.723544067383916e-11,5.804910124063490e-12,4.799220229114490e-12,1.138454104763169e-01,7.836067420806951e+03,0.000000000000000e+00,2.288638566829291e+03,1.013343493188600e+05,
1.251994296948262e-07,4.575422242663777e+00,1.469637999577449e-01,7.240534434119477e-06,6.983414837616190e-05,5.073111171408227e-04,1.366519097902935e-07,6.125016270175292e-05,1.235437776362436e-02,1.467658240802203e-08,1.329026165053190e-03,8.332746581031210e-11,4.001401494115950e-10,3.495416005742417e-11,1.536254148296600e-09,3.846682742422327e-10,1.139938896856065e-09,2.395129773927205e-09,5.241002649815343e-12,1.795683296730785e-11,1.813779915884799e-11,3.787100209537492e-03,2.360212781818416e-02,1.304721067888983e-10,1.281539512341231e-08,1.693224671820732e-10,5.114428400109325e-09,1.553840194725594e-13,2.394096555980134e-15,4.258070259733784e-09,2.228365237140743e-09,9.909707647039409e-15,4.087110522186721e-12,2.238034491994482e-13,2.986636426455407e-12,1.353408522084637e-13,5.713022493000831e-13,5.159735815231095e-13,4.326147971183264e-15,2.085147561257402e-13,2.315730341544155e-12,3.659862253549458e-18,3.706796783293016e-15,1.433331520881258e-13,4.011940589390453e-17,2.489648846011183e-18,9.508269902367970e-07,6.493462784815701e-06,2.525587787824503e-08,2.923682877366048e-08,1.805181030803320e-08,7.423139559520076e-13,3.373842483145083e-14,3.448863756275075e-13,2.713557405889204e-12,2.719321002321938e-12,1.970053693998682e-12,7.427861687907804e-13,1.054066393153296e-01,7.976307545315558e+03,0.000000000000000e+00,2.346680861726543e+03,1.013249986812373e+05,

