1
0
56
1
(4 0
((0,0) (7,127) (0,0))
((0,256) (7,383) (0,0))
((0,128) (7,255) (0,0))
((0,384) (7,511) (0,0))
)
4
FabOnDisk: SD_5_New_MF_D_0003 0
FabOnDisk: SD_5_New_MF_D_0001 0
FabOnDisk: SD_5_New_MF_D_0002 0
FabOnDisk: SD_5_New_MF_D_0000 0

4,56
-7.758919547656102e+00,-1.774517172982152e+01,-2.705094522698842e+01,-5.620210722223391e+00,-8.511532229408159e+00,-8.448597099883768e+00,-1.085049921682430e+00,-6.278960001631776e+02,-2.208021876077790e-01,-6.928502329520692e-01,-8.044406191537705e-02,-1.358302155467739e+01,-1.292338292361059e+01,-1.335852902938968e+00,-1.010936773254070e+01,-4.568152827134398e-01,-6.942639428239360e-02,-2.944027237233916e+00,-1.340981312149822e+02,1.780506268520392e-21,-7.965185344887757e-02,-4.390673338340351e+01,-1.762385311005731e+00,-1.972960666740797e+02,-6.977875129795669e+00,-2.309919593888976e+01,-4.012884674300622e+00,-2.942262311358241e+00,-9.164748942247102e-03,-1.836538492488796e+00,-1.634481771518248e+00,-8.148951538328832e-01,-3.573163970866075e+00,-2.063887169225766e+00,-2.919469495988206e+00,-2.124273194359653e-01,-2.986708787554013e+01,-5.417731841303499e-01,-2.790501890330901e-01,-7.471927998511474e+00,-8.084973353433779e-01,-1.560846775989244e-02,-5.659845684552202e-04,-7.770039306550124e-02,-1.546079638237592e-01,-1.807032911648307e+00,-6.640090110499988e-02,-3.210594348395688e-01,-1.313504887899467e-01,-2.403501967154510e+01,-5.136084688303689e-01,-5.877389740219249e+02,-8.508046511345056e+01,-9.187988961856130e+00,-2.324742213504601e+01,-1.346052158623934e-10,
-1.286645686600226e-02,-9.637748875304609e-02,-2.083018937757721e-01,2.184579298958327e-06,-2.992222064282639e-02,1.862232025721995e-01,-2.386043305416091e-05,-8.471646423270364e-01,-1.174462216249378e-07,-2.555960881613530e-07,-3.427334960654520e-08,-1.218332134087548e-06,-1.130730679956697e-07,-2.362617479661152e-06,-1.682656155437404e-06,-3.940839474097657e-09,-1.957421840132664e-08,-1.276405469785758e-08,-1.171175636278900e+00,7.951225880094589e-01,-9.895998177316583e-08,-7.709997606712698e-06,-3.131286551373465e-07,-5.689617907782593e-06,-3.906126740962284e-07,-9.753258043520814e-10,-2.357445154792057e-06,-8.913993201126010e-07,-4.827323041182629e-09,-1.364836541106941e-08,-2.693585204534077e-07,-4.447263605475361e-07,-5.397750053985433e-08,-1.626099369569990e-07,-2.610297669588900e-07,-5.186706488196177e-09,-2.304871038710657e-07,-9.908712533884579e-07,-9.742416964991320e-12,-3.213129854861507e-08,-9.917943635719288e-11,-8.336923005023878e-14,-2.908014781895661e-15,-1.226826340647445e-03,-8.730329527695299e-03,-1.054349185566930e-05,-2.710528383841749e-04,-1.755648662616094e-04,-2.661676744853329e-09,-4.140039201768082e-08,-3.366886226820691e-07,-9.997955452183843e-07,-1.289990675861444e-06,-1.297779312910802e-06,-3.523672471971406e-07,-1.049051123747091e-11,
-1.835720920865785e-01,-9.028812727849822e-01,-5.597052450281470e-01,-6.515009169380072e-04,-1.248794968699389e-01,5.064687522721275e-01,-3.228174150827550e-04,-4.513179526705336e+00,-3.112470633424838e-07,-4.139982686658685e-07,-7.416859648564051e-08,-5.147340184469891e-06,-1.659450384550526e-07,-3.732609783894852e-05,-6.248960020980565e-06,-1.267653797415577e-08,-6.250345458410572e-08,-5.169665756347754e-08,-5.629179833192429e+00,1.889123041773992e+00,-4.478521537947257e-08,-8.487972988313346e-07,-1.344415563044318e-06,-2.949707506785058e-05,-6.455615452658383e-07,-4.571681294561473e-09,2.461399635405679e-07,6.364238854833045e-07,-7.091497188112528e-09,-4.653239218096503e-08,-2.704380551270209e-07,-4.029689711292952e-06,-1.512460666078162e-06,-2.814516517340790e-06,-3.414910179005136e-06,-1.226443302053200e-07,-3.095241333762880e-06,-8.992037938060044e-07,-5.848713579561156e-10,-1.633247682060217e-06,-3.049504706924825e-08,-2.916273888518179e-11,-1.576436841785811e-12,-1.431301312447644e-03,-1.051623470130231e-02,1.694607697173945e-06,-2.175476369214984e-02,-1.519827323351360e-02,-1.116748169195315e-07,-2.377199427248194e-06,-3.105655553460229e-07,-2.783522382029722e-05,-1.862572242941747e-05,-1.978286267175039e-05,-5.280651640677643e-06,-1.770178448268211e-11,
-3.717598799916684e-03,-3.065466033628915e-02,-9.002140148205158e-02,1.187730031402746e-06,-1.115030241276985e-02,1.062283596058075e-01,-6.868542743905698e-06,-3.434048333408681e-01,-8.587060991757749e-08,-3.007951602989759e-07,-2.590662423609385e-08,-1.197606214957334e-06,-2.600354340943685e-07,-6.938070309246765e-07,-1.458706567831918e-06,-3.294316283952519e-09,-1.271643461016794e-08,-1.124871069633645e-08,-4.905496302717376e-01,2.815281082302772e-01,-8.186478893000297e-08,-8.147800352185544e-06,-1.512632348111418e-07,-4.084650927323090e-06,-2.535681459445625e-07,-4.986393294307303e-10,-3.600273784270749e-06,-1.232641685051135e-06,-8.294373679638177e-10,-4.654794473630052e-09,-1.243232433571530e-07,-1.580540613809384e-07,-8.590286570891569e-09,-4.552205445502722e-08,-4.908651162838954e-08,-8.537935861747521e-10,-7.068616870156671e-08,-6.931912000074487e-07,-1.337579401952478e-12,-7.838829466710999e-10,-1.048482732658912e-10,-5.132071963266456e-14,-2.543767248849230e-15,-7.338833758915730e-04,-5.079505374417466e-03,-1.244334955094021e-05,-4.541001859409785e-05,-2.849533310975553e-05,-7.932123903996175e-10,-9.147680797491912e-09,-2.509844726360176e-07,-4.997383266110770e-07,-1.740372349887062e-07,-1.164481347320542e-07,-4.948404889078991e-08,-8.549952412728601e-12,

4,56
5.614507206727023e+00,3.052224826499707e+01,4.377673848180548e+01,6.831558425847928e+00,1.264846255824867e+01,3.165185260698307e+02,6.216550684111668e-01,5.460604123280581e-12,5.233358063304864e-01,1.268188188845701e+00,1.446084247755078e-01,2.538411773847294e+01,1.608674095333923e+01,1.872489852679162e+00,1.554398589135536e+01,4.748245810989322e-01,1.274749554083732e-01,2.824636228779210e+00,4.582268220149154e+02,2.832849097564376e+02,1.805564871066291e-01,5.635292103866634e+01,3.446639199626313e+00,2.860446127404435e+02,1.428635793630888e+01,2.555350525071606e+01,7.725356302244057e+00,3.396694854430345e+00,1.573458904753723e-02,3.454040771630224e+00,2.588671386633321e+00,1.042763171655681e+00,3.843554945852129e+00,2.296794110457544e+00,3.807569145377413e+00,1.973362774709655e-01,3.449797113275595e+01,1.321860799285664e+00,5.912733650265884e-01,7.803653177755938e+00,1.256285190103395e+00,3.423397027426864e-02,8.720708039711558e-04,8.502185381241856e-02,3.068104638521754e-01,2.410788841581381e+00,4.610986931239624e-01,6.521664764985944e-01,1.803617325237447e-01,1.688987056998992e+01,1.042170083424370e+00,2.582940771389341e-01,8.839464922330693e+01,1.334226886039144e+01,2.487653812459835e+01,1.733155841066036e-10,
-3.682392245184822e-03,-3.088234538344177e-02,-9.055441173482624e-02,7.550988597572238e-06,-1.122408378846286e-02,5.016122646648733e-01,-6.922795542714112e-06,-3.455252879789955e-01,-6.691117387435000e-08,-1.018989340737091e-07,-1.972470545681342e-08,7.529617608459688e-08,1.598732727054827e-07,-6.967710787426918e-07,-7.906756193496756e-07,-1.272659831265290e-09,-9.396911363106815e-09,-3.169775601563425e-09,-4.935389485141433e-01,1.874626222218412e+00,-4.004390175423436e-08,-4.564746348723253e-07,-1.462862936982357e-07,-1.770789772223009e-06,3.193029935857121e-07,3.535420875856067e-10,3.455451805785337e-07,6.978118475705348e-07,2.580726971343209e-09,-4.585226606366320e-09,1.123385140572222e-07,1.136432765047160e-06,1.057687633022032e-07,3.448501264606109e-07,3.808384321075357e-07,6.350613004227397e-09,4.683310823133292e-07,1.446554824847491e-06,2.028451593960932e-11,5.069254265435812e-08,6.869852941288116e-11,-5.143824884973866e-14,-1.710489162699664e-15,-7.368467836443501e-04,-5.100662985669868e-03,1.502750844497017e-06,-4.589282324085050e-05,-2.880294575129731e-05,-2.490709731866534e-10,4.841860786485509e-08,4.605957282842194e-07,2.114943874103681e-06,2.950459390705198e-06,2.590070060104674e-06,8.025602439724023e-07,9.373390952305272e-12,
-1.303231487426390e-02,-9.745761282463561e-02,-2.098438474074652e-01,1.955252557509019e-06,-3.020340675543148e-02,3.008708239019762e+00,-2.415720902136528e-05,-8.542744729849232e-01,7.107461580793698e-07,1.740822964551920e-06,1.768352619577150e-07,1.041479957205955e-05,1.114988622060862e-06,-2.356753570076469e-06,9.428157856764097e-06,2.210663860849852e-08,9.647928409730373e-08,7.520047933203086e-08,-1.180300832640059e+00,8.897674649777219e+00,5.683206321839103e-07,4.311757909742117e-05,9.676381927656374e-07,4.373880837064371e-05,8.187964301480539e-07,4.135084460721595e-08,1.362649877069563e-05,4.679640862933478e-06,6.710672343229237e-09,2.448482281547586e-08,2.451994219719288e-07,5.102945828226329e-06,1.049104991415295e-06,2.338531471229862e-06,4.349865938820115e-06,6.798488318474467e-08,1.830165493634167e-06,1.259900600120654e-06,4.208942882846410e-10,1.255672313972003e-06,3.991886810942708e-10,2.216370117613827e-12,1.558762310673009e-14,2.425296181436725e-03,1.766920437569668e-02,6.855036725636823e-05,-2.762082331914722e-04,-1.789528832450611e-04,6.286646422903779e-08,1.664057103278501e-06,3.877876467091375e-07,2.510701750752995e-05,2.301339702916459e-05,1.399902659479331e-05,6.369332512258869e-06,3.020206307269291e-11,
-2.009272668408195e-03,-1.238648612179290e-02,-3.615863590927038e-02,6.433420295800210e-06,-6.085541633381856e-03,1.850045968231923e-01,-2.028199303231577e-06,-1.578751378063541e-01,-4.336996943555877e-08,-1.849289149470625e-07,-1.664701038829132e-08,-5.472141830596615e-07,-8.415731321137539e-08,-2.230787572640818e-07,-1.061185874379936e-06,-2.170085678044868e-09,-7.714961990974446e-09,-7.474823711316584e-09,-1.715140578014874e-01,7.903432043223682e-01,-6.130506892942276e-08,-5.627258230485190e-06,-8.395157655994888e-08,-2.163485763097950e-06,1.743061021717865e-07,2.037994355949604e-10,-1.878134670430067e-06,-7.830468212984763e-07,7.851661940117382e-10,-2.112460260972577e-09,2.063508480589903e-08,4.319488801381780e-07,2.465024125517838e-08,1.160339565590596e-07,1.547872490163331e-07,2.385894128207423e-09,1.252866453529827e-07,8.287174757203184e-07,2.462904570961946e-12,1.439330502899814e-09,-9.502562207316321e-11,-2.366939518027837e-14,-1.557676040639691e-15,-4.580691657240764e-04,-3.124966815967690e-03,-1.056880041780561e-05,-1.278777304959545e-05,-7.864895414117872e-06,-1.983597591107024e-10,1.305928230720950e-08,2.857974161490394e-07,7.158537614116575e-07,1.120813839322277e-06,6.786848865930994e-07,3.046692978794866e-07,9.024433977877777e-12,

