1
0
56
1
(4 0
((0,0) (7,127) (0,0))
((0,256) (7,383) (0,0))
((0,128) (7,255) (0,0))
((0,384) (7,511) (0,0))
)
4
FabOnDisk: SD_5_Old_MF_D_0003 0
FabOnDisk: SD_5_Old_MF_D_0001 0
FabOnDisk: SD_5_Old_MF_D_0002 0
FabOnDisk: SD_5_Old_MF_D_0000 0

4,56
-7.751972049720152e+00,-1.768530135197003e+01,-2.715235728116414e+01,-5.674148013989919e+00,-8.541857138656169e+00,-8.461161846832253e+00,-1.084504277705265e+00,-6.266866130293100e+02,-2.259649175262678e-01,-6.883724762411034e-01,-8.027077875823835e-02,-1.353671056257539e+01,-1.295400179903231e+01,-1.347142701936367e+00,-1.008487147836739e+01,-4.545716198368558e-01,-6.983168629813508e-02,-2.938940397624316e+00,-1.339001381977390e+02,1.802426554753047e-21,-7.958189325415066e-02,-4.433195604001516e+01,-1.758422491975244e+00,-1.977182426240039e+02,-7.119038666332545e+00,-2.317304939679595e+01,-3.992452734414759e+00,-2.948766158045613e+00,-9.146770596688024e-03,-1.823192889288009e+00,-1.625570590749276e+00,-8.257649377886014e-01,-3.599587584235423e+00,-2.079099676869390e+00,-2.896759706044348e+00,-2.110274332168485e-01,-3.021587900262540e+01,-5.376567369080809e-01,-2.849481376592123e-01,-7.587058023507992e+00,-8.162262683322806e-01,-1.559890294411700e-02,-5.643872742830730e-04,-7.905492683658309e-02,-1.521673992188535e-01,-1.846144787731108e+00,-6.645179597895280e-02,-3.205204143538363e-01,-1.289307496698016e-01,-2.381370113388795e+01,-5.071176473445984e-01,-5.915944005259248e+02,-8.601723375378201e+01,-9.216886854348738e+00,-2.353506308512578e+01,-1.330136001342908e-10,
-1.286564432947685e-02,-9.640568688418262e-02,-2.083578237336281e-01,2.177109725380499e-06,-2.992651861773576e-02,1.862785607437930e-01,-2.386945868589157e-05,-8.473718528942662e-01,-1.266668337847846e-07,-2.770691903326987e-07,-3.820920462759095e-08,-1.352104360186861e-06,-1.160042574405341e-07,-2.372085208308314e-06,-1.984095965937733e-06,-5.230040744287430e-09,-2.483777466711189e-08,-1.717283405807752e-08,-1.171588804061119e+00,7.953583966956301e-01,-1.000585721628722e-07,-7.810537557001609e-06,-3.285091526999146e-07,-5.902959671897286e-06,-4.231349708827156e-07,-6.926551548214361e-10,-2.350742141581595e-06,-8.804495923167964e-07,-7.724990944008267e-09,-1.403607882812951e-08,-4.894393834195055e-07,-3.123953551660141e-07,-6.393488007981334e-08,-1.629483505649755e-07,-2.633990072440673e-07,-5.958592403118722e-09,-2.245370190838519e-07,-7.944954596885525e-07,-1.032843682961778e-11,-3.356279271535930e-08,-1.008242491132388e-10,-8.458913500105790e-14,-2.905718293152817e-15,-1.226734740991759e-03,-8.729789142730553e-03,-1.054061735312580e-05,-2.711533264365004e-04,-1.756296577408335e-04,-2.562860483574966e-09,-4.600989769471904e-08,-2.847540009374282e-07,-1.324959649662722e-06,-1.241111433019930e-06,-9.049251870162548e-07,-3.416608474269690e-07,-9.984138515939378e-12,
-1.835076770226008e-01,-9.013289197018619e-01,-5.592735352145329e-01,-6.493640905820419e-04,-1.252681241264963e-01,5.065235986615335e-01,-3.220818064067229e-04,-4.506227717825210e+00,-2.029329638289373e-07,-1.642385656728014e-07,-7.525129084420418e-08,-5.063437161722342e-06,1.062029051355270e-07,-3.728250543594399e-05,-2.339302476163593e-06,-6.515284709238360e-09,-5.715225835935872e-08,-2.125419033529128e-08,-5.612548578356764e+00,1.889803096488073e+00,-5.793396146815123e-08,-2.142939011952932e-06,-1.324820633147771e-06,-2.884841957103813e-05,-6.125508193441252e-07,-4.494477170572925e-09,-1.882047181841161e-07,4.662608490023654e-07,-6.714718165616395e-09,-4.656062061408644e-08,-1.373340896904691e-07,-2.478587657434114e-06,-1.237632508469953e-06,-2.492661307323516e-06,-7.445686344040396e-06,-1.667249402564531e-07,-4.307543612982619e-06,-1.029565945258550e-06,-7.700881816107996e-10,-1.426195555781533e-06,-2.936870282933525e-08,-2.381701798868816e-11,-1.424818311168968e-12,-1.429741115126747e-03,-1.051299602930985e-02,1.702338814410138e-06,-2.170931545532031e-02,-1.516621402368344e-02,-1.177852772895484e-07,-2.935296725780658e-06,-3.446198207685192e-07,-3.215269325162445e-05,-4.656114001192504e-05,-1.808197806910263e-05,-1.293860697569152e-05,-1.259881088344628e-11,
-3.724117563687181e-03,-3.066565663468843e-02,-9.004788060133027e-02,1.175428346565367e-06,-1.115368601938006e-02,1.062447046277305e-01,-6.871146545766527e-06,-3.435055260431285e-01,-8.580519599722900e-08,-3.003711563630316e-07,-2.590083325015183e-08,-1.337811529965437e-06,-2.579489105749737e-07,-6.944767880313876e-07,-1.501282116143558e-06,-3.461795549167753e-09,-1.267715217935892e-08,-1.156730931623275e-08,-4.906993951252270e-01,2.814218029797000e-01,-8.131625866678441e-08,-8.083606837299954e-06,-1.513421422179593e-07,-3.745453197422463e-06,-2.749976779692823e-07,-4.850271372707456e-10,-3.591447189281809e-06,-1.226058576721532e-06,-2.730763081615970e-09,-4.657772368605267e-09,-1.825092246862170e-07,-1.411823213451231e-07,-7.104541135981031e-09,-4.637678401626289e-08,-8.360840889627252e-08,-1.082488412817032e-09,-7.877232023263721e-08,-7.387409209350640e-07,-1.538166873781719e-12,-9.394955366977038e-10,-1.063754177548692e-10,-5.133560916080477e-14,-2.544643261687679e-15,-7.339224822062360e-04,-5.079804347362600e-03,-1.245018629624659e-05,-4.542610071390486e-05,-2.850565027409903e-05,-7.953592400994401e-10,-9.833463369063859e-09,-2.542331111631133e-07,-3.564764685353262e-07,-2.113238578988313e-07,-1.812468033517797e-07,-5.756727813009243e-08,-8.445549815050413e-12,

4,56
5.610883429176256e+00,3.057731817507030e+01,4.387156451039310e+01,6.950378054333022e+00,1.263047700073581e+01,3.159254625773972e+02,6.212284881619792e-01,1.021200904058068e-11,5.313483595298154e-01,1.282990563309326e+00,1.422362086362668e-01,2.531174459244886e+01,1.603035386725890e+01,1.863104420219022e+00,1.555348753359721e+01,4.673900145319218e-01,1.277996624165263e-01,2.844067850222011e+00,4.584374768786335e+02,2.831836653963517e+02,1.803973504078926e-01,5.631357181946284e+01,3.496159507070557e+00,2.894826932302193e+02,1.441203255278488e+01,2.580783185270298e+01,7.586633986190990e+00,3.396464933452261e+00,1.582923075581606e-02,3.363149407233806e+00,2.603917750859256e+00,1.049604969553165e+00,3.827026111204501e+00,2.303250485572891e+00,3.756609518028021e+00,2.004963654773803e-01,3.470410640566244e+01,1.166389904802315e+00,6.084613132529222e-01,7.866136059779361e+00,1.254850473575011e+00,3.510180576973323e-02,8.615203537549970e-04,8.392312936704134e-02,3.060819088101648e-01,2.395169308959544e+00,4.621418456890156e-01,6.512592205937922e-01,1.836286202210632e-01,1.696411386003524e+01,9.021932518812915e-01,3.186411063593409e-01,8.718856935216559e+01,1.358264918262949e+01,2.455918328343331e+01,1.154489837063011e-10,
-3.683689178863050e-03,-3.089319865907037e-02,-9.058044984952832e-02,7.551047328985849e-06,-1.122740147845682e-02,5.016719802042949e-01,-6.925375012722064e-06,-3.456254325199145e-01,-6.698607865356393e-08,-9.939563132809763e-08,-1.907096473477008e-08,8.705844246204840e-08,1.626670648226624e-07,-6.973117754741457e-07,-7.819026054891319e-07,-1.166991679022421e-09,-8.765248100614457e-09,-2.833922922447051e-09,-4.936881608678888e-01,1.875274560163531e+00,-3.984690381986703e-08,-5.573117184299809e-07,-1.454697179627184e-07,-1.910452258581577e-06,3.328379059491753e-07,3.019562786485255e-10,3.213438402937338e-07,6.812054058398143e-07,2.507913570057923e-09,-4.560178455201177e-09,1.304205694131521e-07,1.343064486356051e-06,9.397388372853888e-08,3.365377940457267e-07,7.360207950539050e-07,1.292101145880445e-08,7.494989309778626e-07,2.028458343813850e-06,2.113203049322303e-11,5.574789787439220e-08,6.937389302203804e-11,-5.143373386411946e-14,-1.690197564603596e-15,-7.368857325864278e-04,-5.100961544792848e-03,1.517930589349068e-06,-4.590883280583895e-05,-2.881322419406909e-05,5.031924222304771e-10,5.140988218331276e-08,6.695472257270017e-07,1.789564175903812e-06,3.210209579648886e-06,2.597349944015737e-06,8.766397893122561e-07,9.463138606058408e-12,
-1.303117406652803e-02,-9.748665448071353e-02,-2.099016952842308e-01,1.948779033834240e-06,-3.020710058619550e-02,3.010392108487240e+00,-2.416613205040414e-05,-8.544861243560575e-01,7.138142592457069e-07,1.744418366429216e-06,2.072668524866389e-07,1.402561549731536e-05,1.191913978657669e-06,-2.367608491186345e-06,1.262904920248131e-05,3.682643762909164e-08,1.626868282134542e-07,1.256509500898359e-07,-1.180735254206670e+00,8.871607707368373e+00,5.691982774298227e-07,4.322553067281920e-05,1.190582272470629e-06,5.996644387817756e-05,8.799479151922492e-07,4.295522540011047e-08,1.367236365479554e-05,4.687081370451043e-06,1.754938073410136e-08,3.107177565906131e-08,6.265419276412252e-07,5.586746135593513e-06,3.028407941670790e-07,1.254974538802241e-06,1.884055793441964e-06,7.134061974560325e-08,1.866983207008856e-06,1.166587117570322e-06,4.180025105767426e-10,9.929290703410280e-07,3.989132408240006e-10,2.937808249167932e-12,1.738334582979945e-14,2.414654327566340e-03,1.758415333162344e-02,6.860085423100376e-05,-2.763092791103332e-04,-1.790189763469809e-04,6.585268191469311e-08,1.677036014952462e-06,3.251842763012124e-07,2.567990406550049e-05,8.786535862422633e-06,6.089133006049395e-06,2.453368833176022e-06,1.673305938254543e-11,
-2.008833248198698e-03,-1.238218031307992e-02,-3.611969062825294e-02,6.434838667908907e-06,-6.085461540394899e-03,1.850611087696324e-01,-2.025274781698818e-06,-1.579113905500807e-01,-4.336252438694149e-08,-1.849072028861358e-07,-1.664613473120495e-08,-5.469239466296854e-07,-8.437398684788922e-08,-2.233190817029154e-07,-1.081495516185651e-06,-2.101985405592958e-09,-7.374727689510078e-09,-7.507795214118381e-09,-1.714453910858588e-01,7.905797489303573e-01,-6.131223101464719e-08,-5.661429305018337e-06,-8.223455997832768e-08,-2.150605177856713e-06,1.771852858530564e-07,2.216256898929556e-10,-1.876844846832103e-06,-7.814605588872965e-07,6.895079726613099e-10,-2.075260599891627e-09,2.082574695408110e-08,7.233710749152833e-07,4.006910008390637e-08,1.813764101382211e-07,1.875420974454195e-07,1.807784168516085e-09,1.072616336193666e-07,1.207318266525435e-06,2.233474854910448e-12,1.426791528941566e-09,-9.501130162764205e-11,-2.364889045229337e-14,-1.556939544583643e-15,-4.581400044489939e-04,-3.125419541953219e-03,-1.056628715519145e-05,-1.278167293548578e-05,-7.861320839032955e-06,-1.934988371382576e-10,1.486339689078466e-08,3.381655338195548e-07,1.104268997165185e-06,1.069530327123949e-06,6.664042664504030e-07,2.913169797472565e-07,9.740680484426889e-12,

