1
0
63
1
(4 0
((0,176) (15,207) (0,0))
((0,272) (15,335) (0,0))
((0,208) (15,271) (0,0))
((0,336) (15,399) (0,0))
)
4
FabOnDisk: SD_0_New_MF_D_0003 0
FabOnDisk: SD_0_New_MF_D_0001 0
FabOnDisk: SD_0_New_MF_D_0002 0
FabOnDisk: SD_0_New_MF_D_0000 0

4,63
-1.245798464868687e-01,2.187914156082648e+00,1.622049008141900e-01,7.347450690424862e-08,9.617091698838077e-07,2.130400731660385e-05,4.392800195615505e-07,1.396570729977298e-04,1.095570069906139e-02,1.518568447400064e-07,4.658273080545273e-03,3.504194877885633e-10,5.338462851879814e-09,8.097435705673430e-10,2.518678470935465e-08,3.475336565979389e-08,3.284207707590194e-08,7.742152271944638e-08,1.139842330310740e-10,6.816886368225625e-10,5.523935501202906e-10,9.139896740680536e-03,3.841883583733338e-03,3.542440029399574e-10,9.760338040782777e-08,8.557343921306770e-10,1.430534947869188e-08,2.840578931123763e-13,-1.427335247072667e-09,2.593785877154119e-08,7.812115318422614e-09,1.076261986864163e-11,4.245280486407162e-11,2.829112430726771e-10,9.350039599572073e-10,3.294273657061252e-10,1.215748378225067e-10,-3.884404660905031e-11,-5.355137885530477e-12,-3.511514095415363e-10,1.248573230551696e-13,5.629998289553468e-14,-4.114519409439024e-11,1.897673608090338e-07,1.587570057980931e-09,3.240460925577890e-11,5.561715439177351e-07,4.922465614335473e-07,3.452683468137163e-09,3.669214517268825e-06,6.228005249070390e-06,-4.147873131508668e-12,-1.217172708497684e-09,2.034851218205328e-13,-2.862753907386475e-07,7.056834483294019e-12,1.418656162847404e-11,-1.713548511162667e-11,1.167375079854207e-01,8.775924269964011e+03,0.000000000000000e+00,9.827004755638392e+02,9.604011534870867e+04,
-2.251608825500310e-07,4.521672573731463e+00,1.535383748237816e-01,1.965591351797225e-05,1.797522795980963e-04,7.402669995395621e-04,1.436441150454838e-07,9.634523165934804e-05,1.219331957911411e-02,4.371319335665491e-08,2.197801851729144e-03,2.098669296602817e-10,4.466014792000828e-10,5.553574991955292e-11,1.490650909888832e-09,2.154301304462389e-10,4.429161020618040e-09,3.045281783056352e-09,5.745028974230203e-12,2.946580190466187e-11,2.025546034503003e-11,5.459593643046537e-03,2.234996569817401e-02,1.425478499884320e-10,1.155360074961663e-08,5.030679638525906e-10,7.285416771319726e-09,8.107599981472179e-13,1.433161435442902e-14,3.114821400045975e-09,1.216680843419027e-09,1.031490786156675e-13,1.787854633037457e-11,1.267976456438694e-12,1.472450584033070e-14,-8.359321578589249e-15,-9.603374038400072e-15,-2.205204394156597e-14,-3.225362207285183e-15,-8.250929488387874e-14,-7.720618879065943e-15,-2.453151971802653e-17,-4.021756492251444e-14,5.449634805219597e-14,1.241460969346545e-16,3.483465463869090e-18,2.370522784657033e-06,1.660180572498719e-05,1.813557711824073e-08,5.428424054521075e-07,3.578125070993086e-07,2.918931657945553e-12,-6.676401128668317e-14,-9.640984131214010e-16,-1.005894821819151e-12,-5.172488497577094e-13,-2.347080554243928e-13,-1.436310130691346e-13,1.100392039592336e-01,4.865135838982691e+03,0.000000000000000e+00,2.148103803295751e+03,1.013249498096187e+05,
-2.305905329339902e-03,4.269304253223805e+00,1.577128862309962e-01,2.956385576029011e-05,2.589426341875391e-04,8.379159304541660e-04,1.818177596677219e-07,1.153239958002092e-04,1.219328866787917e-02,6.953637144406446e-08,2.651851780214941e-03,1.245201193338071e-10,2.119572304669882e-10,3.114042941058748e-11,7.192421823501090e-10,9.268698694010223e-11,7.494706826286115e-09,1.705721268445281e-09,2.804146883293117e-12,1.670899966900916e-11,1.224624827802611e-11,6.281227908079858e-03,1.932227451390862e-02,6.984453388097677e-11,5.632538352149244e-09,2.838488173677064e-10,2.632762719327737e-09,1.262131640099456e-12,2.248417114406735e-14,1.343850177519834e-09,5.543979762532279e-10,1.868364986379446e-13,1.416692180599718e-11,2.425051860946171e-12,-2.307205142595460e-14,-1.650014015800603e-14,-1.444986743591788e-14,-1.332319035967191e-11,-6.876664390993972e-13,-1.892700405302679e-14,-2.383835314099784e-14,1.604754233330612e-20,-3.554825454010232e-11,5.437318498143193e-14,1.274484476709784e-16,3.528994726345712e-18,1.471921055354495e-06,1.041325984387769e-05,4.755009184782421e-09,1.663225101575411e-06,1.129863746542510e-06,3.161025674656917e-12,-3.406425154739450e-14,-3.156983750126923e-15,-2.125793828486569e-12,-5.499717785532921e-13,-3.616458487027050e-13,-1.484012142852336e-13,1.129750557470326e-01,3.435124736151660e+03,0.000000000000000e+00,1.987218097649364e+03,1.009409316307257e+05,
-3.287954656748052e-03,4.626637733321264e+00,1.511000251406465e-01,1.441847469276414e-05,1.409536266676445e-04,6.762778696103234e-04,1.354801648797885e-07,8.367054741648878e-05,1.225388099206666e-02,3.256759022310879e-08,1.984492633191771e-03,1.800140870386566e-10,5.668042128232865e-10,5.868776699348475e-11,1.884472262265833e-09,3.052263131035895e-10,2.995246736801861e-09,3.544787812524584e-09,7.327123028238998e-12,3.068266319336303e-11,2.443768163630676e-11,4.840594317892668e-03,2.253560082039879e-02,1.860025589752594e-10,1.519236482352850e-08,4.175517694064088e-10,8.166498859025372e-09,4.135784421410690e-13,9.466818373678337e-15,4.496149048989313e-09,1.853157541882466e-09,6.049441732422588e-14,1.401705965418171e-11,7.213545493565414e-13,4.208781928360593e-14,9.866923142963541e-16,-1.489036706716801e-14,-4.709911057173432e-14,-3.597068877742062e-15,-9.231502391351506e-14,-3.975545536451565e-14,-1.661556080035394e-17,-3.499368556340819e-14,1.130547963606083e-13,1.147636171444809e-16,4.685465148251498e-18,2.037567599725131e-06,1.417141197080194e-05,2.571576742877270e-08,2.508527531278352e-07,1.618467788715487e-07,2.198322809816512e-12,-6.884763593499693e-14,-7.791583404155738e-15,-8.239442217216983e-13,-5.558873842200920e-13,-1.779861829902098e-13,-1.552975770479615e-13,1.083682330012270e-01,6.919803517178672e+03,0.000000000000000e+00,2.213949527223177e+03,1.011136028824509e+05,

4,63
1.255368097936880e-01,4.265045476341499e+00,3.667309608270635e-01,5.392653446134362e-05,4.761037234979817e-04,9.727984225572338e-04,1.250672962283458e-04,6.390358684837087e-04,1.388246393447420e-02,1.858292026901102e-05,5.929676499363624e-02,1.385596153247115e-06,6.263185261453865e-06,7.136883194834341e-07,2.420913762816993e-04,3.143400929427428e-04,2.067946625103849e-05,5.482993563303145e-04,1.501553287304676e-05,1.017092541660488e-06,8.718289045440478e-05,1.396932825154647e-02,1.920788669097014e-02,7.212083684929448e-07,5.779427150227921e-04,2.094593220013015e-05,4.342379931455640e-03,1.164282111464757e-04,5.664910883584475e-04,2.967954238319361e-05,1.077838755968478e-04,1.473763076886539e-07,2.869577635171422e-05,4.325825425011776e-05,1.042390245743157e-05,5.406934377058137e-05,2.870496854283083e-05,3.674444396153252e-05,3.359209885771465e-06,6.902738833088709e-04,1.485222806221746e-05,6.100819985641435e-06,1.123988071526119e-04,1.468144662588054e-05,6.261999353805651e-07,1.430399237959266e-08,1.435759039492157e-06,1.018698762270035e-05,2.875806510933436e-05,1.211461209551586e-05,1.528832719495314e-05,1.968376796888583e-06,5.068326999403581e-04,1.391514668904038e-05,1.412165122428755e-02,1.615139444767307e-03,1.335186425038865e-04,4.464767868420659e-04,2.567457088776587e-01,7.205014199018848e+04,0.000000000000000e+00,1.983194399961192e+03,1.078432943266142e+05,
1.961083007306970e-07,4.625402697381578e+00,1.576179286395534e-01,2.933574596109216e-05,2.570276852491352e-04,8.358823045216392e-04,1.806016058056467e-07,1.149734664081178e-04,1.225249539436721e-02,6.886714805412780e-08,2.639781531148387e-03,2.206097013304005e-10,5.662767166020060e-10,6.260546037941010e-11,1.882287130039927e-09,3.043623950624268e-10,7.423647257146741e-09,3.602597163022984e-09,7.318733875350909e-12,3.286576579632466e-11,2.441742546272827e-11,6.267660093955619e-03,2.253313880865317e-02,1.857932487787229e-10,1.516922625265020e-08,5.476681238862658e-10,8.432584246723386e-09,1.254698458935244e-12,2.230315993632166e-14,4.483787527355467e-09,1.846015235958275e-09,1.851614819735797e-13,2.134572930988501e-11,2.400740290326637e-12,2.842869719524970e-13,1.414982225247363e-13,1.285643028346050e-13,1.206157703043570e-13,3.743982377979773e-15,9.386598973864310e-14,8.103567400264836e-15,2.682770178515554e-17,4.862371760327575e-14,1.123419975277412e-13,1.363879181704006e-16,4.680575496025542e-18,2.584286677411308e-06,1.823179415470975e-05,2.564233437720054e-08,1.627825276142855e-06,1.105211120197527e-06,3.814226750904593e-12,9.085768243279477e-14,1.099865999113624e-15,1.110154482769288e-12,8.916068397348483e-13,5.367781690311113e-13,2.482376181123375e-13,1.129061342535472e-01,6.896885753091954e+03,0.000000000000000e+00,2.213221495040883e+03,1.013250762001652e+05,
1.023282588503642e-03,4.519419365971482e+00,1.688225320697647e-01,5.159132239537519e-05,4.597164126401462e-04,9.655876590672798e-04,4.322484303466256e-07,1.399434915569152e-04,1.276910186566409e-02,1.619945621336266e-07,4.591331445493715e-03,2.324855632220980e-09,3.543236240771555e-09,5.358551087833757e-10,1.661114284562055e-08,2.262154462595359e-08,2.754201859398902e-08,5.012145340019100e-08,7.436021533620543e-11,4.418427031153572e-10,3.617363754377322e-10,9.023990760838409e-03,2.234583071305877e-02,1.310483898525632e-09,6.670413672122792e-08,6.300862052873362e-10,1.051695985586917e-08,2.748403651978427e-12,2.244853775575797e-11,1.745150930417786e-08,5.185929257636272e-09,6.573223791641251e-12,3.605908125497549e-11,1.756694012555966e-10,5.848698137356794e-10,2.254824528584085e-10,8.750653806863293e-11,3.302503258825630e-13,8.791164212069279e-14,2.461463289674888e-11,1.734209788097797e-13,3.498356713450380e-13,3.786650682616828e-12,1.444583489354396e-07,1.181528196536072e-09,2.419309207807632e-11,2.580322355333627e-06,1.821217297146505e-05,1.796287547628319e-08,8.878339615459043e-06,6.399421948497677e-06,4.030834983249992e-12,1.166177076940729e-11,1.325117551099625e-13,6.245844733024855e-11,4.107183512517413e-11,2.916949321899067e-11,1.222462807937798e-11,1.213209777543758e-01,8.316169532359281e+03,0.000000000000000e+00,2.146638199064789e+03,1.017208915124065e+05,
2.758516895597863e-03,4.711196228745472e+00,1.534945848478354e-01,1.955306257394304e-05,1.789688089333292e-04,7.391325680970427e-04,1.434185298103466e-07,9.610016134586818e-05,1.234564274201187e-02,4.347822265557768e-08,2.193876672359621e-03,2.105789540280159e-10,5.760949485573779e-10,6.242640158577060e-11,1.954796482080305e-09,3.495221996116458e-10,4.397808439962137e-09,3.608949515613630e-09,7.534828858780735e-12,3.274124385384078e-11,2.492995242199302e-11,5.447816865131226e-03,2.275445199973851e-02,1.908115993651220e-10,1.604141104374155e-08,5.016943382523203e-10,8.433349757456163e-09,8.051012146777977e-13,1.423068694923433e-14,5.039235354824723e-09,2.216059917872845e-09,1.022276393497938e-13,1.781419097819092e-11,1.255806529909666e-12,6.301450190211499e-13,1.398787568119052e-13,2.185065361673158e-13,3.330494699434220e-13,7.295818180348039e-15,2.508619304429854e-13,1.437793233016694e-12,1.479500915985229e-17,4.395138853772367e-14,1.493110777594945e-13,1.332589700533380e-16,4.732909814411413e-18,2.365010068884874e-06,1.656114526630728e-05,2.912016722455189e-08,5.351943441765315e-07,3.526392821732985e-07,2.905225988285449e-12,8.186331043137569e-14,3.811847734310198e-13,3.236501060939447e-12,1.937038515250825e-12,1.260523555173801e-12,5.323657073854105e-13,1.100095774119197e-01,7.953750243153746e+03,0.000000000000000e+00,2.251616119330781e+03,1.015654768366679e+05,

