1
0
63
1
(4 0
((0,176) (15,207) (0,0))
((0,272) (15,335) (0,0))
((0,208) (15,271) (0,0))
((0,336) (15,399) (0,0))
)
4
FabOnDisk: SD_0_Old_MF_D_0003 0
FabOnDisk: SD_0_Old_MF_D_0001 0
FabOnDisk: SD_0_Old_MF_D_0002 0
FabOnDisk: SD_0_Old_MF_D_0000 0

4,63
-1.478172752510721e-01,1.991528109888447e+00,1.636348920430920e-01,1.211985651462077e-06,9.473929765789781e-07,2.014240367389637e-05,4.378415303515337e-07,1.386399817787078e-04,1.130690803268420e-02,1.522385014609958e-07,4.660111893613020e-03,2.139710959116024e-10,5.732815274154482e-09,8.597638134036805e-10,2.824321019587778e-08,3.737895412870952e-08,3.355226201353469e-08,8.164547793751056e-08,1.244436274672800e-10,7.171088093297162e-10,6.309770101984238e-10,9.127645729606716e-03,3.963521843378616e-03,2.786023395657045e-10,1.062348149045850e-07,1.163555534701459e-09,2.397892366881713e-08,8.846977866716731e-12,3.120402479773493e-11,2.842458718137732e-08,8.551496441770748e-09,1.315244383608864e-11,8.391998974908055e-11,3.664930535274369e-10,1.085816416900726e-09,5.193230246614004e-10,2.228859912636218e-10,3.516871846543749e-11,3.764991130476258e-12,6.622015767884862e-11,0.000000000000000e+00,0.000000000000000e+00,1.304080342242927e-10,1.938077635833593e-07,1.621072596875243e-09,3.309825659774618e-11,5.649323984168191e-07,4.986821655149958e-07,3.618997191470943e-09,3.783018430339907e-06,6.435266747886864e-06,2.344603793779721e-12,0.000000000000000e+00,0.000000000000000e+00,0.000000000000000e+00,0.000000000000000e+00,6.990543664901495e-11,0.000000000000000e+00,1.177735152924229e-01,8.698467705720641e+03,0.000000000000000e+00,9.905000752945238e+02,9.684851768233645e+04,
-2.803567900454148e-07,4.440112797787334e+00,1.535401293793400e-01,1.965587142485348e-05,1.798235786906660e-04,7.404177979661244e-04,1.437097253581271e-07,9.632720327984576e-05,1.219312824396302e-02,4.373439229741193e-08,2.199237205958458e-03,2.100538704283623e-10,4.469243089946476e-10,5.557661009213090e-11,1.491713981440884e-09,2.156008985113831e-10,4.427683720222415e-09,3.047216280432720e-09,5.748678651404218e-12,2.948595059004033e-11,2.026601650140376e-11,5.457768553073858e-03,2.234935428205472e-02,1.426611217831343e-10,1.156206567722093e-08,5.028800946196801e-10,7.289853339242751e-09,8.103008181486804e-13,1.432347948847726e-14,3.116571805836353e-09,1.217233765649087e-09,1.031624090407512e-13,1.788362788371292e-11,1.267835996555230e-12,0.000000000000000e+00,0.000000000000000e+00,0.000000000000000e+00,0.000000000000000e+00,0.000000000000000e+00,0.000000000000000e+00,0.000000000000000e+00,0.000000000000000e+00,0.000000000000000e+00,5.456081987800152e-14,1.242263880998302e-16,3.486898435676178e-18,2.369936778913798e-06,1.659778478198413e-05,1.814271185520728e-08,5.428672500620258e-07,3.578346476846619e-07,2.918181722556599e-12,0.000000000000000e+00,0.000000000000000e+00,0.000000000000000e+00,0.000000000000000e+00,0.000000000000000e+00,0.000000000000000e+00,1.100416116185824e-01,4.867274862732874e+03,0.000000000000000e+00,2.148138393852459e+03,1.013248167854411e+05,
-2.263363892487865e-03,4.190239493428488e+00,1.577099901530968e-01,2.956894889954676e-05,2.588973810954223e-04,8.378621442396738e-04,1.817625959806053e-07,1.153555098756717e-04,1.219311134868140e-02,6.951925277687570e-08,2.650615001872027e-03,1.288404726749903e-10,2.182696304058113e-10,3.197746834921293e-11,7.679598499815516e-10,1.106773739796136e-10,7.497905860210412e-09,1.743287695513346e-09,2.889136656435126e-12,1.740333837285216e-11,1.220313557046275e-11,6.283050097501518e-03,1.933610056000627e-02,7.038687396921878e-11,5.689471073767755e-09,3.298662045949112e-10,3.550727514484851e-09,7.850195387218532e-13,0.000000000000000e+00,1.377805704703555e-09,5.627188930810210e-10,1.868950873364290e-13,1.767893670414420e-11,2.425996324077563e-12,0.000000000000000e+00,0.000000000000000e+00,0.000000000000000e+00,0.000000000000000e+00,0.000000000000000e+00,0.000000000000000e+00,0.000000000000000e+00,0.000000000000000e+00,0.000000000000000e+00,5.445273347891786e-14,1.274657739926149e-16,3.532058797648676e-18,1.476639123460868e-06,1.044242784669848e-05,4.790883130503851e-09,1.663644552098452e-06,1.130129777832140e-06,3.256093661472780e-12,0.000000000000000e+00,0.000000000000000e+00,0.000000000000000e+00,0.000000000000000e+00,0.000000000000000e+00,0.000000000000000e+00,1.129722600128213e-01,3.416489079774489e+03,0.000000000000000e+00,1.987164771680263e+03,1.009811790393106e+05,
-1.869564456521073e-02,4.545061710173425e+00,1.499950934285385e-01,1.453355226608394e-05,1.395385570589049e-04,6.705551438092149e-04,1.340493447088739e-07,8.278261969973552e-05,1.221294140569285e-02,3.204387943584062e-08,1.970947255095529e-03,1.780056324881105e-10,5.663957614843463e-10,5.817569219268789e-11,1.883072859245313e-09,3.049478252503641e-10,2.937442355600965e-09,3.518155697805918e-09,7.322709084669552e-12,3.041024969608358e-11,2.442359480396385e-11,4.803291528608153e-03,2.250695959052753e-02,1.858643224354095e-10,1.518060353644862e-08,4.137157420124328e-10,8.115466576278430e-09,5.219125707528943e-13,9.299679233881271e-15,4.493632598810266e-09,1.852200308906083e-09,5.948120335054639e-14,1.386439759788610e-11,7.114545106086874e-13,6.992865660321383e-14,0.000000000000000e+00,0.000000000000000e+00,0.000000000000000e+00,0.000000000000000e+00,0.000000000000000e+00,0.000000000000000e+00,0.000000000000000e+00,0.000000000000000e+00,1.128911648459677e-13,1.124117746292810e-16,4.612287154901691e-18,2.024548727594451e-06,1.407137800671472e-05,2.570661417596603e-08,2.475471297111059e-07,1.597904933776053e-07,2.160967419345340e-12,0.000000000000000e+00,0.000000000000000e+00,0.000000000000000e+00,0.000000000000000e+00,0.000000000000000e+00,0.000000000000000e+00,1.075768043010756e-01,6.927007611334388e+03,0.000000000000000e+00,2.213917299596798e+03,1.003832170709771e+05,

4,63
1.471265116335933e-01,4.185464531821351e+00,3.532617120630417e-01,5.312977849381362e-05,4.703936125471807e-04,9.660725382847393e-04,1.210092281199263e-04,8.933882506592252e-04,1.376425353340244e-02,1.771642969276550e-05,5.695099329653210e-02,1.372176647792589e-06,6.258296396716148e-06,7.112216049664589e-07,2.396171647879470e-04,3.035267016381830e-04,2.064930196633115e-05,5.266946936313960e-04,1.468110899641897e-05,1.011475687576531e-06,8.364838655246702e-05,1.396985103727669e-02,1.924795718765123e-02,7.237308852462944e-07,5.782801645858101e-04,2.095975891677312e-05,4.265594427979932e-03,1.170666154871605e-04,5.439136067087438e-04,2.981390384861405e-05,1.046021467054516e-04,1.464659205469319e-07,2.874147348841046e-05,4.227143183136626e-05,1.057460328010554e-05,5.419206321387849e-05,2.879745371115044e-05,3.689947252641721e-05,3.338117954582227e-06,6.695433208257918e-04,1.906145637230097e-05,6.319804900884786e-06,1.124954175504034e-04,1.479157006885612e-05,6.221920667269323e-07,1.423734479460846e-08,1.443523281591003e-06,1.023400383844938e-05,2.863017544623103e-05,1.212701812715352e-05,1.530464838300270e-05,2.001806804717388e-06,4.883176906993116e-04,1.849019864603700e-05,1.350567342219742e-02,1.581978904211329e-03,1.334532887963216e-04,4.340249067554514e-04,2.470314286126169e-01,7.138971314413150e+04,0.000000000000000e+00,1.983368701496262e+03,1.071016247984764e+05,
2.637196430690162e-07,4.543825800873494e+00,1.576142649144647e-01,2.934046789722682e-05,2.569830152933872e-04,8.358284513577598e-04,1.805465473591447e-07,1.150034607110916e-04,1.225325981400974e-02,6.884989831371293e-08,2.638579643507438e-03,2.206070177749489e-10,5.658727727668628e-10,6.257199606283018e-11,1.880904421037599e-09,3.040877611527644e-10,7.426607268376236e-09,3.600253023078777e-09,7.314377448953089e-12,3.285048052796479e-11,2.440350694910141e-11,6.269375123292342e-03,2.253190613526784e-02,1.856565140653128e-10,1.515758951160921e-08,5.478425455473522e-10,8.427645493881572e-09,1.255482871144393e-12,2.224196850154050e-14,4.481299645790033e-09,1.845071871120476e-09,1.852180680251917e-13,2.134589179921505e-11,2.401637139382944e-12,1.931878049835557e-13,6.808781010085057e-14,7.304019586357389e-14,1.343676722862418e-13,1.437419330306262e-15,3.235279373302944e-14,1.632760057832180e-13,4.635217970901376e-18,1.201070812384416e-14,1.121805931408241e-13,1.362838082351637e-16,4.673528318768246e-18,2.585181160781381e-06,1.823821440720132e-05,2.563326764399674e-08,1.628171624254029e-06,1.105424769662995e-06,3.815901120301273e-12,5.931137066951637e-14,6.578557104620724e-14,2.329473609715217e-13,1.037787357338379e-12,8.916887823898736e-13,2.879416620634109e-13,1.129028230786321e-01,6.904180559569209e+03,0.000000000000000e+00,2.213189553573962e+03,1.013251994915260e+05,
1.302192568628420e-03,4.437861748583805e+00,1.687665909894589e-01,5.129686205784788e-05,4.586279380165441e-04,9.643203577348432e-04,4.315529042018088e-07,1.391945943814928e-04,1.275448125941158e-02,1.614855938010580e-07,4.596953978339096e-03,2.404462274104347e-09,3.698354859019670e-09,5.545173781931410e-10,1.788656729389191e-08,2.368109268192525e-08,2.770680313674620e-08,5.141726105706715e-08,7.855187314155644e-11,4.536806042676586e-10,3.930469242957734e-10,9.022706371638607e-03,2.234534076300316e-02,1.334602337869356e-09,6.997486111234358e-08,7.874880588005394e-10,1.514754608728396e-08,1.104563098376446e-11,2.339083107421691e-11,1.854830281247317e-08,5.468056262410708e-09,7.792624714635650e-12,5.518635499058044e-11,2.152483843721922e-10,6.437003911346250e-10,3.124818320776614e-10,1.363147046271672e-10,3.439002273727372e-11,3.419917990149972e-12,6.264641854590369e-11,1.401237912178092e-12,2.628239569503484e-15,8.068674707931744e-11,1.471825822141395e-07,1.198009848868619e-09,2.454038856888897e-11,2.581371263964004e-06,1.821949499359417e-05,1.797014891517883e-08,8.861410145912439e-06,6.377986272381293e-06,4.032191440429868e-12,3.348495442780202e-12,2.332692124080159e-13,4.341093205064682e-11,4.165895490221463e-11,6.670523996369215e-11,1.717988838695673e-11,1.212810248054815e-01,8.290231440614125e+03,0.000000000000000e+00,2.146673122827359e+03,1.016743804522475e+05,
1.778836277697217e-02,4.628688670587377e+00,1.534960912639537e-01,1.955289280523107e-05,1.790395889914589e-04,7.392823899360869e-04,1.434838228755141e-07,9.608159870471596e-05,1.240247335771512e-02,4.349922407061666e-08,2.195318200046251e-03,2.104115944168833e-10,5.777870763035152e-10,6.238537012996581e-11,1.960858637170596e-09,3.503650272075450e-10,4.396286431255457e-09,3.606437621916335e-09,7.563419090802091e-12,3.272135302208947e-11,2.506770977610276e-11,5.445962254368625e-03,2.285738992794045e-02,1.914018833646063e-10,1.607640265578169e-08,5.015043961799039e-10,8.428319453321633e-09,8.047286505573967e-13,1.422215933643189e-14,5.044777719642279e-09,2.219161846239986e-09,1.022390660456263e-13,1.781927097939364e-11,1.255620609824641e-12,4.205998577784537e-13,9.155012909651026e-14,1.411264496517080e-13,2.483305412679960e-13,3.955271723633028e-15,1.600943774030204e-13,6.263534229735921e-13,9.238083830285380e-18,1.076788978871818e-14,1.497041642542919e-13,1.330826110764394e-16,4.759510347172181e-18,2.364417347841764e-06,1.655706938500352e-05,2.913772579386913e-08,5.352091691405406e-07,3.526546700674209e-07,2.904463359485028e-12,8.299731699839244e-14,8.859183480922031e-14,2.764472392191530e-12,2.144421166057376e-12,1.128100059466254e-12,5.904482460614067e-13,1.100118122682147e-01,7.987380400151362e+03,0.000000000000000e+00,2.250896352533639e+03,1.020149612763266e+05,

