1
0
56
1
(4 0
((0,176) (15,207) (0,0))
((0,272) (15,335) (0,0))
((0,208) (15,271) (0,0))
((0,336) (15,399) (0,0))
)
4
FabOnDisk: SD_5_Old_MF_D_0003 0
FabOnDisk: SD_5_Old_MF_D_0001 0
FabOnDisk: SD_5_Old_MF_D_0002 0
FabOnDisk: SD_5_Old_MF_D_0000 0

4,56
-8.242111705751768e+00,-1.688154214583519e+01,-2.770056064628428e+01,-6.123360918457211e+00,-1.146689376411706e+01,-4.938690489750869e+00,-1.098948888198208e+00,-6.550411413677743e+02,-2.517414809713787e-01,-7.670463482342978e-01,-8.747094010818106e-02,-1.431475735626512e+01,-1.398891561280283e+01,-1.479273904202132e+00,-1.033958109210680e+01,-4.981016714927646e-01,-7.551145921407167e-02,-3.322981001868692e+00,-1.387900564895099e+02,4.312833315162671e+00,-8.437938035786943e-02,-4.568581709477789e+01,-1.814635198796879e+00,-1.943152883589864e+02,-8.071405600773886e+00,-2.806012135101939e+01,-4.309974476428199e+00,-2.916282151813271e+00,-1.033563738725018e-02,-1.888144741578893e+00,-1.785566227657360e+00,-8.429572794480084e-01,-3.682259152422218e+00,-2.124749333768114e+00,-3.052147129228777e+00,-2.322111118751958e-01,-3.339546797954194e+01,-1.118605513482178e+00,-4.180811807987719e-01,-8.227414006708765e+00,-8.068118998138781e-01,-1.540576235934768e-02,-5.925954912490265e-04,-8.548097686409993e-02,-1.770636287062757e-01,-2.074730383511357e+00,-4.941352207057204e-02,-3.043773533928404e-01,-1.499874275447960e-01,-2.533191849235901e+01,-1.157495048149234e+00,-5.505119902098548e+02,-8.882615520545006e+01,-9.257324309708999e+00,-2.455602266131395e+01,-2.938733700830198e-10,
-1.480814455863359e-01,-7.440458692326568e-01,-5.563091518630359e-01,-4.633419103238780e-04,-1.227304829774204e-01,1.538777086854327e+00,-2.503783302743061e-04,-3.667454683651910e+00,5.798686514690660e-09,6.164227127711478e-07,3.245523464160097e-08,2.142640421322623e-06,5.497603764675866e-07,-2.777189889566123e-05,2.717297367081389e-06,7.553499802049157e-09,1.353951464212841e-08,2.120424629593506e-08,-4.321894644367426e+00,4.160338392997620e+00,2.089904708335774e-07,1.904108990165963e-05,-2.845524715977065e-07,5.147536962152591e-06,-1.887122991825763e-08,-2.002725078895921e-10,7.405616767102346e-06,3.464634943832386e-06,-6.194578259472917e-10,-2.333394373979143e-08,-1.039134140793610e-08,-2.840642770242384e-08,-3.187086489514212e-08,-5.982251645735679e-08,-2.003834126930900e-07,-2.280059098032146e-09,-1.076189995807329e-07,-2.068103901402018e-07,-2.130244018961046e-11,-1.816524620293705e-08,-4.780472418440500e-10,-1.824218531346238e-12,-4.700288173018565e-14,-1.271572214034465e-03,-9.700164051387024e-03,3.611668414898125e-05,-1.392059021237967e-02,-9.706265448068945e-03,-8.698164984783431e-09,-1.123916933889729e-07,-5.381856975242627e-08,-1.749916655418726e-06,-1.711928385835469e-06,-6.841469845899742e-07,-4.761327209255020e-07,-2.295452716793989e-11,
-2.067511927054896e-01,-1.162688928119087e+00,-5.554094997308031e-01,-7.533094569512717e-03,-1.096445011817399e+00,-7.471567092060429e+00,-6.684364696123504e-04,-5.890410202502332e+01,-3.615664779292206e-03,-4.042460348939819e-03,-6.049823918928866e-04,-1.961260672219117e-02,-2.565678324041807e-02,-8.708792192121369e-03,-4.934364388178967e-02,-7.510552003949793e-05,-4.086280590183489e-04,-4.039047299385647e-04,-9.424370287460164e+01,6.939798615467644e+00,-7.427985487831796e-04,-5.573911973885453e-02,-5.501151740347273e-04,-1.614031927769138e-02,-7.016120649713788e-07,-9.610683885719264e-05,-2.147550350533971e-02,-4.568520515885200e-03,-6.750809847519578e-06,-7.621053185143532e-05,-2.167142095998249e-04,-6.350303046642240e-04,-3.187756969812004e-04,-1.355801222769536e-04,-2.743163288779202e-05,-2.278723744200329e-08,-1.715078243733322e-04,-2.539495064962301e-06,-2.871966866024964e-10,-6.569575326871235e-05,-3.798839263087504e-02,-3.497332015760677e-04,-7.049494357545711e-06,9.343886412462272e-04,6.440698566259350e-03,2.560934854126147e-05,-6.296887123609195e-02,-5.873311518984905e-02,-1.494605936893703e-07,-2.403181954205275e-05,-7.802318483473742e-07,-8.852651040354170e-05,-8.766750799639765e-05,-3.224584123801059e-05,-3.429886434480335e-05,-4.687983334861201e-11,
-7.692773076658832e-02,-3.432886199214515e-01,-8.276764400992147e-01,-3.220220089561708e-04,-1.089828753790040e-01,4.978352111253486e-01,-1.082977379664536e-04,-2.126786355295325e+00,-5.807583071137133e-07,-3.417470403583136e-10,-1.031728058526018e-07,4.219656883675636e-08,2.971058207189470e-07,-1.748375118913235e-05,-6.142755649014379e-07,-9.468146567643685e-09,-4.436597555856768e-08,-2.177021194035124e-08,-2.598128663238445e+00,2.506507108586902e+00,-2.454397197424771e-07,3.847169573712025e-06,-1.370899647747638e-06,-4.389725234993141e-06,-1.335975882002140e-07,-3.636317759283086e-10,3.018954968623909e-06,8.190656480770447e-07,-6.479124613484813e-10,-5.903736365628370e-08,-1.813292164444188e-08,-3.540704436499278e-08,-1.332935038147688e-08,-3.175328332224606e-08,-4.667452931851814e-08,-1.838061777218853e-09,-4.997170612098252e-08,-1.186021599046530e-06,-5.623491617622198e-12,-1.656621467986810e-08,2.135544140576170e-10,-5.422536332184751e-13,-1.880262164956934e-14,-1.516683468973064e-03,-1.066542506596936e-02,6.739004090801268e-06,-2.936613989591792e-03,-1.995171798596609e-03,-1.403919356654578e-08,-3.991971276357305e-08,-4.974156332200651e-07,-1.592006056137290e-06,-4.158336932934508e-07,-2.154923586615507e-07,-1.158791788153389e-07,-5.474021236295812e-11,

4,56
6.585056468082382e+00,3.294051991713187e+01,4.775468820099181e+01,6.772334510017108e+00,1.075136398701709e+01,3.424663554363602e+02,6.082861207206760e-01,-5.607622703606876e+01,6.044759836333770e-01,1.358900985188203e+00,1.607674190413270e-01,2.659860019335911e+01,1.871740917586867e+01,2.086785762876647e+00,1.640055071400150e+01,3.263571861834348e-01,1.460485393312537e-01,3.300642138400924e+00,4.598551388500646e+02,2.829340543417708e+02,1.754804400095342e-01,5.498181198501027e+01,3.815877509594212e+00,2.777815913864447e+02,1.645639005292149e+01,3.183593644705264e+01,7.974611469612990e+00,2.953618436203475e+00,1.865455934094225e-02,3.267791354832930e+00,2.628488811148303e+00,8.686717974657062e-01,3.649414804162147e+00,2.060773072059694e+00,3.525473724897077e+00,2.187270337741795e-01,3.306253050521555e+01,4.735630515460452e+00,1.078075057490843e+00,7.935775379993811e+00,1.122157068529636e+00,3.832169830884565e-02,9.765892225914593e-04,6.412080621607917e-02,2.846484821283463e-01,2.378361547585283e+00,4.522932162293610e-01,6.383536262585452e-01,2.203130800211467e-01,1.804350885920017e+01,5.196675357128290e+00,2.796948999100657e-02,8.126460385129545e+01,1.383320342422635e+01,2.288085599912890e+01,2.618776306917425e-10,
-6.105335027175587e-02,-3.468215509163596e-01,-4.362546635067478e-01,-1.259128771489679e-04,-8.367557837297857e-02,2.732427177581612e+00,-1.017461705092822e-04,-2.140695358606547e+00,4.630145108189132e-07,1.428340006463780e-06,1.304109626917910e-07,4.312171594394877e-06,6.985109331243204e-07,-1.093272531405387e-05,7.384266484723798e-06,1.699304918825660e-08,6.074230904320450e-08,4.810161602852260e-08,-2.614454004766863e+00,6.844896720286295e+00,4.715623621479652e-07,3.607601453703398e-05,4.761908392357321e-07,1.679483209364619e-05,2.349191868809086e-08,2.329380472645449e-10,1.213388091454230e-05,4.412176196492553e-06,-7.841068231318160e-11,1.845643143551604e-09,7.433191482964587e-09,8.541177715438847e-08,4.609764118757192e-08,5.455747465400356e-08,1.085254529788470e-07,7.961820266037994e-10,2.526698151495690e-08,2.604724274323044e-07,5.773141553923826e-12,9.571141663873862e-09,3.955443932393312e-10,2.049024025360591e-13,1.164965366696643e-14,8.583655041876418e-04,5.811653016470142e-03,6.112030059826000e-05,-2.993566765120492e-03,-2.034366537625038e-03,-1.968113296902609e-09,4.132553597355993e-08,9.851249264801757e-08,1.081038497354179e-06,1.065369753692505e-06,6.269751738995695e-07,2.961619172035425e-07,2.311972835400411e-11,
1.405373643673200e+00,3.667068122421944e+00,6.840298740562332e+00,-4.742689940216216e-04,2.421085333082066e-01,3.058199024705984e+00,4.566632900308864e-05,-3.714670115524526e+00,2.393279974110447e-06,1.895857886093477e-06,2.301170954848807e-07,6.764970003851544e-06,6.098834605974649e-06,-2.825768870231493e-05,1.169059428358641e-05,2.493325074907826e-08,1.663026161077329e-07,7.627110459691377e-08,-4.382375468376956e+00,1.487776194164753e+02,5.932252735769167e-07,4.432795728268099e-05,1.646213486447078e-05,3.004894398589751e-05,1.060003415790444e-05,-8.876227943848294e-11,1.305601601536603e-05,4.596685688117049e-06,6.624122961446442e-08,5.956500347876965e-08,9.894450358003134e-09,7.939531138929041e-08,3.506200465136989e-08,1.440060621654770e-08,3.789094695726437e-08,3.552197853476160e-06,6.460670802927862e-08,1.785215212945804e-06,6.570195023245748e-07,9.616132922019916e-09,-7.168148935438757e-10,-2.370829099343422e-12,-6.535335932630029e-14,1.423390290027356e-02,8.858114537758820e-02,7.145296984882081e-05,-1.432300777656146e-02,-9.984839532796967e-03,5.654512988704251e-07,8.833629413452690e-08,9.944563236998870e-07,5.512447042039411e-05,4.597494592717564e-07,8.724800020402347e-07,1.273663528174244e-07,4.928324415232055e-11,
7.132609786575456e-03,-9.416739124598017e-02,3.783231744603270e-01,4.596723766850266e-04,1.164404105380989e-04,1.527154798893664e+00,-2.540698131878459e-05,-1.306057092259262e+00,4.314614523615979e-07,6.069752678559359e-07,1.244749878463121e-07,2.139069838958495e-06,5.461952092089311e-07,7.541274907892892e-06,2.669018797018515e-06,1.631325810651524e-08,3.254927390453813e-08,2.089832467375838e-08,-1.566409380309349e+00,4.134574389829229e+00,5.882320966159103e-07,1.881498042559792e-05,3.617945419939293e-07,5.060448827328678e-06,7.780715303942960e-08,1.842921982330497e-10,7.324643743731098e-06,3.985698490921578e-06,1.372501987017259e-10,1.005269756200479e-08,1.438725891593597e-09,1.316922829922974e-07,4.569851968995717e-08,9.349802420112415e-08,2.037899430884494e-07,3.223746627053295e-09,1.395021025843546e-07,1.013428510252142e-06,6.851165100472078e-12,8.226325619719504e-09,3.697756409967038e-10,3.092672274967029e-13,1.738592419695390e-14,-9.440420892798083e-04,-9.713593483264109e-03,3.576725003632856e-05,-8.658249446459689e-04,-5.957984171458620e-04,6.560080430298676e-09,7.622548494010762e-08,3.521067945581709e-07,2.548744544826583e-06,1.758003495457929e-06,1.044305065898070e-06,4.848145112871843e-07,4.589928437326307e-11,

