1
0
56
1
(4 0
((0,176) (15,207) (0,0))
((0,272) (15,335) (0,0))
((0,208) (15,271) (0,0))
((0,336) (15,399) (0,0))
)
4
FabOnDisk: SD_5_New_MF_D_0003 0
FabOnDisk: SD_5_New_MF_D_0001 0
FabOnDisk: SD_5_New_MF_D_0002 0
FabOnDisk: SD_5_New_MF_D_0000 0

4,56
-8.331342561901208e+00,-1.690146569050837e+01,-2.792892922350704e+01,-6.081637791434527e+00,-1.184829287161210e+01,-4.343534214222636e+00,-1.099852694888592e+00,-6.600848110575506e+02,-2.554000166330251e-01,-7.690395706675188e-01,-8.747971326386919e-02,-1.437391629007091e+01,-1.417025328012555e+01,-1.480051775790767e+00,-1.036339282348546e+01,-4.946007613360776e-01,-7.556416399242724e-02,-3.345293599377755e+00,-1.400378091900208e+02,3.972776413878648e+00,-8.376786337465673e-02,-4.569383118332922e+01,-1.816226259739685e+00,-1.948031718993302e+02,-8.285933232912923e+00,-2.822763228637833e+01,-4.295944670634263e+00,-2.910103586559966e+00,-1.038314714383130e-02,-1.882519620899389e+00,-1.799650694931423e+00,-8.362510816045237e-01,-3.678867767456913e+00,-2.119689978356178e+00,-3.051097492991212e+00,-2.347706553351857e-01,-3.350509619832086e+01,-1.788987761720954e+00,-4.385488998262185e-01,-8.203891749636687e+00,-8.081167958345347e-01,-1.538138731655750e-02,-5.940246754637456e-04,-8.525726206780601e-02,-1.785816648403316e-01,-2.077186588949947e+00,-4.835264291355527e-02,-2.974430675445137e-01,-1.530652902363087e-01,-2.547384283747179e+01,-2.073890395988220e+00,-5.519050096410605e+02,-8.909116137277198e+01,-9.281797165671936e+00,-2.461876105545732e+01,-2.569393586782098e-10,
-1.482354403627602e-01,-7.444445998059140e-01,-5.555866352369144e-01,-4.639367676296808e-04,-1.228255028125122e-01,1.537442608574210e+00,-2.505528346039459e-04,-3.670778920696240e+00,6.671609988521231e-09,6.179115603572206e-07,3.258625899421783e-08,2.147611885511398e-06,5.506080668884521e-07,-2.776225024859676e-05,2.723240124603337e-06,7.564458027719727e-09,1.357954549896670e-08,2.123685492301192e-08,-4.324343505857346e+00,4.163660393941689e+00,2.092868766352290e-07,1.906723983041711e-05,-2.842656599089624e-07,5.159095179191669e-06,-1.907144468647206e-08,-1.971964298401067e-10,7.418229165069656e-06,3.466920870971039e-06,-2.197685930049691e-09,-2.331307466694917e-08,-6.113333008229958e-08,-1.787896212491969e-08,-8.810884252865070e-09,-1.271958498050689e-08,-5.687358922291559e-08,-3.700915652637973e-09,-1.394126419566099e-07,-2.518936282072214e-07,-1.902970982928079e-11,-1.225175218273206e-08,-4.901917038778552e-10,-1.816514585029776e-12,-4.728417654405231e-14,-1.271591211007074e-03,-9.702424833799024e-03,3.613426457797559e-05,-1.393373991815204e-02,-9.715339038864377e-03,-7.013129227050242e-09,-8.532140496072695e-08,-5.003105092906061e-08,-1.402020259790889e-06,-7.630770554329430e-07,-1.384438134916995e-07,-2.170825324524701e-07,-2.001554477715217e-11,
-2.080046303106774e-01,-1.150251376581332e+00,-5.543671292227432e-01,-7.436331978109211e-03,-1.163705680433489e+00,-7.171675774413513e+00,-6.620056816741594e-04,-5.948512162170780e+01,-3.727084157518914e-03,-4.298226540585010e-03,-6.372064360828345e-04,-2.151417896799734e-02,-2.655703542460994e-02,-9.162292954427047e-03,-5.080978331786237e-02,-7.347507507272750e-05,-4.310632776039900e-04,-3.818649450411501e-04,-9.412045561362928e+01,6.943754598934603e+00,-7.633461620773339e-04,-5.952142823159211e-02,-8.055016654744785e-04,-1.747201119264411e-02,-2.272181191670242e-06,-4.990346688445679e-08,-2.302402432696699e-02,-4.853574316645890e-03,-9.264092680610411e-06,-5.865643300899849e-05,-2.539732439306040e-04,-6.751542653801259e-04,-3.592623318860967e-04,-1.633445707960554e-04,-5.088277289674594e-05,-3.036415026901733e-06,-3.668900259531727e-07,-4.177207380409489e-06,-8.180842036414330e-11,-6.510212709531847e-05,-3.813181608283885e-02,-3.530657359632042e-04,-7.107502772428686e-06,9.412481298566674e-04,6.483271849484928e-03,2.753750160658024e-05,-6.237453438584315e-02,-5.719487196955313e-02,-2.419785038493968e-07,-3.765073394396622e-06,-1.080230885512564e-06,-6.795126845328192e-05,-3.188207585474104e-05,-6.770820448173125e-05,-1.309868010340775e-05,-3.997691067070264e-11,
-6.034782603662760e-02,-3.434796952352442e-01,-4.921041560303685e-01,-4.187755033508954e-04,-8.306506149547152e-02,7.294687868600462e-01,-1.579058771067338e-04,-2.126323395155500e+00,-4.222914135553525e-07,-6.943145775617490e-09,-5.461964223895146e-08,6.322602792459238e-07,3.097278641644072e-07,-2.257339193116129e-05,-2.792891634753946e-06,-3.878732998308729e-09,-1.852239920035209e-08,-3.759430579253597e-08,-2.600251569768652e+00,2.600393220514547e+00,-3.378852284354283e-08,4.539339072197516e-06,-1.297861696401464e-06,-1.321045750134892e-06,-1.365436059237193e-07,-3.865704785385480e-10,3.156451320994440e-07,6.224500319078949e-07,-5.252275066342776e-10,-6.766306019412716e-08,-1.116292625132376e-08,-5.005254613638064e-08,-1.096659174476074e-08,-2.564520242064630e-08,-3.922045331098715e-08,-1.798970385676997e-09,-4.509095178851724e-08,-1.364705582885566e-06,-4.219232449573705e-12,-1.300059343910611e-08,1.779290272971458e-10,-7.511094541260592e-13,-2.019694908309794e-14,-1.564587724789790e-03,-1.084313511640278e-02,1.446632715074736e-05,-2.938542718626520e-03,-1.996591071398999e-03,-1.774640777330581e-08,-3.226861692375705e-08,-5.729243446900593e-07,-1.526184769879928e-06,-2.562850576863667e-07,-3.107344763191122e-07,-7.210920279081695e-08,-4.649791662814096e-11,

4,56
6.729818953260028e+00,3.275280796341538e+01,4.830710808305935e+01,6.861288907231772e+00,1.057132785946492e+01,3.466627248293030e+02,6.215993199896293e-01,-5.162515881350282e+01,6.081730271534901e-01,1.361118597467263e+00,1.616384146622252e-01,2.676928298774682e+01,1.918936518496878e+01,2.037415325958142e+00,1.705668356629022e+01,3.600523862389740e-01,1.459319335825680e-01,3.384713122473707e+00,4.612449225798577e+02,2.841909327148173e+02,1.754921234635027e-01,5.502451456776306e+01,3.795901039798870e+00,2.784561858658695e+02,1.389162535903076e+01,3.310729659933629e+01,7.951826085085197e+00,3.002005596157464e+00,1.860229116676736e-02,3.341873564090157e+00,2.692612619449492e+00,8.595478999513809e-01,3.654401627125486e+00,2.054755517327999e+00,3.561728617204803e+00,2.149012216995501e-01,3.325230524236981e+01,2.577775907173536e+00,6.393204677846556e-01,7.939762635682027e+00,1.110340152984192e+00,3.772073650630071e-02,9.857754226555093e-04,6.449320358831276e-02,2.755252140448508e-01,2.394207896525664e+00,4.514352643584508e-01,6.332199904089588e-01,1.784108320027787e-01,1.746567987724223e+01,3.223669475127354e+00,9.846441261847140e-03,8.084425333124426e+01,1.384438111242018e+01,2.275622951564121e+01,2.332711801500409e-10,
-6.106277732195941e-02,-3.470228122153867e-01,-4.365618455337730e-01,-1.260321660551951e-04,-8.349784710348132e-02,2.734221098180736e+00,-1.017844370145363e-04,-2.140235654765010e+00,4.626931373895118e-07,1.426504425267226e-06,1.303490201998303e-07,4.306119303295936e-06,6.889723235711906e-07,-1.094572381631154e-05,7.377764460717680e-06,1.697919244447063e-08,6.072947549186726e-08,4.807355706890311e-08,-2.616551925140104e+00,6.848707847771978e+00,4.711456111731180e-07,3.603142721914637e-05,4.771761996562260e-07,1.678267253358720e-05,2.223586668413670e-08,2.111961850475885e-10,1.211712169335091e-05,4.407240137812581e-06,-3.086582676713254e-10,1.900669397381646e-09,-1.804461366690496e-09,1.842969010802765e-07,9.369031525246428e-08,9.147920891922744e-08,9.922512623198085e-08,9.793616956137242e-10,2.902789437273500e-08,2.147192410704901e-07,6.999254807632000e-12,1.153199240645593e-08,3.954088630922427e-10,2.048188959967606e-13,1.163115284611903e-14,8.600216412231051e-04,5.842970443285794e-03,6.106874136676975e-05,-2.996967446624233e-03,-2.036626904225468e-03,-2.835450066511144e-09,4.963750807961533e-08,7.786052647334979e-08,1.157982819111030e-06,3.516302606137536e-07,5.123612669350666e-07,9.701727897098217e-08,2.350208916368501e-11,
1.414486838129297e+00,3.754902315300961e+00,6.951809817293296e+00,-4.753044864562874e-04,2.326770537288075e-01,3.061066763482779e+00,6.391285623684657e-07,-3.718277349533714e+00,1.229944213012530e-06,1.844787150378137e-06,2.383039230875772e-07,9.589014476543703e-06,9.634388369964577e-06,-2.826886548535223e-05,1.078495171992429e-05,2.304523458664336e-08,1.103608733690566e-07,6.943359490189086e-08,-4.384917919076114e+00,1.486168503650830e+02,5.884598733532634e-07,4.374906884961826e-05,2.963728404893056e-06,4.167695698245484e-05,9.713457186669158e-06,1.617387586516746e-04,1.297867279801693e-05,4.569400929033628e-06,3.777761250348126e-09,5.550803051339068e-08,1.447186015761856e-08,1.109160236978391e-07,8.876929794555860e-08,5.314011650889844e-08,1.789285101620820e-08,1.144769982530036e-07,8.891627103938646e-05,6.930427707355705e-07,7.442721256917016e-07,5.933351934973838e-06,-7.338054067931606e-10,-2.373643914368392e-12,-6.590110615753584e-14,1.383161874510135e-02,8.788336089591392e-02,7.080787110784981e-05,-1.434539540021438e-02,-1.000081206328419e-02,1.664621188616390e-07,1.475352170691227e-06,2.582670945209882e-07,4.087224370681733e-05,5.353158044548761e-07,1.631037895499625e-06,1.296105376033388e-07,3.229816414318520e-11,
-1.539552926303137e-02,-1.825813045760644e-01,9.917997721687533e-02,5.823844470661229e-04,-3.113911323093732e-02,1.525859292001987e+00,4.402567920336711e-06,-1.445533148540969e+00,2.771783147100501e-07,6.083593277548064e-07,8.139857311915195e-08,2.143821348226745e-06,5.470808838481450e-07,1.127016116275478e-05,3.471347411162204e-06,1.159840778813525e-08,1.323284456272806e-08,2.635263969537594e-08,-1.626223213005876e+00,4.137936220005525e+00,4.271782059332399e-07,1.883825209091513e-05,2.699626426868033e-07,5.070060854177326e-06,8.167334177704157e-08,2.174510710304302e-10,9.961983329917839e-06,4.310846185801463e-06,1.319013079126871e-10,1.717757856423570e-08,3.919603333201828e-09,2.445739863280657e-07,6.724317389885626e-08,1.073047774398258e-07,1.511277882419620e-07,5.447406925263732e-09,2.211867256427369e-07,1.360247227605230e-06,1.373726165773462e-11,8.981055297770262e-09,3.701568604466446e-10,4.426875109937736e-13,1.740825399949168e-14,-5.397370158562662e-04,-9.224884386309654e-03,3.577674108601878e-05,-7.883775694426819e-04,-5.186905289672590e-04,9.551771545794793e-09,7.973320490066978e-08,3.542282818211206e-07,2.311153871096436e-06,1.023728403703791e-06,5.113447832142489e-07,2.827242943502493e-07,4.294520294934046e-11,

