1
0
63
1
(4 0
((0,0) (15,255) (0,0))
((0,768) (15,1023) (0,0))
((0,512) (15,767) (0,0))
((0,256) (15,511) (0,0))
)
4
FabOnDisk: SD_0_Old_MF_D_0003 0
FabOnDisk: SD_0_Old_MF_D_0000 0
FabOnDisk: SD_0_Old_MF_D_0001 0
FabOnDisk: SD_0_Old_MF_D_0002 0

4,63
-3.208401351152836e-09,4.022139349239824e-01,1.576132927570477e-01,2.393165848624851e-20,9.536453865933854e-19,5.213657721825109e-15,1.910922282802830e-09,6.843222793538271e-07,3.321600747043061e-07,7.836045041078739e-10,2.848122771298757e-03,0.000000000000000e+00,5.840727771934807e-24,4.038318264363662e-25,2.163672918695605e-11,1.160751913770856e-10,4.337132312165888e-20,1.719317657028508e-09,2.341151783856360e-14,1.682176700490117e-24,1.211639286944015e-11,1.182128493898379e-07,1.235339494801746e-08,6.489314813962992e-30,1.316204098361676e-09,4.080175300903868e-21,3.431911228656893e-09,8.627208565296571e-20,2.014010390075597e-14,1.957921473440080e-23,1.614813328142521e-10,1.011319536524308e-17,1.576010321990879e-19,2.280195931325734e-12,1.683587546530423e-16,6.761084379750964e-15,4.760542002424104e-15,7.423401473010227e-15,1.768846601013621e-23,2.639994452381732e-15,1.096914010851687e-18,3.615417054761180e-24,2.107413526121529e-15,6.625570369154667e-14,1.497137093426905e-16,4.210481649132002e-18,1.534673362272843e-13,4.979866919206778e-14,2.068430050748014e-12,4.812040086552799e-13,8.670561916924378e-13,2.550226928677897e-27,9.749394137440332e-15,0.000000000000000e+00,0.000000000000000e+00,2.554144028112902e-25,0.000000000000000e+00,0.000000000000000e+00,1.130706049059268e-01,3.976914244803174e+03,0.000000000000000e+00,4.430027869854371e+02,1.013216110000354e+05,
-3.305869826898810e-09,3.949438525104901e+00,1.460857938198999e-01,6.096907859133886e-06,5.821970154448958e-05,4.689077664089575e-04,1.349675525392492e-07,5.699322507521898e-05,1.235208194503321e-02,1.207975112072201e-08,1.183500209402095e-03,5.118912669765957e-11,2.717710872156515e-10,2.295151358232654e-11,1.087938867315800e-09,2.984152632731819e-10,8.700851800946752e-10,1.628362573458310e-09,3.547269749137658e-12,1.172465995831175e-11,1.251081494538772e-11,3.567776695051351e-03,2.344015139167469e-02,8.751883935717267e-11,9.041360901626186e-09,1.001336522581215e-10,3.368086934354525e-09,6.915225502059028e-14,1.250596249242251e-15,2.998647917396046e-09,1.625340905408006e-09,4.097284783944593e-15,2.177117084036686e-12,4.877032571900252e-14,8.168059113987040e-14,1.573797011923308e-15,3.172793480668428e-15,2.784279639187202e-15,9.606717910359597e-19,4.460012878711223e-17,1.674897195449729e-20,7.843503687802284e-22,2.127024993559602e-17,7.840806131275147e-14,1.739022573751771e-17,1.196815899707573e-18,5.876065581746042e-07,3.996296528947551e-06,1.799828371762884e-08,1.328449024299402e-08,8.122529314190057e-09,4.245613174869064e-13,6.982462857324425e-16,1.142019908067362e-24,0.000000000000000e+00,9.114124606854415e-29,3.088245900405067e-28,5.352369174174604e-28,1.047751018745445e-01,7.926671268924618e+03,0.000000000000000e+00,2.330994415218634e+03,1.013249788813719e+05,
-2.128281793600082e-09,3.880555030475857e+00,1.469309423229676e-01,7.199162246956188e-06,6.940309673955354e-05,5.059807008966808e-04,1.327033758272331e-07,6.111004513896454e-05,1.235464687453735e-02,1.457826239234954e-08,1.323500554853387e-03,8.149371530364629e-11,3.926407645691882e-10,3.425907038130614e-11,1.509522202651884e-09,3.791422822770656e-10,1.128322654277076e-09,2.350134792581196e-09,5.142330018559365e-12,1.759660330461970e-11,1.780562491840796e-11,3.779096936912450e-03,2.305519939761518e-02,1.279788191698368e-10,1.259091726144690e-08,1.653503988715231e-10,5.012858853996800e-09,1.271482243088375e-13,2.307811010370964e-15,4.183348621347929e-09,2.192044741373999e-09,8.690758644783979e-15,3.976213611629882e-12,1.031753281379187e-13,1.254195129364854e-13,3.216240440968479e-15,5.389164724408157e-15,4.831494827132791e-15,2.346787103365548e-18,9.986717026480969e-17,3.658766994611827e-20,2.165831292447190e-21,4.907815376379585e-17,1.387083405970631e-13,3.851717803933563e-17,2.398680771090888e-18,9.297392694703639e-07,6.348522504506647e-06,2.481819536505760e-08,2.828419694687622e-08,1.745754441119412e-08,7.240021342399416e-13,1.261969590723694e-15,2.034426411409859e-24,0.000000000000000e+00,1.490765799313803e-27,1.329143543973976e-26,1.270872420111984e-27,1.053832154610506e-01,7.835115872049940e+03,0.000000000000000e+00,2.291924347061957e+03,1.013249747630062e+05,
-1.906643811450643e-09,3.629620082521988e+00,1.490395894491795e-01,1.040010802144974e-05,1.010503737353634e-04,5.929237499033315e-04,1.327109334968583e-07,7.157473607073942e-05,1.234044293978905e-02,2.215670588212400e-08,1.659427047087671e-03,1.367821445596075e-10,4.171310826606502e-10,5.026636522714377e-11,1.394254716602951e-09,1.991603951340333e-10,1.885775572013547e-09,2.864310397417141e-09,5.484805070256044e-12,2.609854544162745e-11,1.938837772770937e-11,4.281656295179397e-03,2.215905012429136e-02,1.323186843252865e-10,1.075073770765609e-08,2.988168077860714e-10,6.871918164693790e-09,2.949552287715516e-13,5.328223663697645e-15,3.001695636652234e-09,1.195143985030911e-09,2.688289067541874e-14,8.734127969935192e-12,3.176261675735342e-13,2.976698423437990e-14,7.240388791234552e-15,8.012518271712216e-15,8.749633355622446e-15,9.243961833483189e-18,3.266965053196243e-16,1.107552819054541e-19,1.138196511387426e-20,1.733877552655785e-16,5.748373002214344e-14,8.277962697716697e-17,3.294378604362585e-18,1.546362932093511e-06,1.065762323893611e-05,1.794661669395179e-08,9.414366748756714e-08,5.943902697023009e-08,1.424500272040526e-12,2.822893683916891e-15,4.270563431338586e-24,0.000000000000000e+00,5.032384371493802e-28,5.725276323928911e-27,0.000000000000000e+00,1.068999449033376e-01,5.959125492953077e+03,0.000000000000000e+00,2.148551490081230e+03,1.013249605923052e+05,

4,63
3.225500362722126e-09,3.627300269604225e+00,8.373181324890002e-01,5.051104434349497e-05,4.620460580272398e-04,9.693599068877839e-04,1.194961233015431e-04,3.373608601168561e-04,1.305906553564934e-02,2.143083362036060e-05,1.827756320166560e-01,1.350462864638079e-06,6.315953639764705e-06,7.143129778205275e-07,2.325209655427770e-04,2.553426960315357e-04,2.049653273230103e-05,5.129209228199181e-04,1.484351253986552e-05,9.632098867028978e-07,6.735994952727204e-05,1.406644558342345e-02,2.215445961078445e-02,7.641607272749100e-07,5.984822408269454e-04,2.210382710017634e-05,4.516629163675907e-03,1.013576782649084e-04,4.496652599884493e-04,3.180314822301083e-05,1.160197484840364e-04,1.353761950740587e-07,3.245362856867903e-05,3.863163473896746e-05,1.195517696328919e-05,5.740019352189187e-05,3.104952143267311e-05,4.097080003202533e-05,3.146325162920972e-06,6.538438006812066e-04,1.118869583773324e-05,4.180143037147646e-06,1.176240907995266e-04,1.611216409258191e-05,6.465937187220968e-07,1.473410704987056e-08,2.489231655293474e-06,1.757446354359697e-05,3.000253697646911e-05,1.274956844798196e-05,1.655152505425945e-05,1.709704295287487e-06,4.601885197631744e-04,9.843270385087455e-06,5.259392715443181e-02,1.683666429032235e-03,1.427308852690494e-04,4.585945029651464e-04,6.019473995695722e-01,7.575788534346387e+04,0.000000000000000e+00,2.147229695212821e+03,1.013320731460885e+05,
3.762086990809805e-09,3.979393072835202e+00,1.469265186144261e-01,7.192849682735612e-06,6.934006050100089e-05,5.057820226640590e-04,1.366944088392630e-07,6.108705542526604e-05,1.235464287844372e-02,1.456398443403717e-08,1.322772133877581e-03,8.134608711082882e-11,3.921308150750746e-10,3.420850156889765e-11,1.507860781809628e-09,3.788911475850381e-10,1.126866336533986e-09,2.347062506095770e-09,5.135557780806291e-12,1.757011917398372e-11,1.778392667542539e-11,3.777989869100015e-03,2.361232233583743e-02,1.278068015581013e-10,1.257713880622444e-08,1.650266241180334e-10,5.005742583454035e-09,1.268265399424158e-13,2.301958364416561e-15,4.178772070579138e-09,2.190057630149099e-09,8.662523759988804e-15,3.966494897009413e-12,1.028416537381960e-13,1.252509869354995e-13,3.207162987834720e-15,5.378688687469588e-15,4.821319006885483e-15,2.337645661754604e-18,9.952362779519889e-17,3.646906167897420e-20,2.156065919220389e-21,4.890153563255895e-17,1.384591894526896e-13,3.840243789288870e-17,2.392770278983328e-18,9.281295609418740e-07,6.337398649729595e-06,2.479313757807583e-08,2.819106726983173e-08,1.739919990799907e-08,7.224610126335329e-13,1.258889988545518e-15,2.029682845981558e-24,5.419513144731822e-29,7.258500814360635e-21,5.731385829378382e-20,3.821956805385328e-22,1.053800446597110e-01,7.943974778695368e+03,0.000000000000000e+00,2.347027298214169e+03,1.013250126138925e+05,
1.969148778872499e-09,3.949282655623690e+00,1.490263595599661e-01,1.037834464630092e-05,1.008386354989580e-04,5.924108579637483e-04,1.349579774055122e-07,7.150977954618343e-05,1.235708208534854e-02,2.210353686328814e-08,1.657379279888785e-03,1.365025489124008e-10,5.321524806815729e-10,5.020031994040265e-11,1.898925215424204e-09,4.053332823951481e-10,1.880495100502035e-09,3.217716658618398e-09,6.986137866111262e-12,2.606276168367909e-11,2.346905479848840e-11,4.278634756655926e-03,2.343926103655341e-02,1.758346920897534e-10,1.579661957092444e-08,2.980777581699419e-10,7.202418264986513e-09,2.937916788787559e-13,5.307548655776979e-15,5.169091567892710e-09,2.494853812320920e-09,2.673601337189587e-14,8.703571571944376e-12,3.158934862891090e-13,1.478473467927244e-13,7.217163065956178e-15,8.880461136883796e-15,8.730065191510139e-15,9.181395199101972e-18,3.248217457988546e-16,1.101499783136702e-19,1.128550150390361e-20,1.723100360152252e-16,1.788425299858559e-13,8.255908495753796e-17,4.138600188219636e-18,1.543172214352779e-06,1.063504948063768e-05,3.011830549213998e-08,9.356178279579210e-08,5.906353171107304e-08,1.420192884181948e-12,2.812333812179036e-15,4.257597122186876e-24,2.336092362540503e-28,5.385568806301336e-21,4.704291163607717e-20,1.880253016189820e-22,1.068904191614717e-01,7.929477919332025e+03,0.000000000000000e+00,2.330910098834924e+03,1.013250228823868e+05,
2.000989135454884e-09,3.880149877979983e+00,1.575284407477892e-01,2.832334388076759e-05,2.625168652852162e-04,8.502056874584812e-04,1.888295024102518e-07,1.105661238216642e-04,1.235712445052782e-02,7.084955490388581e-08,2.837473863546124e-03,1.956340650907096e-10,5.604921482033005e-10,5.834576654470332e-11,1.930962942709311e-09,3.969367662556319e-10,6.784450737907883e-09,3.467238380500328e-09,7.347357371160819e-12,3.075156623675769e-11,2.445977707971174e-11,5.907441431616704e-03,2.305298992583809e-02,1.852303183964422e-10,1.599575599722697e-08,5.171226210829903e-10,8.058090864358176e-09,1.143961187951102e-12,2.000159436475018e-14,5.190831009654042e-09,2.484589510002332e-09,1.797816508700364e-13,2.204653225371376e-11,2.257012113308667e-12,1.453957583387964e-13,1.191814248331261e-14,1.039771042313842e-14,1.211696670441720e-14,1.185820440873288e-16,2.612386802785785e-15,1.081155347514430e-18,3.824988573407958e-19,2.074507746657020e-15,1.783603503967467e-13,1.421439112263245e-16,4.503722216108625e-18,2.487705424697063e-06,1.755842774761015e-05,3.020181061997020e-08,1.507985822450882e-06,1.023738354992195e-06,3.638759202549759e-12,9.698241818629249e-15,1.123276799336163e-23,1.218862334706540e-23,7.393742627270438e-22,1.047798334818327e-20,1.500553262807780e-23,1.130095304057161e-01,7.834085704160376e+03,0.000000000000000e+00,2.291683127648129e+03,1.013250601070341e+05,

