1
0
63
1
(4 0
((0,0) (15,255) (0,0))
((0,768) (15,1023) (0,0))
((0,512) (15,767) (0,0))
((0,256) (15,511) (0,0))
)
4
FabOnDisk: SD_0_New_MF_D_0003 0
FabOnDisk: SD_0_New_MF_D_0000 0
FabOnDisk: SD_0_New_MF_D_0001 0
FabOnDisk: SD_0_New_MF_D_0002 0

4,63
-3.202551129175596e-09,4.693454314668559e-01,1.576063634261920e-01,2.146235445396542e-20,8.618343810119310e-19,4.793807911050466e-15,1.762240696595250e-09,6.391573496861757e-07,3.068127621322875e-07,7.225802036158698e-10,2.847258631415592e-03,0.000000000000000e+00,4.991707680386456e-24,3.433157873100876e-25,1.997355253372318e-11,1.168756536568993e-10,3.917839419632334e-20,1.720799614851070e-09,2.126351438345075e-14,1.427097368673523e-24,1.214973413343546e-11,1.090135087499388e-07,1.136096340926755e-08,5.506156564423437e-30,1.211227540072428e-09,3.466029513949199e-21,3.470246135255581e-09,7.540676174345421e-20,2.012909321569212e-14,1.686934001919402e-23,1.482872554243715e-10,9.172574491824579e-18,1.356857478664642e-19,2.278327085810842e-12,1.531750769048166e-16,6.950607963534196e-15,4.914111665562359e-15,7.686140986707693e-15,1.561564474159987e-23,2.637754013782486e-15,1.095618167307925e-18,3.178766491220252e-24,2.104727619916258e-15,6.347023881437786e-14,1.432371003063512e-16,4.020282466578833e-18,1.404653307010081e-13,4.557919246566685e-14,1.893118024548695e-12,4.404146809693256e-13,7.935600482195303e-13,1.685154964167399e-27,9.745464318047884e-15,0.000000000000000e+00,0.000000000000000e+00,0.000000000000000e+00,0.000000000000000e+00,0.000000000000000e+00,1.130655822367846e-01,3.942288185314545e+03,0.000000000000000e+00,4.430025443803671e+02,1.013213802957495e+05,
-3.390973227617922e-09,4.015351266915022e+00,1.460859107604000e-01,6.097945569120463e-06,5.822914626673629e-05,4.689451652200867e-04,1.349686344155958e-07,5.699860166474117e-05,1.235207530057571e-02,1.208158265873197e-08,1.183541114817663e-03,5.119216696805187e-11,2.717579249872346e-10,2.295120380276695e-11,1.087850305079069e-09,2.983807085925072e-10,8.702430427453383e-10,1.628299715775652e-09,3.547165538440326e-12,1.172463459375079e-11,1.250980274619347e-11,3.567905495420016e-03,2.344025858110905e-02,8.751455116501615e-11,9.040282668579024e-09,1.001361818478027e-10,3.367816713635248e-09,6.915914306598530e-14,1.250714064126091e-15,2.998318547073183e-09,1.625121647514786e-09,4.098198451157756e-15,2.177216009996880e-12,4.878181295627372e-14,8.168100028169791e-14,1.574004935399788e-15,3.172684636400986e-15,2.784369667847014e-15,9.609784890948198e-19,4.460957416056363e-17,1.675168739355690e-20,7.846531178230749e-22,2.127480218472440e-17,7.839966476246343e-14,1.739161175203056e-17,1.196820041181912e-18,5.876024783121780e-07,3.996275589429843e-06,1.799580293951786e-08,1.328717736292680e-08,8.124191225120670e-09,4.245807631710073e-13,6.983375077064069e-16,1.142124843467449e-24,0.000000000000000e+00,1.362939417972447e-28,8.338222429648720e-28,5.306481135036267e-28,1.047751488213527e-01,7.926627406866635e+03,0.000000000000000e+00,2.331006595160098e+03,1.013249785299264e+05,
-1.507909795867536e-09,3.946483123836677e+00,1.469303134649528e-01,7.198413024194122e-06,6.939563336199409e-05,5.059578259568900e-04,1.327042441909838e-07,6.110739079754029e-05,1.235464404520591e-02,1.457652251279896e-08,1.323404491337982e-03,8.147662308603390e-11,3.925814053441706e-10,3.425320379703386e-11,1.509338124504769e-09,3.791262747818643e-10,1.128149336683089e-09,2.349800212319267e-09,5.141586422603819e-12,1.759361970165467e-11,1.780320352016703e-11,3.778965793093952e-03,2.305535537696389e-02,1.279571750696583e-10,1.258911204343748e-08,1.653075504894915e-10,5.011883982601709e-09,1.271061045291671e-13,2.307043012746759e-15,4.182787560122251e-09,2.191807125893090e-09,8.687155250012812e-15,3.974923186618986e-12,1.031332665741828e-13,1.254129593710834e-13,3.215321434456359e-15,5.387888232934255e-15,4.830166367389471e-15,2.345633560445173e-18,9.982290590366900e-17,3.657257547420364e-20,2.164579134550050e-21,4.905535767555669e-17,1.386942568426633e-13,3.850763579757301e-17,2.398248919276303e-18,9.295251714841353e-07,6.347042778638319e-06,2.481459486801395e-08,2.827208341769581e-08,1.744994687936286e-08,7.237976290769447e-13,1.261568164095526e-15,2.033807523880759e-24,0.000000000000000e+00,2.058682171481265e-27,1.896157438307042e-26,9.140128909474462e-28,1.053827516904175e-01,7.835252638819857e+03,0.000000000000000e+00,2.291944699546224e+03,1.013249739019641e+05,
-3.149076615433562e-09,3.695749041088936e+00,1.490384789074692e-01,1.039809609642749e-05,1.010314417091128e-04,5.928771192716815e-04,1.327115752614751e-07,7.156850851322495e-05,1.234036450229253e-02,2.215200135719219e-08,1.659264561015722e-03,1.367602679568550e-10,4.173788487077085e-10,5.026180909568812e-11,1.395012592326488e-09,1.992924425891663e-10,1.885318944634438e-09,2.865590876643150e-09,5.487942558871439e-12,2.609604875170600e-11,1.939717477652567e-11,4.281424939709429e-03,2.215959520017487e-02,1.324061014458479e-10,1.075759126286293e-08,2.987631624338448e-10,6.874926788980466e-09,2.948622490559877e-13,5.326578494183577e-15,3.004081838710392e-09,1.196108314250240e-09,2.687096513178241e-14,8.731876811833392e-12,3.174850161821223e-13,2.981983389610557e-14,7.238744346309246e-15,8.017921665233013e-15,8.748284547639743e-15,9.238760574826465e-18,3.265443579088240e-16,1.107063439243994e-19,1.137382690272707e-20,1.733008911946007e-16,5.665806564993943e-14,8.276560357229674e-17,3.264726137139119e-18,1.546155708852737e-06,1.065614365214352e-05,1.796020715713244e-08,9.409670365066979e-08,5.940864106322169e-08,1.424179638470734e-12,2.822062683283017e-15,4.265188357239910e-24,0.000000000000000e+00,0.000000000000000e+00,5.386081983986547e-27,0.000000000000000e+00,1.068991446676934e-01,5.961423286253946e+03,0.000000000000000e+00,2.148662066183517e+03,1.013249645657148e+05,

4,63
3.110490896879921e-09,3.693431118949441e+00,8.373192295748711e-01,5.042118974247926e-05,4.615643579786154e-04,9.688101612388585e-04,1.195594560107136e-04,3.391626592468872e-04,1.304636250658275e-02,2.143494420715966e-05,1.827759056640181e-01,1.354616894294652e-06,6.324511626017236e-06,7.159287662582771e-07,2.325927475318300e-04,2.556807756564954e-04,2.048636165781859e-05,5.135128375859810e-04,1.487436715803094e-05,9.628868108730362e-07,6.745983553663893e-05,1.407215184728530e-02,2.215501698499452e-02,7.688757720147434e-07,5.999742948740747e-04,2.213974732416811e-05,4.524463069613345e-03,1.010944866576367e-04,4.505528065871871e-04,3.190036041212667e-05,1.160422203901878e-04,1.349837731832379e-07,3.244279836564689e-05,3.861425697349356e-05,1.201133581982136e-05,5.756459036547055e-05,3.114456053435760e-05,4.110255048749925e-05,3.143958075730019e-06,6.543263744014109e-04,1.116600842279907e-05,4.165457269259888e-06,1.176880399525408e-04,1.618469891251758e-05,6.450430778377325e-07,1.473247522433361e-08,2.489396062221350e-06,1.757577605250561e-05,3.006353687739772e-05,1.276858269286553e-05,1.656454647723626e-05,1.710968174573053e-06,4.604470860341778e-04,9.839870592950512e-06,5.259396851905822e-02,1.682474545167345e-03,1.430374695251568e-04,4.592503959307718e-04,6.019482644670561e-01,7.574686460379868e+04,0.000000000000000e+00,2.147340389167365e+03,1.013322561934501e+05,
3.080416635742762e-09,4.045276931553157e+00,1.469258566514065e-01,7.192073033076091e-06,6.933226800487017e-05,5.057581778764660e-04,1.366897031248671e-07,6.108432444295978e-05,1.235463959410017e-02,1.456216426980798e-08,1.322670531251205e-03,8.132862667708249e-11,3.920704264540458e-10,3.420252218322618e-11,1.507675017920188e-09,3.788764236253173e-10,1.126686173156839e-09,2.346723505976347e-09,5.134804017385245e-12,1.756708178438290e-11,1.778146959972055e-11,3.777850715812480e-03,2.361217623764716e-02,1.277846388333806e-10,1.257529202602045e-08,1.649821297381823e-10,5.004733052611712e-09,1.267828824644317e-13,2.301162308181813e-15,4.178199984857773e-09,2.189817299230092e-09,8.658780661768299e-15,3.965150144082011e-12,1.027979532420805e-13,1.252450959545052e-13,3.206224359022667e-15,5.377375435768839e-15,4.819943767570533e-15,2.336451050377692e-18,9.947773397972608e-17,3.645342863695703e-20,2.154764912905262e-21,4.887785726920769e-17,1.384457904598651e-13,3.839286769035828e-17,2.392343442018850e-18,9.279060215446616e-07,6.335853681023327e-06,2.478938455997143e-08,2.817843917434521e-08,1.739127992641425e-08,7.222482506176584e-13,1.258473137717530e-15,2.029041545084249e-24,5.072214090322185e-29,5.268864673274035e-21,4.210265513770154e-20,1.850007142528248e-22,1.053795564253531e-01,7.944819264126470e+03,0.000000000000000e+00,2.347022614072848e+03,1.013250138762174e+05,
1.467424758375594e-09,4.015195579320716e+00,1.490252531039538e-01,1.037632109085837e-05,1.008196059040030e-04,5.923638452862015e-04,1.349590576482627e-07,7.150350068284671e-05,1.235708038902317e-02,2.209881822870120e-08,1.657217159292452e-03,1.364804175574408e-10,5.321269083350225e-10,5.019569532790485e-11,1.898897732968560e-09,4.053757833898475e-10,1.880036975676464e-09,3.217531949167443e-09,6.985799109024976e-12,2.606023002991042e-11,2.346829739301705e-11,4.278403508815319e-03,2.343936151258786e-02,1.758258348502771e-10,1.579653179136986e-08,2.980238804976557e-10,7.201944018001435e-09,2.936985127590160e-13,5.305900613822013e-15,5.169135099300219e-09,2.495210500200133e-09,2.672408084928027e-14,8.701320063131243e-12,3.157522724376071e-13,1.478635507458840e-13,7.215506006182212e-15,8.879610417770385e-15,8.728707933375134e-15,9.176196184914422e-18,3.246696573141057e-16,1.101010299932472e-19,1.127737754003111e-20,1.722233094496035e-16,1.788974253526385e-13,8.254478870581442e-17,4.138347599569506e-18,1.542964483848329e-06,1.063356626390654e-05,3.011919119862328e-08,9.351493218951452e-08,5.903322295754382e-08,1.419871585332250e-12,2.811500762781168e-15,4.251795249766215e-24,2.168053288061223e-28,3.633027212142060e-21,3.251292307056885e-20,8.082432126895759e-23,1.068896221913314e-01,7.929596419812154e+03,0.000000000000000e+00,2.330921648734077e+03,1.013250253475527e+05,
2.756626550710733e-09,3.946076094699461e+00,1.575215165367971e-01,2.830502810359451e-05,2.623660641875186e-04,8.500403644876571e-04,1.887363787547834e-07,1.105341913844184e-04,1.235711860824517e-02,7.079668857021786e-08,2.836611711929872e-03,1.956427479039356e-10,5.605241637346113e-10,5.834982318109070e-11,1.931072719190084e-09,3.969663874810097e-10,6.779021984660879e-09,3.467469606726398e-09,7.347787931992144e-12,3.075303986581521e-11,2.446124656442117e-11,5.906300766881255e-03,2.305314579825604e-02,1.852416446200703e-10,1.599660844546055e-08,5.171546767746663e-10,8.058861192595839e-09,1.143370583774169e-12,1.999058619880347e-14,5.191089738544486e-09,2.484726422721501e-09,1.796514871277979e-13,2.204524582954616e-11,2.255145908995245e-12,1.454130608312982e-13,1.191872933467658e-14,1.039881997724598e-14,1.211761653357230e-14,1.184455535574223e-16,2.610147900263521e-15,1.079874354458688e-18,3.817890662560223e-19,2.071852435075820e-15,1.783783154806568e-13,1.367365481482224e-16,4.504293774789751e-18,2.487818523352817e-06,1.755931279534563e-05,3.020307727531000e-08,1.505456371712457e-06,1.021992510239838e-06,3.637803260905444e-12,9.694276496232803e-15,1.119300167866920e-23,1.045023405073418e-23,4.188969016494695e-22,6.293845684606313e-21,5.191788408824397e-24,1.130045120903819e-01,7.834234968832196e+03,0.000000000000000e+00,2.291703500370696e+03,1.013250590350439e+05,

