1
0
56
1
(4 0
((0,0) (15,255) (0,0))
((0,768) (15,1023) (0,0))
((0,512) (15,767) (0,0))
((0,256) (15,511) (0,0))
)
4
FabOnDisk: SD_5_Old_MF_D_0003 0
FabOnDisk: SD_5_Old_MF_D_0000 0
FabOnDisk: SD_5_Old_MF_D_0001 0
FabOnDisk: SD_5_Old_MF_D_0002 0

4,56
-7.686121564753390e+00,-1.833138756602118e+01,-2.722419323384423e+01,-6.136599778119842e+00,-8.170857225295968e+00,-8.994055090099833e+00,-1.156145029348340e+00,-6.269421921343862e+02,-2.476620848681871e-01,-7.492058970009567e-01,-8.799810105324084e-02,-1.371080370768122e+01,-1.206584905175089e+01,-1.460711002312348e+00,-9.957334197566842e+00,-4.678975748093833e-01,-7.184046257435783e-02,-2.784771083869077e+00,-1.364063735115565e+02,4.839878497975292e-15,-8.766305154445023e-02,-4.610126909773201e+01,-1.851424946995048e+00,-1.990084364267712e+02,-7.760568633850974e+00,-2.359398724445622e+01,-4.485398191579002e+00,-2.947460959863296e+00,-9.459821984209218e-03,-2.026288143431989e+00,-1.627563110438522e+00,-8.827610480649283e-01,-3.663470534488988e+00,-2.140592207852291e+00,-3.127507338150620e+00,-2.197413901745398e-01,-3.235543483419760e+01,-4.710664876727626e-01,-3.225762502177033e-01,-8.475962742049115e+00,-7.891609168776279e-01,-1.470233146742831e-02,-5.716573142287342e-04,-8.058364819646785e-02,-1.341559374823305e-01,-2.079671832694794e+00,-7.093161827158154e-02,-3.644317748236099e-01,-1.355737498837399e-01,-2.485903279555116e+01,-4.706329571887225e-01,-5.977799777042637e+02,-8.945791347532250e+01,-9.309680560609866e+00,-2.480334055129495e+01,-8.483311830786988e-10,
-4.474153242836657e-03,-2.948185288877615e-02,-8.671416562317687e-02,-3.474930474424176e-06,-1.105694507834141e-02,9.777943851250746e-02,-6.482634082903940e-06,-3.320692449652464e-01,-8.253984684597788e-08,-2.951433725149975e-07,-2.485741950602151e-08,-1.101071516831327e-06,-2.527288786344940e-07,-6.484274209136967e-07,-1.320276121888231e-06,-2.817066035248764e-09,-1.114265591542718e-08,-1.040001284733534e-08,-4.629580020434956e-01,2.653621618274478e-01,-8.079052823419969e-08,-8.486721893609787e-06,-1.473044450052911e-07,-3.515272820050071e-06,-1.470058049394638e-10,-2.671460648840004e-12,-3.694832298509679e-06,-1.286930795491575e-06,-1.293317832163930e-11,-4.457146570867333e-09,-1.521987897494615e-10,-7.279209472185963e-11,-3.827511508398325e-12,-4.536585621074843e-12,-4.515716054448187e-12,-4.133627460864962e-15,-1.555008446484765e-13,-5.327185651296144e-17,-3.006063486270192e-18,-7.984614227975383e-14,-9.643851496401264e-11,-4.600460052021688e-14,-2.284867563634500e-15,-7.168729541533472e-04,-4.956500615481654e-03,-1.396562251346314e-05,-4.221847592532619e-05,-2.648960703428516e-05,-6.897252955020604e-10,-1.375627516330763e-12,-1.425738980026310e-19,-2.229663320301100e-19,-1.917691309445557e-15,-1.416196586055097e-14,-2.759035301714511e-16,-8.473799439912000e-11,
-1.270602328311877e-02,-9.057765208456252e-02,-1.987429273565115e-01,3.582870805591165e-06,-2.870396226572625e-02,1.856689947121007e-01,-2.205501522382541e-05,-8.003235584756258e-01,-1.108514275609742e-07,-2.318017087420551e-07,-2.533902844267792e-08,-7.352437806221968e-07,-9.360367644845982e-08,-2.166133658117762e-06,-1.346632524030089e-06,-2.959259292425703e-09,-1.343486512978280e-08,-9.540017049814517e-09,-1.092381773427206e+00,7.471041198198600e-01,-7.788236604200757e-08,-6.244295412064766e-06,-2.883015268683780e-07,-3.433682490585145e-06,-4.739335424130402e-10,-8.399699319325909e-12,-2.106159390631414e-06,-8.540879063095105e-07,-6.087623152423536e-11,-1.217237355235088e-08,-7.189336810159869e-10,-6.137359715315829e-11,-8.904710574891023e-12,-5.546665145270439e-12,-7.355764435422293e-12,-2.593856935592673e-14,-7.679010756048457e-13,-2.479238243468140e-16,-2.863540377229159e-15,-4.399273829494262e-13,-9.539067036205803e-11,-8.038300044044767e-14,-2.511320426519541e-15,-1.190050840769154e-03,-8.443712642711368e-03,-1.121136551950327e-05,-2.381026095284038e-04,-1.538984281576373e-04,-1.674492416891020e-09,-4.176723578989473e-12,-1.954528814992386e-19,-7.470411724673002e-19,-1.922115122546373e-15,-1.416868804018502e-14,-1.665150609569496e-16,-8.097594816902642e-11,
-1.434625263831541e-01,-7.369775241940658e-01,-5.526696366838908e-01,-4.630394769096880e-04,-1.418005273906505e-01,4.860663171694383e-01,-2.534625280572581e-04,-3.733274828632824e+00,-1.127422096617086e-07,-1.397874893732612e-07,-2.359475183034603e-08,-2.055386382009224e-07,1.273663385191330e-07,-2.571803572679934e-05,-1.003874275496817e-06,-1.839361938249864e-09,-1.286660090032063e-08,-5.124619064391008e-09,-4.226027911464044e+00,1.756702876784609e+00,-4.907187806745330e-08,-1.504201964070455e-06,-3.627029369539079e-07,-2.952520495605143e-06,-2.583813410239387e-09,-4.949176565158029e-11,-5.530217183728748e-08,4.712934979488533e-07,-5.889287416528121e-10,-2.354925322970446e-08,-8.669009000614856e-09,6.115973731972386e-11,-9.969314875074509e-12,-5.206002490718605e-12,-7.351599551697879e-12,-6.340605319092045e-13,-1.010247587354612e-11,-2.875551184087312e-14,-3.598001540014567e-15,-1.297276852881453e-11,-4.050354943777180e-09,-1.020877310983049e-11,-2.917723693411461e-13,-1.406482943975010e-03,-1.032327422991785e-02,-1.376841279492846e-07,-1.297083708211614e-02,-9.023698133485102e-03,-4.544174868066081e-09,-1.733131761405990e-11,-4.220208667901263e-15,-1.177526464366741e-14,-4.837101262104962e-16,-6.776563992050794e-15,-1.917865199892123e-17,-9.323897209867482e-11,

4,56
5.420973302818083e+00,3.123835211823312e+01,4.409331774627090e+01,7.689937431019196e+00,1.340327193838490e+01,3.127485193339500e+02,6.440466199455174e-01,-1.672866539736972e-09,5.974686788885373e-01,1.361801521544726e+00,1.543155713609146e-01,2.635057317002508e+01,1.563093246488169e+01,1.965164624505374e+00,1.578197853245927e+01,4.382555478119483e-01,1.368345365246678e-01,2.822614480574025e+00,4.586624219919737e+02,2.823859691756119e+02,1.890619438946202e-01,5.844559001712737e+01,3.912646490695854e+00,3.010049606020550e+02,1.262287543697159e+01,2.561714293746827e+01,8.446346570934335e+00,3.579750319591375e+00,1.582060737814214e-02,3.817767391764100e+00,2.383746420649892e+00,1.095644351965775e+00,3.993586813408438e+00,2.363294034111711e+00,3.888123461780502e+00,2.005240477132097e-01,3.499812743751266e+01,1.068737369292404e+00,5.526576334989186e-01,7.976723739512424e+00,1.306007147292348e+00,3.468514437440016e-02,8.982230074637971e-04,8.048211419553188e-02,3.483946714339518e-01,2.461746999494786e+00,4.718317985927424e-01,6.691468903502062e-01,1.854069645425707e-01,1.669091841552603e+01,7.907707346658150e-01,1.452461735460862e-12,9.022495931310266e+01,1.477473177984810e+01,2.529315200272904e+01,1.158809936896432e-09,
-1.714897894143380e-03,-8.611742251161979e-03,-1.929335820355585e-02,7.023237328771976e-06,-5.051924236966924e-03,1.850304744286212e-01,-9.980311947549775e-07,-1.613675889791951e-01,-3.931367935589248e-08,-1.594971677597896e-07,-1.479750948215221e-08,-5.075815266963721e-07,-3.111745271624379e-08,-1.266741512836142e-07,-9.054210352064667e-07,-2.043391835576703e-09,-7.579766031154992e-09,-6.569700660966768e-09,-1.613704717926564e-01,7.465122286160430e-01,-5.650169122196839e-08,-4.940363401260745e-06,-8.381983215961709e-08,-2.374120925284539e-06,-6.247566746121072e-11,-1.142692498627305e-12,-1.544441145487425e-06,-6.050497442804437e-07,-4.037535838801914e-12,-2.094991804753296e-09,-4.670484629793171e-11,-4.019908576917853e-11,-1.601609103584879e-12,-2.921392750044506e-12,-2.430501534764232e-12,-8.589120832566363e-16,-4.127943503461489e-14,-1.614626162774211e-17,1.953561503234431e-18,-1.755931574848123e-14,-6.744108176779181e-11,-2.000001150113617e-14,-1.382977047588392e-15,-4.501314319786583e-04,-3.065860422469872e-03,-1.025383089718615e-05,-1.035821606295042e-05,-6.349539388605261e-06,-3.164692609763500e-10,-4.897856613742108e-13,9.253950703452481e-20,2.426212905316745e-19,-3.446983912927533e-23,-3.064312852693193e-23,-2.821540832827312e-23,7.702188886682393e-11,
-4.004425994632565e-03,-2.955120440084546e-02,-8.625145717355903e-02,8.240983171746513e-06,-1.108270159321926e-02,4.839018789205343e-01,-6.468864942322564e-06,-3.327645151447408e-01,-6.683266224295186e-08,-1.343633318196791e-07,-2.103872763591050e-08,-1.817238414367185e-07,1.338126411392836e-07,-6.495284082499584e-07,-9.207641006514945e-07,-1.763852004834444e-09,-1.103243286687108e-08,-4.462328182484534e-09,-4.633117207270680e-01,1.749586557123308e+00,-4.945020191930966e-08,-1.448396087912286e-06,-1.479020778942851e-07,-2.844939604421088e-06,-1.474463880643532e-10,-2.683178491953348e-12,-8.364147379987063e-08,4.585978752294256e-07,-1.299007517444892e-11,-4.473359957628186e-09,-1.528978847643296e-10,6.428051212163215e-11,-3.853191325791107e-12,-4.563977024290737e-12,-4.533650829211539e-12,-4.152584754758878e-15,-1.561772313261584e-13,-5.352298306258185e-17,2.875090053679282e-16,-8.000477142322088e-14,5.996106915989579e-11,-4.623510596536615e-14,-1.424644667461038e-15,-7.181961498333826e-04,-4.965670045286190e-03,-2.350278895245851e-07,-4.233963018292335e-05,-2.654104675366072e-05,-6.912151803839815e-10,-1.378683389351911e-12,1.690661258980573e-19,7.645488639740378e-19,-4.986187223994886e-22,-3.806446592994857e-21,-2.603398770021059e-22,8.042533305996358e-11,
-1.277343340546864e-02,-9.102110496365966e-02,-1.993701666501517e-01,3.475433516599387e-06,-2.883935684043711e-02,2.859088072171486e+00,-2.216668472185961e-05,-8.038263833119087e-01,3.561158644115197e-07,1.291930988156100e-06,1.145018545600877e-07,3.895981291319153e-06,6.315495513970452e-07,-2.177772262809829e-06,6.644398931828076e-06,1.580933631179495e-08,5.413895176476239e-08,4.428808411659821e-08,-1.096863321725159e+00,6.691813125777746e+00,4.349555593992108e-07,3.330618181061017e-05,3.870424197018128e-07,1.537581036981907e-05,-4.760966186498360e-10,-8.439570535006614e-12,1.160042071192105e-05,4.337040249916769e-06,-6.130484144349095e-11,-1.012149483534625e-09,-7.241622274208053e-10,2.675273315186547e-10,2.921211391624113e-11,2.621779587842797e-11,2.287122546074865e-11,-2.616958326715054e-14,-7.738509007308488e-13,1.649270507659072e-14,-3.794511582129320e-17,-4.437262157216285e-13,3.201015877261849e-10,5.684762378274683e-14,6.551168389451440e-15,7.308200522041608e-04,5.083499360338877e-03,6.104028368611309e-05,-2.403631852556953e-04,-1.553719026236284e-04,-1.681215497093513e-09,-4.197615497127312e-12,4.206059250855156e-15,1.264235745004013e-14,3.216449165161275e-17,-2.314257277982153e-21,1.017646028654580e-17,9.171330361823493e-11,

