1
0
56
1
(4 0
((0,0) (15,255) (0,0))
((0,768) (15,1023) (0,0))
((0,512) (15,767) (0,0))
((0,256) (15,511) (0,0))
)
4
FabOnDisk: SD_5_New_MF_D_0003 0
FabOnDisk: SD_5_New_MF_D_0000 0
FabOnDisk: SD_5_New_MF_D_0001 0
FabOnDisk: SD_5_New_MF_D_0002 0

4,56
-7.670572239025897e+00,-1.833782981702024e+01,-2.718893923844571e+01,-6.122057720441110e+00,-8.148148072276509e+00,-8.976680297184846e+00,-1.156836315885520e+00,-6.268112186131624e+02,-2.486347264675925e-01,-7.480651016163027e-01,-8.804341113095197e-02,-1.369885193476683e+01,-1.207094570616019e+01,-1.458067493065552e+00,-9.933438782745819e+00,-4.667199419896571e-01,-7.165072497236598e-02,-2.784585283060524e+00,-1.362125269856967e+02,4.060770816827208e-15,-8.798505065283450e-02,-4.612589140079394e+01,-1.851899803572793e+00,-1.993190152049489e+02,-7.723161649715433e+00,-2.364291787917508e+01,-4.486171601189736e+00,-2.942753692555926e+00,-9.437282273063691e-03,-2.027099782536595e+00,-1.626796539778396e+00,-8.870724332525987e-01,-3.666998090844330e+00,-2.143215778591438e+00,-3.131790017575921e+00,-2.195465829944891e-01,-3.238369754186259e+01,-4.693243084558034e-01,-3.213472909801786e-01,-8.496405416857524e+00,-7.909949258198220e-01,-1.463972727294423e-02,-5.703635413450569e-04,-8.073791152218203e-02,-1.372990311313224e-01,-2.085296804830947e+00,-7.115594212841989e-02,-3.657403462791802e-01,-1.349285530752051e-01,-2.481902889736528e+01,-4.670145114807449e-01,-5.996306697312149e+02,-8.923630263202296e+01,-9.379123043575154e+00,-2.475565648007081e+01,-7.511289368267171e-10,
-4.432092992291742e-03,-2.954636071646458e-02,-8.646695140815813e-02,-3.024452056330787e-06,-1.107034447924414e-02,9.846728879364319e-02,-6.494446218529243e-06,-3.317146682227344e-01,-8.313237723268095e-08,-2.986931905075363e-07,-2.520490158706730e-08,-1.117707212779048e-06,-2.601314871813424e-07,-6.519713192470583e-07,-1.357584164878980e-06,-2.895201005491592e-09,-1.137578045039789e-08,-1.065275413219099e-08,-4.626523891600379e-01,2.616151930246098e-01,-8.143394779795913e-08,-8.516146274657376e-06,-1.476509005349824e-07,-3.493234847895397e-06,-1.474046078024688e-10,-2.679623968530945e-12,-3.708030261805748e-06,-1.307497056210115e-06,-1.296938880767908e-11,-4.461799120250796e-09,-1.528949898465905e-10,-7.420381816160928e-11,-3.865695594363808e-12,-4.571817542082362e-12,-4.532516875671310e-12,-4.148700175577200e-15,-1.559871288986838e-13,-5.348410678231239e-17,-2.859791874166792e-18,-8.003485143697732e-14,-9.691112349351608e-11,-4.651577210970553e-14,-2.315267751505960e-15,-7.166587195530149e-04,-4.955226168767124e-03,-1.381654136567298e-05,-4.225171210448266e-05,-2.650874399348205e-05,-6.898824047395519e-10,-1.377347547417253e-12,-1.295934773905125e-19,-2.086837576573275e-19,-1.385601270377775e-15,-1.058630735640446e-14,-1.384976003916850e-16,-7.593648626569305e-11,
-1.264152548233985e-02,-9.062954611381102e-02,-1.990972121498252e-01,3.621176163304860e-06,-2.871512170846177e-02,1.858127380976949e-01,-2.208618537052346e-05,-8.003749050300142e-01,-1.106354731989944e-07,-2.331643872677542e-07,-2.534726006134468e-08,-7.415134108682342e-07,-9.689626020277033e-08,-2.168968988607764e-06,-1.359974309070360e-06,-2.986204100624791e-09,-1.345847489635065e-08,-9.625644118186256e-09,-1.093604836142342e+00,7.467885964780405e-01,-7.796432328330773e-08,-6.235465651775347e-06,-2.876523327706745e-07,-3.415602534309705e-06,-4.734841136110230e-10,-8.390842970305084e-12,-2.111289849627936e-06,-8.593799311205611e-07,-6.088313099670382e-11,-1.215939783025193e-08,-7.190846204637427e-10,-6.214307983487397e-11,-8.917672718066722e-12,-5.536327622204150e-12,-7.337601934995516e-12,-2.595541409909648e-14,-7.681604579452474e-13,-2.480225551309072e-16,-2.397746432860517e-15,-4.402237186081535e-13,-9.614875661223344e-11,-8.070028833334326e-14,-2.527700644269915e-15,-1.189560857732292e-03,-8.442198395541339e-03,-1.112626287513866e-05,-2.383962410821950e-04,-1.540912968506023e-04,-1.674148382042794e-09,-4.178463044708941e-12,-1.790867390181837e-19,-6.943499584602014e-19,-1.179352793194607e-15,-9.960285129541079e-15,-7.474499771632317e-17,-7.590528205980718e-11,
-1.432729996043303e-01,-7.359869180506980e-01,-5.521460379153525e-01,-4.622218079997615e-04,-1.416780774405570e-01,4.857893291802458e-01,-2.530774341728195e-04,-3.730388569454703e+00,-1.122990016788104e-07,-1.385669624350439e-07,-2.349971074253592e-08,-2.013874612005862e-07,1.273891055989116e-07,-2.567305825092403e-05,-9.991610678030402e-07,-1.828023091264226e-09,-1.283153822583801e-08,-5.075038071906321e-09,-4.223224169038254e+00,1.758504289803976e+00,-4.856956993829143e-08,-1.446228018232156e-06,-3.615656550203223e-07,-2.927784797866922e-06,-2.572931274544801e-09,-4.929229813096653e-11,-3.820833059556609e-08,4.803602533820051e-07,-5.870524280166503e-10,-2.352005808990759e-08,-8.634610267272070e-09,6.092414886390372e-11,-9.936142242435425e-12,-5.187285352137173e-12,-7.336213747369688e-12,-6.323737425332000e-13,-1.007694821026613e-11,-2.697216262185769e-14,-3.587009463268246e-15,-1.293643241027710e-11,-3.492369206405760e-09,-8.868442427568127e-12,-2.529371508864644e-13,-1.404310698251342e-03,-1.032778210395095e-02,-4.517338644231777e-08,-1.293299415266485e-02,-9.004199165539607e-03,-4.527774878809793e-09,-1.726156369261842e-11,-3.859847581209494e-15,-1.010464777681358e-14,-2.629751252055085e-16,-3.680163583018760e-15,-9.792131387137793e-18,-8.001732609841383e-11,

4,56
5.427560738997759e+00,3.115341913382668e+01,4.406138554007014e+01,7.658218840236211e+00,1.342007802343822e+01,3.127745055749152e+02,6.439786146231002e-01,-1.517729664168854e-09,5.995485260818948e-01,1.364689408842588e+00,1.551174290468229e-01,2.632932162713235e+01,1.559498248831344e+01,1.956569577727456e+00,1.579864600105356e+01,4.370888856555024e-01,1.367786494249391e-01,2.812288134446225e+00,4.588460268763450e+02,2.820702813080352e+02,1.901175766530856e-01,5.866477187158444e+01,3.906762004912493e+00,3.000323818066768e+02,1.262092797323076e+01,2.550850154915159e+01,8.489376663280133e+00,3.585507268716096e+00,1.575473390879658e-02,3.822537027097285e+00,2.382103875920172e+00,1.101988434694247e+00,3.993768555114567e+00,2.370803804364241e+00,3.872912076569906e+00,2.004786646691186e-01,3.510154452600775e+01,1.064784733497637e+00,5.486922344765203e-01,7.957565609517062e+00,1.314004460491977e+00,3.476890464230181e-02,9.032879023162259e-04,8.001264693205179e-02,3.499737065197315e-01,2.455907358952619e+00,4.734115219035858e-01,6.711930266047893e-01,1.840776721689794e-01,1.671348896889640e+01,7.838284035624317e-01,1.467292021876490e-08,9.065052689387453e+01,1.471889099724478e+01,2.541570719461755e+01,7.379412636510096e-10,
-1.718568781057777e-03,-8.929887139162705e-03,-2.074290011971622e-02,6.906012321024993e-06,-5.247786367324876e-03,1.851666752472814e-01,-1.079201368431785e-06,-1.602268234747519e-01,-4.023406393779034e-08,-1.666799146774116e-07,-1.537618929259188e-08,-5.568945760160127e-07,-4.791326291450666e-08,-1.357055665817226e-07,-9.602066010667981e-07,-2.153166942405188e-09,-7.868311510748239e-09,-7.004802823320046e-09,-1.589852015175535e-01,7.460277981717460e-01,-5.767902164666366e-08,-5.145753574945353e-06,-8.441819797862191e-08,-2.389045236648757e-06,-6.327047302368572e-11,-1.157688527529452e-12,-1.652764305771562e-06,-6.736319696297487e-07,-4.099973824297876e-12,-2.105651881646788e-09,-4.769644090938951e-11,-4.234475548482290e-11,-1.640043313349946e-12,-2.944054531324686e-12,-2.457503942492317e-12,-8.836476229838093e-16,-4.210969851127418e-14,-1.645763437369686e-17,1.810088892970087e-18,-1.798098801509503e-14,-6.923917119243303e-11,-2.049358235625563e-14,-1.411026567054196e-15,-4.501083915981558e-04,-3.065901082993048e-03,-1.030396955047872e-05,-1.053399420363501e-05,-6.457438638707095e-06,-3.179405761159359e-10,-4.967808907891308e-13,8.821970739636269e-20,2.233755863180766e-19,-4.338702763730251e-23,-1.460106303165800e-22,-2.423034907563890e-23,7.105327437528786e-11,
-4.014864510476720e-03,-2.962479340846276e-02,-8.654623334551430e-02,8.103327438282150e-06,-1.109851470590719e-02,4.836114641805797e-01,-6.488684927645450e-06,-3.324250819339511e-01,-6.756254970340362e-08,-1.379684666318292e-07,-2.137723414169727e-08,-1.993013279418758e-07,1.267934524432949e-07,-6.532355796914015e-07,-9.526804412392750e-07,-1.827010365116401e-09,-1.122880838410317e-08,-4.740347303343919e-09,-4.631135456091460e-01,1.751502476581143e+00,-4.922277791376760e-08,-1.507723717131577e-06,-1.482061398937285e-07,-2.862006167756896e-06,-1.478329804120700e-10,-2.690827564497514e-12,-6.571401948347168e-08,4.682224951893149e-07,-1.302724239585925e-11,-4.477536430887287e-09,-1.536007015894643e-10,6.115309113641229e-11,-3.889882570817784e-12,-4.595426057270746e-12,-4.548705624778033e-12,-4.168280360611374e-15,-1.566711825383915e-13,-5.372908808194820e-17,4.271740661839364e-16,-8.021601450017257e-14,5.627697570185833e-11,-4.673995165358312e-14,-1.489271871038520e-15,-7.179844570085440e-04,-4.964433915724189e-03,-1.400271880566956e-07,-4.238867560008008e-05,-2.657192619453825e-05,-6.914046264034156e-10,-1.380613094825263e-12,1.625335768601027e-19,7.050965212377071e-19,-5.436321556059039e-22,-4.619433613492863e-21,-2.257818851661755e-22,8.038725241021893e-11,
-1.271072750179622e-02,-9.107593544737885e-02,-1.997259352849159e-01,3.514206587012845e-06,-2.885013810157102e-02,2.856064634203253e+00,-2.219813037020869e-05,-8.038437145423571e-01,3.575131219226119e-07,1.295094052539163e-06,1.148840130065152e-07,3.907283656750863e-06,6.342853447815649e-07,-2.180668516028279e-06,6.671453215603556e-06,1.585718608099128e-08,5.437210779633978e-08,4.446585480288416e-08,-1.098013471711524e+00,6.687414700981250e+00,4.358126951229058e-07,3.337675975175210e-05,3.886205973414154e-07,1.540598228958160e-05,-4.756995245814362e-10,-8.431515319587176e-12,1.162372913264658e-05,4.347938264494282e-06,-6.131350220620370e-11,-9.469080381042343e-10,-7.243196302030529e-10,2.686880048008094e-10,2.937468065332357e-11,2.630763382967979e-11,2.290738792256295e-11,-2.618717432442438e-14,-7.741269314126168e-13,1.456512756869903e-14,-3.800148571593636e-17,-4.440160457567768e-13,3.230822157380855e-10,6.395733578838749e-14,6.776179363649307e-15,7.354693532445977e-04,5.020307212829934e-03,6.108718149799734e-05,-2.406389063362114e-04,-1.555549935032039e-04,-1.680915626395897e-09,-4.199557647710638e-12,3.811745069987051e-15,1.093095186103352e-14,3.093200442394513e-17,-2.171212793194738e-21,8.701137186570787e-18,9.038769732683249e-11,

