1
0
56
1
(4 0
((0,0) (7,127) (0,0))
((0,256) (7,383) (0,0))
((0,128) (7,255) (0,0))
((0,384) (7,511) (0,0))
)
4
FabOnDisk: SD_5_Old_MF_D_0003 0
FabOnDisk: SD_5_Old_MF_D_0001 0
FabOnDisk: SD_5_Old_MF_D_0002 0
FabOnDisk: SD_5_Old_MF_D_0000 0

4,56
-7.491193807055724e+00,-1.764095107481307e+01,-2.649600613048097e+01,-5.546126847324965e+00,-7.880091859516350e+00,-7.856463362479936e+00,-1.103428698327221e+00,-6.270610620500555e+02,-2.516863108048337e-01,-6.954836763402743e-01,-7.540986700121650e-02,-1.339330131384353e+01,-1.178684235080529e+01,-1.309758987075238e+00,-9.487739169810423e+00,-4.167307516945560e-01,-6.611369591192016e-02,-2.687953633856295e+00,-1.304746282095222e+02,1.769417945496343e-16,-7.872096384875929e-02,-4.679687753136282e+01,-1.676394165149448e+00,-1.970160305945923e+02,-6.222362449983352e+00,-2.373014821095608e+01,-3.922058840125256e+00,-2.804794886014175e+00,-7.925383261441375e-03,-1.893465907752120e+00,-1.563013844186617e+00,-9.236875762366243e-01,-3.590078171674356e+00,-2.072146413623524e+00,-3.115882357283285e+00,-2.008364660891731e-01,-3.173857799027900e+01,-5.102768750550705e-01,-2.827906115956789e-01,-8.148767059248744e+00,-9.174475943192192e-01,-1.497614563194619e-02,-6.159686116925598e-04,-7.366118946328154e-02,-1.658517770655910e-01,-2.001755829947796e+00,-7.186504063464354e-02,-3.896903865272466e-01,-1.296316270739883e-01,-2.493565556048230e+01,-4.946464725159520e-01,-5.716328991480939e+02,-8.027119697997546e+01,-8.776029468077089e+00,-2.245024924834772e+01,-1.384705683449283e-10,
-1.218098423607680e-02,-9.070420790253400e-02,-1.999640297932919e-01,3.436251523226776e-06,-2.854425268631178e-02,1.838401622599646e-01,-2.225730386254126e-05,-8.064493388787427e-01,-1.086733707541313e-07,-2.379529999959782e-07,-2.649766253297346e-08,-9.251004332500704e-07,-9.353842384627438e-08,-2.192086724111543e-06,-1.493962885370756e-06,-3.426062172290939e-09,-1.441637553676531e-08,-1.108170466581965e-08,-1.113786621535213e+00,7.639816391173457e-01,-8.655926092993631e-08,-6.377306746461038e-06,-2.939185398800059e-07,-4.563932140236319e-06,-1.357349563496307e-07,-3.771149753185155e-10,-1.991206443321397e-06,-8.171132466342246e-07,-5.572741499804998e-10,-1.241001380148283e-08,-2.829558477648013e-08,-2.115547467472444e-07,-1.202453377750721e-08,-4.568757500161525e-08,-5.827833474902261e-08,-1.503496282070066e-09,-7.569196780749228e-08,-4.883401064316328e-07,-2.035414766021263e-12,-1.266472587336263e-09,-9.993576085107440e-11,-8.121094918376902e-14,-2.706854148589528e-15,-1.190083511941156e-03,-8.450533751339329e-03,-1.066731486573822e-05,-2.413081505810902e-04,-1.559799562820231e-04,-1.843464122348548e-09,-1.144424014039077e-08,-2.080793137352483e-07,-4.990659049404847e-07,-4.140506877386455e-07,-4.503559361737916e-07,-1.102901103429334e-07,-1.092942403246866e-11,
-1.405951367345078e-01,-7.420979868901482e-01,-5.613298167789689e-01,-4.684506947550436e-04,-1.389691105976794e-01,4.828773177583098e-01,-2.557072687967892e-04,-3.749710887010797e+00,-2.296906751410178e-07,-1.644985718980320e-07,-5.343835925231633e-08,-3.468826719504211e-06,1.167877524718474e-07,-2.608504091088075e-05,-3.393720651288183e-06,-8.116530985095542e-09,-6.996595550797391e-08,-3.942552028822458e-08,-4.350046231874812e+00,1.797040479655184e+00,-5.153383384307485e-08,-1.703255631613718e-06,-1.093067679829987e-06,-2.102640475179954e-05,-6.003032980978900e-07,-2.564580103872853e-09,-5.663218399415962e-08,4.795643729263569e-07,-7.371713200606051e-09,-5.496293807634356e-08,-2.291742973970218e-07,-2.006360270494080e-06,-5.185824290205737e-07,-8.657534770994983e-07,-2.520553195152600e-06,-1.045480459661996e-07,-2.295899728245495e-06,-1.508108951375316e-06,-7.907151159701201e-10,-2.056027167700466e-06,5.152766882649646e-11,-8.267761975373865e-14,-1.893195311331342e-15,-1.405813131920815e-03,-1.036946899841548e-02,4.716604696997715e-07,-1.311117956801621e-02,-9.134919675324800e-03,-7.011175584644006e-08,-2.655373011032269e-06,-1.109723215775797e-06,-4.164070929573476e-05,-1.349909224902641e-05,-7.301095367518295e-06,-3.753329336618884e-06,-1.503819291315267e-11,
-4.140562893837452e-03,-2.980417115627813e-02,-8.789668999507114e-02,2.188085352733783e-07,-1.098257861176867e-02,1.023167098994316e-01,-6.619920676909948e-06,-3.327784882744319e-01,-8.747577851837742e-08,-3.044360397726188e-07,-2.599257283711080e-08,-1.128856340464009e-06,-2.643907447906229e-07,-6.669996559327596e-07,-1.380785413590394e-06,-2.950923665022317e-09,-1.156705535046184e-08,-1.055724104644280e-08,-4.711710949226689e-01,2.504908566217010e-01,-8.149042964352746e-08,-8.242296408938694e-06,-1.469464838143681e-07,-3.411035706121655e-06,-1.602773013786343e-10,-2.875269789555554e-12,-3.702105046122785e-06,-1.246750876961074e-06,-1.313170119614046e-11,-4.464825347753676e-09,-1.565678553859314e-10,-2.098579478287104e-10,-6.348723680432712e-12,-4.727637023044029e-12,-4.274700220828168e-12,-7.961918674904364e-14,-3.080016793011274e-12,-1.972373574057140e-11,-8.934852193944977e-17,-8.967472243702572e-14,-1.013800952286903e-10,-4.945691661550041e-14,-2.488963010691024e-15,-7.159342518871123e-04,-4.951805433968653e-03,-1.279416513940187e-05,-4.285656699686358e-05,-2.687314013303019e-05,-6.920067966909005e-10,-1.285923392178325e-12,-5.110714031761235e-12,-3.433663212091142e-16,-2.524646764045746e-16,-1.077588508959628e-11,-6.940469415067256e-17,-1.185535003500604e-11,

4,56
5.491064636983494e+00,2.821050904878528e+01,4.297352049047587e+01,6.592811293303508e+00,1.331977476977380e+01,3.105520794120353e+02,6.139611116585209e-01,-2.610178254092155e-10,5.280001966350129e-01,1.283450706949183e+00,1.576716830817483e-01,2.395864361132060e+01,1.579329486126629e+01,1.716568080722852e+00,1.542868719716076e+01,3.877019633747578e-01,1.144899088163350e-01,2.651111115785981e+00,4.555818677849897e+02,2.785071416118837e+02,1.958305920286242e-01,6.067604405551009e+01,3.474245882129920e+00,2.765642347773145e+02,1.355419206375213e+01,2.427500122904853e+01,8.501413373431095e+00,3.370339488492377e+00,1.375920704962487e-02,3.670358500232330e+00,2.302171070149035e+00,1.091627127191463e+00,4.102761853753078e+00,2.349431459533845e+00,4.120475497305657e+00,1.954002782756751e-01,3.389603125124678e+01,1.241059588146932e+00,5.014611958196585e-01,7.444842742042043e+00,1.571159817654416e+00,3.894311969251922e-02,1.049817191603778e-03,8.874828485655487e-02,3.825208865427804e-01,2.578912785611392e+00,4.665515859061725e-01,7.131268821361955e-01,1.648169338391258e-01,1.646454622887907e+01,1.011609311798988e+00,1.464237998048663e+00,9.239591133077673e+01,1.307244427715061e+01,2.592060858366465e+01,1.486881728851586e-10,
-3.728579043960629e-03,-3.001117399823771e-02,-8.838264320907779e-02,7.574643420125370e-06,-1.105427939826138e-02,4.784395087759793e-01,-6.665599400435014e-06,-3.348204971792486e-01,-6.758541178829501e-08,-1.202045519122829e-07,-2.164613221015986e-08,-1.490911050992651e-07,1.415771294546412e-07,-6.716622573908186e-07,-8.841976426349679e-07,-1.557810386634719e-09,-1.136430125790731e-08,-4.058482204816617e-09,-4.740371601978437e-01,1.783253661705295e+00,-4.354164002754028e-08,-9.516144557325007e-07,-1.474746467659264e-07,-2.667776313757763e-06,4.239706435476826e-08,2.416238564566672e-10,1.239317949680696e-07,5.517299676554217e-07,1.712993178215580e-10,-4.493558550162941e-09,8.346018583066491e-09,7.211699257140415e-07,5.769296818197676e-08,1.886732005807587e-07,1.693936682408534e-07,3.446821502514124e-09,1.649491219860638e-07,5.822472059617006e-07,5.793745674809052e-12,3.531350072413208e-09,5.140923973037690e-11,-4.971110578945352e-14,-1.876758361197702e-15,-7.187492887478746e-04,-4.971927467943545e-03,2.810827517822207e-07,-4.330549314537869e-05,-2.715729417130614e-05,-4.657666663976741e-10,3.371321842375485e-08,1.356232589167837e-07,9.223659167093798e-07,1.710179472814158e-06,1.043637541860322e-06,4.676498311136974e-07,1.134661808954718e-11,
-1.232528608336710e-02,-9.168685271395603e-02,-2.014140160295200e-01,3.242662094616946e-06,-2.880604903645236e-02,2.812850734730495e+00,-2.252617497820425e-05,-8.131105755904964e-01,3.703663465575289e-07,1.342765552055666e-06,1.624317946970636e-07,1.128746393684769e-05,8.106852720152366e-07,-2.203843911245320e-06,8.082941995594095e-06,2.491806765991437e-08,8.366156284872974e-08,7.628989252026500e-08,-1.122465025643999e+00,6.886704212416977e+00,4.395104282047360e-07,3.393584240905640e-05,1.212720693753085e-06,4.807521802416585e-05,9.472506778723459e-07,5.509895207319832e-09,1.184459287863941e-05,4.429859415095962e-06,5.651561491889292e-09,9.006519431898260e-09,1.662864704155753e-07,1.626019758415903e-06,9.065247507383927e-07,1.003952596569747e-06,2.590036986097987e-06,1.073084662750993e-07,2.420765279770831e-06,1.405014592450217e-06,6.732463328147950e-10,1.291877299979007e-06,3.513622778482371e-10,1.243158528706086e-12,2.687915673436974e-14,7.845574637131035e-04,5.264165762495693e-03,6.217215380697566e-05,-2.457781314363709e-04,-1.589191135254518e-04,9.233761432214489e-08,1.724430501502589e-06,5.412061044166433e-07,3.164628682563733e-05,1.702649481601825e-05,9.417528884967029e-06,4.702600427350955e-06,2.036093516011306e-11,
-1.827403284496086e-03,-1.146416069044265e-02,-3.169037879081688e-02,6.410927991438651e-06,-6.062039406088525e-03,1.827009300696112e-01,-1.687003733546180e-06,-1.526618781680611e-01,-4.221492018673390e-08,-1.815693128610397e-07,-1.642662341491316e-08,-6.548461597238472e-07,-9.498653447551964e-08,-1.874661599374408e-07,-1.084889730647971e-06,-2.391283058040561e-09,-8.453323932041005e-09,-8.140602427240799e-09,-1.518918739957710e-01,7.594002038130743e-01,-6.008315481406787e-08,-5.541074476050961e-06,-8.524876127670212e-08,-2.416214012201632e-06,-6.647850423258544e-11,-1.214695826827439e-12,-1.847476909252653e-06,-8.199698979651231e-07,-4.448299975413204e-12,-2.130541752636098e-09,-5.256683598234785e-11,-6.795122035909160e-11,-1.805184863292391e-12,-2.424671961799071e-12,-1.813769734766358e-12,-1.019359610600384e-15,-4.622683305932044e-14,2.279037508251745e-13,2.821618076176783e-19,-1.990953868648508e-14,-9.119446289158301e-11,-2.272676425851434e-14,-1.527153162435431e-15,-4.506498717904804e-04,-3.071196272872865e-03,-1.069141552106960e-05,-1.165828305591956e-05,-7.155794399255363e-06,-3.267168640818454e-10,1.540996614428290e-12,1.310356556512997e-13,3.633862329781329e-11,3.379120747681852e-11,6.574503927898212e-13,1.179174729612899e-11,1.094468959905726e-11,

