1
0
56
1
(4 0
((0,0) (7,127) (0,0))
((0,256) (7,383) (0,0))
((0,128) (7,255) (0,0))
((0,384) (7,511) (0,0))
)
4
FabOnDisk: SD_5_New_MF_D_0003 0
FabOnDisk: SD_5_New_MF_D_0001 0
FabOnDisk: SD_5_New_MF_D_0002 0
FabOnDisk: SD_5_New_MF_D_0000 0

4,56
-7.446576345715838e+00,-1.723326049684118e+01,-2.702743635445268e+01,-5.645025802946313e+00,-7.888065721957362e+00,-7.892245717589878e+00,-1.059968721775726e+00,-6.279575066520813e+02,-2.646961589191568e-01,-6.822578037106088e-01,-7.409300642671295e-02,-1.320937596583563e+01,-1.202528753202987e+01,-1.312743324214927e+00,-9.377493071067132e+00,-4.069221860733738e-01,-6.694302091944941e-02,-2.623047392788751e+00,-1.299231110318861e+02,1.300907081711045e-16,-7.907007965783840e-02,-4.767043020852466e+01,-1.618088417697738e+00,-1.947518273381074e+02,-6.663852886237519e+00,-2.417608234749363e+01,-3.791930065157894e+00,-2.847868475975742e+00,-7.645005894219781e-03,-1.905724083801921e+00,-1.573460635182796e+00,-9.370670272330717e-01,-3.695863134967713e+00,-2.137224299770559e+00,-3.075580887710555e+00,-1.960294264553167e-01,-3.236336077741156e+01,-5.169736118240353e-01,-2.923275227714665e-01,-8.360383779840646e+00,-9.440625771968848e-01,-1.502673038390828e-02,-6.161758724387332e-04,-7.686822890259722e-02,-1.694387931173966e-01,-2.053976138318153e+00,-7.185161997252144e-02,-3.881467530683317e-01,-1.295590023264377e-01,-2.466826766794751e+01,-4.972230797191603e-01,-5.472946910355306e+02,-8.395179107677913e+01,-8.641832379715385e+00,-2.337558207774552e+01,-2.487468009348959e-10,
-1.218149402235612e-02,-9.077862592672513e-02,-2.000739818247422e-01,3.409687866448051e-06,-2.855795744197698e-02,1.837747209648436e-01,-2.228172466334123e-05,-8.071593096794828e-01,-1.106838541808913e-07,-2.414025019127592e-07,-2.903095996821859e-08,-8.866493898270293e-07,-9.292467660767579e-08,-2.192964036248532e-06,-1.603526312254130e-06,-3.700171452783646e-09,-1.674109432215638e-08,-1.183703061417181e-08,-1.115029657725150e+00,7.649785119490575e-01,-9.128909227544944e-08,-6.929006946667410e-06,-2.904263846624407e-07,-5.667321346434520e-06,-1.208194386003748e-07,-8.768058317556642e-10,-2.070920104125162e-06,-8.129749473285164e-07,-2.307613399303910e-09,-1.235472436139299e-08,-1.071721957600145e-07,-2.765975862108351e-07,-3.156347950997843e-08,-1.064720379559201e-07,-1.504584633299818e-07,-2.980895120538472e-09,-1.316496025622169e-07,-6.019039735745332e-07,-3.736416649113106e-12,-5.534573557915160e-09,-9.986602421793662e-11,-8.128638097120792e-14,-2.693343207844723e-15,-1.190522661409325e-03,-8.454015351420863e-03,-1.066040447426599e-05,-2.417530356841082e-04,-1.562732117087283e-04,-1.986857589163952e-09,-1.675756085054915e-08,-2.506072322581695e-07,-4.800440010278399e-07,-5.277436377496217e-07,-5.369493411389615e-07,-1.448101333666819e-07,-1.187350218145866e-11,
-1.409470720609064e-01,-7.430822781548435e-01,-5.602015476987992e-01,-4.703124012426132e-04,-1.388037665025347e-01,4.830773001710082e-01,-2.562899820268322e-04,-3.758254218440380e+00,-3.322426583435504e-07,-4.394258967455264e-07,-7.978925041294556e-08,-3.836827780303958e-06,-8.104306196990321e-08,-2.613457946391342e-05,-5.691536343812301e-06,-1.404623131866587e-08,-7.598759868048450e-08,-5.188220671918092e-08,-4.363206262954695e+00,1.799167724845635e+00,-5.088637698526744e-08,-1.618093240344372e-06,-1.050773904516651e-06,-2.324586558299916e-05,-5.621681322674201e-07,-2.772823587328861e-09,-8.086881490056640e-08,4.763545324497031e-07,-8.498227132999324e-09,-4.969282592804037e-08,-2.868030685551796e-07,-1.782812496066325e-06,-7.823162595653339e-07,-1.449203910302613e-06,-3.288522071007806e-06,-7.007153756984484e-08,-1.670163334168624e-06,-1.373129884584574e-06,-6.219433531212923e-10,-1.584971384973318e-06,5.060331063076059e-11,-8.317333091708089e-14,-1.918460533453751e-15,-1.406064858239940e-03,-1.037067819006563e-02,4.907905261830467e-07,-1.317608833607745e-02,-9.181092756058502e-03,-7.425638084997648e-08,-2.051871776928355e-06,-8.818767115688397e-07,-3.144302224682749e-05,-1.841643192959550e-05,-9.769031238389758e-06,-5.099015219455866e-06,-2.027533696491446e-11,
-4.132447608746945e-03,-2.981217748341333e-02,-8.792342381314315e-02,2.244117698565410e-07,-1.098110231982390e-02,1.024697829720002e-01,-6.624674262429650e-06,-3.330447533151769e-01,-8.780251318053784e-08,-3.049710379432527e-07,-2.603829640718608e-08,-1.130127207901334e-06,-2.643125060476271e-07,-6.674435875159500e-07,-1.379820992108762e-06,-2.948834276341417e-09,-1.155430425164270e-08,-1.054562432944681e-08,-4.717898644449793e-01,2.516804116298333e-01,-8.158111259007603e-08,-8.248831461025357e-06,-1.468704148523413e-07,-3.417404788625752e-06,-1.414129876286307e-10,-2.585532349589368e-12,-3.710920407598532e-06,-1.245223435328315e-06,-1.310581313575361e-11,-4.466193306085100e-09,-1.538591079887020e-10,-3.061981360406168e-10,-8.530226835869923e-12,-8.695632818638971e-12,-4.427946842071697e-12,-5.947665702870870e-15,-2.911358209608247e-13,-2.362887340566295e-12,-3.120248871093720e-18,-7.354808516758523e-14,-1.014816966214601e-10,-4.947972469115509e-14,-2.489248663074709e-15,-7.161724333947895e-04,-4.953558804666992e-03,-1.278788369479550e-05,-4.290607940087259e-05,-2.690458789699716e-05,-6.925318526478029e-10,-6.114713356744726e-12,-1.520755985439319e-12,-8.759281728495068e-12,-3.388203214041819e-11,-2.063344693910316e-11,-1.212937313853114e-11,-1.249859937768605e-11,

4,56
5.481415237121577e+00,2.834292393878626e+01,4.300487492973849e+01,6.986743742853228e+00,1.323618396206718e+01,3.104002724084015e+02,6.026934882193383e-01,-2.269862423021074e-10,5.474884980644441e-01,1.330305734552470e+00,1.583791121576357e-01,2.354146308067888e+01,1.566099581342238e+01,1.708314933652624e+00,1.514989488134630e+01,3.876959642251065e-01,1.179520898231330e-01,2.707870032140620e+00,4.508703581284233e+02,2.778534739144647e+02,1.881379241194772e-01,5.892483807610304e+01,3.597297165977328e+00,2.812585970414509e+02,1.288783223780988e+01,2.556636281004083e+01,8.581877765896051e+00,3.288295945664251e+00,1.316124846697798e-02,3.746976707833674e+00,2.206805560776257e+00,1.104589362004162e+00,4.048713996671242e+00,2.242651051773084e+00,4.048592793409809e+00,2.033336597540053e-01,3.238969553049825e+01,1.235309056431815e+00,5.108269925012224e-01,7.800669395860745e+00,1.536736052472043e+00,4.135350127395809e-02,1.080691119039405e-03,8.616770896745880e-02,3.827616649389143e-01,2.501596939182784e+00,4.618029423500785e-01,7.084301707658106e-01,1.603137965062417e-01,1.605841322107819e+01,9.990046375560536e-01,1.610057920193413e+00,9.289453642258792e+01,1.401431081240921e+01,2.602180108196292e+01,1.869011612143368e-10,
-3.720865492127945e-03,-3.002012706313389e-02,-8.841209156391852e-02,7.566617646263474e-06,-1.105272973459029e-02,4.786275253756334e-01,-6.670864237612094e-06,-3.350907115567434e-01,-6.771951838386122e-08,-1.214585053308901e-07,-2.164769459690930e-08,-1.224086605481404e-07,1.402647981367704e-07,-6.721375190664869e-07,-8.970612695780075e-07,-1.526708981944173e-09,-1.127791135542995e-08,-4.033306552351431e-09,-4.746672008191014e-01,1.785221623083886e+00,-4.442794133822628e-08,-1.033866878881037e-06,-1.474019028429058e-07,-2.387134182060243e-06,4.640778743505707e-08,2.698019523383153e-10,8.818192574317028e-08,5.400135065810515e-07,5.721860506235445e-10,-4.495058758434630e-09,2.624877333151828e-08,6.264292815808582e-07,5.263073761086459e-08,1.780299751226837e-07,3.111331405455183e-07,5.812426634722011e-09,2.968353930557123e-07,8.573858516269150e-07,6.825352355335461e-12,5.103471929141514e-09,5.186517525076180e-11,-4.973520287291342e-14,-1.871438508827141e-15,-7.189944351432878e-04,-4.973732553842468e-03,3.032667551530048e-07,-4.335608926236590e-05,-2.718959418539234e-05,1.450196644927316e-10,4.107300682361005e-08,1.183370984109815e-07,1.975642604818720e-06,3.483936632378072e-06,2.879669971110546e-06,9.454886060283535e-07,1.222510981335745e-11,
-1.232588412223155e-02,-9.176609916761029e-02,-2.015324841537172e-01,3.215900703856452e-06,-2.882017778068342e-02,2.813932265051030e+00,-2.255182433336730e-05,-8.138763945629882e-01,3.715611940839673e-07,1.335028027271584e-06,1.388437239254799e-07,9.396022835167208e-06,8.109711463143945e-07,-2.207167326358189e-06,6.828651029957799e-06,2.131413752584443e-08,6.562712612564816e-08,6.252250228066667e-08,-1.123806992404041e+00,6.907365158195411e+00,4.401168415430405e-07,3.396795638937160e-05,9.241557446841598e-07,3.939865151445796e-05,8.428192214192428e-07,4.656562519991184e-09,1.184693315257433e-05,4.428412064528197e-06,6.061794140280805e-09,2.117805076232477e-09,2.273347386643860e-07,2.090148663070994e-06,8.472189151632485e-07,1.533999303159954e-06,3.555151737853309e-06,5.841958807194852e-08,1.402801246822066e-06,1.328582219486117e-06,4.898286173158582e-10,1.011967117638330e-06,3.579974506173173e-10,1.456403116258107e-12,3.213394738235685e-14,7.971303691017280e-04,5.364726510731844e-03,6.217894043987960e-05,-2.462424098639978e-04,-1.592247480498248e-04,5.731577628376059e-08,1.517778947712971e-06,5.098354336444250e-07,3.078540709919729e-05,2.115847965966651e-05,1.131824563494446e-05,5.860467772689662e-06,3.216027444352676e-11,
-1.836069561308843e-03,-1.148556103886173e-02,-3.176489049249547e-02,6.405910716664377e-06,-6.046057308094904e-03,1.826349884346275e-01,-1.692854956828552e-06,-1.528493681572151e-01,-4.218860734072342e-08,-1.815536551995089e-07,-1.642089700942367e-08,-6.550559350701214e-07,-9.437602947670260e-08,-1.880655055359209e-07,-1.084904893793825e-06,-2.391206124343140e-09,-8.450903379640994e-09,-8.142790042569862e-09,-1.526465234732412e-01,7.603791661426896e-01,-6.007626854521945e-08,-5.543818572705495e-06,-8.522597135537483e-08,-2.415935011101832e-06,-6.649488257557945e-11,-1.214989938805526e-12,-1.848149440810238e-06,-8.180773756967328e-07,-4.453995282899040e-12,-2.130883420607680e-09,-5.265135781178669e-11,-6.827670596993792e-11,-1.804068978568737e-12,-3.005751326070467e-12,-2.043522671544842e-12,7.578892462793133e-14,3.739677421619479e-12,2.514861856501007e-11,1.064727005392554e-16,-1.991410924235279e-14,-9.139470806872520e-11,-2.268476462473532e-14,-1.523921460503828e-15,-4.507943385608805e-04,-3.072180457170592e-03,-1.068441625602827e-05,-1.167102100879987e-05,-7.163499128160458e-06,-3.268586040779696e-10,-5.397608857459422e-13,3.845752666117856e-12,8.852688030411708e-12,1.307582610973764e-13,5.584282573712087e-12,3.582977494515335e-14,1.121662485115138e-11,

