1
0
63
1
(4 0
((0,0) (7,127) (0,0))
((0,256) (7,383) (0,0))
((0,128) (7,255) (0,0))
((0,384) (7,511) (0,0))
)
4
FabOnDisk: SD_0_New_MF_D_0003 0
FabOnDisk: SD_0_New_MF_D_0001 0
FabOnDisk: SD_0_New_MF_D_0002 0
FabOnDisk: SD_0_New_MF_D_0000 0

4,63
-1.232167814840504e-06,1.157556270353865e+00,1.576453354577018e-01,1.759939119140261e-20,7.137194360842915e-19,4.593637922727114e-15,1.676221052530694e-09,7.380357019380060e-07,2.997180549460776e-07,6.864321542210090e-10,2.852049121133243e-03,-4.064927452736000e-11,4.193498310299056e-24,3.255896841016894e-25,1.932542034914724e-11,1.016981362590462e-10,3.160314463570170e-20,1.655505510443434e-09,1.736247662752677e-14,1.235264482489339e-24,1.158526529758806e-11,1.036663373227972e-07,1.031034377145733e-08,-2.737780514737605e-11,1.111345858624792e-09,2.780238723709740e-21,2.461319505481250e-09,-1.563764408342134e-15,-3.953809636721565e-11,1.134035020089829e-23,1.310666602014827e-10,7.298299403440033e-18,8.247649813006486e-20,2.287874159083638e-12,-2.519941944221596e-14,1.724086137870939e-15,-4.388278940771437e-14,-3.838159431760448e-12,-3.513510521114101e-13,-1.756916898461466e-11,-7.640346570290624e-15,-2.723288147445422e-14,-6.593589334971548e-12,5.091052269994436e-14,1.153666774063179e-16,3.189623254044888e-18,1.170699333865087e-13,3.798121414673327e-14,1.576785881080310e-12,3.667607690450448e-13,6.608469412063412e-13,-7.473479766508189e-13,-3.333648006026420e-11,-1.420263829542959e-15,-6.605919480285042e-10,-2.166651346142606e-11,-7.982730279237777e-13,-2.870879760698684e-12,1.130932575020768e-01,3.650608417867606e+03,0.000000000000000e+00,4.430022707509589e+02,1.013101217189499e+05,
-1.118306270884614e-07,4.627728477240800e+00,1.469304327668599e-01,7.198742188404193e-06,6.940021850581238e-05,5.059725560758971e-04,1.327106617513813e-07,6.110813530950107e-05,1.235465373452529e-02,1.457748971096142e-08,1.323482391696696e-03,8.149642573128631e-11,3.926653566951747e-10,3.426095117310925e-11,1.509651026651009e-09,3.792069869103514e-10,1.128288651318612e-09,2.350328145864665e-09,5.142752258276200e-12,1.759773353282814e-11,1.780707215004340e-11,3.779168262532901e-03,2.305661718982080e-02,1.279836182977478e-10,1.259146553632257e-08,1.653499422510762e-10,5.012960820483047e-09,1.271406151937171e-13,2.307666488674696e-15,4.183631167308952e-09,2.192216965451299e-09,8.690243904202725e-15,3.976162626775482e-12,1.031693237628704e-13,1.255085362021794e-13,3.217422164897832e-15,5.389628323423995e-15,4.831139365253970e-15,2.344891339231488e-18,9.982429115174816e-17,-2.482978870803913e-20,2.164649458921981e-21,4.906973932858622e-17,1.388169727143230e-13,3.854405888411217e-17,2.400491910427967e-18,9.297748471731440e-07,6.348752008724796e-06,2.481986339004082e-08,2.828193777152119e-08,1.745604239019738e-08,7.239927682098386e-13,1.261884347964542e-15,-8.744531577945535e-21,-5.610988710338766e-19,-6.112781637970379e-19,-1.534854042401217e-19,-2.691911118874916e-19,1.053827787955665e-01,7.836534869114827e+03,0.000000000000000e+00,2.292104979581443e+03,1.013249534381127e+05,
-7.646244418170366e-07,4.378454658178859e+00,1.490430916271092e-01,1.040457243736755e-05,1.010984570795446e-04,5.930336686636784e-04,1.327183633216372e-07,7.158601566047054e-05,1.233953397138585e-02,2.216907219736112e-08,1.660053297656066e-03,1.368954105679939e-10,4.192362998188949e-10,5.030111163572358e-11,1.400714888975422e-09,2.002922838763453e-10,1.887154594973902e-09,2.875476087605153e-09,5.511549143445913e-12,2.611688788557561e-11,1.946618883016016e-11,4.282643668329721e-03,2.216451538474884e-02,1.330503535699900e-10,1.080893043227813e-08,2.991272884647240e-10,6.897872262821308e-09,-6.055062894166264e-18,2.512928121511275e-15,3.021955753586840e-09,1.203384348921019e-09,2.692226167614331e-14,8.746174419128140e-12,3.080174733114624e-13,-2.344530126273163e-15,-4.160933486713529e-16,-1.289701890211287e-15,-1.496401151157883e-15,-2.739431544432367e-17,-6.742830004751143e-16,-1.308599761918615e-15,-1.134913244074243e-19,-1.048570436892280e-16,5.063433277475371e-14,8.289952304146420e-17,3.065979018655422e-18,1.547897670728008e-06,1.066833394603497e-05,1.806237442233166e-08,9.432800123584142e-08,5.955727909555029e-08,1.426185350170388e-12,-3.761552709886770e-16,-1.733018520595541e-16,-1.313101380526601e-14,-7.510573022165840e-15,-8.182609407560414e-15,-2.313430738223223e-15,1.069024447865477e-01,5.971194352229186e+03,0.000000000000000e+00,2.149424359631940e+03,1.013247002328838e+05,
-6.973289402705847e-08,4.696443255659163e+00,1.460870555974071e-01,6.105203860346335e-06,5.829613387442431e-05,4.692070398588627e-04,1.349807968831525e-07,5.703406774106904e-05,1.235210412791846e-02,1.209476918196617e-08,1.183943209415905e-03,5.120720863790695e-11,2.716349589183437e-10,2.294640282924185e-11,1.087043254176613e-09,2.980126435296072e-10,8.713995925484176e-10,1.627501485678207e-09,3.545760888850656e-12,1.172247090265695e-11,1.250026778916304e-11,3.569098661282672e-03,2.344101659094536e-02,8.748438378583161e-11,9.032871236342649e-09,1.001667620177979e-10,3.366413242893258e-09,6.921878749537540e-14,1.251739962927657e-15,2.995942628840101e-09,1.623420917795344e-09,4.105321067701431e-15,2.178406002302698e-12,4.886638352256967e-14,8.163722022885049e-14,1.574957933615263e-15,3.171793645462494e-15,2.785151248188360e-15,9.631865834154531e-19,4.467975742173614e-17,1.677189705737893e-20,7.868597543721455e-22,2.130949375599717e-17,7.829256007424308e-14,1.739098030993801e-17,1.196096670560849e-18,5.876217795288873e-07,3.996462582639500e-06,1.798034830082522e-08,1.330777784722428e-08,8.136977724696453e-09,4.247694914811241e-13,6.990330129402248e-16,-1.108893600377340e-22,-1.204034123328399e-21,1.332456255151538e-27,1.033496914177189e-26,-1.950519538164872e-27,1.047756871041674e-01,7.926247009393441e+03,0.000000000000000e+00,2.331095639817330e+03,1.013249729672668e+05,

4,63
6.522816529193480e-07,4.373833441969289e+00,8.373183208225203e-01,4.984546687915366e-05,4.569557094257798e-04,9.644475111498846e-04,1.191218847447296e-04,3.523494097906690e-04,1.297126821650495e-02,2.144027246863299e-05,1.827757160882678e-01,1.385594176817247e-06,6.385222241062313e-06,7.238352336295945e-07,2.313812823797283e-04,2.578565628345402e-04,2.025552756171686e-05,5.101009194055759e-04,1.498436119550068e-05,9.553065460471639e-07,6.715333099723879e-05,1.409662768999157e-02,2.215566112745019e-02,7.815384216473556e-07,6.135893169366127e-04,2.212695527987762e-05,4.557957573940433e-03,9.959473798574896e-05,4.529833738139218e-04,3.239999313477248e-05,1.156339476856336e-04,1.307929073090209e-07,3.199307053593253e-05,3.802380200700723e-05,1.237174655058835e-05,5.826271578229439e-05,3.161105843880529e-05,4.148019405762986e-05,3.064130951089846e-06,6.540112955010975e-04,1.065672228308188e-05,3.998035895030822e-06,1.170842840566534e-04,1.695138252355027e-05,6.326888631517914e-07,1.496369393406577e-08,2.491174519977691e-06,1.758838735964161e-05,3.019157713899739e-05,1.289139270908396e-05,1.658585675053340e-05,1.625745766893718e-06,4.521254872836148e-04,9.503468947272546e-06,5.259383656141477e-02,1.658355226087455e-03,1.429360549749860e-04,4.498577200556305e-04,6.019475937303135e-01,7.508609532634079e+04,0.000000000000000e+00,2.146768726008153e+03,1.013328186334575e+05,
1.091054545957012e-07,4.696127701595914e+00,1.490165033391472e-01,1.036072742017700e-05,1.006718525205032e-04,5.919992956693810e-04,1.349617728424382e-07,7.145510610500548e-05,1.235704223980604e-02,2.206202567839285e-08,1.655938454041757e-03,1.363330375113955e-10,5.320184985853293e-10,5.016846868861247e-11,1.899004830818481e-09,4.056055672001132e-10,1.876528874693903e-09,3.216643078244371e-09,6.984358857942649e-12,2.604500903336218e-11,2.346618540792911e-11,4.276569680537172e-03,2.343914170660348e-02,1.757864834379279e-10,1.579836827218140e-08,2.976433954068877e-10,7.199250766032735e-09,2.930248435962869e-13,5.293770198480372e-15,5.170320533846036e-09,2.497373536014363e-09,2.663516895152257e-14,8.684830095695765e-12,3.147052489769075e-13,1.495154504297872e-13,7.443578675870790e-15,9.348230747848919e-15,9.317832296102455e-15,9.251602102798021e-18,3.373379034408302e-16,6.906239420484075e-18,1.136505275921969e-20,1.823883312175429e-16,1.792670310033441e-13,8.245538882422493e-17,4.137444333470535e-18,1.541498113148778e-06,1.062305404933080e-05,3.012938172292732e-08,9.315941252711189e-08,5.880318521028734e-08,1.417539427936029e-12,2.816150977373606e-15,2.460338258061873e-19,3.703016381243114e-15,1.327379904729373e-14,1.149880172341175e-14,3.581480719273390e-15,1.068833077393833e-01,7.930272671476837e+03,0.000000000000000e+00,2.330917571133632e+03,1.013250360936064e+05,
5.479751611069286e-07,4.626899300734989e+00,1.574745500810940e-01,2.817078398236657e-05,2.612831904500688e-04,8.488184772764936e-04,1.880784188584382e-07,1.102907736343090e-04,1.235708806024522e-02,7.042083894526885e-08,2.830664852114986e-03,1.957617941700330e-10,5.608542928468878e-10,5.838858733065348e-11,1.933667531129964e-09,3.970393727736135e-10,6.739821961474232e-09,3.469897619766466e-09,7.352072202688713e-12,3.076993032445124e-11,2.447601321090845e-11,5.898041704603571e-03,2.305218416866171e-02,1.853472875388879e-10,1.600499111002634e-08,5.174666479557343e-10,8.065551048967139e-09,1.139474675085500e-12,1.992087781246627e-14,5.193519165015908e-09,2.485531406476123e-09,1.787658644462215e-13,2.204271333218606e-11,2.242813962227108e-12,2.459519019530247e-12,3.593905199102748e-13,7.275648642205992e-13,1.154596028601898e-12,4.309134535176323e-14,1.001873588097342e-12,2.743612853391553e-13,1.454217290708572e-16,1.790699002251469e-13,1.784995321071645e-13,1.169214652941894e-16,4.509530281171965e-18,2.489204226282674e-06,1.756825561053463e-05,3.021658147730810e-08,1.488085466964002e-06,1.009895996614550e-06,3.631845130901521e-12,8.067378811614467e-13,8.970435329041432e-14,1.418257775030400e-11,7.914733366432701e-12,6.896532047597833e-12,2.161434427353898e-12,1.129703631011548e-01,7.834498253229588e+03,0.000000000000000e+00,2.291620030976930e+03,1.013251955773134e+05,
5.586973504775117e-08,4.726139434868601e+00,1.469210645777665e-01,7.185722514502122e-06,6.926952796675659e-05,5.055619007204048e-04,1.366654209120665e-07,6.106104498788077e-05,1.235463642979960e-02,1.454778782736029e-08,1.321943067407323e-03,8.119075374373711e-11,3.916058917801325e-10,3.415603507994274e-11,1.506203664912044e-09,3.786940469433891e-10,1.125266350571115e-09,2.343959432029238e-09,5.128719386973930e-12,1.754283628568463e-11,1.776191508835820e-11,3.776839851476687e-03,2.361078664969156e-02,1.276248369301704e-10,1.256257372541133e-08,1.646708989835801e-10,4.997983072301137e-09,1.264684155645305e-13,2.295431601646784e-15,4.174067841602185e-09,2.188059299498245e-09,8.631301868582334e-15,3.955740885554739e-12,1.024728156937313e-13,1.251704100104761e-13,3.198741288124952e-15,5.368166966921552e-15,4.810541497183383e-15,2.328429606405783e-18,9.916000510642093e-17,5.430942469928427e-20,2.145401179422478e-21,4.870764892978187e-17,1.383136668600673e-13,3.830988628888684e-17,2.388479381024480e-18,9.263803683258006e-07,6.325296393908790e-06,2.476646410544666e-08,2.808686667538786e-08,1.733383636312195e-08,7.207577874601249e-13,1.255481927440366e-15,1.601817540429017e-22,2.472137528644825e-21,2.501449802825202e-19,5.419324110665935e-19,5.476981614284078e-20,1.053760471971061e-01,7.951198148676001e+03,0.000000000000000e+00,2.346982676389636e+03,1.013250233345932e+05,

