1
0
63
1
(4 0
((0,0) (7,127) (0,0))
((0,256) (7,383) (0,0))
((0,128) (7,255) (0,0))
((0,384) (7,511) (0,0))
)
4
FabOnDisk: SD_0_Old_MF_D_0003 0
FabOnDisk: SD_0_Old_MF_D_0001 0
FabOnDisk: SD_0_Old_MF_D_0002 0
FabOnDisk: SD_0_Old_MF_D_0000 0

4,63
-5.126669900623150e-07,1.060266529840001e+00,1.576448572078567e-01,2.094716016744084e-20,8.465151743225814e-19,5.266325800255990e-15,1.922156303788778e-09,8.132031889346977e-07,3.419094141270448e-07,7.873395267085732e-10,2.852031847316920e-03,0.000000000000000e+00,5.432429755350135e-24,4.234282910411936e-25,2.208762647771292e-11,1.081950812597138e-10,3.787014327351598e-20,1.676696883427532e-09,2.055296570886686e-14,1.622827961455338e-24,1.178711040858314e-11,1.188820249456644e-07,1.193008798155715e-08,0.000000000000000e+00,1.283237504287013e-09,3.690130628595893e-21,2.937141537054405e-09,5.933374310521515e-20,0.000000000000000e+00,1.468420959279340e-23,1.524345053378747e-10,8.682151306348399e-18,1.065143114383528e-19,2.288506625855097e-12,1.468399956694419e-16,1.151506414961458e-15,8.853791790600858e-16,0.000000000000000e+00,0.000000000000000e+00,0.000000000000000e+00,0.000000000000000e+00,0.000000000000000e+00,0.000000000000000e+00,5.251869886270002e-14,1.190556234988257e-16,3.298453973284004e-18,1.378555647299741e-13,4.472652471984671e-14,1.857025008913067e-12,4.319617696819435e-13,7.783291946761650e-13,0.000000000000000e+00,0.000000000000000e+00,0.000000000000000e+00,0.000000000000000e+00,0.000000000000000e+00,0.000000000000000e+00,0.000000000000000e+00,1.130929986103006e-01,3.698048259509374e+03,0.000000000000000e+00,4.430026676407883e+02,1.013013980690487e+05,
-8.790567619411447e-08,4.529657114277827e+00,1.469307904702918e-01,7.199306719941421e-06,6.940557144629564e-05,5.059897739204063e-04,1.327095411035673e-07,6.111033590377832e-05,1.235465009870452e-02,1.457868894067915e-08,1.323531178707802e-03,8.150458714512210e-11,3.926863146361393e-10,3.426331759783384e-11,1.509706193271511e-09,3.792076640133064e-10,1.128397921105907e-09,2.350457004101772e-09,5.143037094966730e-12,1.759899958249649e-11,1.780787140719378e-11,3.779230731315837e-03,2.305658630802668e-02,1.279907421601520e-10,1.259187327128554e-08,1.653666545452461e-10,5.013240022595874e-09,1.271599998933919e-13,2.308017972264733e-15,4.183766869562842e-09,2.192253921688918e-09,8.692039070690967e-15,3.976687609250267e-12,1.031907890616116e-13,1.255068402476602e-13,3.217794549440396e-15,5.389838952077936e-15,4.831504148247392e-15,2.344813855484811e-18,9.982813211804134e-17,0.000000000000000e+00,2.165059818648086e-21,4.907997195804532e-17,1.388150860504241e-13,3.854749600701504e-17,2.400595032367350e-18,9.298464076874165e-07,6.349251682793429e-06,2.482026524174389e-08,2.828787153368513e-08,1.745977753871304e-08,7.240752812021902e-13,1.262095179146618e-15,0.000000000000000e+00,0.000000000000000e+00,0.000000000000000e+00,0.000000000000000e+00,0.000000000000000e+00,1.053830414304316e-01,7.836381586418917e+03,0.000000000000000e+00,2.292098078403410e+03,1.013249553550748e+05,
-3.669091936203808e-07,4.280286099444289e+00,1.490434270607167e-01,1.040531741113546e-05,1.011050301262165e-04,5.930506109617914e-04,1.327173156432825e-07,7.158857272866212e-05,1.233974125839597e-02,2.217069071763503e-08,1.660091749874750e-03,1.368928228466723e-10,4.191566196786319e-10,5.029880753019841e-11,1.400454201058782e-09,2.002544367136390e-10,1.887283461982555e-09,2.874963566529323e-09,5.510546489239073e-12,2.611574283374394e-11,1.946204824674874e-11,4.282692290945558e-03,2.216386093787133e-02,1.330270181794077e-10,1.080665735410640e-08,2.991219011780877e-10,6.896473459691101e-09,3.784779013142370e-15,2.824566271992534e-15,3.021177590618817e-09,1.203049933887519e-09,2.693878913701487e-14,8.746152292544380e-12,2.988161818945005e-13,0.000000000000000e+00,0.000000000000000e+00,0.000000000000000e+00,0.000000000000000e+00,0.000000000000000e+00,0.000000000000000e+00,0.000000000000000e+00,0.000000000000000e+00,0.000000000000000e+00,5.180485751466976e-14,8.289190755035351e-17,3.106183441151900e-18,1.547841969625487e-06,1.066796786495914e-05,1.805710784273904e-08,9.433638588857388e-08,5.956282019789097e-08,1.426172892167168e-12,0.000000000000000e+00,0.000000000000000e+00,0.000000000000000e+00,0.000000000000000e+00,0.000000000000000e+00,0.000000000000000e+00,1.069026921529486e-01,5.974102088299835e+03,0.000000000000000e+00,2.149418081528852e+03,1.013247357783115e+05,
-7.687006797945034e-08,4.598380962975807e+00,1.460868722349241e-01,6.104027561774029e-06,5.828522751826377e-05,4.691646088928580e-04,1.349790634619995e-07,5.702844281606987e-05,1.235208938101391e-02,1.209260962991439e-08,1.183866680215390e-03,5.120660798595936e-11,2.716644113642956e-10,2.294798410035150e-11,1.087215135306161e-09,2.980881193822606e-10,8.712074058710375e-10,1.627696329569415e-09,3.546125633984111e-12,1.172326626806270e-11,1.250229816201916e-11,3.568866862423377e-03,2.344096774264217e-02,8.749191521191278e-11,9.034332105762186e-09,1.001643958114765e-10,3.366721651251201e-09,6.921071334713127e-14,1.251602522658395e-15,2.996416879248443e-09,1.623750517380813e-09,4.104243883102348e-15,2.178248160120685e-12,4.885390210689952e-14,8.165389308075027e-14,1.574943425228806e-15,3.172090980978760e-15,2.785121228487682e-15,9.628628024363674e-19,4.466986744842384e-17,1.371374337948976e-20,7.865277673649651e-22,2.130451170753755e-17,7.832144029385978e-14,1.739362427855499e-17,1.196392554108039e-18,5.876359550291804e-07,3.996549601671708e-06,1.798334788270219e-08,1.330479468287528e-08,8.135120026973025e-09,4.247502264443015e-13,6.989406430881254e-16,0.000000000000000e+00,0.000000000000000e+00,0.000000000000000e+00,8.542073189829658e-27,0.000000000000000e+00,1.047756066373665e-01,7.926309577959045e+03,0.000000000000000e+00,2.331087720474182e+03,1.013249739954271e+05,

4,63
4.396942298170639e-07,4.275659911027502e+00,8.373164831291722e-01,4.993071836935373e-05,4.578656828185949e-04,9.652359137838865e-04,1.192770756294529e-04,3.497975781265989e-04,1.298206383001549e-02,2.144052189229812e-05,1.827752590257086e-01,1.376177345820204e-06,6.343857470442434e-06,7.213696877943877e-07,2.315961970113733e-04,2.571008468108507e-04,2.029829632636009e-05,5.104000335596689e-04,1.496627967933302e-05,9.535218774850035e-07,6.718270503066641e-05,1.407784647708899e-02,2.215492420496457e-02,7.691214719267020e-07,6.089155586975564e-04,2.208122784045992e-05,4.545589278628848e-03,9.988615433495782e-05,4.516024645600562e-04,3.227355141735879e-05,1.156513242738294e-04,1.309299150606456e-07,3.191378842114013e-05,3.807283264810550e-05,1.232077647299357e-05,5.795617564309760e-05,3.148312777190727e-05,4.133681092816095e-05,3.075620673328694e-06,6.526811107157079e-04,1.066788699025542e-05,3.968424795059398e-06,1.172751718821331e-04,1.678201810542953e-05,6.296683353165746e-07,1.483275011351735e-08,2.490746357143110e-06,1.758546902643121e-05,3.007361263610401e-05,1.286576054937112e-05,1.658128685608015e-05,1.615516191862969e-06,4.535197994800751e-04,9.540476021506697e-06,5.259376394214053e-02,1.653990486849549e-03,1.422221496461035e-04,4.483348869384502e-04,6.019461480481986e-01,7.522257352312848e+04,0.000000000000000e+00,2.146764880312992e+03,1.013290374209303e+05,
8.864441802456723e-08,4.598066724472950e+00,1.490168719687393e-01,1.036152210633823e-05,1.006789435721458e-04,5.920175495639280e-04,1.349600248888924e-07,7.145780339469267e-05,1.235704498889157e-02,2.206377089738345e-08,1.655981675838250e-03,1.363308436770336e-10,5.319855421267500e-10,5.016621783945885e-11,1.898862344868046e-09,4.055663424083928e-10,1.876668964792898e-09,3.216454207281752e-09,6.983929081263134e-12,2.604389830932465e-11,2.346452785048556e-11,4.276625119141005e-03,2.343910355442693e-02,1.757757799589570e-10,1.579710557802310e-08,2.976389132922782e-10,7.198830373099929e-09,2.930236189583493e-13,5.294491402846248e-15,5.169873843607023e-09,2.497021756980233e-09,2.664154383097129e-14,8.684855262884000e-12,3.149244404748339e-13,1.480189230297036e-13,7.091617715727412e-15,8.719717919247517e-15,8.521209926683710e-15,8.515619748979184e-18,3.057234487494231e-16,9.230107957762571e-19,1.039749389394547e-20,1.645427018801619e-16,1.792070325282894e-13,8.244801108474914e-17,4.136904095750311e-18,1.541445449297167e-06,1.062271030810497e-05,3.012647827964601e-08,9.316879511992630e-08,5.880936600281707e-08,1.417539314359405e-12,2.784906811117001e-15,5.142814018233108e-21,2.473613819710214e-16,6.228161385502091e-16,4.337168115722138e-16,1.695480932863098e-16,1.068835779799786e-01,7.930187983404327e+03,0.000000000000000e+00,2.330910891074164e+03,1.013250341754238e+05,
3.977807658233993e-07,4.528829634832917e+00,1.574743230010181e-01,2.817595460968901e-05,2.613125743536961e-04,8.488695310756523e-04,1.880913783337335e-07,1.103052261337172e-04,1.235709476755019e-02,7.042967696677039e-08,2.830666670674220e-03,1.957338881985065e-10,5.607810768282747e-10,5.838046951350084e-11,1.936462839379359e-09,3.969985690916108e-10,6.741021921983410e-09,3.469372479589424e-09,7.351131574519176e-12,3.076617515052940e-11,2.447280060122994e-11,5.898248781496232e-03,2.305215662309124e-02,1.853243290489174e-10,1.600324998943720e-08,5.174091520142116e-10,8.064226120216656e-09,1.139212047752088e-12,1.991978058809557e-14,5.192974317568639e-09,2.485279881130030e-09,1.787777466507031e-13,2.203864890004911e-11,2.243059901560908e-12,1.828890179748705e-12,3.365277825950416e-13,1.075324582727650e-12,1.374673319331519e-12,3.164747550192374e-14,7.435153259158783e-13,1.099191327970769e-12,1.200670281274281e-16,1.525603586043997e-13,1.784660788371770e-13,1.168974707202225e-16,4.508369493233864e-18,2.488793281066208e-06,1.756547084374699e-05,3.021366377606201e-08,1.488204866484800e-06,1.009989588524672e-06,3.631529354705071e-12,6.979804502135355e-13,2.845803548376583e-13,1.262988501306543e-11,1.018564545216906e-11,9.981891942435108e-12,2.763751396581655e-12,1.129702766838199e-01,7.834360245609115e+03,0.000000000000000e+00,2.291613713018326e+03,1.013250948601447e+05,
5.501845532391258e-08,4.628102615117610e+00,1.469214965618538e-01,7.186338734677160e-06,6.927546642231126e-05,5.055808045726598e-04,1.366683815243089e-07,6.106339983467502e-05,1.235463448585004e-02,1.454913377187247e-08,1.322002505435804e-03,8.120084171547958e-11,3.916347790211432e-10,3.415913473646176e-11,1.506286160298878e-09,3.786993350830351e-10,1.125390893105424e-09,2.344134924622759e-09,5.129105524929928e-12,1.754448079159740e-11,1.776307843297223e-11,3.776916454631720e-03,2.361106654895887e-02,1.276347312420172e-10,1.256324036719094e-08,1.646926308667025e-10,4.998388898462716e-09,1.264923158952955e-13,2.295866277249415e-15,4.174285402073369e-09,2.188136125046083e-09,8.633466275941277e-15,3.956415983693769e-12,1.024986615596608e-13,1.251707186990815e-13,3.199262912083524e-15,5.368794315970967e-15,4.811255158196273e-15,2.329168125526397e-18,9.918697521290516e-17,3.690468471769060e-20,2.146215567948691e-21,4.872170767952087e-17,1.383146971835376e-13,3.831456249060651e-17,2.388647074698332e-18,9.264793750384740e-07,6.325985167157118e-06,2.476742732955940e-08,2.809408816912540e-08,1.733837743239027e-08,7.208641175830463e-13,1.255707943178023e-15,1.555025882217595e-22,2.411862326816588e-21,2.059644786334168e-19,7.143733476826787e-19,3.791652824325082e-20,1.053763658918116e-01,7.950023940003093e+03,0.000000000000000e+00,2.346989497753496e+03,1.013250198446640e+05,

