1
0
56
1
(4 0
((0,0) (7,127) (0,0))
((0,256) (7,383) (0,0))
((0,128) (7,255) (0,0))
((0,384) (7,511) (0,0))
)
4
FabOnDisk: SD_5_New_MF_D_0003 0
FabOnDisk: SD_5_New_MF_D_0001 0
FabOnDisk: SD_5_New_MF_D_0002 0
FabOnDisk: SD_5_New_MF_D_0000 0

4,56
-7.500708633894553e+00,-1.755928215133573e+01,-2.709188334875065e+01,-5.820684372750716e+00,-7.970040091691015e+00,-8.427237001116559e+00,-1.067188190733021e+00,-6.263945507624708e+02,-2.382224065737774e-01,-7.310337256380296e-01,-7.972471179099801e-02,-1.346879730366227e+01,-1.175613616404194e+01,-1.394557925927685e+00,-9.632213678847448e+00,-4.328666142947563e-01,-6.877253185534166e-02,-2.620397734370877e+00,-1.329378800535891e+02,3.226477245099613e-15,-7.681444924585792e-02,-4.635466662761887e+01,-1.712240678953892e+00,-1.925034486594058e+02,-7.386386476770262e+00,-2.364347523995322e+01,-4.213590525397756e+00,-2.909128396771510e+00,-8.457233615819017e-03,-1.958532093090459e+00,-1.591005986378837e+00,-9.137408904104785e-01,-3.671386478145944e+00,-2.134199763747609e+00,-3.151809537257122e+00,-2.113143812561069e-01,-3.224653048475537e+01,-4.461123519924604e-01,-2.988286073824350e-01,-8.521294510192488e+00,-8.240538420046386e-01,-1.383015687343340e-02,-5.661576794811209e-04,-7.897102549422032e-02,-1.566605321531616e-01,-2.099671689650177e+00,-7.153187496060180e-02,-3.794050839173064e-01,-1.341154406603491e-01,-2.487275935268013e+01,-4.462140814821756e-01,-5.584036463642718e+02,-8.636318581584767e+01,-8.821881058826412e+00,-2.402024001648357e+01,-1.548983163957018e-10,
-1.232561194644711e-02,-9.047405576634010e-02,-1.996080841490668e-01,3.670764047347443e-06,-2.858569744445759e-02,1.856814295773715e-01,-2.212435671432480e-05,-8.008253842868428e-01,-1.083315773199753e-07,-2.294472118270102e-07,-2.479390717829964e-08,-7.326749772159523e-07,-1.010976753318640e-07,-2.172285280340143e-06,-1.355684446694057e-06,-2.976336802647851e-09,-1.321133024530762e-08,-9.554113813142527e-09,-1.100805310918978e+00,7.517079616385408e-01,-7.638747787528198e-08,-6.048825324845471e-06,-2.851621717889203e-07,-3.344718114655500e-06,-4.469886471126605e-10,-8.203119606997976e-12,-2.051423371557532e-06,-8.439281586741273e-07,-6.159501859444499e-11,-1.211176050419181e-08,-7.652750003228589e-10,-5.467216521023776e-10,-8.713481962224699e-12,-6.182073783995829e-12,-1.083642384591598e-11,-3.233875114288252e-14,-1.967786456203806e-12,-9.408482236530814e-11,-8.908288919028476e-16,-4.219744552985638e-12,-9.977360403900192e-11,-8.119551516587856e-14,-2.624249253389018e-15,-1.187741422855463e-03,-8.431550991827281e-03,-1.081759001917890e-05,-2.386700368652811e-04,-1.542490624249904e-04,-1.680822774820318e-09,-8.957378016458147e-11,-3.242117129073408e-11,-1.777022005117973e-09,-1.464282413323873e-09,-5.408241723379513e-11,-4.051192741284797e-10,-1.385008774335006e-11,
-1.413141348644062e-01,-7.320809067006858e-01,-5.547424638930581e-01,-4.574712304630222e-04,-1.409725310737243e-01,4.843427483699117e-01,-2.512100934204865e-04,-3.703537641228182e+00,-1.485803853239369e-07,-1.311915144149164e-07,-3.373029196548356e-08,-1.250334982529210e-06,1.337386994660872e-07,-2.555361793889148e-05,-1.184888353969814e-06,-2.761527700087247e-09,-2.214323596898471e-08,-7.328463584459967e-09,-4.208515700958045e+00,1.776199661840742e+00,-4.611643145677664e-08,-1.186818135947054e-06,-6.186942332532419e-07,-1.156752238640599e-05,-3.327493840367870e-07,-2.783323801395691e-09,5.899533106675450e-08,5.279836134639680e-07,-4.413106713005902e-09,-2.410344865538626e-08,-1.625383048471695e-07,-9.412576666554033e-07,-1.201983036707058e-07,-4.000669922806112e-07,-4.956946625474957e-07,-3.424925448689007e-08,-7.374193122374514e-07,-9.332510204488625e-07,-1.206579651038513e-10,-9.753155409401385e-08,-8.304329515102973e-10,-2.564927987626384e-12,-6.916146617306522e-14,-1.402750663834367e-03,-1.034180613388003e-02,2.899111761304406e-07,-1.275478275332699e-02,-8.892099214858600e-03,-1.821669317997102e-08,-6.869649928724285e-07,-2.549659022505228e-07,-1.069676414646139e-05,-4.369739708621267e-06,-2.898657189287705e-06,-1.232522229354959e-06,-1.540448324455213e-11,
-4.280185169944898e-03,-2.978084415924042e-02,-8.759253996681948e-02,-7.859926042244543e-07,-1.105242790006085e-02,1.007726433324273e-01,-6.567724991018517e-06,-3.305700993014196e-01,-8.464874104027642e-08,-3.021678221523089e-07,-2.572090901922112e-08,-1.132110432849033e-06,-2.708968972253286e-07,-6.621789628674920e-07,-1.406526369879208e-06,-3.003606386768309e-09,-1.172950133939604e-08,-1.086385544646397e-08,-4.640368612613622e-01,2.452165172752142e-01,-8.139113791850105e-08,-8.330886978811340e-06,-1.479296846435830e-07,-3.391995846651874e-06,-1.478497560299918e-10,-2.687637331328259e-12,-3.666985857474534e-06,-1.292737942180962e-06,-1.304896472421056e-11,-4.460385131235451e-09,-1.542341171996851e-10,-8.099452410905249e-11,-4.013649539430086e-12,-4.667091594109672e-12,-5.182714340165633e-12,-9.036005053174035e-15,-2.701465921339385e-13,-2.429813443175700e-13,-1.564122442322300e-18,-8.261823901105671e-14,-9.965832679138459e-11,-4.887667918265092e-14,-2.462311027530552e-15,-7.152353423285608e-04,-4.945823389916437e-03,-1.313145796370272e-05,-4.243910044454684e-05,-2.660915484185126e-05,-6.895860525477702e-10,-1.420759707024163e-12,-9.280851857879036e-14,-1.009217785087108e-12,-1.097451099520845e-13,-1.360360385840253e-13,-2.676702135077192e-14,-1.183749973043824e-11,

4,56
5.429593605676589e+00,2.997052570875589e+01,4.360715667595568e+01,7.289857651338579e+00,1.345878673555142e+01,3.122409046034754e+02,6.257606634887811e-01,-1.248763287220456e-09,5.880339117214473e-01,1.371405802124582e+00,1.570929634957091e-01,2.544820878699820e+01,1.547542136869773e+01,1.850198728733735e+00,1.525472432071806e+01,4.158847911107621e-01,1.241384341350004e-01,2.741423860595957e+00,4.530200364721663e+02,2.790130494098968e+02,1.746807014005253e-01,5.827511596358210e+01,3.725604230375227e+00,2.945152746892367e+02,1.180755246300560e+01,2.464099598603530e+01,8.629523110939097e+00,3.444366909946452e+00,1.500812761482462e-02,3.837493353825298e+00,2.139776823794775e+00,1.073218981355476e+00,4.055697560890727e+00,2.233749754456230e+00,4.054348173903802e+00,2.104421812654063e-01,3.198070118767838e+01,1.194418513007931e+00,5.187352101910158e-01,7.820832604915389e+00,1.395994068821192e+00,3.815479309913143e-02,9.729838657385417e-04,8.347406529397196e-02,3.716296698033936e-01,2.463905782873997e+00,4.633715038858096e-01,6.944320987638191e-01,1.897779457134815e-01,1.561912001600136e+01,9.065957822652566e-01,3.006873335151499e-01,9.320655190465588e+01,1.442894649990505e+01,2.616341917126976e+01,2.023767819991917e-10,
-3.890760253255216e-03,-2.997868804609785e-02,-8.801453165879865e-02,7.775389272580739e-06,-1.112062587485427e-02,4.798891724974899e-01,-6.605034914255381e-06,-3.323629089254430e-01,-6.898334744767819e-08,-1.335036540337300e-07,-2.216854926416527e-08,-1.834063210832698e-07,1.304652953806577e-07,-6.663583758055266e-07,-9.694937078227211e-07,-1.770129885310094e-09,-1.167334249763548e-08,-4.833935963232285e-09,-4.662421595987784e-01,1.762773658838099e+00,-4.712153486620191e-08,-1.287608641665135e-06,-1.486945167022408e-07,-2.865802353324380e-06,-1.484787084542146e-10,-2.706533725143719e-12,1.295259544894293e-08,5.064130788747760e-07,-1.317282392169386e-11,-4.491235622752744e-09,-1.556925834223427e-10,1.027482764579926e-09,1.142159269210072e-10,4.459252265443472e-10,6.914290360190348e-10,6.222930015554254e-12,1.089438139523834e-10,5.144807371808605e-11,1.704259222138036e-14,1.001507100611291e-11,4.867722969423710e-11,-4.921570750470492e-14,-1.910226807274211e-15,-7.179420753375439e-04,-4.965050395217798e-03,1.043978512862662e-07,-4.284065040253928e-05,-2.686079245526340e-05,-6.932983860234402e-10,7.086193493763998e-11,5.918071497885649e-12,1.915675458701102e-09,7.489896261074900e-09,7.094315393060423e-09,2.017631999186245e-09,1.185335163356172e-11,
-1.247197015482940e-02,-9.142563827942451e-02,-2.009838589035923e-01,3.475862202953829e-06,-2.885126071927518e-02,2.833577598807858e+00,-2.238469815581343e-05,-8.074704231330312e-01,3.576204966007026e-07,1.300466671514013e-06,1.182826860804111e-07,4.228314977418319e-06,6.368435117004043e-07,-2.197512997307574e-06,6.716924083522107e-06,1.600937788088743e-08,5.599289020902656e-08,4.551547653236107e-08,-1.109254521973065e+00,6.664366895332596e+00,4.347969843116750e-07,3.339707307624065e-05,4.323692737132586e-07,1.686510579685345e-05,3.004022056130382e-07,2.431357809979510e-09,1.164540731779890e-05,4.372029269420233e-06,2.315772286007262e-09,3.284892810235745e-11,9.739743333435914e-08,8.644322156662687e-07,6.353214171680917e-08,2.226597766654220e-07,3.772403455834597e-07,2.215874452618099e-08,5.196259493059404e-07,7.246628540187924e-07,1.083449873584253e-10,7.587114361422744e-08,3.377379353590135e-10,1.155263417155235e-13,8.303262733774079e-15,7.238830806935568e-04,4.728101162882706e-03,6.128066459868637e-05,-2.430716534304660e-04,-1.571454335149636e-04,1.571749459433354e-08,4.693713256805098e-07,3.628282070408294e-07,8.559384703048884e-06,3.367550499497670e-06,1.659063708314853e-06,9.591008519037008e-07,1.344374611633725e-11,
-1.747574717897828e-03,-1.057229110365387e-02,-2.794353151380541e-02,6.430894387577834e-06,-5.992002399853306e-03,1.844837355237896e-01,-1.473555532989538e-06,-1.539400460428760e-01,-4.231084665886545e-08,-1.806810619097971e-07,-1.640796498306743e-08,-6.467051743501937e-07,-9.318061149066912e-08,-1.707857436750637e-07,-1.077314419316011e-06,-2.379263194256497e-09,-8.443046829787187e-09,-8.039375236622231e-09,-1.485461814019095e-01,7.481679439674597e-01,-5.999752215563314e-08,-5.481382266726086e-06,-8.548402760672388e-08,-2.417423762802654e-06,-6.579273059545827e-11,-1.203327629525741e-12,-1.829481388622340e-06,-8.155622187265051e-07,-4.328796653804812e-12,-2.129156940079278e-09,-5.082554723174938e-11,-5.825163344724788e-11,-1.786979639043248e-12,-3.003096080611151e-12,-2.529611782908107e-12,-9.763697977800196e-16,-4.497545278328683e-14,7.125261045006481e-13,1.790467385293316e-18,-1.947112338477292e-14,-8.590924691487943e-11,-2.271390352733601e-14,-1.538548374404971e-15,-4.500619248754771e-04,-3.066640820334881e-03,-1.058688049841507e-05,-1.128965942492198e-05,-6.930404131517974e-06,-3.240139450012938e-10,-5.257915606841279e-13,1.322559738136980e-13,2.176537156007678e-12,1.809371157102677e-15,1.560440871136536e-16,4.713479026923651e-16,1.143496408673172e-11,

