1
0
56
1
(4 0
((0,0) (7,127) (0,0))
((0,256) (7,383) (0,0))
((0,128) (7,255) (0,0))
((0,384) (7,511) (0,0))
)
4
FabOnDisk: SD_5_Old_MF_D_0003 0
FabOnDisk: SD_5_Old_MF_D_0001 0
FabOnDisk: SD_5_Old_MF_D_0002 0
FabOnDisk: SD_5_Old_MF_D_0000 0

4,56
-7.526533428052320e+00,-1.768475376327215e+01,-2.698058168703161e+01,-5.832783355473386e+00,-7.985644842977337e+00,-8.533854397200930e+00,-1.080319370957662e+00,-6.262680202468393e+02,-2.344097162993211e-01,-7.350600651020541e-01,-8.073072341368612e-02,-1.351978200606972e+01,-1.169602240656697e+01,-1.398965165655012e+00,-9.665373859326673e+00,-4.387821695927510e-01,-6.865520833547896e-02,-2.646267963068624e+00,-1.335669147687889e+02,4.344181264714919e-15,-7.785572720360331e-02,-4.595914251745451e+01,-1.729435927125832e+00,-1.913159415937837e+02,-7.354991679725125e+00,-2.358008324766368e+01,-4.252024914559146e+00,-2.898588083177793e+00,-8.582273696946656e-03,-1.966191756207413e+00,-1.595525290085747e+00,-9.048064675307526e-01,-3.636725695057518e+00,-2.114157617439773e+00,-3.160050439535445e+00,-2.126069393618858e-01,-3.212298950044936e+01,-4.564647445800226e-01,-2.997669821012113e-01,-8.477828272102313e+00,-8.096988685223669e-01,-1.398079857031238e-02,-5.647324530211627e-04,-7.817029271050556e-02,-1.553814650366604e-01,-2.087639977224339e+00,-7.152634844662470e-02,-3.772514377996908e-01,-1.344126425981300e-01,-2.502116506464121e+01,-4.466929279189251e-01,-5.531903231791207e+02,-8.567703530339975e+01,-8.730722439888442e+00,-2.385128980211215e+01,-1.432027829650906e-10,
-1.236394313632470e-02,-9.049657179959245e-02,-1.996041266940253e-01,3.686886038629997e-06,-2.860900844132343e-02,1.859318407214622e-01,-2.211808380873284e-05,-8.004310145008777e-01,-1.086688864449695e-07,-2.305900658324564e-07,-2.486976625559871e-08,-7.365685535593255e-07,-1.016532829574412e-07,-2.171596913219301e-06,-1.361206181430526e-06,-2.987741797869811e-09,-1.324994545604626e-08,-9.594630153549140e-09,-1.099293618564430e+00,7.503780937666521e-01,-7.670634433475615e-08,-6.079248708839522e-06,-2.855601049886995e-07,-3.351527964907977e-06,-6.839913808617935e-10,-1.081903664949938e-11,-2.064346164918327e-06,-8.484205567897637e-07,-6.327284544365632e-11,-1.211906635010739e-08,-8.181741075699431e-10,-7.768005578108413e-10,-1.959203917124527e-11,-5.499124166326325e-12,-6.977036375702868e-12,-2.107410085161149e-14,-6.339134036781079e-13,-7.868425843716108e-12,-1.465889662734943e-15,-3.628110668374040e-13,-9.937183395673039e-11,-8.120401759257219e-14,-2.612983212463043e-15,-1.187780840047316e-03,-8.431698776751725e-03,-1.085258554231635e-05,-2.385508973674281e-04,-1.541721085956561e-04,-1.667117446710024e-09,-3.655034385835050e-12,-3.174150264491694e-12,-3.494053975261510e-12,-4.712208923928479e-12,-1.450603834088840e-09,-1.253866050972032e-12,-1.295277773927239e-11,
-1.415846795764756e-01,-7.314145923993713e-01,-5.531672266446722e-01,-4.573196151653936e-04,-1.410218160839725e-01,4.848854224223927e-01,-2.510231321166372e-04,-3.704796550381064e+00,-1.562889756687642e-07,-1.595849037897738e-07,-3.418467138157590e-08,-1.056741409076247e-06,6.118018189218279e-08,-2.548926711083342e-05,-1.977945127891961e-06,-3.090288985724819e-09,-2.570645628521383e-08,-1.083135382826388e-08,-4.203847082691279e+00,1.773835734625099e+00,-6.014103122083866e-08,-2.251189104522222e-06,-5.639434757587926e-07,-1.018127236237497e-05,-2.449453252736657e-07,-2.134858301768003e-09,5.196988261519582e-08,5.242064026840065e-07,-2.923810174919388e-09,-2.434685335873383e-08,-2.209545980467975e-07,-9.176948491278968e-07,-1.485149782862860e-07,-4.486394703973126e-07,-8.566990059235982e-07,-2.723891629625325e-08,-9.022237028451115e-07,-9.960940456492080e-07,-7.366389757126660e-11,-1.106831646045559e-07,-1.125451621280592e-09,-3.251958053832312e-12,-8.927083207406900e-14,-1.402444406468950e-03,-1.033937512684341e-02,2.660065410477195e-07,-1.275061052585181e-02,-8.889627434695180e-03,-3.281621497207734e-08,-9.419079433323759e-07,-2.915880354529349e-07,-1.541932905916173e-05,-7.364910509656444e-06,-3.486574785735692e-06,-2.080527986370515e-06,-2.426647771613943e-11,
-4.304591546020684e-03,-2.976128274254102e-02,-8.747692610505892e-02,-1.099182015062308e-06,-1.106258929314026e-02,1.005242216025543e-01,-6.557151228637276e-06,-3.305225495914411e-01,-8.450721608064951e-08,-3.025955729343559e-07,-2.573051762753110e-08,-1.135220015758227e-06,-2.720212716463485e-07,-6.612227131669196e-07,-1.410075971614997e-06,-3.009200636930865e-09,-1.173699162122977e-08,-1.091556089700528e-08,-4.633802604506312e-01,2.466843301278666e-01,-8.155857976050892e-08,-8.373786398394973e-06,-1.479724506949712e-07,-3.402627282521218e-06,-1.478275101844737e-10,-2.687443168158001e-12,-3.677697831331042e-06,-1.302562555124209e-06,-1.304015898377199e-11,-4.460207624686845e-09,-1.541203790143500e-10,-8.031779906055505e-11,-4.003727766508671e-12,-4.725162002990579e-12,-5.292869691401035e-12,-9.083655045406419e-15,-2.701277709056319e-13,-2.403505173826383e-13,-1.634096980896427e-18,-8.392023582857154e-14,-9.933225084934445e-11,-4.862114686347532e-14,-2.447511897078233e-15,-7.153564644944946e-04,-4.946555142638604e-03,-1.322539742298176e-05,-4.239807820623935e-05,-2.658373244056531e-05,-6.895283578905165e-10,-1.422999925994888e-12,-9.436373885415790e-14,-1.035631484926652e-12,-1.099971259197388e-13,-2.451061003091730e-13,-2.445567069697466e-14,-1.264223448149693e-11,

4,56
5.430516715727107e+00,3.004852419296690e+01,4.361973744160348e+01,7.260094740238962e+00,1.348544898462966e+01,3.125306035440766e+02,6.293004389771500e-01,-1.472242244782151e-09,5.838815902799331e-01,1.362144766378862e+00,1.569413026136288e-01,2.567736108749212e+01,1.551726511144363e+01,1.867371065931559e+00,1.533710176368967e+01,4.188253486971311e-01,1.244390463347073e-01,2.746712415673050e+00,4.541506768309378e+02,2.795479565931933e+02,1.748786471890330e-01,5.850698720532542e+01,3.724066345100252e+00,2.917510606690066e+02,1.190952052025042e+01,2.441443299588456e+01,8.597337879285979e+00,3.470482374785705e+00,1.506922674691590e-02,3.847485778797108e+00,2.166656428986606e+00,1.052838094313502e+00,4.074534664775821e+00,2.254252863240023e+00,4.064947806896874e+00,2.095416328687391e-01,3.229777517269328e+01,1.193630043908553e+00,5.046296894012420e-01,7.757406306434475e+00,1.385152954016236e+00,3.742791783424544e-02,9.552435107291257e-04,8.423655480221232e-02,3.683830410218917e-01,2.479433141237997e+00,4.601987447844104e-01,6.932048859650108e-01,1.867784013598421e-01,1.573924810624911e+01,9.000049444334461e-01,1.207952555885990e-01,9.334287297995411e+01,1.428528914646019e+01,2.621597781796570e+01,2.021920408878941e-10,
-3.917353418006825e-03,-2.995697521498084e-02,-8.787798311235891e-02,7.804544465513011e-06,-1.113002277928768e-02,4.804376253147060e-01,-6.592233994589777e-06,-3.322525592800604e-01,-6.894765938474702e-08,-1.343876515911673e-07,-2.212167295547913e-08,-1.869643334323041e-07,1.297636328700932e-07,-6.652671217893202e-07,-9.742639558379806e-07,-1.781467060233475e-09,-1.165583591282206e-08,-4.872221094819890e-09,-4.653942691137685e-01,1.760398701199637e+00,-4.734257575892209e-08,-1.309106955031727e-06,-1.488124778651747e-07,-2.878023950223386e-06,-1.484809232724949e-10,-2.707017087595084e-12,4.351634759484635e-09,5.025844917717871e-07,-1.316369097634274e-11,-4.491937093305570e-09,-1.555777959491612e-10,4.746996499980129e-11,-2.847765706189368e-12,2.879131984347054e-11,5.099460534236552e-10,9.104730272272067e-12,3.507255584401642e-10,3.982413538260761e-11,1.581846258302789e-14,2.232985041126115e-11,4.845857358188634e-11,-4.900066832803501e-14,-1.884145520022098e-15,-7.180502463983641e-04,-4.965653329846508e-03,8.096878188522480e-08,-4.278498260555940e-05,-2.682560972786195e-05,-6.931265261585073e-10,3.524785260878346e-10,1.339525334597876e-11,3.950075947301936e-09,2.791408124624914e-09,2.233331662170520e-10,8.637907636731181e-10,1.387112646966671e-11,
-1.251000209562187e-02,-9.144006730171438e-02,-2.009607166313084e-01,3.489962851134315e-06,-2.887531429123285e-02,2.835596116203491e+00,-2.237686269195980e-05,-8.071003405775605e-01,3.577807075122725e-07,1.298530692040659e-06,1.171409819408565e-07,4.150557845065349e-06,6.417053233922491e-07,-2.196727320929501e-06,6.763524730149870e-06,1.602493409535529e-08,5.534852969212071e-08,4.532216139023858e-08,-1.107749912619374e+00,6.657025477159745e+00,4.361194466727894e-07,3.346885852775013e-05,4.192005037027381e-07,1.763417622084248e-05,4.209029926872560e-07,4.256240878878497e-09,1.165675477546097e-05,4.369746232610659e-06,5.073072622742143e-09,-5.030990536436679e-10,1.884812763935274e-07,1.076496233002410e-06,2.659187732708742e-07,7.621125586916705e-07,1.008977068038860e-06,1.663437703851128e-08,4.476133511032349e-07,1.126895212804325e-06,5.766140836448864e-11,8.132477650253670e-08,3.359851299584191e-10,1.059136858592216e-13,8.037763881928842e-15,7.238655756658777e-04,4.723667857171785e-03,6.115868970788716e-05,-2.429547910770490e-04,-1.570673467750877e-04,1.298559710687000e-08,3.743943814335055e-07,4.269577391032069e-07,6.208756839758564e-06,6.906685469938861e-06,7.089984917937755e-06,1.882021218381247e-06,1.756433887223352e-11,
-1.741120833149841e-03,-1.033424165729949e-02,-2.690863097285332e-02,6.406102656244545e-06,-5.914664265827081e-03,1.847089463936938e-01,-1.417740733664875e-06,-1.547781273163780e-01,-4.222020565238875e-08,-1.800015110148314e-07,-1.635881430813123e-08,-6.425569871620753e-07,-9.061571364537723e-08,-1.665165208813599e-07,-1.071655701626097e-06,-2.368359695629120e-09,-8.415066581011101e-09,-7.985189809730246e-09,-1.494803806032664e-01,7.471389966382396e-01,-5.988087915479793e-08,-5.461896143744305e-06,-8.546818147565375e-08,-2.415528615579411e-06,-6.554042081018682e-11,-1.199042330077271e-12,-1.822120664386563e-06,-8.073504832168734e-07,-4.300439573437112e-12,-2.127966819831134e-09,-5.044238695088702e-11,-5.583874483964473e-11,-1.772499488424391e-12,-2.998506037109869e-12,-2.524364600098154e-12,-9.649788249458845e-16,-4.464675949949963e-14,7.283082906807079e-13,1.585804684014819e-18,-1.931584602149219e-14,-8.310995487123162e-11,-2.249263373169429e-14,-1.526411103835155e-15,-4.500866877305413e-04,-3.066611507218490e-03,-1.054041661958743e-05,-1.119097539308193e-05,-6.869808909862766e-06,-3.232941659456670e-10,-5.221388084943183e-13,1.367258302406685e-13,2.392347861159919e-12,-4.292856202522857e-22,4.149418494913042e-18,1.731925591174401e-16,1.212167866082581e-11,

