1
0
63
1
(4 0
((0,0) (7,127) (0,0))
((0,256) (7,383) (0,0))
((0,128) (7,255) (0,0))
((0,384) (7,511) (0,0))
)
4
FabOnDisk: SD_0_Old_MF_D_0003 0
FabOnDisk: SD_0_Old_MF_D_0001 0
FabOnDisk: SD_0_Old_MF_D_0002 0
FabOnDisk: SD_0_Old_MF_D_0000 0

4,63
-1.258634279541941e-03,8.305535797273558e-01,1.595932414508976e-01,4.039927165499541e-25,6.375339784295466e-25,2.934847794590711e-18,8.412044838338737e-13,2.684286623973509e-08,3.155368207589625e-10,3.319203389754605e-13,2.913774816283943e-03,0.000000000000000e+00,2.029906876682907e-30,1.616680625698527e-31,1.568411239391178e-14,3.402437008575375e-12,2.979918185341166e-25,2.551461750582641e-13,4.816669186540117e-20,8.831492179522379e-32,2.537613786615553e-14,5.164461327624522e-11,1.209847555346145e-12,4.936607467575233e-37,1.864246946282357e-13,1.935368856937505e-29,1.603066960012671e-12,2.868497707613137e-25,2.458835574594564e-14,2.952948084553671e-31,6.200984205755186e-15,1.591505582827405e-22,5.495041928492338e-28,1.231840373393269e-15,1.305159267131549e-21,3.516076809764217e-16,1.973648124336299e-16,4.610117504943357e-18,0.000000000000000e+00,2.190000103745417e-17,0.000000000000000e+00,1.121913785360967e-32,1.922094852638061e-17,1.974651400437520e-18,1.981696784324781e-19,2.854350351603860e-21,5.430893286778592e-19,1.748704445100119e-19,7.107666226225789e-18,1.640789351973068e-18,2.956452075283995e-18,1.810778513882844e-37,5.077056308530744e-16,0.000000000000000e+00,0.000000000000000e+00,0.000000000000000e+00,1.517324008032976e-21,0.000000000000000e+00,1.143590571868911e-01,3.708289342252442e+03,0.000000000000000e+00,4.430000293462453e+02,1.013020906809202e+05,
-1.972790780983215e-07,4.474190774196963e+00,1.469596531467054e-01,7.235952844319787e-06,6.978902012303135e-05,5.071725529293890e-04,1.327624762101083e-07,6.123336713425126e-05,1.235242905982043e-02,1.466560027351961e-08,1.328482643264425e-03,8.346471758229332e-11,4.009369493543826e-10,3.501689503987698e-11,1.539329415641086e-09,3.856590153685899e-10,1.139354908408356e-09,2.399629654935978e-09,5.250128360021067e-12,1.798482050413497e-11,1.816894512790387e-11,3.786330193830200e-03,2.303493882519129e-02,1.307638313810249e-10,1.284550403855320e-08,1.696057280949885e-10,5.123055947723292e-09,0.000000000000000e+00,0.000000000000000e+00,4.268229887450634e-09,2.233985850002277e-09,6.075951629111796e-16,4.092491832913769e-12,0.000000000000000e+00,2.626985021786669e-13,0.000000000000000e+00,0.000000000000000e+00,0.000000000000000e+00,0.000000000000000e+00,0.000000000000000e+00,0.000000000000000e+00,0.000000000000000e+00,0.000000000000000e+00,1.440610048061032e-13,4.028604179118827e-17,2.500927727332077e-18,9.526243997408666e-07,6.505616353417174e-06,2.531717063792076e-08,2.925494136235831e-08,1.806217916471545e-08,7.426694905940620e-13,0.000000000000000e+00,0.000000000000000e+00,0.000000000000000e+00,0.000000000000000e+00,0.000000000000000e+00,0.000000000000000e+00,1.054034995940558e-01,7.868704498195099e+03,0.000000000000000e+00,2.289592363184770e+03,1.013249848745560e+05,
-4.801544764046910e-05,4.199154240552912e+00,1.491854926512086e-01,1.064763346923177e-05,1.034953873507161e-04,5.987429367762764e-04,1.328012431472945e-07,7.228550313482273e-05,1.219474303219895e-02,2.275604987730845e-08,1.683137935784283e-03,1.419600767534929e-10,3.770469279021865e-10,4.913870844421952e-11,1.276733585101412e-09,1.797603041517387e-10,1.950880164664931e-09,2.668179531304058e-09,4.887244214606964e-12,2.627945142458454e-11,1.783833617898236e-11,4.317411604231944e-03,2.226617254496626e-02,1.182431869637583e-10,9.689439415799999e-09,3.115621183179903e-10,6.423601306217695e-09,3.004695027052437e-14,4.450101086449630e-15,2.539089305648191e-09,9.986350536013945e-10,1.608759904965096e-14,9.215434453969051e-12,0.000000000000000e+00,3.182904730046942e-14,0.000000000000000e+00,0.000000000000000e+00,0.000000000000000e+00,0.000000000000000e+00,0.000000000000000e+00,0.000000000000000e+00,0.000000000000000e+00,0.000000000000000e+00,5.398354399467196e-14,8.767511639745310e-17,3.448415200318602e-18,1.605740772473000e-06,1.107337216122765e-05,1.508554058839534e-08,1.023204758757370e-07,6.469714826794840e-08,1.493795031553658e-12,0.000000000000000e+00,0.000000000000000e+00,0.000000000000000e+00,0.000000000000000e+00,0.000000000000000e+00,0.000000000000000e+00,1.070041735390461e-01,4.248762284817582e+03,0.000000000000000e+00,2.121763131499887e+03,1.009743840841279e+05,
-2.095915992697816e-07,4.544987126775498e+00,1.460877386202364e-01,6.122320432474745e-06,5.844998893607791e-05,4.698047864398683e-04,1.349559564637399e-07,5.711792380453852e-05,1.235286464226915e-02,1.212536066128397e-08,1.185511108377969e-03,5.192355905423918e-11,2.749718230792065e-10,2.324165389464800e-11,1.099646204379284e-09,3.010939390169286e-10,8.759996439882322e-10,1.647153701932423e-09,3.589744553986827e-12,1.187333780498361e-11,1.264456734270903e-11,3.574260676846671e-03,2.343604917658258e-02,8.858639670921643e-11,9.137207744743330e-09,1.015801362543855e-10,3.408246950072365e-09,0.000000000000000e+00,3.866853573224019e-17,3.030525517602820e-09,1.641209259213072e-09,1.317774466155722e-15,2.211537958799865e-12,0.000000000000000e+00,2.366415394495114e-13,0.000000000000000e+00,0.000000000000000e+00,0.000000000000000e+00,0.000000000000000e+00,0.000000000000000e+00,0.000000000000000e+00,0.000000000000000e+00,0.000000000000000e+00,7.990973935798644e-14,1.780549934125711e-17,1.222947862055652e-18,5.954557465546607e-07,4.049875812463973e-06,1.818464798202548e-08,1.353279985400205e-08,8.275035841543346e-09,4.308422610319751e-13,0.000000000000000e+00,0.000000000000000e+00,0.000000000000000e+00,0.000000000000000e+00,8.699567841703437e-17,0.000000000000000e+00,1.047751145312193e-01,7.932325007996729e+03,0.000000000000000e+00,2.330574460702102e+03,1.013249936238418e+05,

4,63
2.886832700770010e-04,4.193379393181638e+00,8.373327379901678e-01,5.462344109077918e-05,4.662783471638807e-04,9.764661990985583e-04,1.218448401702098e-04,6.543704762178024e-04,1.352334408263707e-02,2.036092648116914e-05,1.827792599310060e-01,1.458956427570632e-06,6.321370248386529e-06,7.312561104824460e-07,2.422693625550593e-04,3.177830264073096e-04,2.103470690635587e-05,5.170929757114184e-04,1.761539006734851e-05,1.058055151434405e-06,8.414777940750108e-05,1.394072613604370e-02,2.225125260327400e-02,7.105109969691414e-07,5.754901078387334e-04,2.095556542830006e-05,4.228546533655148e-03,1.019755627711180e-04,5.522135360520259e-04,2.885768797180533e-05,9.905157349691930e-05,1.545495327592125e-07,2.788914838338284e-05,4.297896589144188e-05,9.556562228907134e-06,5.241030368924294e-05,2.797843880493692e-05,3.619554313682787e-05,3.410872600099647e-06,6.684107057381507e-04,1.309866329857829e-05,5.655077062529437e-06,1.086907825541204e-04,1.370584677234806e-05,6.072549431097990e-07,1.425277376562637e-08,2.505354006346743e-06,1.769150873047182e-05,2.826197018457547e-05,1.193234673146552e-05,1.485776727792428e-05,1.940346466999875e-06,4.800667932823158e-04,1.132240647505748e-05,5.259454980639187e-02,1.541339306737837e-03,1.308238463012400e-04,4.208761532442767e-04,6.019589010347766e-01,7.013210564363271e+04,0.000000000000000e+00,2.118087813798852e+03,1.013300967217007e+05,
1.632022092423877e-07,4.544646064709739e+00,1.491570262035945e-01,1.059956876414457e-05,1.030298510665553e-04,5.976335475521155e-04,1.349357546600025e-07,7.214345375702462e-05,1.235487048316654e-02,2.263907010454805e-08,1.678742223332939e-03,1.413679576158079e-10,5.443585026079943e-10,5.160477899866473e-11,1.934907914495139e-09,4.111694341007485e-10,1.939193045128888e-09,3.294586580287913e-09,7.145004147080525e-12,2.679856494138704e-11,2.396167921209888e-11,4.310806774923038e-03,2.343400777073475e-02,1.799765437887335e-10,1.608807280185845e-08,3.100277804645869e-10,7.392642264367704e-09,3.300189849933349e-13,5.627583279245770e-15,5.257640166247927e-09,2.532400646930424e-09,3.029272577313223e-14,9.149806629198416e-12,7.443019616096714e-13,3.006151914880043e-12,2.805619200680676e-13,8.304169044318595e-13,1.603587015041945e-12,3.364308949108145e-14,1.413520948680759e-12,4.864624838591315e-12,4.422215426776913e-17,2.810825518955760e-14,1.844139450072196e-13,8.720428304069004e-17,4.315988186014245e-18,1.598937031990246e-06,1.102515763026519e-05,3.062242701255743e-08,1.009829677337000e-07,6.383260755360024e-08,1.485135721403919e-12,2.150551852467506e-13,1.526410727417123e-12,5.725978798558503e-12,7.554752682377705e-12,2.615861724614225e-12,2.079817759372407e-12,1.069836875179254e-01,7.932232232066337e+03,0.000000000000000e+00,2.330380146596351e+03,1.013249971029901e+05,
5.118916462644256e-02,4.473302418206963e+00,1.593500625369133e-01,3.346846731501320e-05,2.930363932486372e-04,8.722487824439842e-04,2.055829658781678e-07,1.206921264725342e-04,1.235331098490629e-02,8.176839467560654e-08,2.879907496443783e-03,2.205546166007906e-10,5.775485887343136e-10,6.283974084924065e-11,1.969105915325542e-09,4.000864155075839e-10,8.698643277918865e-09,3.627804500836572e-09,7.560474177514404e-12,3.297304861770618e-11,2.498819230550670e-11,6.476492344537762e-03,2.303022512650896e-02,1.913735500746336e-10,1.624591806879491e-08,5.461822422575617e-10,8.470420725116677e-09,1.360026727677418e-12,2.431306041332419e-14,5.269076816160600e-09,2.512078885939912e-09,2.123566742063995e-13,2.150188868955303e-11,2.802852048876661e-12,1.866925391395450e-12,3.713405407082284e-13,1.103065533506262e-12,1.984189086698059e-12,4.669453908015170e-14,2.327744451316992e-12,5.050254750154436e-12,5.919959566416482e-17,4.617547279733195e-14,2.484319967754256e-13,7.345879990726138e-16,2.003703111774325e-17,2.576972282891432e-06,1.817912352233295e-05,3.065230253136936e-08,2.348604726151349e-06,1.609109540942753e-06,3.959902701270973e-12,1.846468288483780e-13,1.343011211583573e-12,2.891327959724584e-12,7.217933806242244e-12,2.772923733161707e-12,1.982437211845488e-12,1.141800625003244e-01,8.038354381434945e+03,0.000000000000000e+00,2.289074607681651e+03,1.015932611368727e+05,
2.118193826446838e-07,4.574508442156399e+00,1.469494031432782e-01,7.221764459456573e-06,6.964639285310246e-05,5.067263935109022e-04,1.366816759926605e-07,6.118231278938288e-05,1.235417613942364e-02,1.463313219447032e-08,1.326799675475952e-03,8.315200118663245e-11,3.998964216002217e-10,3.491502039225340e-11,1.536237848314178e-09,3.851718233544764e-10,1.136106432690236e-09,2.393599501885786e-09,5.237621631429365e-12,1.793498578007199e-11,1.812979748701019e-11,3.783787192988068e-03,2.360363715961105e-02,1.303773129422299e-10,1.281470748513711e-08,1.688696355972268e-10,5.108940141780491e-09,2.398769518246970e-13,2.557245689010099e-15,4.258007765325470e-09,2.229553515790794e-09,9.602372893659707e-15,4.070109010450577e-12,2.098297705118312e-13,2.382627103135556e-12,1.545487574804866e-13,6.375853525449373e-13,1.102503996097064e-12,1.541072618311258e-14,7.413890766280018e-13,3.588027612916598e-12,1.585798889186137e-17,1.121232443526068e-14,1.435173824760272e-13,4.002688200363311e-17,2.487745460649715e-18,9.489058016142064e-07,6.479912160999410e-06,2.525960206560554e-08,2.903747808918046e-08,1.792588386467933e-08,7.399515297127257e-13,9.000293157974796e-14,5.961605719780119e-13,5.649098041158252e-12,2.845354481830963e-12,1.131670740304633e-12,7.775677526425097e-13,1.053961322245241e-01,7.980296608032350e+03,0.000000000000000e+00,2.346893761384352e+03,1.013250021470039e+05,

