1
0
63
1
(4 0
((0,0) (7,127) (0,0))
((0,256) (7,383) (0,0))
((0,128) (7,255) (0,0))
((0,384) (7,511) (0,0))
)
4
FabOnDisk: SD_0_New_MF_D_0003 0
FabOnDisk: SD_0_New_MF_D_0001 0
FabOnDisk: SD_0_New_MF_D_0002 0
FabOnDisk: SD_0_New_MF_D_0000 0

4,63
-1.198269283383706e-03,8.283382657999685e-01,1.595990510581031e-01,4.031434231167524e-25,6.268777721346929e-25,2.930395943539985e-18,8.404259873100308e-13,2.684233137251483e-08,3.153198573338488e-10,3.316086205785900e-13,2.915971181779610e-03,-9.297710943743785e-11,2.025216515304363e-30,1.612951659021632e-31,1.567170110348514e-14,3.399809908195223e-12,2.955382416844349e-25,2.547728977278015e-13,4.751204807746143e-20,8.804932870797953e-32,2.533752604435979e-14,5.159664691491215e-11,1.208013510216197e-12,4.922459401636555e-37,1.861721484179759e-13,1.928481395038420e-29,1.600768448004709e-12,2.859854881424421e-25,2.457990110268257e-14,2.942801904231554e-31,6.188729296155666e-15,1.571493690987658e-22,5.473899730063384e-28,1.229359849623165e-15,1.294408679064065e-21,3.507718907832320e-16,1.968956657618754e-16,4.597719064821791e-18,7.005178000764712e-32,1.528646571182978e-15,-2.427173425422826e-16,1.117551748482553e-32,1.915275195265360e-17,1.967893105999289e-18,1.974867906028971e-19,2.843672997523961e-21,5.411964384124718e-19,1.742599529487338e-19,7.082738895671686e-18,1.635025537716562e-18,2.946066561413258e-18,1.801605095316069e-37,5.063187901562573e-16,-1.388194957270744e-17,-1.326313234062690e-15,-1.106065236272810e-17,1.513822308808779e-21,-2.489863902324808e-18,1.143641279730897e-01,3.744104166301028e+03,0.000000000000000e+00,4.430000281869923e+02,1.013057205996511e+05,
-1.788418432566724e-07,4.470780601252025e+00,1.469594665872251e-01,7.235723918442126e-06,6.978671794456873e-05,5.071654338379152e-04,1.327625362805179e-07,6.123254890545485e-05,1.235238376011889e-02,1.466506119924313e-08,1.328454881725620e-03,8.347057263977857e-11,4.009712830882529e-10,3.502078954548408e-11,1.539670295150350e-09,3.856910478889136e-10,1.139319599591081e-09,2.399862237126265e-09,5.251086313918308e-12,1.798833769848381e-11,1.817185321583729e-11,3.786290510585336e-03,2.303494438106764e-02,1.307596881523757e-10,1.284516333311139e-08,1.695688917040627e-10,5.121322931480044e-09,-2.867265363569632e-16,-1.415424389596531e-18,4.268185454544313e-09,2.233961061755488e-09,-8.755263242564094e-18,4.091553321374848e-12,-4.911019905509059e-16,2.945800213639532e-13,-1.493519113148523e-16,-5.309694991308129e-16,-9.435508280461057e-16,-1.552222975149684e-17,-6.283186922452765e-16,-1.941450079344869e-15,-1.600857967890092e-20,-1.071250499671031e-17,1.440640200015198e-13,4.028514406464052e-17,2.500917830773013e-18,9.526068755743815e-07,6.505491164381220e-06,2.531738202087970e-08,2.925263861255758e-08,1.806072135979714e-08,7.429208636929296e-13,-1.086962231368508e-16,-6.881911898448210e-16,-1.353330410653763e-15,-2.503763620138034e-15,-5.564140125812992e-16,-7.839930934700255e-16,1.054033626911550e-01,7.869398724264192e+03,0.000000000000000e+00,2.289596737956917e+03,1.013249865432248e+05,
-4.851636804546009e-07,4.197344995962919e+00,1.491852387451271e-01,1.064755283120750e-05,1.034938141079256e-04,5.987392717401304e-04,1.328008402046288e-07,7.228556902210709e-05,1.219490317602217e-02,2.275543290500247e-08,1.683103152799269e-03,1.419417964152599e-10,3.765133950967354e-10,4.908520525346615e-11,1.275029815205132e-09,1.794833881482913e-10,1.950820182074545e-09,2.664953638959220e-09,4.881079308462320e-12,2.625147024428256e-11,1.781636818212312e-11,4.317426529305096e-03,2.226499217692055e-02,1.180710039645500e-10,9.674652626985061e-09,3.116084633467384e-10,6.415808055973109e-09,7.782298165866614e-14,4.788291917698247e-15,2.535292827765228e-09,9.972775085254974e-10,1.982211235930939e-14,9.216322168873605e-12,-9.540298586954563e-16,1.025918821261889e-14,-2.043364606033700e-16,-5.775286382425966e-16,-1.042468033258437e-15,-3.007338998837808e-17,-9.985587333509021e-16,-7.308473903779419e-15,-4.281837342065781e-20,-8.858698758648249e-18,5.391237114716713e-14,8.768073906168389e-17,3.444389130852739e-18,1.605782832282938e-06,1.107365244362251e-05,1.506566095225830e-08,1.023186309284566e-07,6.469582717693942e-08,1.492062295056719e-12,-7.877927485492168e-17,-5.281142780522049e-15,-3.060942888516436e-13,-1.731698696687002e-15,-8.467939145569620e-16,-5.688489479861391e-16,1.070039878708293e-01,4.259292394461577e+03,0.000000000000000e+00,2.121662169036137e+03,1.008994068417292e+05,
-2.211900393718771e-07,4.541570913500749e+00,1.460875784068767e-01,6.122149283770782e-06,5.844821065471792e-05,4.697986757730088e-04,1.349564146409179e-07,5.711730231481962e-05,1.235286512220086e-02,1.212496463130367e-08,1.185486629250296e-03,5.191708607261710e-11,2.749403054627546e-10,2.323841871055704e-11,1.099565519411673e-09,3.010863198330619e-10,8.759538380779903e-10,1.646931759621851e-09,3.589147581265360e-12,1.187122484723960e-11,1.264230433323771e-11,3.574228081907065e-03,2.343608093159770e-02,8.858174700780477e-11,9.136791036092801e-09,1.015678777504166e-10,3.407710899161583e-09,-2.762575745909961e-16,-9.552003264350903e-19,3.030385209134356e-09,1.641146252499932e-09,1.836512128069986e-20,2.211280409213381e-12,-1.170824092568218e-16,2.363620538767408e-13,-6.332358921179598e-17,-3.445712606664030e-16,-5.176078226036466e-16,-5.975682367661889e-18,-2.991329156376582e-16,-1.309441104042147e-15,-5.664245329569808e-21,-3.781660019760098e-18,7.990539822332154e-14,1.780383385320917e-17,1.222856529398826e-18,5.954222534571474e-07,4.049645030326141e-06,1.818404814625561e-08,1.353133762479786e-08,8.274126882182067e-09,4.308809013538394e-13,-4.568235737928221e-17,-6.725693368405137e-16,-7.437793553627125e-16,-6.807417505328424e-16,3.832439509308356e-14,-2.292437443545873e-16,1.047749965773455e-01,7.932395536769818e+03,0.000000000000000e+00,2.330577956622938e+03,1.013249924745872e+05,

4,63
2.933820767827024e-04,4.191542918011873e+00,8.373327401744299e-01,5.479570095384902e-05,4.662906274817973e-04,9.774079890204972e-04,1.211749757582137e-04,6.455539125322988e-04,1.354340791192772e-02,2.034998598465318e-05,1.827792604088044e-01,1.462746493408438e-06,6.332873756600267e-06,7.328995144121946e-07,2.422099349871287e-04,3.179891637187975e-04,2.106462493879889e-05,5.161013687835531e-04,1.742994786032483e-05,1.060152223022007e-06,8.378886778874758e-05,1.394258006535325e-02,2.224983705450704e-02,7.126009153191733e-07,5.759529660526717e-04,2.101733049999088e-05,4.229368791095117e-03,1.016437629583284e-04,5.504381860794271e-04,2.893968637381889e-05,9.877594550195555e-05,1.547493742012998e-07,2.804123860908847e-05,4.292809297966433e-05,9.589400510474219e-06,5.245270477658511e-05,2.802771886398431e-05,3.634023955262370e-05,3.409670963272991e-06,6.672814907409971e-04,1.302888237940011e-05,5.589683919801893e-06,1.086863831225277e-04,1.368648913037029e-05,6.023325336330094e-07,1.417878128159788e-08,2.503849004469136e-06,1.768138560371126e-05,2.826544868692957e-05,1.191466966107684e-05,1.480125255788486e-05,1.932905422968249e-06,4.769974964531289e-04,1.133664293011104e-05,5.259454993990153e-02,1.539979888236445e-03,1.308828906732678e-04,4.205114711621446e-04,6.019589026085379e-01,7.027072487345799e+04,0.000000000000000e+00,2.117984594945647e+03,1.013323519000101e+05,
1.757750023887490e-07,4.541229844789034e+00,1.491567721546233e-01,1.059947291994790e-05,1.030282043888918e-04,5.976297053724693e-04,1.349362115137213e-07,7.214344593254785e-05,1.235486110278991e-02,2.263844311136052e-08,1.678708162665640e-03,1.413744823014090e-10,5.443857805776841e-10,5.160725593252369e-11,1.935009035615211e-09,4.111915501214422e-10,1.939187271533400e-09,3.294735249340098e-09,7.145373066012306e-12,2.679980909991646e-11,2.396269037203795e-11,4.310817395092699e-03,2.343403928691670e-02,1.799854332764821e-10,1.608878635895338e-08,3.100322644346075e-10,7.392836018597352e-09,3.140941946075838e-13,5.988539791732216e-15,5.257860485390315e-09,2.532559047435790e-09,2.933719361034764e-14,9.149736577646486e-12,6.974137277921834e-13,3.212058021094069e-12,2.917981978055726e-13,9.531353612550783e-13,1.688844072835347e-12,3.191608418902767e-14,1.318277707237875e-12,2.722285582179408e-12,4.047189568859590e-17,2.872635063214038e-14,1.844315001999717e-13,8.720972178785546e-17,4.316303787772690e-18,1.598978169345832e-06,1.102543150803431e-05,3.062360539797641e-08,1.009809307065214e-07,6.383116765116446e-08,1.485208892189141e-12,4.774077269763518e-13,2.360699265277074e-12,5.168786093867156e-12,6.887817765595984e-12,2.320324405916643e-12,1.896454262472273e-12,1.069835019675699e-01,7.932304159601726e+03,0.000000000000000e+00,2.330383658899764e+03,1.013249974845120e+05,
4.949206187651701e-02,4.469892165674779e+00,1.593559869689621e-01,3.349093851382227e-05,2.932936194419244e-04,8.725778757069991e-04,2.057644857605208e-07,1.207148739213290e-04,1.238045219853453e-02,8.185090908800875e-08,2.882051317262639e-03,2.205414095161588e-10,5.777049638627424e-10,6.286220220896763e-11,1.971606009449813e-09,3.999624700506337e-10,8.701923149050197e-09,3.629631543438551e-09,7.545928998987390e-12,3.298297180681423e-11,2.496696619504704e-11,6.475184415075576e-03,2.303022856575605e-02,1.915759829765118e-10,1.624756449377293e-08,5.460192675729676e-10,8.474656423707421e-09,1.359615566951309e-12,2.430390012083505e-14,5.269068910938370e-09,2.512161740802862e-09,2.124341970673370e-13,2.150036088292948e-11,2.803239600835676e-12,2.264696811886738e-12,3.531259000943178e-13,1.018940035155453e-12,1.700975857825433e-12,3.038923412047783e-14,1.512296806149377e-12,3.340285642226282e-12,4.187594499074621e-17,2.698316822820206e-14,2.494175561331801e-13,7.383116987608509e-16,2.012995131646041e-17,2.576187013716104e-06,1.817342397904767e-05,3.065337208610027e-08,2.351177070361988e-06,1.610989090331455e-06,3.958718358393881e-12,1.711590630291906e-13,1.056755337998832e-12,7.186144686912353e-12,5.559885612763267e-12,2.674497281050585e-12,1.521901751190691e-12,1.141852092225258e-01,8.149463159798025e+03,0.000000000000000e+00,2.289078958620742e+03,1.018342793237464e+05,
2.225914828033067e-07,4.571087906227898e+00,1.469492161746296e-01,7.221535741318406e-06,6.964409739523920e-05,5.067192814112899e-04,1.366820265042524e-07,6.118149474758904e-05,1.235417273936653e-02,1.463259559543129e-08,1.326772015224562e-03,8.315036324156894e-11,3.998958333879377e-10,3.491469323800004e-11,1.536225513249157e-09,3.851791200863038e-10,1.136060769893105e-09,2.393593134696562e-09,5.237573335720152e-12,1.793468660660316e-11,1.812972357365101e-11,3.783747524025202e-03,2.360366030596179e-02,1.303772747641694e-10,1.281481642447883e-08,1.688657560845455e-10,5.108936955447583e-09,1.897403028495573e-13,2.662560478901968e-15,4.258048568507201e-09,2.229586902159792e-09,1.303949750725874e-14,4.069931269597797e-12,3.829340816711768e-13,2.199061583172419e-12,1.509026656292439e-13,6.508795430681832e-13,1.198106104690119e-12,1.637266510820023e-14,8.067069523863024e-13,3.289310538339649e-12,1.680501805995358e-17,1.186087903021565e-14,1.435222228977513e-13,4.002646484854234e-17,2.487765684565254e-18,9.488883389206154e-07,6.479787437299603e-06,2.525981150312032e-08,2.903520028835965e-08,1.792443966989665e-08,7.399215828518148e-13,1.266060489417693e-13,2.830990106172735e-12,6.221008848761354e-12,3.920852160616430e-12,1.289120762505541e-12,1.073759354916195e-12,1.053959950698940e-01,7.980348261636498e+03,0.000000000000000e+00,2.346896736383695e+03,1.013249998827064e+05,

