1
0
56
1
(4 0
((0,0) (7,127) (0,0))
((0,256) (7,383) (0,0))
((0,128) (7,255) (0,0))
((0,384) (7,511) (0,0))
)
4
FabOnDisk: SD_5_New_MF_D_0003 0
FabOnDisk: SD_5_New_MF_D_0001 0
FabOnDisk: SD_5_New_MF_D_0002 0
FabOnDisk: SD_5_New_MF_D_0000 0

4,56
-8.899263028988729e+00,-1.644146805458007e+01,-2.763044259071079e+01,-6.113320582024730e+00,-1.354203266700334e+01,-4.952428900622897e+00,-1.034744217913635e+00,-6.884097869036323e+02,-2.587802212082559e-01,-7.521179700101378e-01,-8.241627566865328e-02,-1.477129580195101e+01,-1.563425139017923e+01,-1.492278768939270e+00,-1.036419667061436e+01,-4.808575447002177e-01,-7.744767410623586e-02,-3.419561155212124e+00,-1.322611457517503e+02,1.387595477557704e-21,-7.743162577466697e-02,-4.639349326283682e+01,-1.713094597027112e+00,-1.955789233033969e+02,-8.697385316851777e+00,-3.151366383912170e+01,-3.843723895568893e+00,-2.757269983246394e+00,-1.061608203018448e-02,-1.890425588523845e+00,-1.937998401028989e+00,-7.752360183945642e-01,-3.567099728547879e+00,-2.042334216564267e+00,-2.890918956397801e+00,-2.406136254087359e-01,-3.505758690504947e+01,-6.720226682925590e-01,-5.007867838997080e-01,-8.462526950520413e+00,-7.726097170650043e-01,-1.600500726250273e-02,-6.440127814217880e-04,-7.866019296588582e-02,-1.427574565263060e-01,-2.125606840251096e+00,-6.003313891701057e-02,-2.879593128552959e-01,-1.598768136159165e-01,-2.484684356237489e+01,-5.411829886683031e-01,-5.753060416336943e+02,-8.866783156816749e+01,-8.777358364743899e+00,-2.463070261457088e+01,-5.098215183352295e-10,
-1.296816534189720e-02,-9.541783591951214e-02,-2.061939297885238e-01,2.310090004600707e-06,-3.001960309017670e-02,1.846735394883041e-01,-2.357933842120400e-05,-8.408534706458838e-01,-1.580906658974893e-07,-4.166275676069041e-07,-5.469262827689418e-08,-3.102732680924838e-06,-1.815730653243337e-07,-2.324594683472781e-06,-2.860944179626296e-06,-8.681258910061449e-09,-3.781074860064368e-08,-2.547975261753123e-08,-1.153931932658213e+00,7.883064206551986e-01,-1.033681118261338e-07,-7.860593290917853e-06,-4.070760347187612e-07,-1.446364294569040e-05,-2.005545317232987e-06,-3.982906409884097e-09,-2.230443265460310e-06,-9.243804129484129e-07,-3.878775261923022e-08,-1.321205982750582e-08,-2.297838246713756e-06,-4.067069706784413e-07,-8.081471176470605e-08,-3.548198570336990e-07,-6.205912518085601e-07,-1.300970166893055e-08,-4.686631530676130e-07,-2.778357988085655e-06,-2.488384231305165e-11,-1.472793912092755e-08,-1.015296879423653e-10,-8.342366893708841e-14,-2.805341357785365e-15,-1.228465462963398e-03,-8.738622406884330e-03,-1.061920792173558e-05,-2.677166731401735e-04,-1.733741127404145e-04,-4.089335759798569e-09,-1.323052583662743e-07,-1.086640664046094e-06,-1.419631597321171e-06,-3.731676864878458e-06,-1.338130835460254e-06,-1.028826472209362e-06,-2.143010768840270e-11,
-1.962969087022948e-01,-1.386055691065874e+00,-1.542257587251980e+00,-8.702628827931005e-03,-3.212070279161370e-01,-3.286398351374507e-01,-2.236169641189931e-03,-4.729313404743381e+00,-2.044087585975136e-05,-1.444371333708657e-05,-6.919464025353643e-06,-1.633949658669848e-05,-5.959439557296374e-07,-2.764492425690887e-04,-2.340592131694450e-05,-1.139662635917305e-07,-5.555385247346248e-07,-2.094074899957898e-07,-5.655301632397503e+00,1.861229940782871e+00,-7.749624705163585e-06,-2.532786643462229e-05,-4.188474574082736e-05,-5.591963938032265e-05,-3.234718084020080e-06,-5.320945239290828e-09,-1.350155507049096e-04,-9.938235283089986e-06,-9.049322749253198e-09,-3.577446381065960e-07,-6.513546393814675e-07,-9.328359357914356e-07,-1.222695151590973e-06,-1.768136968561389e-06,-4.194056617410961e-06,-6.490150032121471e-08,-2.047547101494975e-06,-5.268196621756723e-06,-5.036903429674631e-10,-1.022375057986402e-06,-5.305791638176346e-08,-1.745734131033156e-10,-4.636027373507892e-12,-1.642707606552057e-02,-3.339774871324977e-02,-2.794066565736474e-05,-2.240319651263094e-02,-2.402348808860811e-02,-2.148323254798429e-07,-2.487273361530624e-06,-2.027620945332134e-06,-3.521890998679078e-05,-1.676874855796124e-05,-1.296986976894753e-05,-4.683116785597444e-06,-5.790923296444817e-11,
-3.642346247259738e-03,-3.036409736390055e-02,-8.931825568000987e-02,1.100114812414261e-06,-1.105902041644058e-02,1.053817868824110e-01,-6.808318313008783e-06,-3.405580447009015e-01,-8.991094278701790e-08,-3.441851544782005e-07,-3.452942569103506e-08,-2.307931180307426e-06,-2.679176046246376e-07,-6.870907666541014e-07,-2.363065000805295e-06,-6.245611234500613e-09,-2.298295611161595e-08,-2.147493382956478e-08,-4.862948573320705e-01,2.808995679917872e-01,-9.009443437292640e-08,-8.214187765854700e-06,-2.304161394617285e-07,-8.702847687652232e-06,-2.233190828246660e-06,-2.749828064128135e-09,-3.601976459108248e-06,-1.230914720633216e-06,-7.664912114975722e-09,-5.963922879340877e-09,-5.246540302345254e-07,-1.822791439771322e-07,-2.159613378131160e-08,-1.379578428100249e-07,-1.990077817720122e-07,-4.990690956370995e-09,-2.786080506858017e-07,-2.744559546311074e-06,-6.305212199970936e-12,-2.937118313997441e-09,-1.067598767246984e-10,-5.114839870559624e-14,-2.541019290253249e-15,-7.323490728358917e-04,-5.067725843417815e-03,-1.240099954335245e-05,-4.496415034868357e-05,-2.822079592080473e-05,-1.376773519607815e-09,-3.982119716018330e-08,-1.125838586338366e-06,-1.764181265586364e-06,-5.771702736238131e-07,-3.202621852983112e-07,-1.603869389545568e-07,-2.357074257997027e-11,

4,56
7.213865224878781e+00,3.134791760708893e+01,4.862808870157546e+01,7.648255450897581e+00,1.128993722571278e+01,3.611809904157892e+02,5.459501366477956e-01,4.340210888464924e-07,6.375924974601572e-01,1.400964772162112e+00,1.626061861741601e-01,2.822926236955587e+01,1.954755969604983e+01,2.067596157816435e+00,1.490887639357816e+01,3.583339355306839e-01,1.464515921017954e-01,3.101977418183230e+00,4.670436820754493e+02,2.780938129031704e+02,1.663280009843327e-01,5.297936143093327e+01,3.952997333313751e+00,2.945378856834304e+02,1.322459834528873e+01,3.129191172557991e+01,7.791035662552650e+00,2.858221068521030e+00,1.998955978946069e-02,3.646917103118508e+00,2.759706369609064e+00,9.142805436943521e-01,3.785049453715637e+00,2.082196432243810e+00,3.744559959071355e+00,2.546628142265484e-01,3.317598292314801e+01,1.154637034834637e+00,7.687108816997811e-01,8.084238579585723e+00,1.064974562207510e+00,3.534537332338990e-02,9.133514428244009e-04,7.382854939733634e-02,2.709738274876637e-01,2.298365529445616e+00,4.376571309719729e-01,5.785216172684718e-01,2.244072470432285e-01,1.417945183095619e+01,9.898660596805826e-01,3.811469211389192e-06,8.493307521923631e+01,1.441315196193249e+01,2.376022316389084e+01,2.730331516431761e-10,
-3.648299754563987e-03,-3.056994260468911e-02,-8.981595500348830e-02,7.710287272627557e-06,-1.112640424176301e-02,5.022706402320811e-01,-6.836308208989394e-06,-3.426571763289675e-01,-6.124802876534004e-08,-8.521616053270942e-08,-1.532946512522597e-08,3.471865877791393e-07,1.503185030061609e-07,-6.787613342943573e-07,-4.190655412307987e-07,-6.139427256213757e-10,-6.770853239807874e-09,1.244235691185231e-10,-4.892307877399951e-01,1.847549905345448e+00,-4.042561656371957e-08,-7.615380570323746e-07,-1.241448329351383e-07,-1.167478124668102e-07,6.492332915529072e-07,9.795384110909671e-10,2.328800393638907e-07,6.242841685047011e-07,4.920133581596879e-09,-3.995218279088430e-09,1.635298179759579e-07,1.169617006647915e-06,2.775846999353102e-07,9.911998450600651e-07,1.711597267747227e-06,3.052266780439169e-08,1.257429739868704e-06,2.660183838403948e-06,3.951269933178935e-11,3.012888815022576e-08,6.506813708722329e-11,-5.122000736650404e-14,-1.763596259366784e-15,-7.352224521378284e-04,-5.088815910140479e-03,1.209172914433413e-06,-4.533073964833228e-05,-2.842999620642075e-05,1.117004604378899e-08,5.554432725840079e-07,3.324901548028294e-06,5.203260677684138e-06,7.032302302200476e-06,2.190695660784430e-06,1.946861208895734e-06,1.916442005089891e-11,
1.456207696289834e-01,9.667911088493513e-01,6.855916005988879e-01,9.974797196587771e-03,1.931544539501874e-01,3.130738943442186e+00,2.142951370645880e-03,-6.409706953763519e-01,1.954084424355028e-05,7.656525726205634e-06,1.466439759326081e-05,1.978746083018038e-05,1.243008694134981e-06,2.775956447464478e-04,2.542458498243119e-05,1.248587059592740e-07,5.431096839138510e-07,2.392466809429760e-07,-1.162535206211956e+00,8.936594676421207e+00,9.553414081529875e-06,5.224765617897195e-05,3.812294079724127e-05,5.677798711368866e-05,2.323644538911357e-06,1.562601244258363e-08,1.459835625909439e-04,1.560210005348745e-05,6.610884505598386e-09,3.157733717840070e-07,2.814924524009142e-07,1.293386672480867e-06,1.088327467870885e-06,2.592015023085542e-06,1.010477949535417e-05,2.466066136313450e-07,3.457735836113194e-06,3.033283403679898e-06,5.408364975482988e-10,9.297161718919440e-07,3.932984285527281e-10,1.314508016970003e-11,1.195708943649012e-13,1.284462160837731e-02,1.923731097786877e-02,6.920036883629911e-05,1.335254812612860e-02,2.366363310336323e-02,1.963291536925432e-07,2.157224880371748e-06,1.932003956382559e-06,4.237367148661940e-05,4.838941743813083e-05,1.831566839932871e-05,1.349403833583126e-05,7.048583938740194e-11,
-2.008760748404372e-03,-1.224637398956691e-02,-3.587222699975195e-02,6.503536869320617e-06,-5.993119217610800e-03,1.834951001844522e-01,-2.005174157286903e-06,-1.565418331666937e-01,-4.069085954206803e-08,-1.634327206279178e-07,-1.388959598813075e-08,-5.792413033947032e-08,-7.899048955703043e-08,-2.194371368871020e-07,-9.724350677492140e-07,-1.600327133219364e-09,-5.823854678324652e-09,-5.578350178544523e-09,-1.711520640311628e-01,7.836121623104388e-01,-5.926995243660513e-08,-5.455724790356298e-06,-5.773067431977958e-08,-1.207775032896362e-06,6.624357501666584e-07,6.589095462660023e-10,-1.793124946445480e-06,-7.806184572879211e-07,1.095843760866298e-09,-1.645122618720493e-09,4.362056765293472e-08,7.634503619376034e-07,1.228264345265655e-07,6.011370370928704e-07,1.131416966450190e-06,1.560725654112739e-08,7.522966332946290e-07,3.438541685639814e-06,1.554296102746916e-11,1.135871253556261e-08,-9.481859398950450e-11,-2.342395906204539e-14,-1.543825714697456e-15,-4.558127167887018e-04,-3.109497467971319e-03,-1.063863657156977e-05,-1.265738871752328e-05,-7.782303811709654e-06,1.337732495474829e-09,1.105972513434657e-07,3.391732517622276e-06,5.358510037036286e-06,3.758116647217741e-06,9.311959326565093e-07,1.039612245926926e-06,1.962652262932352e-11,

