1
0
56
1
(4 0
((0,0) (7,127) (0,0))
((0,256) (7,383) (0,0))
((0,128) (7,255) (0,0))
((0,384) (7,511) (0,0))
)
4
FabOnDisk: SD_5_Old_MF_D_0003 0
FabOnDisk: SD_5_Old_MF_D_0001 0
FabOnDisk: SD_5_Old_MF_D_0002 0
FabOnDisk: SD_5_Old_MF_D_0000 0

4,56
-8.915750315039800e+00,-1.643595479762172e+01,-2.767223677632855e+01,-6.103119050660427e+00,-1.370247477518203e+01,-5.075805625469719e+00,-1.038805642585404e+00,-6.888302555619002e+02,-2.572174072407932e-01,-7.484711721077877e-01,-8.186012527768674e-02,-1.471456817318677e+01,-1.555929427846751e+01,-1.486078936033189e+00,-1.031246143309490e+01,-4.812589531437256e-01,-7.697706669796993e-02,-3.417311662367598e+00,-1.321139830235671e+02,1.365054805865634e-21,-7.721379182081423e-02,-4.630318662609537e+01,-1.710249186588975e+00,-1.954137828837248e+02,-8.699535530727591e+00,-3.145028865759451e+01,-3.823212541736130e+00,-2.754200587676277e+00,-1.048543851431538e-02,-1.881021937775396e+00,-1.926993981023700e+00,-7.760065462305704e-01,-3.565827938571908e+00,-2.040618233897341e+00,-2.872414619470712e+00,-2.383473940496170e-01,-3.503924933306109e+01,-6.794488133517829e-01,-5.080575848520508e-01,-8.445968989504918e+00,-7.761826743254219e-01,-1.603642718255132e-02,-6.476420027867602e-04,-7.895922437369512e-02,-1.472733177911696e-01,-2.124238931875440e+00,-5.975971968708377e-02,-2.831303132934269e-01,-1.588938196632754e-01,-2.478882475393637e+01,-5.431184592361450e-01,-5.735128689661244e+02,-8.867493170398809e+01,-8.791311275373973e+00,-2.463084268456845e+01,-2.124238562828396e-10,
-1.296522575465526e-02,-9.542922471671909e-02,-2.062230069462180e-01,2.300537830085209e-06,-3.001385950038397e-02,1.846844523246643e-01,-2.358308460270252e-05,-8.409015230205462e-01,-1.456738437838552e-07,-3.658583156859231e-07,-4.792804370926845e-08,-2.557693592790957e-06,-1.493821673117812e-07,-2.328535116738877e-06,-3.022994196121887e-06,-7.437133374481505e-09,-3.347814808532234e-08,-2.647161724500431e-08,-1.154183376909276e+00,7.883960755011872e-01,-1.051786818693448e-07,-8.273328596865145e-06,-4.225972906143776e-07,-1.392780280761896e-05,-2.745610294546035e-06,-4.250683812731330e-09,-2.232311746408503e-06,-8.463040203594459e-07,-1.723700002984453e-08,-1.448349643818712e-08,-1.105021160870046e-06,-4.408685174455863e-07,-7.260602378277153e-08,-2.402533879253966e-07,-5.162983075470354e-07,-2.085069123251389e-08,-6.665088753589602e-07,-1.739416099265099e-06,-3.930234277814708e-11,-2.021523780559461e-08,-9.981783603990406e-11,-8.353476006459625e-14,-2.792532068077580e-15,-1.228438462887757e-03,-8.738358240696553e-03,-1.061815284241515e-05,-2.677538066127586e-04,-1.734014529273769e-04,-6.476106079977223e-09,-2.097351352183770e-07,-1.367558334862914e-06,-2.007147976892825e-06,-2.545687005619025e-06,-8.413066328150776e-07,-7.096540031258189e-07,-2.172285962220855e-11,
-3.011390739148562e-01,-2.092464188065508e+00,-2.419821246691683e+00,-1.101631324796669e-02,-4.900543034371528e-01,-1.204244876108483e+00,-2.650980665187077e-03,-4.725701843208706e+00,-2.346646963374964e-05,-1.704811388464257e-05,-8.172965441621813e-06,-2.385108456690948e-05,-5.280366944420110e-07,-3.175269810854255e-04,-2.703899013603474e-05,-1.419669095549398e-07,-7.110661899422012e-07,-2.845231570364103e-07,-5.687223635496303e+00,1.455106607762056e+00,-9.188457255055904e-06,-5.121509099428260e-05,-4.950501577935311e-05,-9.335433648202847e-05,-4.204297889876466e-06,-7.120821901569175e-09,-1.909976053153078e-04,-1.909628172149736e-05,-1.310582575839757e-08,-5.104169853540759e-07,-5.205582570799142e-07,-1.137600482358612e-06,-9.019130366331620e-07,-1.558961846528000e-06,-3.527186267514987e-06,-1.999431136949151e-07,-4.489238426848221e-06,-5.203308346741475e-06,-1.154589381167078e-09,-1.498773993978276e-06,-5.274649058227399e-08,-1.733731570935361e-10,-4.606694523757119e-12,-2.260833153710861e-02,-3.933201096903628e-02,-6.044841259719140e-05,-2.242850675990297e-02,-3.075287771995870e-02,-2.649316275482336e-07,-3.724496582009201e-06,-1.250193425275729e-06,-1.047125021035689e-04,-2.947587570832845e-05,-8.802755369424402e-06,-8.264867388526233e-06,-7.801403967278020e-11,
-3.647532951645184e-03,-3.037248464218905e-02,-8.933655979187693e-02,1.067507273120244e-06,-1.106172396816529e-02,1.053975822404160e-01,-6.811191000620357e-06,-3.405946578070337e-01,-8.601178387357029e-08,-3.458292731691362e-07,-3.600322961508892e-08,-2.133080352175575e-06,-2.575835415174267e-07,-6.871719423745474e-07,-2.289851835262827e-06,-6.209418495739857e-09,-2.324483604868462e-08,-2.090982439460075e-08,-4.863545238147284e-01,2.809442828827978e-01,-8.918547347561833e-08,-8.136321906715673e-06,-2.259304691421231e-07,-8.213188590068301e-06,-2.807955172783078e-06,-2.875658880289271e-09,-3.597487432731151e-06,-1.232902703150916e-06,-5.513444100881000e-09,-5.755732714278733e-09,-4.430902516450888e-07,-3.615746195101790e-07,-1.986715958816852e-08,-1.186038719975756e-07,-2.337598387090066e-07,-4.818856991116782e-09,-2.408024211899197e-07,-3.266552781208856e-06,-6.872070583003232e-12,-3.733120231219229e-09,-1.068184707013875e-10,-5.119126996326406e-14,-2.542709164229083e-15,-7.323751176623711e-04,-5.067839518372336e-03,-1.240616819656751e-05,-4.498500493063858e-05,-2.823387623470728e-05,-1.520242374254228e-09,-5.336119054640148e-08,-1.500944528266983e-06,-1.331384546857963e-06,-6.683984162346930e-07,-2.465130138524337e-07,-1.886274005099747e-07,-2.106216590025412e-11,

4,56
7.295254149000785e+00,3.145379420607899e+01,4.876404087205920e+01,7.628119274758598e+00,1.107785658917887e+01,3.621105214854492e+02,5.462869800542883e-01,4.122488492797061e-07,6.385117786998242e-01,1.404142007656376e+00,1.629418588516084e-01,2.832661380188339e+01,1.970156092676476e+01,2.076566550675780e+00,1.492930317889199e+01,3.591002370148244e-01,1.477714784879459e-01,3.118150231271744e+00,4.661162156328155e+02,2.775182351804679e+02,1.667981399064304e-01,5.271353256737273e+01,3.966605321975186e+00,2.933209417852415e+02,1.329492326155096e+01,3.156890607673175e+01,7.757255791957800e+00,2.821095225067299e+00,2.021224945573817e-02,3.638872892362404e+00,2.773082909617911e+00,8.961229218255848e-01,3.743877050585928e+00,2.064940232123617e+00,3.727287196077294e+00,2.577369614569339e-01,3.318007465929639e+01,1.071738580778623e+00,7.775586070421781e-01,8.056489832026967e+00,1.051959572277148e+00,3.600706483636620e-02,9.268969225227647e-04,7.238637829954990e-02,2.651798980853363e-01,2.287713686756667e+00,4.370768722796431e-01,5.795786346825056e-01,2.267614991498125e-01,1.410663083086689e+01,9.817636201632879e-01,6.594934111229903e-06,8.429450361067778e+01,1.436815792234584e+01,2.358307560095030e+01,2.987690095324069e-10,
-3.647788172332920e-03,-3.056852722264989e-02,-8.981541880763060e-02,7.746291671066538e-06,-1.112612529546182e-02,5.021969523706109e-01,-6.835472201256568e-06,-3.426918638123939e-01,-5.965942796141845e-08,-8.451111268264827e-08,-1.276841776153752e-08,4.669168925066656e-07,1.516546247553349e-07,-6.743092455223911e-07,-5.337391067045706e-07,-5.255000787356615e-10,-5.871436454576789e-09,-1.355034345953129e-10,-4.892869538766553e-01,1.847944214747361e+00,-4.213983322273743e-08,-7.584483123977998e-07,-1.115215518385752e-07,3.095663077423469e-07,6.352111404721645e-07,1.611333787041387e-09,2.360852528620781e-07,6.277696093203064e-07,8.309181137826640e-09,-3.878778200896916e-09,1.998934190872542e-07,1.030400501795686e-06,2.603324937709743e-07,7.759388017636410e-07,1.738544824590306e-06,4.055839914034361e-08,1.635354313171150e-06,4.891314598198555e-06,5.593977563062633e-11,3.496875006003958e-08,6.501984650636637e-11,-5.071093958272244e-14,-1.767935662056354e-15,-7.352235622899121e-04,-5.088912023281030e-03,1.211342699288481e-06,-4.532067654929402e-05,-2.842338142399807e-05,4.265790856344532e-09,2.306444670200425e-07,3.050417795148065e-06,6.142884181769818e-06,8.177818625449647e-06,2.937865135362011e-06,2.259773010239889e-06,2.183661584886920e-11,
2.575869235697857e-01,1.646902594645116e+00,1.436545824791055e+00,1.267863307393204e-02,3.512863825748467e-01,3.378223407570093e+00,2.540356490013474e-03,-1.697772759146163e-01,2.214778146693132e-05,8.589506434682510e-06,1.783324555527557e-05,2.624619791930123e-05,1.274727087164151e-06,3.223568189119562e-04,2.993090608003519e-05,1.542957207270966e-07,7.039985364146357e-07,3.246062777892739e-07,-8.977391324634030e-01,8.986783279005891e+00,1.138802200056354e-05,8.241137458264728e-05,4.505859881414972e-05,1.122478299421535e-04,3.314122762979588e-06,9.891898815129217e-09,2.087901746519867e-04,2.487735159325671e-05,7.077419950499219e-09,4.523042599299326e-07,2.462327042715816e-07,2.114690773604866e-06,9.580649303365449e-07,1.291711251331872e-06,4.992811566463420e-06,2.449079641861272e-07,5.860416886568177e-06,4.310733982326241e-06,1.173796520462194e-09,8.491059415237307e-07,4.486911975202600e-10,1.593360595093005e-11,1.789570825856565e-13,1.904229822341801e-02,1.926355486437641e-02,1.087949304280536e-04,1.931044102604617e-02,3.004284608770593e-02,2.659425606287598e-07,4.497729900828408e-06,3.125081571497997e-06,9.214267142270334e-05,3.819108984231639e-05,1.090960323821623e-05,1.073054740062620e-05,6.272671271290164e-11,
-2.008903748050776e-03,-1.223525239979988e-02,-3.581277624669994e-02,6.527982372068807e-06,-5.985905707112013e-03,1.835236318281646e-01,-2.000386467206125e-06,-1.565757686868827e-01,-3.959901703273689e-08,-1.586549552422986e-07,-1.352450965834699e-08,-6.501980807754047e-08,-7.923255252248867e-08,-2.178357470225116e-07,-9.735859381130989e-07,-1.495721635406699e-09,-5.045737494846139e-09,-5.964415468826380e-09,-1.711800807890519e-01,7.837063758452978e-01,-5.934866467323956e-08,-5.273958086963068e-06,-7.390343717503292e-08,-1.037292701234360e-06,6.303345591274875e-07,6.776360121656625e-10,-1.843721510589732e-06,-7.926753008026699e-07,1.967282484855730e-09,-1.955941688729873e-09,7.238871561468425e-08,8.803307407833303e-07,1.240991941953274e-07,5.719551352022503e-07,1.066352446644444e-06,1.541374258134458e-08,7.590219621883410e-07,3.952008978334802e-06,1.598176708297030e-11,1.099707980131065e-08,-9.466600943076467e-11,-2.331300998838088e-14,-1.537490366045135e-15,-4.558389170231565e-04,-3.109687530635470e-03,-1.063773606589199e-05,-1.264376547322173e-05,-7.774103894764657e-06,1.535059156644820e-09,1.108994055900590e-07,2.950472278360600e-06,6.400854091853024e-06,3.775137005127009e-06,8.891429836687112e-07,1.048275427949701e-06,2.432735957125232e-11,

