1
0
63
1
(4 0
((0,0) (7,127) (0,0))
((0,256) (7,383) (0,0))
((0,128) (7,255) (0,0))
((0,384) (7,511) (0,0))
)
4
FabOnDisk: SD_0_New_MF_D_0003 0
FabOnDisk: SD_0_New_MF_D_0001 0
FabOnDisk: SD_0_New_MF_D_0002 0
FabOnDisk: SD_0_New_MF_D_0000 0

4,63
-2.268210799213576e-05,8.258641445716158e-01,1.594862592161117e-01,0.000000000000000e+00,7.576130814977074e-25,3.047194031439521e-18,8.718407650979879e-13,2.719027148261147e-08,3.255691017644627e-10,3.440904102470508e-13,2.887771193572513e-03,0.000000000000000e+00,0.000000000000000e+00,0.000000000000000e+00,1.621093282187839e-14,3.516374645509444e-12,3.254081473689641e-25,2.667909999654852e-13,5.632112312312087e-20,0.000000000000000e+00,2.655796400747049e-14,5.352826655490349e-11,1.266084269141777e-12,5.350402483927239e-37,1.946040216802335e-13,2.133434561780498e-29,1.675473470502701e-12,0.000000000000000e+00,0.000000000000000e+00,3.244673581617238e-31,6.533036016987073e-15,0.000000000000000e+00,6.086388486174598e-28,0.000000000000000e+00,0.000000000000000e+00,0.000000000000000e+00,0.000000000000000e+00,0.000000000000000e+00,0.000000000000000e+00,0.000000000000000e+00,0.000000000000000e+00,0.000000000000000e+00,0.000000000000000e+00,2.120382771716291e-18,2.128570660933816e-19,3.074185341440196e-21,5.836270440079317e-19,1.879365778423838e-19,7.640262525154089e-18,1.763863498842595e-18,3.178212910111529e-18,0.000000000000000e+00,0.000000000000000e+00,0.000000000000000e+00,0.000000000000000e+00,0.000000000000000e+00,0.000000000000000e+00,0.000000000000000e+00,1.142730380523261e-01,3.333293730861419e+03,0.000000000000000e+00,4.430000021918421e+02,1.013100776360366e+05,
-1.148018913404174e-07,4.262776783037165e+00,1.469589918350851e-01,7.234778175994666e-06,6.977719237173729e-05,5.071349439331954e-04,1.327613175107381e-07,6.122910898379534e-05,1.235285189768532e-02,1.466303773816103e-08,1.328347915281004e-03,8.341772680372843e-11,4.007540542816955e-10,3.500254843494686e-11,1.538909702232632e-09,3.854922605513738e-10,1.139056137934400e-09,2.398771081374837e-09,5.249100687235686e-12,1.798128184329829e-11,1.816643736448754e-11,3.786107670338247e-03,2.303591213440686e-02,1.306578895704714e-10,1.283616788341374e-08,1.694567576696804e-10,5.120251695814978e-09,0.000000000000000e+00,1.452722226718221e-15,4.265156278502127e-09,2.232475395440247e-09,7.818906607876613e-15,4.088378198527054e-12,0.000000000000000e+00,0.000000000000000e+00,0.000000000000000e+00,0.000000000000000e+00,0.000000000000000e+00,0.000000000000000e+00,0.000000000000000e+00,0.000000000000000e+00,0.000000000000000e+00,0.000000000000000e+00,1.438906856542145e-13,4.023004260851304e-17,2.497704773162143e-18,9.519232293374581e-07,6.500806582796701e-06,2.530188103092829e-08,2.922558347373590e-08,1.804391625102029e-08,7.428620054235067e-13,0.000000000000000e+00,0.000000000000000e+00,0.000000000000000e+00,0.000000000000000e+00,0.000000000000000e+00,0.000000000000000e+00,1.054030496239948e-01,7.862978967835404e+03,0.000000000000000e+00,2.289670995337267e+03,1.013249901929897e+05,
-9.286093052231392e-07,3.989175452096618e+00,1.491812197380282e-01,1.063759580262784e-05,1.034037722321684e-04,5.985243463387132e-04,1.328016414085683e-07,7.225378644784222e-05,1.219269678943141e-02,2.273491586781296e-08,1.682424824322650e-03,1.417577500155120e-10,3.836003916134161e-10,4.979658877812442e-11,1.297167968538420e-09,1.828040885132933e-10,1.948261011762792e-09,2.706369240424925e-09,4.963419183573764e-12,2.661268158488999e-11,1.808446401870738e-11,4.315837372387160e-03,2.227976315363224e-02,1.204369381794247e-10,9.867554015295840e-09,3.111381906209857e-10,6.515034663427147e-09,1.929366826545551e-13,4.610576670683433e-15,2.587456484287372e-09,1.016061166594967e-09,2.385821565182681e-14,9.198946086376891e-12,0.000000000000000e+00,0.000000000000000e+00,0.000000000000000e+00,0.000000000000000e+00,0.000000000000000e+00,0.000000000000000e+00,0.000000000000000e+00,0.000000000000000e+00,0.000000000000000e+00,0.000000000000000e+00,5.342246674645559e-14,8.750519728017680e-17,3.429763937512384e-18,1.603788099058839e-06,1.105969629547518e-05,1.534118799946056e-08,1.020308293902811e-07,6.450904163742129e-08,1.489960026886281e-12,0.000000000000000e+00,0.000000000000000e+00,0.000000000000000e+00,0.000000000000000e+00,0.000000000000000e+00,0.000000000000000e+00,1.070011194945703e-01,4.193471886343641e+03,0.000000000000000e+00,2.123454246554940e+03,1.013249625319490e+05,
-5.688615516189530e-08,4.333500069812056e+00,1.460888988790240e-01,6.123479756930607e-06,5.846242216565684e-05,4.698474520452538e-04,1.349564586030919e-07,5.712218766314075e-05,1.235286314114910e-02,1.212814584507139e-08,1.185683190779877e-03,5.192988453847866e-11,2.749759160081291e-10,2.324287433103030e-11,1.099605362827256e-09,3.010321122056067e-10,8.762132242794705e-10,1.647132930739267e-09,3.589743346566841e-12,1.187389306705038e-11,1.264428899847503e-11,3.574491819894500e-03,2.343622621983925e-02,8.859060277987093e-11,9.137189660424783e-09,1.016028610999577e-10,3.408555655241690e-09,4.312795716046142e-14,1.109420720154676e-15,3.030513502007808e-09,1.641160103364267e-09,3.382206776547378e-15,2.212334411458430e-12,0.000000000000000e+00,1.625401405419255e-14,0.000000000000000e+00,0.000000000000000e+00,0.000000000000000e+00,0.000000000000000e+00,0.000000000000000e+00,0.000000000000000e+00,0.000000000000000e+00,0.000000000000000e+00,7.990706295823059e-14,1.780964537527126e-17,1.223087655736097e-18,5.955791036715728e-07,4.050735721942141e-06,1.818530465117397e-08,1.354049899134763e-08,8.279840203592499e-09,4.309840370861526e-13,0.000000000000000e+00,0.000000000000000e+00,0.000000000000000e+00,0.000000000000000e+00,0.000000000000000e+00,0.000000000000000e+00,1.047759699684246e-01,7.931739533864345e+03,0.000000000000000e+00,2.330587385344378e+03,1.013249941355327e+05,

4,63
2.320914453256180e-05,3.983675594694436e+00,8.373327862903880e-01,4.993813594495086e-05,4.583151326933344e-04,9.605349688034916e-04,1.207505870050839e-04,4.277647080650103e-04,1.312911091015449e-02,1.963404143328674e-05,1.827792704059767e-01,1.312664748922980e-06,6.159323567602866e-06,7.009592938281589e-07,2.285039493730021e-04,2.711713931863410e-04,2.050782122603450e-05,4.939387301563644e-04,1.607401899309282e-05,9.652221870047398e-07,7.119399223804010e-05,1.392351270152871e-02,2.226694427039011e-02,7.099492780525716e-07,5.735391228098251e-04,2.146547921338643e-05,4.291658330775138e-03,1.003581884486519e-04,4.644678185536174e-04,3.107861722820084e-05,1.061741082013698e-04,1.386323527846956e-07,3.134541857115770e-05,3.948593228718814e-05,1.124744645698455e-05,5.429910361447577e-05,2.930524454961261e-05,3.856769108408311e-05,3.104124547478717e-06,6.217478060384910e-04,1.216479091483898e-05,4.462626730102109e-06,1.100443419879974e-04,1.497261055719534e-05,5.946603672258572e-07,1.350569405767213e-08,2.521690806485428e-06,1.780304828797255e-05,2.799387083611973e-05,1.210644134341747e-05,1.517654845830120e-05,1.695455315336071e-06,4.252865798496942e-04,1.069824232040771e-05,5.259455289278726e-02,1.552361468651827e-03,1.348136660814487e-04,4.234379099891478e-04,6.019589354139976e-01,7.190154545459170e+04,0.000000000000000e+00,2.119817467382230e+03,1.013398485237346e+05,
1.137691319281021e-07,4.333159110200448e+00,1.491528221446933e-01,1.058980013717074e-05,1.029401624113856e-04,5.974187962985038e-04,1.349362336254941e-07,7.211270686228574e-05,1.235495719223085e-02,2.261838128929044e-08,1.678033112293012e-03,1.411830118092511e-10,5.439498507055105e-10,5.155439990878986e-11,1.933697606689064e-09,4.109434630589836e-10,1.936673795606228e-09,3.292076247337999e-09,7.139637636125918e-12,2.677221377975529e-11,2.394749861155899e-11,4.309281445719151e-03,2.343418940182829e-02,1.798355120975489e-10,1.607956220749094e-08,3.095893304927743e-10,7.386139999674792e-09,3.132627059985454e-13,5.624666477949525e-15,5.255290477449825e-09,2.531246483579247e-09,2.886409309586186e-14,9.133945041655099e-12,3.490967175590765e-13,2.913051641177328e-12,1.853768061274871e-13,4.719495793956554e-13,7.863292978901233e-13,9.800645415404520e-15,5.461049756534671e-13,1.643547579491411e-12,1.524070430484357e-17,1.288102692168384e-14,1.842438964374492e-13,8.704147309635896e-17,4.310170718967875e-18,1.597000188745282e-06,1.101159706438726e-05,3.060919085896529e-08,1.007008945159934e-07,6.365139524209619e-08,1.482853766096779e-12,1.000931117087765e-13,9.719157227238939e-13,2.471798277537554e-12,3.659524993726915e-12,3.275330045033083e-12,9.861488090483303e-13,1.069806818347464e-01,7.931622243200241e+03,0.000000000000000e+00,2.330393160653413e+03,1.013250139221317e+05,
8.378342498375579e-07,4.261890101387319e+00,1.592437915487054e-01,3.316482971488876e-05,2.898795274619388e-04,8.686180852833637e-04,2.032506932154041e-07,1.203581991514666e-04,1.235273942874107e-02,8.068052198762607e-08,2.854597699631389e-03,2.209051808958231e-10,5.758388811062020e-10,6.262400652354265e-11,1.963068653448230e-09,3.998941904070448e-10,8.631438281422425e-09,3.612818808913311e-09,7.506432288126017e-12,3.287914233785437e-11,2.489225196620496e-11,6.480148432559034e-03,2.303122583976757e-02,1.898453954699301e-10,1.623520083407918e-08,5.501454335516000e-10,8.436206857426911e-09,1.483756442680940e-12,2.640602433502691e-14,5.266624235311118e-09,2.511508208959345e-09,2.108839731694013e-13,2.152155591826523e-11,2.783512254631099e-12,1.824956729637657e-11,6.323624305933315e-12,5.936242855290134e-12,1.319920343456677e-11,5.760099048228768e-13,1.216179082954334e-11,2.480143649181700e-12,3.531501259653347e-15,8.113282622373445e-12,2.025745809055313e-13,5.878343788657151e-16,1.594836813726973e-17,2.583955661357185e-06,1.822897949309128e-05,3.064221683113605e-08,2.302455554580276e-06,1.576155731222122e-06,4.223351547413659e-12,8.404635031586010e-12,2.480875189375926e-13,8.365561495839409e-11,9.049849111512118e-11,5.603784464253922e-11,2.506848068549751e-11,1.140947556408397e-01,7.862005905848550e+03,0.000000000000000e+00,2.289154592731324e+03,1.013250487724359e+05,
6.113283811532906e-08,4.363016103063254e+00,1.469487490073933e-01,7.220605832886013e-06,6.963472454861554e-05,5.066892794311156e-04,1.366788761138333e-07,6.117812150272348e-05,1.235420238291162e-02,1.463060404266433e-08,1.326666339817767e-03,8.308785834657046e-11,3.996260548115089e-10,3.489013892505304e-11,1.535236508831453e-09,3.849576247030397e-10,1.135758689019745e-09,2.391939573971734e-09,5.234047489676690e-12,1.792211329580421e-11,1.811804674304888e-11,3.783568090546287e-03,2.360347909031787e-02,1.302843791169482e-10,1.280651252446978e-08,1.687364321779133e-10,5.105395622864659e-09,1.306605300569334e-13,2.355087778995143e-15,4.255293284745708e-09,2.228215087477722e-09,8.920259771192179e-15,4.066524442799875e-12,1.349415278562282e-13,2.147239130052839e-12,1.189010975627509e-13,4.924945969049313e-13,4.347193233232778e-13,4.248045958875844e-15,1.097546981784242e-13,3.910588601082917e-13,4.436070590879596e-18,4.898963445717561e-15,1.433504791708196e-13,3.997206808339902e-17,2.484578250133062e-18,9.482075484094111e-07,6.475122833168883e-06,2.524430764228376e-08,2.900842787651728e-08,1.790781202313640e-08,7.393227616777253e-13,2.391542055450301e-14,8.915042763191416e-14,1.020230882124343e-12,3.524694159976739e-12,2.312903618761649e-12,9.593417693956345e-13,1.053956870026409e-01,7.979838350235357e+03,0.000000000000000e+00,2.346872486442262e+03,1.013250045409238e+05,

