1
0
63
1
(4 0
((0,0) (7,127) (0,0))
((0,256) (7,383) (0,0))
((0,128) (7,255) (0,0))
((0,384) (7,511) (0,0))
)
4
FabOnDisk: SD_0_Old_MF_D_0003 0
FabOnDisk: SD_0_Old_MF_D_0001 0
FabOnDisk: SD_0_Old_MF_D_0002 0
FabOnDisk: SD_0_Old_MF_D_0000 0

4,63
-2.437906183062418e-05,8.321161294170746e-01,1.594713410556224e-01,0.000000000000000e+00,7.902949589966099e-25,3.054810840796928e-18,8.724234175429181e-13,2.716697297535896e-08,3.256159085917192e-10,3.443312458259483e-13,2.882415907888088e-03,0.000000000000000e+00,0.000000000000000e+00,0.000000000000000e+00,1.621717224739528e-14,3.517521146106235e-12,3.340763250976014e-25,2.673123833604781e-13,5.834028901718714e-20,0.000000000000000e+00,2.661374196638378e-14,5.356446876856944e-11,1.268725501405150e-12,5.372810873550021e-37,1.949323977635567e-13,2.145584732685256e-29,1.678626908406768e-12,0.000000000000000e+00,0.000000000000000e+00,3.264463306946037e-31,6.554310851406330e-15,0.000000000000000e+00,6.127509922424716e-28,0.000000000000000e+00,0.000000000000000e+00,0.000000000000000e+00,0.000000000000000e+00,0.000000000000000e+00,0.000000000000000e+00,0.000000000000000e+00,0.000000000000000e+00,0.000000000000000e+00,0.000000000000000e+00,2.135465044219890e-18,2.143847516414109e-19,3.101324054256207e-21,5.878786870390355e-19,1.893085979454715e-19,7.696374220297915e-18,1.776845321502376e-18,3.201604173799618e-18,0.000000000000000e+00,0.000000000000000e+00,0.000000000000000e+00,0.000000000000000e+00,0.000000000000000e+00,0.000000000000000e+00,0.000000000000000e+00,1.142593973034634e-01,3.330614943291374e+03,0.000000000000000e+00,4.430000022001526e+02,1.013112059007352e+05,
-1.427899138817964e-07,4.270207461922367e+00,1.469598928263911e-01,7.235949706168249e-06,6.978895902355324e-05,5.071715392001170e-04,1.327608475749846e-07,6.123331396257495e-05,1.235296202475892e-02,1.466575488282080e-08,1.328488047848267e-03,8.343604955930574e-11,4.008053450191238e-10,3.500814423803122e-11,1.539020054612247e-09,3.854846077804493e-10,1.139311028537526e-09,2.399037103855125e-09,5.249694738984884e-12,1.798404379619920e-11,1.816820307722528e-11,3.786314153305425e-03,2.303568954641851e-02,1.306837886912347e-10,1.283814273456170e-08,1.695177057781206e-10,5.122154474576107e-09,7.026381691698340e-14,1.395433718940305e-15,4.265734273004175e-09,2.232665654808880e-09,4.502436688746091e-15,4.090319283796329e-12,0.000000000000000e+00,0.000000000000000e+00,0.000000000000000e+00,0.000000000000000e+00,0.000000000000000e+00,0.000000000000000e+00,0.000000000000000e+00,0.000000000000000e+00,0.000000000000000e+00,0.000000000000000e+00,1.438994461702095e-13,4.024151125473339e-17,2.498162881752935e-18,9.521083780489111e-07,6.502097864777928e-06,2.530336671086717e-08,2.924005241799876e-08,1.805302756625746e-08,7.430062688958002e-13,0.000000000000000e+00,0.000000000000000e+00,0.000000000000000e+00,0.000000000000000e+00,0.000000000000000e+00,0.000000000000000e+00,1.054037048330498e-01,7.861273585311258e+03,0.000000000000000e+00,2.289639505154167e+03,1.013249914558218e+05,
-1.003532595817405e-06,3.996416329279465e+00,1.491829701227279e-01,1.063981185622648e-05,1.034264801681473e-04,5.985782368300521e-04,1.328023539175081e-07,7.225987675617467e-05,1.219240647645974e-02,2.274116991401725e-08,1.682677053296748e-03,1.417520645928969e-10,3.845605545080955e-10,4.991931365741088e-11,1.300282309884952e-09,1.832885894130638e-10,1.948712194097717e-09,2.712025638902404e-09,4.973895812037848e-12,2.667220852557676e-11,1.811452457154956e-11,4.316093238002507e-03,2.227858611463479e-02,1.207779628276259e-10,9.892952815992824e-09,3.111096800702592e-10,6.528216276713832e-09,4.046054631350918e-14,3.024222706634241e-15,2.592624258540343e-09,1.017594463696965e-09,2.594205057210521e-14,9.199117552594364e-12,5.477472523789473e-14,0.000000000000000e+00,0.000000000000000e+00,0.000000000000000e+00,0.000000000000000e+00,0.000000000000000e+00,0.000000000000000e+00,0.000000000000000e+00,0.000000000000000e+00,0.000000000000000e+00,5.343666846767964e-14,8.750756237182027e-17,3.433170396826082e-18,1.603925048749956e-06,1.106071683226415e-05,1.536157626232796e-08,1.020881582888421e-07,6.454839667618490e-08,1.491100444373340e-12,0.000000000000000e+00,0.000000000000000e+00,0.000000000000000e+00,0.000000000000000e+00,0.000000000000000e+00,0.000000000000000e+00,1.070023843621828e-01,4.196532243906669e+03,0.000000000000000e+00,2.123616734348546e+03,1.013249703284229e+05,
-4.384448512334496e-08,4.340967018103055e+00,1.460894984335394e-01,6.124133058552160e-06,5.846919818336086e-05,4.698708615108288e-04,1.349544557708617e-07,5.712462275240491e-05,1.235286048478576e-02,1.212964909809136e-08,1.185773778020628e-03,5.194323248582360e-11,2.750281079673336e-10,2.324755533318265e-11,1.099729330044084e-09,3.010654207956267e-10,8.763498950803600e-10,1.647467122768882e-09,3.590370777183175e-12,1.187615829104170e-11,1.264656084431067e-11,3.574611594727719e-03,2.343606085105140e-02,8.860862757116087e-11,9.138705378154023e-09,1.016321242035267e-10,3.409183540508602e-09,0.000000000000000e+00,1.006241686352911e-15,3.031016371525400e-09,1.641404831040642e-09,1.542941450509681e-15,2.213125617013202e-12,0.000000000000000e+00,0.000000000000000e+00,0.000000000000000e+00,0.000000000000000e+00,0.000000000000000e+00,0.000000000000000e+00,0.000000000000000e+00,0.000000000000000e+00,0.000000000000000e+00,0.000000000000000e+00,7.993351469351792e-14,1.781815652713705e-17,1.223594197330478e-18,5.957475168786345e-07,4.051892212941884e-06,1.818882118135438e-08,1.354698112603225e-08,8.283857798810318e-09,4.311486688218389e-13,0.000000000000000e+00,0.000000000000000e+00,0.000000000000000e+00,0.000000000000000e+00,0.000000000000000e+00,0.000000000000000e+00,1.047764099934690e-01,7.931560048145256e+03,0.000000000000000e+00,2.330570531458045e+03,1.013249922599082e+05,

4,63
2.404962656052285e-05,3.990920272307890e+00,8.373327866184014e-01,4.996927673584739e-05,4.579565489751432e-04,9.602958851792421e-04,1.206730031229237e-04,4.279240540930439e-04,1.312875143769117e-02,1.962049947371136e-05,1.827792704826850e-01,1.315322327314214e-06,6.161345136850666e-06,7.016789913046706e-07,2.287932158438509e-04,2.713185024600021e-04,2.051225212749273e-05,4.938087347529239e-04,1.606225092764721e-05,9.651849820135710e-07,7.114053736551855e-05,1.392864754719024e-02,2.226580974423795e-02,7.104289601989852e-07,5.739444253940751e-04,2.147841922963522e-05,4.294541941111541e-03,1.005975311579895e-04,4.648799586194819e-04,3.110471131518933e-05,1.061988910916371e-04,1.385514113954802e-07,3.134237264871360e-05,3.949445040004575e-05,1.126013334238453e-05,5.430042856885242e-05,2.931546977363509e-05,3.858009240150676e-05,3.107338000388845e-06,6.218323928909596e-04,1.215772775326674e-05,4.457779542957397e-06,1.101128657612260e-04,1.501692622699152e-05,5.958390212698353e-07,1.353900420960548e-08,2.524538544529846e-06,1.782297985889170e-05,2.799785078360474e-05,1.210497408056107e-05,1.516523709937510e-05,1.692665754831394e-06,4.247084807252306e-04,1.070232050771886e-05,5.259455291470544e-02,1.551966320748045e-03,1.348020486078974e-04,4.231714071948197e-04,6.019589356665909e-01,7.189871614591064e+04,0.000000000000000e+00,2.119986660679171e+03,1.013382916260853e+05,
1.613502417452526e-07,4.340625822707816e+00,1.491545719846983e-01,1.059202953653728e-05,1.029628561370374e-04,5.974728476659275e-04,1.349342144821792e-07,7.211891368022796e-05,1.235498322503720e-02,2.262460693150657e-08,1.678282901585747e-03,1.411958083508276e-10,5.439376514289749e-10,5.155566036924516e-11,1.933636213442638e-09,4.108929344240132e-10,1.937186764392209e-09,3.292077454061992e-09,7.139604178867337e-12,2.677368570680218e-11,2.394763497594369e-11,4.309543708740286e-03,2.343402310505571e-02,1.798282254753133e-10,1.607842487511132e-08,3.096399982609154e-10,7.386769627373257e-09,3.186947710937243e-13,5.720060775924411e-15,5.254818323234604e-09,2.530899698100159e-09,2.912270875425289e-14,9.136746036295486e-12,4.143522243971428e-13,2.020974025094901e-12,1.160385204536921e-13,3.063914387845691e-13,6.702894278529559e-13,5.104049876474872e-15,4.117085497150366e-13,1.198114049600062e-12,9.724062824776737e-18,6.608976279607148e-15,1.841932633478532e-13,8.704398968395163e-17,4.309683154052676e-18,1.597138401717536e-06,1.101262658709923e-05,3.060587513619662e-08,1.007576893479289e-07,6.368842374930060e-08,1.483101652881213e-12,6.539861141236088e-14,2.678493042727807e-13,4.070414763106950e-12,4.121727222970119e-12,2.677632841982402e-12,1.122229114701666e-12,1.069819460549926e-01,7.931435613701301e+03,0.000000000000000e+00,2.330376193563962e+03,1.013250150822171e+05,
1.196520646389112e-06,4.269320436637916e+00,1.592294719882517e-01,3.317737241970340e-05,2.896387763634037e-04,8.683594395950299e-04,2.029790252707468e-07,1.204632893933371e-04,1.235285349361022e-02,8.058833829755974e-08,2.849517181292252e-03,2.214007763254715e-10,5.748716508979572e-10,6.255342668772929e-11,1.963238536249632e-09,3.997944858811485e-10,8.641525074647112e-09,3.606185200958182e-09,7.498636477906506e-12,3.284453457826856e-11,2.486442498474929e-11,6.486199966986859e-03,2.303100676917716e-02,1.896636298253705e-10,1.623230361810378e-08,5.525924297103493e-10,8.425265516184036e-09,1.646578156002564e-12,2.634337578008505e-14,5.265974578639833e-09,2.511004097287694e-09,2.109466120476817e-13,2.151521379932159e-11,2.784215014508760e-12,2.063464213361264e-11,8.879581509103900e-12,8.589874164807712e-12,1.813587711829860e-11,6.061266193976335e-13,1.138686065235432e-11,2.062967736447707e-12,3.104088995872068e-15,1.217277879662446e-11,1.987238131944120e-13,5.763655896364712e-16,1.562288576922198e-17,2.585879295922201e-06,1.824291185562946e-05,3.063891078425925e-08,2.302145810507000e-06,1.575845319322245e-06,3.972017573878165e-12,6.022107131437769e-12,1.131739858842236e-13,4.951688858949109e-11,8.223449952229844e-11,8.203431635271546e-11,2.267472985775872e-11,1.140816852191726e-01,7.860245376756628e+03,0.000000000000000e+00,2.289122974734012e+03,1.013250602201981e+05,
7.582668633077258e-08,4.370500238483689e+00,1.469496439812146e-01,7.221770700580966e-06,6.964642297551268e-05,5.067257265643025e-04,1.366773795987625e-07,6.118230967336441e-05,1.235421187790209e-02,1.463330335530063e-08,1.326805733678170e-03,8.310437478924118e-11,3.996683608497736e-10,3.489497287482045e-11,1.535342892806325e-09,3.849525890783419e-10,1.136007687504994e-09,2.392195391856800e-09,5.234615529888449e-12,1.792468451236106e-11,1.811977986560144e-11,3.783773848166495e-03,2.360339655265167e-02,1.302994028601222e-10,1.280742817992891e-08,1.687772542314972e-10,5.106158346651238e-09,3.072670633659070e-13,2.362789253909520e-15,4.255591622627667e-09,2.228295943731277e-09,8.919168435656998e-15,4.067884963168142e-12,1.319729687929766e-13,3.648887234999463e-12,1.625732238951319e-13,5.546650785011759e-13,4.526650954371521e-13,4.960943610555150e-15,2.453033421693605e-13,1.173424902742137e-12,5.595930876350789e-18,5.868200109621049e-15,1.433586539558167e-13,3.998326666865109e-17,2.485035715475466e-18,9.483919006977445e-07,6.476408353303882e-06,2.524580401967597e-08,2.902274300048998e-08,1.791682501865802e-08,7.395241882692885e-13,2.897002178068068e-14,3.810281286339744e-13,7.967463110310915e-13,2.668167410105281e-12,2.015486435591145e-12,7.197645405495791e-13,1.053963377630734e-01,7.979645234295220e+03,0.000000000000000e+00,2.346861391236899e+03,1.013250069044488e+05,

