1
0
56
1
(4 0
((0,0) (7,127) (0,0))
((0,256) (7,383) (0,0))
((0,128) (7,255) (0,0))
((0,384) (7,511) (0,0))
)
4
FabOnDisk: SD_5_New_MF_D_0003 0
FabOnDisk: SD_5_New_MF_D_0001 0
FabOnDisk: SD_5_New_MF_D_0002 0
FabOnDisk: SD_5_New_MF_D_0000 0

4,56
-7.627009860483654e+00,-1.745606753951195e+01,-2.671531749438986e+01,-5.981017839197978e+00,-8.689191249041928e+00,-8.359878162029560e+00,-9.582632477550416e-01,-6.316957115614708e+02,-2.286849940205417e-01,-7.124168358600942e-01,-7.835617058520220e-02,-1.354022205209528e+01,-1.245342184555951e+01,-1.422002622967078e+00,-1.002968517023797e+01,-4.540813086595571e-01,-6.955273396175328e-02,-2.818216040232705e+00,-1.348249562712508e+02,1.600491087713539e-21,-7.137213765366836e-02,-4.411993861309195e+01,-1.693756544054766e+00,-1.874940666829994e+02,-7.637429790755633e+00,-2.482786446196405e+01,-4.058307117833873e+00,-2.911783043041456e+00,-8.987303380240461e-03,-1.946820843683177e+00,-1.688361964469664e+00,-8.447764935935674e-01,-3.476338435056681e+00,-2.004641272231816e+00,-2.922601900399534e+00,-2.080464499352869e-01,-3.151117112664129e+01,-5.728451650986116e-01,-3.317763821539785e-01,-8.168248556831756e+00,-7.542722203734523e-01,-1.383085692669312e-02,-5.446847559278378e-04,-7.848565475903792e-02,-1.488424102492731e-01,-1.971196401276923e+00,-6.588064887801495e-02,-2.976008564226343e-01,-1.285438828446933e-01,-2.354539763075065e+01,-4.746254141944452e-01,-5.507078419400335e+02,-8.303722204577613e+01,-8.353121268177329e+00,-2.308741991831800e+01,-1.383710923619219e-10,
-1.289211277479586e-02,-9.531380237227230e-02,-2.062251425189162e-01,2.388854289184692e-06,-2.988597128074835e-02,1.846393731685535e-01,-2.354704244987029e-05,-8.399796338980551e-01,-1.151653186190678e-07,-2.410634404731562e-07,-2.851337483067323e-08,-8.282552925717315e-07,-1.028118430773776e-07,-2.331669252709018e-06,-1.615247835867208e-06,-3.653621390098035e-09,-1.634316608662766e-08,-1.174907753985294e-08,-1.155226733770088e+00,7.882489061411777e-01,-8.618056268104428e-08,-6.409659125501818e-06,-3.234419744365940e-07,-4.585341206992874e-06,-1.125461563036356e-07,-4.768973030037438e-10,-2.079966600459040e-06,-8.781891600888802e-07,-5.502714762458083e-09,-1.359798534532155e-08,-2.814722244898356e-07,-3.123568905335550e-07,-3.661716182023442e-08,-1.158469084426013e-07,-1.499163713302965e-07,-3.346487986287215e-09,-1.485276188334589e-07,-8.198118157586529e-07,-8.928488288796709e-12,-2.256704769871471e-08,-1.023954365788568e-10,-8.355464501052965e-14,-2.821939624590791e-15,-1.226921153267181e-03,-8.727612891845551e-03,-1.061020992900733e-05,-2.669312391848027e-04,-1.728682980894423e-04,-2.870970999274220e-09,-4.876518519281605e-08,-3.204438919904037e-07,-9.764545601783411e-07,-7.429361542468923e-07,-5.519465332247756e-07,-2.050333952184184e-07,-1.020608597634975e-11,
-1.833660507129259e-01,-9.235404253497229e-01,-5.586145964084031e-01,-6.871156613013206e-04,-1.245260629723143e-01,5.054270890924820e-01,-3.347250619155399e-04,-4.631248884300469e+00,-1.985963821683214e-07,-1.350540875966472e-07,-3.514701284028021e-08,-1.650045934179735e-06,1.461351626363028e-07,-3.730069402420105e-05,-1.762699757783054e-06,-2.818067441388633e-09,-4.093267657079166e-08,-2.120232919767812e-08,-5.829420651421955e+00,1.863412345207918e+00,-4.444901832031084e-08,-8.932519507177442e-07,-1.235334831824463e-06,-1.176859968608483e-05,-5.516406926056378e-07,-2.292762782650283e-09,1.407154057742307e-07,5.965067585729360e-07,-4.635460923878834e-09,-4.695333495186374e-08,-1.370929249240794e-07,-1.799736970925788e-06,-1.277524300208223e-06,-1.418878307769422e-06,-3.149760175073217e-06,-1.396935743205238e-07,-2.699350019869310e-06,-2.350968155699417e-06,-1.145517685210712e-09,-6.419712998363969e-06,-4.060582226211446e-08,-9.570025384014460e-11,-3.019575618533950e-12,-1.439578898395113e-03,-1.063806980080349e-02,1.399029683023839e-06,-2.221543699395775e-02,-1.552674802465979e-02,-6.980542924801137e-08,-1.997935093502719e-06,-2.899903967292183e-07,-1.789973857879393e-05,-1.425030695421955e-05,-1.374226551251434e-05,-3.886921715183361e-06,-1.506772484560770e-11,
-3.619116045708903e-03,-3.034858094880196e-02,-8.929344969090496e-02,1.382034326767155e-06,-1.105450897049554e-02,1.055422883988111e-01,-6.794440483968697e-06,-3.405229613608300e-01,-8.463963757125643e-08,-2.989866176797597e-07,-2.585283555630864e-08,-1.227231652331036e-06,-2.582036781172330e-07,-6.870297691644821e-07,-1.449439706887234e-06,-3.182465294504862e-09,-1.182030480542678e-08,-1.114352522063648e-08,-4.862811112095657e-01,2.820920803547418e-01,-8.587372904773560e-08,-8.129288240041122e-06,-1.541560780739134e-07,-4.362506947109316e-06,-2.082765738130850e-07,-5.094829357554152e-10,-3.571833803492922e-06,-1.245074724054384e-06,-1.058563263597636e-09,-4.621531849294534e-09,-6.828178561240756e-08,-1.223944405474897e-07,-6.772542152741865e-09,-3.280934219252249e-08,-4.199730773500712e-08,-8.052281592852397e-10,-3.054145467022391e-08,-5.973565915330421e-07,-9.022199768747197e-13,-6.016591182479535e-10,-1.073037172513448e-10,-5.120178976028712e-14,-2.547651902972286e-15,-7.318329926351200e-04,-5.064436251908889e-03,-1.232103767924368e-05,-4.487848506638975e-05,-2.815541912180880e-05,-7.799754873402165e-10,-5.897733002599093e-09,-2.571736071340012e-07,-3.761475000686695e-07,-1.715844424981523e-07,-1.788341949272322e-07,-4.717006746578607e-08,-8.927997230401274e-12,

4,56
5.606780993278672e+00,3.113626841446769e+01,4.479455892567034e+01,7.436453105334232e+00,1.254177606338024e+01,3.175447189604161e+02,5.954134001522501e-01,-4.081946979321745e-13,5.457718064150832e-01,1.296513386452185e+00,1.508343001578512e-01,2.473559352849425e+01,1.563214244848727e+01,1.890845575371602e+00,1.506077947831640e+01,4.725140497590846e-01,1.273392960832346e-01,2.942877833596987e+00,4.480711805707697e+02,2.814760182828668e+02,1.552022045712578e-01,5.229964236130320e+01,3.670330166699546e+00,2.836130023720447e+02,1.070596724182730e+01,2.597317645303269e+01,8.180809727156555e+00,3.301856087142274e+00,1.619474644923243e-02,3.653227846083773e+00,2.406258117361238e+00,9.575668922941092e-01,3.791639255991006e+00,2.039997196517870e+00,3.641105301278970e+00,2.131425586317446e-01,3.145350394541302e+01,1.170522262682401e+00,5.817933949898805e-01,7.889284619081012e+00,1.165129606005785e+00,3.567269243945233e-02,8.755141984729507e-04,7.835994379330952e-02,2.873859316823736e-01,2.254619440136155e+00,4.410473062979320e-01,6.452299040132411e-01,1.900485978801362e-01,1.519602648220514e+01,8.781920326188198e-01,2.508428199368488e-01,8.849608627037664e+01,1.367360463024125e+01,2.475629025171619e+01,1.003144234346109e-10,
-3.647634897359445e-03,-3.057225172424291e-02,-8.981739361415761e-02,7.551294467596358e-06,-1.112702232660197e-02,5.004075340667927e-01,-6.847544595802450e-06,-3.426014942803518e-01,-6.675204904755172e-08,-9.981687467550800e-08,-2.016690257067794e-08,1.471400435065492e-07,1.562959028573191e-07,-6.904172867971990e-07,-8.374470070761600e-07,-1.023077277563282e-09,-9.751352068823224e-09,-3.003223935394171e-09,-4.892024482664262e-01,1.849536535238775e+00,-4.112450736197095e-08,-6.265589214057649e-07,-1.468379277145956e-07,-1.352318329863580e-06,1.278641388540405e-07,3.211555135661492e-10,2.958444553455006e-07,6.477437651935839e-07,1.612377860994056e-09,-4.598732884794354e-09,4.260097597299593e-08,1.083776385946611e-06,7.823286782695938e-08,1.954071747896185e-07,3.084990818418130e-07,4.038916677241102e-09,2.080072605203452e-07,7.715564903962110e-07,1.940425711222593e-11,2.168818306631922e-08,6.516733010087655e-11,-5.117677739366933e-14,-1.768411085807473e-15,-7.347720481039711e-04,-5.085407927096290e-03,1.211842149982224e-06,-4.535060669247408e-05,-2.845603176485733e-05,-1.880872126328001e-10,8.231008128824578e-08,4.593089034858118e-07,1.397235502710799e-06,1.409054073167065e-06,1.443745336290308e-06,3.779118658159296e-07,8.581524379991379e-12,
-1.306465300070304e-02,-9.637857694081139e-02,-2.077259310591934e-01,2.165890928396795e-06,-3.018085350763924e-02,3.019236643417034e+00,-2.383880389051942e-05,-8.470633842647077e-01,6.461123610275806e-07,1.809157424027324e-06,1.923581936641213e-07,9.016132898943117e-06,1.098343116339745e-06,-2.291048079440197e-06,1.210305571716465e-05,2.786799862406164e-08,1.192414217081150e-07,8.819495450142484e-08,-1.163955650113861e+00,9.210647647954445e+00,5.403619978162872e-07,4.073865518479320e-05,9.809172815423195e-07,3.323965039700333e-05,2.623315705625536e-07,2.854590824670526e-08,1.342505749645106e-05,4.783807298224497e-06,3.703077266380081e-09,2.565815760146967e-08,1.276349286980946e-07,3.831689501908052e-06,1.947454231562600e-06,2.001945234958099e-06,3.330156411294437e-06,9.344438558369790e-08,2.236970306374339e-06,1.321039321986332e-06,8.002933496591761e-10,1.117210039657299e-05,4.275296176756040e-10,4.415999966842322e-13,1.392446875351960e-14,2.566458484754389e-03,1.880359788797076e-02,6.768394529019089e-05,-2.720045238045925e-04,-1.761765391829630e-04,1.031788556980350e-07,1.708868173899090e-06,1.883088081689378e-07,1.762817574656789e-05,1.677975273990280e-05,1.835771230364336e-05,4.639461757130839e-06,3.838351858576061e-11,
-2.010033694336524e-03,-1.239130193453110e-02,-3.660811924703856e-02,6.397651326259051e-06,-6.062274855369356e-03,1.834377268026863e-01,-2.063188386693732e-06,-1.566793679834441e-01,-4.323331924988079e-08,-1.755790449773160e-07,-1.573443429198784e-08,-4.103778601746542e-07,-7.641058197841225e-08,-2.250908868268734e-07,-1.002250792447808e-06,-1.903588795664099e-09,-7.080979452448464e-09,-6.438972596960034e-09,-1.719088312240440e-01,7.835773457163510e-01,-6.118817935280011e-08,-5.622461855873878e-06,-8.636971051054864e-08,-2.255355771887652e-06,2.190666778959784e-07,1.574861326975973e-10,-1.883618367307483e-06,-7.942645739868582e-07,4.282905801718191e-10,-2.139132097792766e-09,1.728977498655359e-08,6.871188033359198e-07,4.315517050916645e-08,1.858482766338097e-07,1.617768336284037e-07,1.587592822140322e-09,8.881167235656665e-08,6.784254880283754e-07,1.693196006235877e-12,1.844510467860652e-09,-9.508625904350838e-11,-2.358582894701354e-14,-1.549702304305990e-15,-4.558959415352653e-04,-3.110525004212064e-03,-1.063333569155494e-05,-1.282944596181926e-05,-7.893060234590594e-06,-1.450356611360075e-10,1.347585488046267e-08,2.314641539347551e-07,6.713127975521157e-07,1.509624545949982e-06,8.910124926169534e-07,4.128911111916452e-07,8.718636923532586e-12,

