1
0
56
1
(4 0
((0,0) (7,127) (0,0))
((0,256) (7,383) (0,0))
((0,128) (7,255) (0,0))
((0,384) (7,511) (0,0))
)
4
FabOnDisk: SD_5_Old_MF_D_0003 0
FabOnDisk: SD_5_Old_MF_D_0001 0
FabOnDisk: SD_5_Old_MF_D_0002 0
FabOnDisk: SD_5_Old_MF_D_0000 0

4,56
-7.641060767122311e+00,-1.747812510199245e+01,-2.668574877961411e+01,-5.973630094642735e+00,-8.688249334014728e+00,-8.367366366804607e+00,-9.650190819446978e-01,-6.319210800197076e+02,-2.294794465451319e-01,-7.128446970511143e-01,-7.856949211170257e-02,-1.355555372606307e+01,-1.244317908416538e+01,-1.420401404638129e+00,-1.003686442784749e+01,-4.553502217575569e-01,-6.948662736035002e-02,-2.827799071468158e+00,-1.348587870070945e+02,1.607522122920240e-21,-7.114266979094709e-02,-4.410630354936033e+01,-1.699827166549511e+00,-1.872591054270971e+02,-7.622881353196361e+00,-2.484115334961362e+01,-4.065296911739678e+00,-2.907476111303550e+00,-9.005721255436380e-03,-1.947753127772421e+00,-1.689386981000547e+00,-8.444987882811532e-01,-3.471023616528825e+00,-2.001002317398015e+00,-2.930263409142606e+00,-2.085114303920546e-01,-3.149310251549014e+01,-5.745911570742344e-01,-3.307984842482024e-01,-8.163691435435240e+00,-7.556800511412753e-01,-1.391438747693630e-02,-5.463642316303947e-04,-7.830191858683223e-02,-1.497157407013748e-01,-1.969006423773300e+00,-6.588549122259153e-02,-2.988360994520731e-01,-1.288468683561400e-01,-2.364664386814416e+01,-4.771357646093503e-01,-5.488591307846896e+02,-8.279843452204692e+01,-8.327406082347187e+00,-2.302777053040670e+01,-8.176748167443293e-11,
-1.288956208626449e-02,-9.538538277198316e-02,-2.063684694512498e-01,2.377406040501766e-06,-2.988174554311659e-02,1.847365009451436e-01,-2.356718136305580e-05,-8.404414487942771e-01,-1.154087373249815e-07,-2.341064188436390e-07,-2.907300135911529e-08,-8.441369462879822e-07,-8.906414958855474e-08,-2.339117322334302e-06,-1.669906543573038e-06,-3.546860672359707e-09,-1.662700027576934e-08,-1.184948752138594e-08,-1.156372218086761e+00,7.886677210988834e-01,-8.770703078961196e-08,-6.967252600411749e-06,-3.332441058468901e-07,-5.309703278672024e-06,-1.197327484591638e-07,-7.199422638146655e-10,-2.209025565131685e-06,-9.092813059022992e-07,-5.174748628733188e-09,-1.395024697699115e-08,-2.874287941402084e-07,-1.911211117200890e-07,-2.977368010427512e-08,-7.889672549166242e-08,-9.739802228009700e-08,-3.108105554824910e-09,-1.551296831553127e-07,-9.069079690799433e-07,-9.062719703296695e-12,-2.394879276415392e-08,-1.013464292823978e-10,-8.392730360916970e-14,-2.790635194510068e-15,-1.226974983057588e-03,-8.728130255133085e-03,-1.060581123967684e-05,-2.672020498585535e-04,-1.730490921740008e-04,-3.448346124260178e-09,-3.952521612310366e-08,-3.714703007095047e-07,-9.044995217334726e-07,-4.441237997045041e-07,-7.105482601385388e-07,-1.212770468488473e-07,-9.509948384334166e-12,
-1.834017056734597e-01,-9.229296633581779e-01,-5.591182463358133e-01,-6.855240430142235e-04,-1.243199731770007e-01,5.054289260930669e-01,-3.342332237241539e-04,-4.625912995717864e+00,-2.169620311953084e-07,-1.641890459999222e-07,-3.841013090235654e-08,-2.851700613484157e-06,8.128351370045674e-08,-3.732994708377507e-05,-3.064313200561153e-06,-6.814136849978461e-09,-5.487020902510447e-08,-3.213856916379800e-08,-5.823689277820397e+00,1.865094213157942e+00,-4.446396793461385e-08,-8.593055674230150e-07,-1.349450573587870e-06,-1.502389322294506e-05,-5.832808914842788e-07,-2.528461233378837e-09,2.018483084457739e-07,6.330224554472697e-07,-5.926575092834134e-09,-5.412084457700745e-08,-1.772367087917937e-07,-4.019628954739352e-06,-2.006173972938720e-06,-1.834953408448582e-06,-3.895965374242582e-06,-1.829511938496969e-07,-3.977476463206733e-06,-1.883831713685626e-06,-1.187866530258389e-09,-6.978588987179878e-06,-3.963846259798955e-08,-9.008203205633959e-11,-2.886637467566438e-12,-1.438548304157935e-03,-1.062929702119624e-02,1.420929185618106e-06,-2.220301464369511e-02,-1.551754498602555e-02,-1.247878090728571e-07,-2.853866069498786e-06,-3.276679360051070e-07,-2.871856731308258e-05,-2.189391401837867e-05,-1.948468380964013e-05,-6.242485431333253e-06,-4.043476664605805e-11,
-3.621166356379865e-03,-3.036710824295381e-02,-8.933787187328984e-02,1.374863922787370e-06,-1.106046524715009e-02,1.055908471604665e-01,-6.798965250517222e-06,-3.407003176993269e-01,-8.631548517180860e-08,-3.076629300081570e-07,-2.669701794158272e-08,-1.253966802487454e-06,-2.704584930366836e-07,-6.873035924861949e-07,-1.451515947907382e-06,-3.255486726886464e-09,-1.252025016699504e-08,-1.135246656560576e-08,-4.865423908826543e-01,2.821353518759729e-01,-8.193420841119577e-08,-7.988259037320584e-06,-1.515607566468958e-07,-3.972827818838474e-06,-2.244383555754650e-07,-3.872294908656775e-10,-3.545391272607713e-06,-1.227771624976285e-06,-1.105683904089915e-09,-4.615415093424136e-09,-8.999699702091994e-08,-1.437472242005512e-07,-9.612977952349441e-09,-5.105690474898646e-08,-5.741340666632236e-08,-7.442041005373950e-10,-3.697529597060602e-08,-6.319629443288803e-07,-7.798824589731752e-13,-5.668249204895612e-10,-1.072282351139048e-10,-5.126436230750151e-14,-2.550399076791934e-15,-7.319796036922529e-04,-5.065505493040905e-03,-1.232633476688669e-05,-4.491218005501074e-05,-2.817695597352766e-05,-7.895897098381412e-10,-6.616618923595070e-09,-2.760463692539795e-07,-4.460022443802538e-07,-2.145699109706155e-07,-3.589053429372110e-07,-5.925052657620508e-08,-9.695189095992873e-12,

4,56
5.610398621981142e+00,3.108894011905565e+01,4.478603275510859e+01,7.427241705585041e+00,1.255690709617985e+01,3.176960872123624e+02,5.965183441736128e-01,5.198008297120464e-12,5.453965539119501e-01,1.295684622637150e+00,1.511483808141207e-01,2.479895440922570e+01,1.567348320058755e+01,1.894701019202186e+00,1.504664219206737e+01,4.729075875251043e-01,1.271155400835499e-01,2.942820983711773e+00,4.486032489743240e+02,2.816215016105510e+02,1.562375932956414e-01,5.252715129693004e+01,3.669806868295413e+00,2.828950402516711e+02,1.056795061210358e+01,2.595521620120573e+01,8.191124738890803e+00,3.293440134257678e+00,1.617752907879084e-02,3.659898485591623e+00,2.394486618237849e+00,9.543085350749636e-01,3.803296390491294e+00,2.048780523989859e+00,3.651717230670190e+00,2.125980497756053e-01,3.130319627578513e+01,1.174006256959758e+00,5.811329148714132e-01,7.873271115622744e+00,1.171125865893714e+00,3.578136280320564e-02,8.779075910844858e-04,7.878653320893805e-02,2.883760872034497e-01,2.265125996376774e+00,4.403162233509254e-01,6.460329861286710e-01,1.898563860423613e-01,1.513876789516653e+01,8.805391013539965e-01,2.524940450036874e-01,8.877040244599202e+01,1.363994276023361e+01,2.483847613531271e+01,1.159303764097785e-10,
-3.649715169193223e-03,-3.059099698950371e-02,-8.986212504108415e-02,7.551185751854683e-06,-1.113303500366087e-02,5.004211802180433e-01,-6.851999323518116e-06,-3.427807674804154e-01,-6.684096934906499e-08,-9.973566388123437e-08,-2.006014661921090e-08,1.174472554675715e-07,1.564838290765012e-07,-6.901779869790278e-07,-8.357353252408940e-07,-1.036979279569257e-09,-9.976241146240866e-09,-2.963858992458098e-09,-4.894662907247007e-01,1.851338041273018e+00,-4.075589701344509e-08,-6.102777162906811e-07,-1.443789917199295e-07,-1.494602548955195e-06,1.343477738148574e-07,5.050663462479996e-10,3.359208089703538e-07,6.598113178991417e-07,1.644945187677834e-09,-4.562536522642979e-09,3.734717440293518e-08,7.084280785331436e-07,4.787624793527108e-08,1.189927593189079e-07,2.257061136396597e-07,4.391259470671081e-09,1.601055601772503e-07,8.066066877101361e-07,2.041661823261680e-11,2.265163006776996e-08,6.582393385428815e-11,-5.124508503837841e-14,-1.756680810512195e-15,-7.349201413653287e-04,-5.086486479557389e-03,1.231088440340619e-06,-4.538474169611542e-05,-2.847782506405935e-05,-1.487806707090086e-11,8.875801930396910e-08,2.459762188992716e-07,1.882460049947628e-06,1.613797745954437e-06,1.088262203783553e-06,4.386415869233616e-07,9.280132218236758e-12,
-1.306171969940827e-02,-9.644736977657530e-02,-2.078632490440714e-01,2.154036218207483e-06,-3.017567219934374e-02,3.017455471219646e+00,-2.385799393632899e-05,-8.474836211318191e-01,7.686485521322089e-07,2.139739937782267e-06,2.650045100191860e-07,1.480643536408279e-05,1.211734349270527e-06,-2.282613811167850e-06,1.459353835700692e-05,3.784863640245982e-08,1.728658936117448e-07,1.248896934149772e-07,-1.165020936266292e+00,9.201732928439592e+00,5.419193194867233e-07,4.118187513190469e-05,1.706817118514339e-06,5.640324595067481e-05,3.155896848091588e-07,3.069511663943444e-08,1.368050517331111e-05,4.723042776408112e-06,5.360618788410186e-09,4.012458452216840e-08,1.834576886534421e-07,3.978545968222726e-06,1.980146621173832e-06,2.072698706158793e-06,4.926831157702647e-06,1.570819969176050e-07,2.918655717401316e-06,1.457444137327917e-06,1.063477815638513e-09,1.556812401770107e-05,4.136591816982853e-10,4.701179379978303e-13,1.393616181714519e-14,2.560931684683223e-03,1.876031003317665e-02,6.772815118316875e-05,-2.722724274222838e-04,-1.760263717339461e-04,1.221553121291332e-07,2.563127291745612e-06,2.195653879254882e-07,2.490937353170861e-05,2.404791901146352e-05,1.974023191209938e-05,6.589389108110044e-06,7.137823665459564e-11,
-2.010309989839885e-03,-1.239416861099324e-02,-3.659969409875682e-02,6.399768458474869e-06,-6.064204232271093e-03,1.835339158730703e-01,-2.062544476940159e-06,-1.567553757176368e-01,-4.324046423692060e-08,-1.765164903222200e-07,-1.602491037364844e-08,-5.235350920369690e-07,-8.404858223691294e-08,-2.252144042449033e-07,-1.084233676584418e-06,-2.242086023933983e-09,-8.053567603801001e-09,-7.422695127205410e-09,-1.719338624735662e-01,7.839920166767945e-01,-6.119380894596165e-08,-5.611725843800935e-06,-8.618500526445142e-08,-2.329909249792675e-06,2.322157427910903e-07,1.934551036017511e-10,-1.853100005228619e-06,-7.976223983234042e-07,4.287810298376331e-10,-2.141171113571790e-09,1.534210472335417e-08,7.188206162564847e-07,3.486638248534724e-08,1.219424671005807e-07,1.629303269447744e-07,2.218180280702293e-09,1.137753908709850e-07,8.018507554776642e-07,2.250078294721350e-12,1.429314238390297e-09,-9.509325789642489e-11,-2.349613163221505e-14,-1.543892832322780e-15,-4.560288763202574e-04,-3.111422502831092e-03,-1.062970105747797e-05,-1.283101567131314e-05,-7.893433995808755e-06,-1.897711089129097e-10,1.063856803635971e-08,2.457379102414139e-07,6.722469676150650e-07,1.046945089789387e-06,7.831081531506031e-07,2.853868744834949e-07,8.670730800020010e-12,

