0.000000000000000000e+00 9.999999979388463078e-01
6.688963210702340845e-02 9.735980586060757336e-01
1.337792642140468169e-01 9.901877988574272482e-01
2.006688963210702115e-01 9.937952732765612529e-01
2.675585284280936338e-01 9.963407137820148307e-01
3.344481605351170561e-01 9.980227421107484842e-01
4.013377926421404229e-01 9.990236882926415429e-01
4.682274247491638453e-01 9.995613410745101124e-01
5.351170568561872676e-01 9.998222852198852539e-01
6.020066889632106344e-01 9.999363842292356974e-01
6.688963210702341122e-01 9.999808634965908771e-01
7.357859531772574790e-01 9.999959044351588444e-01
8.026755852842808459e-01 9.999999858324305491e-01
8.695652173913043237e-01 1.000000608478397002e+00
9.364548494983276905e-01 1.000000411517093291e+00
1.003344481605351168e+00 1.000000154052833601e+00
1.070234113712374535e+00 9.999999769116307835e-01
1.137123745819397902e+00 9.999998630609723271e-01
1.204013377926421269e+00 9.999997764044507020e-01
1.270903010033444858e+00 9.999996909484891727e-01
1.337792642140468224e+00 9.999995903463664293e-01
1.404682274247491591e+00 9.999994628805368713e-01
1.471571906354514958e+00 9.999992976220049012e-01
1.538461538461538325e+00 9.999990820498988464e-01
1.605351170568561692e+00 9.999988004412703191e-01
1.672240802675585281e+00 9.999984324598525376e-01
1.739130434782608647e+00 9.999979515924281026e-01
1.806020066889632014e+00 9.999973232077351559e-01
1.872909698996655381e+00 9.999965020536145666e-01
1.939799331103678748e+00 9.999954289963242093e-01
2.006688963210702337e+00 9.999940267621795220e-01
2.073578595317725703e+00 9.999921943735655683e-01
2.140468227424749070e+00 9.999897998785224340e-01
2.207357859531772437e+00 9.999866708507174629e-01
2.274247491638795804e+00 9.999825819764027734e-01
2.341137123745819171e+00 9.999772388356987785e-01
2.408026755852842538e+00 9.999702567123849306e-01
2.474916387959865904e+00 9.999611329098712087e-01
2.541806020066889715e+00 9.999492105859821844e-01
2.608695652173913082e+00 9.999336315128856123e-01
2.675585284280936449e+00 9.999132743785362765e-01
2.742474916387959816e+00 9.998866742178006417e-01
2.809364548494983183e+00 9.998519172246220776e-01
2.876254180602006549e+00 9.998065034614872504e-01
2.943143812709029916e+00 9.997471677350036057e-01
3.010033444816053283e+00 9.996696460034981691e-01
3.076923076923076650e+00 9.995683709468079492e-01
3.143812709030100017e+00 9.994360755445538258e-01
3.210702341137123383e+00 9.992632774232108606e-01
3.277591973244147194e+00 9.990376090584514035e-01
3.344481605351170561e+00 9.987429493600472608e-01
3.411371237458193928e+00 9.983583004582315956e-01
3.478260869565217295e+00 9.978563395104822487e-01
3.545150501672240662e+00 9.972015591931082668e-01
3.612040133779264028e+00 9.963478929176146082e-01
3.678929765886287395e+00 9.952357033843106660e-01
3.745819397993310762e+00 9.937879991738997054e-01
3.812709030100334129e+00 9.919057396327000120e-01
3.879598662207357496e+00 9.894621032531094595e-01
3.946488294314381307e+00 9.862956446575189551e-01
4.013377926421404673e+00 9.822023731494590182e-01
4.080267558528428040e+00 9.769269832593205916e-01
4.147157190635451407e+00 9.701537945140629171e-01
4.214046822742474774e+00 9.614984566940129040e-01
4.280936454849498141e+00 9.505021809159180934e-01
4.347826086956521507e+00 9.366311614936579932e-01
4.414715719063544874e+00 9.192848696821507293e-01
4.481605351170568241e+00 8.978177860734051219e-01
4.548494983277591608e+00 8.715794228346771533e-01
4.615384615384614975e+00 8.399764365763974228e-01
4.682274247491638342e+00 8.025573593590811239e-01
4.749163879598661708e+00 7.591143259967466639e-01
4.816053511705685075e+00 7.097874750863149007e-01
4.882943143812708442e+00 6.551486320138275588e-01
4.949832775919731809e+00 5.962357832265872126e-01
5.016722408026756064e+00 5.345138994134640553e-01
5.083612040133779431e+00 4.717535902205396425e-01
5.150501672240802797e+00 4.098435408215550524e-01
5.217391304347826164e+00 3.505758061382838187e-01
5.284280936454849531e+00 2.954532548124779168e-01
5.351170568561872898e+00 2.455601690617282284e-01
5.418060200668896265e+00 2.015147111178688666e-01
5.484949832775919631e+00 1.634969785337452020e-01
5.551839464882942998e+00 1.313291891529924371e-01
5.618729096989966365e+00 1.045793143089745747e-01
5.685618729096989732e+00 8.266393564124609183e-02
5.752508361204013099e+00 6.493505913454467038e-02
5.819397993311036466e+00 5.074452007091319328e-02
5.886287625418059832e+00 3.948605231069961946e-02
5.953177257525083199e+00 3.061862132644067175e-02
6.020066889632106566e+00 2.367584131574267114e-02
6.086956521739129933e+00 1.826610414702173682e-02
6.153846153846153300e+00 1.406719708413470271e-02
6.220735785953176666e+00 1.081817095826059436e-02
6.287625418060200033e+00 8.310300484365758938e-03
6.354515050167223400e+00 6.378254084448886987e-03
6.421404682274246767e+00 4.892072462386372160e-03
6.488294314381271022e+00 3.750212987604205177e-03
6.555183946488294389e+00 2.873708266437694815e-03
6.622073578595317755e+00 2.201371871049670470e-03
6.688963210702341122e+00 1.685929557457610528e-03
6.755852842809364489e+00 1.290936617481544969e-03
6.822742474916387856e+00 9.883450232081420709e-04
6.889632107023411223e+00 7.565973105901768617e-04
6.956521739130434590e+00 5.791414176221656128e-04
7.023411371237457956e+00 4.432784034948804319e-04
7.090301003344481323e+00 3.392713281774634875e-04
7.157190635451504690e+00 2.596578061978629145e-04
7.224080267558528057e+00 1.987206867590787991e-04
7.290969899665551424e+00 1.520810782678238724e-04
7.357859531772574790e+00 1.163857859224002298e-04
7.424749163879598157e+00 8.906746325773144408e-05
7.491638795986621524e+00 6.816068097637800023e-05
7.558528428093644891e+00 5.216094672783686134e-05
7.625418060200668258e+00 3.991668710607900594e-05
7.692307692307691624e+00 3.054650909256356495e-05
7.759197324414714991e+00 2.337583888090503045e-05
7.826086956521738358e+00 1.788840814752949864e-05
7.892976588628762613e+00 1.368911339352731414e-05
7.959866220735785980e+00 1.047558499952231824e-05
8.026755852842809347e+00 8.016425169911373731e-06
8.093645484949831825e+00 6.134551452864184693e-06
8.160535117056856080e+00 4.694448590250963765e-06
8.227424749163878559e+00 3.592411967394952836e-06
8.294314381270902814e+00 2.749080820925743438e-06
8.361204013377925293e+00 2.103723937167659777e-06
8.428093645484949548e+00 1.609866590331609554e-06
8.494983277591972026e+00 1.231943948812322364e-06
8.561872909698996281e+00 9.427400345238627207e-07
8.628762541806020536e+00 7.214278541728590093e-07
8.695652173913043015e+00 5.520695928176297820e-07
8.762541806020067270e+00 4.224688786639306855e-07
8.829431438127089748e+00 3.232924750260529963e-07
8.896321070234114003e+00 2.473981538681918587e-07
8.963210702341136482e+00 1.893203510143019990e-07
9.030100334448160737e+00 1.448765643255028908e-07
9.096989966555183216e+00 1.108661506265023969e-07
9.163879598662207471e+00 8.483983079108551061e-08
9.230769230769229949e+00 6.492330418199059667e-08
9.297658862876254204e+00 4.968227017996987893e-08
9.364548494983276683e+00 3.801913638930028144e-08
9.431438127090300938e+00 2.909397498151356644e-08
9.498327759197323417e+00 2.226403484817457657e-08
9.565217391304347672e+00 1.703745352101783178e-08
9.632107023411370150e+00 1.303783541090901292e-08
9.698996655518394405e+00 9.977145454836093068e-09
9.765886287625416884e+00 7.634966095316957649e-09
9.832775919732441139e+00 5.842623773590979094e-09
9.899665551839463618e+00 4.471041797682455874e-09
9.966555183946487873e+00 3.421444802836331602e-09
1.003344481605351213e+01 2.618245380645016651e-09
1.010033444816053461e+01 2.003600603294900855e-09
1.016722408026755886e+01 1.533246427816189286e-09
1.023411371237458134e+01 1.173309992416528038e-09
1.030100334448160559e+01 8.978702403921077602e-10
1.036789297658862807e+01 6.870911984297873646e-10
1.043478260869565233e+01 5.257934762139074760e-10
1.050167224080267481e+01 4.023611129590203964e-10
1.056856187290969906e+01 3.079050466201515445e-10
1.063545150501672154e+01 2.356229623613412881e-10
1.070234113712374580e+01 1.803094193118762260e-10
1.076923076923076827e+01 1.379809771421733349e-10
1.083612040133779253e+01 1.055893258372965778e-10
1.090301003344481501e+01 8.080175959844324870e-11
1.096989966555183926e+01 6.183318556172249996e-11
1.103678929765886174e+01 4.731756928902607945e-11
1.110367892976588600e+01 3.620955901829735236e-11
1.117056856187290848e+01 2.770920402092004695e-11
1.123745819397993273e+01 2.120434560039050649e-11
1.130434782608695521e+01 1.622653201189684102e-11
1.137123745819397946e+01 1.241728255435105811e-11
1.143812709030100372e+01 9.502271381968592407e-12
1.150501672240802620e+01 7.271571858784401773e-12
1.157190635451505045e+01 5.564538666969776737e-12
1.163879598662207293e+01 4.258238868154794064e-12
1.170568561872909719e+01 3.258598728918750320e-12
1.177257525083611966e+01 2.493628765345677649e-12
1.183946488294314392e+01 1.908239209365852953e-12
1.190635451505016640e+01 1.460272641675706793e-12
1.197324414715719065e+01 1.117468113665295943e-12
1.204013377926421313e+01 8.551380613123114398e-13
1.210702341137123739e+01 6.543905850083471490e-13
1.217391304347825987e+01 5.007689719296976290e-13
1.224080267558528412e+01 3.832104699158098547e-13
1.230769230769230660e+01 2.932494212762300938e-13
1.237458193979933085e+01 2.244074905401680595e-13
1.244147157190635333e+01 1.717270919863830085e-13
1.250836120401337759e+01 1.314143477282459931e-13
1.257525083612040007e+01 1.005658379094395120e-13
1.264214046822742432e+01 7.695954230373356327e-14
1.270903010033444680e+01 5.889497856764145127e-14
1.277591973244147106e+01 4.507093937643841488e-14
1.284280936454849353e+01 3.449186926416581140e-14
1.290969899665551779e+01 2.639607485602745396e-14
1.297658862876254204e+01 2.020068997417432265e-14
1.304347826086956452e+01 1.545958582534190413e-14
1.311036789297658878e+01 1.183128092162889351e-14
1.317725752508361126e+01 9.054468448104234783e-15
1.324414715719063551e+01 6.929260450912510935e-15
1.331103678929765799e+01 5.302749617315552589e-15
1.337792642140468224e+01 4.057924427871893357e-15
1.344481605351170472e+01 3.105216662275962130e-15
1.351170568561872898e+01 2.376075243599931850e-15
1.357859531772575146e+01 1.818072594537810245e-15
1.364548494983277571e+01 1.391144893173977974e-15
1.371237458193979819e+01 1.064676347634089436e-15
1.377926421404682245e+01 8.152178046507431372e-16
1.384615384615384492e+01 6.247239331285536256e-16
1.391304347826086918e+01 4.792589965477198576e-16
1.397993311036789166e+01 3.680935090014018758e-16
1.404682274247491591e+01 2.830462312269301301e-16
1.411371237458193839e+01 2.179303012026067832e-16
1.418060200668896265e+01 1.680460889224208877e-16
1.424749163879598512e+01 1.297672139130108043e-16
1.431438127090300938e+01 1.002560445275012451e-16
1.438127090301003363e+01 7.728497164354217089e-17
1.444816053511705611e+01 5.912270956786497153e-17
1.451505016722408037e+01 4.448440279701947973e-17
1.458193979933110285e+01 3.253014516610835805e-17
1.464882943143812710e+01 2.282737105929832860e-17
1.471571906354514958e+01 1.520189511008918483e-17
1.478260869565217384e+01 9.530373746023818889e-18
1.484949832775919631e+01 5.596673693993611080e-18
1.491638795986622057e+01 3.070481438627604311e-18
1.498327759197324305e+01 1.571656915553096533e-18
1.505016722408026730e+01 7.497638432274439078e-19
1.511705685618728978e+01 3.327406887933629654e-19
1.518394648829431404e+01 1.368254357368229757e-19
1.525083612040133652e+01 5.169284568651990880e-20
1.531772575250836077e+01 1.762184845195518429e-20
1.538461538461538325e+01 5.195390940269976924e-21
1.545150501672240750e+01 1.164466361944396055e-21
1.551839464882942998e+01 7.236550364326519426e-23
1.558528428093645424e+01 -1.226213047748771677e-22
1.565217391304347672e+01 -1.014252790105908321e-22
1.571906354515050097e+01 -5.650622650601830653e-23
1.578595317725752523e+01 -2.660835921460134243e-23
1.585284280936454770e+01 -1.128124417063866991e-23
1.591973244147157196e+01 -4.418070301692499766e-24
1.598662207357859444e+01 -1.616172950903975262e-24
1.605351170568561869e+01 -5.539117677930818899e-25
1.612040133779264295e+01 -1.771482833441372341e-25
1.618729096989966365e+01 -5.213353057187668416e-26
1.625418060200668791e+01 -1.363538775516327854e-26
1.632107023411371216e+01 -2.867531289086166507e-27
1.638795986622073642e+01 -2.803674351978694605e-28
1.645484949832775712e+01 1.586289716317983284e-28
1.652173913043478137e+01 1.413254407596508180e-28
1.658862876254180563e+01 7.645963304842751467e-29
1.665551839464882988e+01 3.469978185599393362e-29
1.672240802675585059e+01 1.428617575696750264e-29
1.678929765886287484e+01 5.505447776000811177e-30
1.685618729096989910e+01 2.016597210293223773e-30
1.692307692307692335e+01 7.078470526512519867e-31
1.698996655518394405e+01 2.390900635805231659e-31
1.705685618729096831e+01 7.781971069891010641e-32
1.712374581939799256e+01 2.438055583565982891e-32
1.719063545150501682e+01 7.322339117053472461e-33
1.725752508361204107e+01 2.090008327120917994e-33
1.732441471571906177e+01 5.571777071464140760e-34
1.739130434782608603e+01 1.335473162294769146e-34
1.745819397993311028e+01 2.587233969979037952e-35
1.752508361204013454e+01 2.207041932356353823e-36
1.759197324414715524e+01 -1.402388403236742634e-36
1.765886287625417950e+01 -1.158777073548874460e-36
1.772575250836120375e+01 -6.033472137321387949e-37
1.779264214046822801e+01 -2.672660357328585592e-37
1.785953177257524871e+01 -1.085941212437665641e-37
1.792642140468227296e+01 -4.173279486975187536e-38
1.799331103678929722e+01 -1.540676829982772739e-38
1.806020066889632147e+01 -5.513022496730904838e-39
1.812709030100334218e+01 -1.922741106085097578e-39
1.819397993311036643e+01 -6.559434770394068171e-40
1.826086956521739069e+01 -2.194076966654209284e-40
1.832775919732441494e+01 -7.206587419609280313e-41
1.839464882943143564e+01 -2.326301643192624264e-41
1.846153846153845990e+01 -7.382109953384495223e-42
1.852842809364548415e+01 -2.302243267555913655e-42
1.859531772575250841e+01 -7.049964934772936920e-43
1.866220735785953266e+01 -2.116204094788713757e-43
1.872909698996655337e+01 -6.209520533460164296e-44
1.879598662207357762e+01 -1.773177283034679293e-44
1.886287625418060188e+01 -4.891752004828276877e-45
1.892976588628762613e+01 -1.287301986943776535e-45
1.899665551839464683e+01 -3.153503243221670266e-46
1.906354515050167109e+01 -6.798504435836591182e-47
1.913043478260869534e+01 -1.070707320616720443e-47
1.919732441471571960e+01 2.298495784424300908e-49
1.926421404682274030e+01 1.268654295603623220e-48
1.933110367892976456e+01 7.922831076291175405e-49
1.939799331103678881e+01 3.771239631456986171e-49
1.946488294314381307e+01 1.598398162941443758e-49
1.953177257525083377e+01 6.344244467787486143e-50
1.959866220735785802e+01 2.412660255388477373e-50
1.966555183946488228e+01 8.900067266317802753e-51
1.973244147157190653e+01 3.208182444394232156e-51
1.979933110367892724e+01 1.134401345770420029e-51
1.986622073578595149e+01 3.914182643872325444e-52
1.993311036789297575e+01 1.223488163833694018e-52
2.000000000000000000e+01 0.000000000000000000e+00
