0.000000000000000000e+00 9.999999979388463078e-01
5.012531328320801727e-02 9.999999683797564654e-01
1.002506265664160345e-01 9.999999362113780599e-01
1.503759398496240518e-01 9.999999031078814493e-01
2.005012531328320691e-01 9.999998686674378412e-01
2.506265664160400863e-01 9.999998324692084273e-01
3.007518796992481036e-01 9.999997940687019859e-01
3.508771929824561209e-01 9.999997529924867790e-01
4.010025062656641381e-01 9.999997087323602152e-01
4.511278195488721554e-01 9.999996607391803405e-01
5.012531328320801727e-01 9.999996084160235332e-01
5.513784461152881899e-01 9.999995511107994117e-01
6.015037593984962072e-01 9.999994881080548348e-01
6.516290726817042245e-01 9.999994186201043300e-01
7.017543859649122417e-01 9.999993417771461113e-01
7.518796992481202590e-01 9.999992566163998786e-01
8.020050125313282763e-01 9.999991620699837380e-01
8.521303258145362935e-01 9.999990569515736505e-01
9.022556390977443108e-01 9.999989399414868085e-01
9.523809523809523281e-01 9.999988095701548563e-01
1.002506265664160345e+00 9.999986641995548542e-01
1.052631578947368363e+00 9.999985020027726268e-01
1.102756892230576380e+00 9.999983209409556428e-01
1.152882205513784397e+00 9.999981187376517644e-01
1.203007518796992414e+00 9.999978928502877285e-01
1.253132832080200432e+00 9.999976404381161199e-01
1.303258145363408449e+00 9.999973583265057142e-01
1.353383458646616466e+00 9.999970429670629324e-01
1.403508771929824483e+00 9.999966903928904083e-01
1.453634085213032501e+00 9.999962961688707574e-01
1.503759398496240518e+00 9.999958553356411706e-01
1.553884711779448535e+00 9.999953623474265862e-01
1.604010025062656553e+00 9.999948110021632530e-01
1.654135338345864570e+00 9.999941943634567121e-01
1.704260651629072587e+00 9.999935046734444999e-01
1.754385964912280604e+00 9.999927332550408998e-01
1.804511278195488622e+00 9.999918704029729932e-01
1.854636591478696639e+00 9.999909052614671667e-01
1.904761904761904656e+00 9.999898256878957392e-01
1.954887218045112673e+00 9.999886180999500995e-01
2.005012531328320691e+00 9.999872673046894533e-01
2.055137844611528486e+00 9.999857563076613998e-01
2.105263157894736725e+00 9.999840660989272045e-01
2.155388471177944965e+00 9.999821754140335583e-01
2.205513784461152760e+00 9.999800604666331250e-01
2.255639097744360555e+00 9.999776946491806262e-01
2.305764411027568794e+00 9.999750481984559514e-01
2.355889724310777034e+00 9.999720878211406649e-01
2.406015037593984829e+00 9.999687762753214360e-01
2.456140350877192624e+00 9.999650719019902434e-01
2.506265664160400863e+00 9.999609281015282569e-01
2.556390977443609103e+00 9.999562927476481899e-01
2.606516290726816898e+00 9.999511075321972919e-01
2.656641604010024693e+00 9.999453072323950531e-01
2.706766917293232932e+00 9.999388188908732156e-01
2.756892230576441172e+00 9.999315608991479198e-01
2.807017543859648967e+00 9.999234419721163558e-01
2.857142857142856762e+00 9.999143600014075428e-01
2.907268170426065002e+00 9.999042007729456172e-01
2.957393483709273241e+00 9.998928365327294232e-01
3.007518796992481036e+00 9.998801243831204610e-01
3.057644110275688831e+00 9.998659044892983516e-01
3.107769423558897071e+00 9.998499980739815607e-01
3.157894736842105310e+00 9.998322051749964912e-01
3.208020050125313105e+00 9.998123021382759879e-01
3.258145363408520900e+00 9.997900388148761586e-01
3.308270676691729140e+00 9.997651354275278734e-01
3.358395989974937379e+00 9.997372790676888332e-01
3.408521303258145174e+00 9.997061197803928101e-01
3.458646616541352969e+00 9.996712661882093398e-01
3.508771929824561209e+00 9.996322806009416695e-01
3.558897243107769448e+00 9.995886735511971821e-01
3.609022556390977243e+00 9.995398976890967901e-01
3.659147869674185038e+00 9.994853409622870277e-01
3.709273182957393278e+00 9.994243189982452424e-01
3.759398496240601517e+00 9.993560665980585345e-01
3.809523809523809312e+00 9.992797282388594660e-01
3.859649122807017108e+00 9.991943474731850294e-01
3.909774436090225347e+00 9.990988550987054406e-01
3.959899749373433586e+00 9.989920559611507045e-01
4.010025062656641381e+00 9.988726142359467541e-01
4.060150375939849177e+00 9.987390370201676415e-01
4.110275689223056972e+00 9.985896560479351480e-01
4.160401002506265655e+00 9.984226073243760435e-01
4.210526315789473450e+00 9.982358084528006881e-01
4.260651629072681246e+00 9.980269334088974764e-01
4.310776942355889929e+00 9.977933844928641438e-01
4.360902255639097724e+00 9.975322611671703088e-01
4.411027568922305520e+00 9.972403254632229430e-01
4.461152882205513315e+00 9.969139636155694983e-01
4.511278195488721110e+00 9.965491435580278168e-01
4.561403508771929793e+00 9.961413678926029913e-01
4.611528822055137589e+00 9.956856219206302594e-01
4.661654135338345384e+00 9.951763163077278485e-01
4.711779448621554067e+00 9.946072239409060600e-01
4.761904761904761862e+00 9.939714105308151693e-01
4.812030075187969658e+00 9.932611585169187629e-01
4.862155388471177453e+00 9.924678838511519219e-01
4.912280701754385248e+00 9.915820452733941082e-01
4.962406015037593932e+00 9.905930457518404841e-01
5.012531328320801727e+00 9.894891258531234302e-01
5.062656641604009522e+00 9.882572489372257740e-01
5.112781954887218205e+00 9.868829782504410231e-01
5.162907268170426001e+00 9.853503462293343729e-01
5.213032581453633796e+00 9.836417166393441880e-01
5.263157894736841591e+00 9.817376405720680266e-01
5.313283208020049386e+00 9.796167078266445616e-01
5.363408521303258070e+00 9.772553958220318027e-01
5.413533834586465865e+00 9.746279189397851761e-01
5.463659147869673660e+00 9.717060820948987265e-01
5.513784461152882344e+00 9.684591433790384896e-01
5.563909774436090139e+00 9.648536918147125885e-01
5.614035087719297934e+00 9.608535475868038578e-01
5.664160401002505729e+00 9.564196935503159747e-01
5.714285714285713524e+00 9.515102483064172834e-01
5.764411027568922208e+00 9.460804926325721009e-01
5.814536340852130003e+00 9.400829624656042993e-01
5.864661654135337798e+00 9.334676228788791885e-01
5.914786967418546482e+00 9.261821384602483276e-01
5.964912280701754277e+00 9.181722560700436020e-01
6.015037593984962072e+00 9.093823160138648776e-01
6.065162907268169867e+00 8.997559070596160558e-01
6.115288220551377663e+00 8.892366792978407819e-01
6.165413533834586346e+00 8.777693263811452429e-01
6.215538847117794141e+00 8.653007449257829053e-01
6.265664160401001936e+00 8.517813735054386992e-01
6.315789473684210620e+00 8.371667063560401800e-01
6.365914786967418415e+00 8.214189672955209964e-01
6.416040100250626210e+00 8.045089171815936746e-01
6.466165413533834005e+00 7.864177534450349505e-01
6.516290726817041801e+00 7.671390431839251178e-01
6.566416040100250484e+00 7.466806128674797760e-01
6.616541353383458279e+00 7.250662994339865941e-01
6.666666666666666075e+00 7.023374517286479213e-01
6.716791979949874758e+00 6.785540606472949543e-01
6.766917293233082553e+00 6.537953941129124313e-01
6.817042606516290348e+00 6.281600219313671074e-01
6.867167919799498144e+00 6.017651375564987415e-01
6.917293233082705939e+00 5.747451191812150695e-01
6.967418546365914622e+00 5.472493196721059938e-01
7.017543859649122417e+00 5.194391298360410136e-01
7.067669172932330213e+00 4.914844167072575654e-01
7.117794486215538896e+00 4.635594913360493452e-01
7.167919799498746691e+00 4.358388024139328576e-01
7.218045112781954487e+00 4.084925777162732308e-01
7.268170426065162282e+00 3.816826416689073076e-01
7.318295739348370077e+00 3.555586238443247393e-01
7.368421052631578760e+00 3.302547418769954390e-01
7.418546365914786556e+00 3.058872971559537524e-01
7.468671679197994351e+00 2.825529679119860305e-01
7.518796992481203034e+00 2.603279275621462330e-01
7.568922305764410829e+00 2.392677617197317419e-01
7.619047619047618625e+00 2.194081096753688620e-01
7.669172932330826420e+00 2.007659189022800994e-01
7.719298245614034215e+00 1.833411764948190414e-01
7.769423558897242899e+00 1.671189703053710951e-01
7.819548872180450694e+00 1.520717343720854875e-01
7.869674185463658489e+00 1.381615461575153303e-01
7.919799498746867172e+00 1.253423642123247250e-01
7.969924812030074968e+00 1.135621206239939007e-01
8.020050125313282763e+00 1.027646095035273655e-01
8.070175438596491446e+00 9.289113785581346039e-02
8.120300751879698353e+00 8.388192644021154332e-02
8.170426065162907037e+00 7.567726464536742026e-02
8.220551378446113944e+00 6.821843485956834152e-02
8.270676691729322627e+00 6.144842883166372338e-02
8.320802005012531311e+00 5.531248194328221290e-02
8.370927318295738218e+00 4.975845209644812195e-02
8.421052631578946901e+00 4.473706893126938589e-02
8.471177944862155584e+00 4.020207703487118506e-02
8.521303258145362491e+00 3.611029421202394118e-02
8.571428571428571175e+00 3.242160312136247585e-02
8.621553884711779858e+00 2.909889186722372512e-02
8.671679197994986765e+00 2.610795660810251786e-02
8.721804511278195449e+00 2.341737696420010187e-02
8.771929824561402356e+00 2.099837300261593251e-02
8.822055137844611039e+00 1.882465084767869640e-02
8.872180451127819723e+00 1.687224249022449551e-02
8.922305764411026630e+00 1.511934413035933081e-02
8.972431077694235313e+00 1.354615635778252773e-02
9.022556390977442220e+00 1.213472862603953185e-02
9.072681704260650903e+00 1.086880978716649702e-02
9.122807017543859587e+00 9.733705897951226010e-03
9.172932330827066494e+00 8.716146067552514934e-03
9.223057644110275177e+00 7.804156769856819380e-03
9.273182957393483861e+00 6.986944776414655799e-03
9.323308270676690768e+00 6.254788662953754234e-03
9.373433583959899451e+00 5.598938692228450260e-03
9.423558897243108134e+00 5.011524768081435967e-03
9.473684210526315042e+00 4.485472081458792733e-03
9.523809523809523725e+00 4.014424021583729539e-03
9.573934837092730632e+00 3.592671898635460288e-03
9.624060150375939315e+00 3.215091013285157045e-03
9.674185463659147999e+00 2.877082609376900059e-03
9.724310776942354906e+00 2.574521255775015505e-03
9.774436090225563589e+00 2.303707219405187051e-03
9.824561403508770496e+00 2.061323411826740132e-03
9.874686716791979180e+00 1.844396514735466156e-03
9.924812030075187863e+00 1.650261914417716766e-03
9.974937343358394770e+00 1.476532100451909179e-03
1.002506265664160345e+01 1.321068209204015118e-03
1.007518796992481214e+01 1.181954417391720830e-03
1.012531328320801904e+01 1.057474914847910188e-03
1.017543859649122773e+01 9.460932083581307262e-04
1.022556390977443641e+01 8.464335299243113059e-04
1.027568922305764332e+01 7.572641429376903354e-04
1.032581453634085200e+01 6.774823584874732976e-04
1.037593984962405891e+01 6.061010913952300915e-04
1.042606516290726759e+01 5.422368015758540633e-04
1.047619047619047628e+01 4.850986810336144813e-04
1.052631578947368318e+01 4.339789602696911405e-04
1.057644110275689187e+01 3.882442201726514237e-04
1.062656641604009877e+01 3.473276066643488872e-04
1.067669172932330746e+01 3.107218555523655746e-04
1.072681704260651614e+01 2.779730442761511487e-04
1.077694235588972305e+01 2.486749955988223492e-04
1.082706766917293173e+01 2.224642658628884703e-04
1.087719298245614041e+01 1.990156572634145971e-04
1.092731829573934732e+01 1.780381997599772960e-04
1.097744360902255600e+01 1.592715538091132334e-04
1.102756892230576469e+01 1.424827901077274086e-04
1.107769423558897159e+01 1.274635070456729680e-04
1.112781954887218028e+01 1.140272506206871784e-04
1.117794486215538718e+01 1.020072052136439847e-04
1.122807017543859587e+01 9.125412689700935695e-05
1.127819548872180455e+01 8.163449389017659750e-05
1.132832080200501146e+01 7.302885141533818148e-05
1.137844611528822014e+01 6.533033057635409134e-05
1.142857142857142705e+01 5.844332300804371580e-05
1.147869674185463573e+01 5.228229494891629557e-05
1.152882205513784442e+01 4.677072609871286095e-05
1.157894736842105132e+01 4.184016015347765739e-05
1.162907268170426001e+01 3.742935528307669119e-05
1.167919799498746869e+01 3.348352404559015028e-05
1.172932330827067560e+01 2.995365333438083401e-05
1.177944862155388428e+01 2.679589594019193645e-05
1.182957393483709296e+01 2.397102619407443435e-05
1.187969924812029987e+01 2.144395294810784932e-05
1.192982456140350855e+01 1.918328385923495148e-05
1.197994987468671546e+01 1.716093557569528305e-05
1.203007518796992414e+01 1.535178499330089766e-05
1.208020050125313283e+01 1.373335725696943222e-05
1.213032581453633973e+01 1.228554663782569960e-05
1.218045112781954842e+01 1.099036682330852273e-05
1.223057644110275533e+01 9.831727522098274375e-06
1.228070175438596401e+01 8.795234611768244868e-06
1.233082706766917269e+01 7.868011348891454712e-06
1.238095238095237960e+01 7.038538422469194704e-06
1.243107769423558828e+01 6.296510865231316764e-06
1.248120300751879697e+01 5.632710046450816027e-06
1.253132832080200387e+01 5.038889157014904072e-06
1.258145363408521256e+01 4.507670764900447998e-06
1.263157894736842124e+01 4.032455168988804174e-06
1.268170426065162815e+01 3.607338413171001203e-06
1.273182957393483683e+01 3.227038942601020060e-06
1.278195488721804374e+01 2.886831991235846735e-06
1.283208020050125242e+01 2.582490885780003120e-06
1.288220551378446110e+01 2.310234537026032448e-06
1.293233082706766801e+01 2.066680466405373158e-06
1.298245614035087669e+01 1.848802784301384618e-06
1.303258145363408360e+01 1.653894598161489212e-06
1.308270676691729228e+01 1.479534383462434546e-06
1.313283208020050097e+01 1.323555899795577735e-06
1.318295739348370788e+01 1.184021278369665627e-06
1.323308270676691656e+01 1.059196946617505542e-06
1.328320802005012524e+01 9.475320908326193842e-07
1.333333333333333215e+01 8.476393892848723133e-07
1.338345864661654083e+01 7.582777764684727112e-07
1.343358395989974952e+01 6.783370243640256198e-07
1.348370927318295642e+01 6.068239491676567336e-07
1.353383458646616511e+01 5.428500721318173487e-07
1.358395989974937201e+01 4.856205812258056099e-07
1.363408521303258070e+01 4.344244564831722225e-07
1.368421052631578938e+01 3.886256363596505121e-07
1.373433583959899629e+01 3.476551153570722368e-07
1.378446115288220497e+01 3.110038747380826359e-07
1.383458646616541188e+01 2.782165585059198825e-07
1.388471177944862056e+01 2.488858160818700922e-07
1.393483709273182924e+01 2.226472413958359887e-07
1.398496240601503615e+01 1.991748455147278950e-07
1.403508771929824483e+01 1.781770065616881837e-07
1.408521303258145352e+01 1.593928466089727233e-07
1.413533834586466043e+01 1.425889905316504969e-07
1.418546365914786911e+01 1.275566665546143450e-07
1.423558897243107779e+01 1.141091124706412597e-07
1.428571428571428470e+01 1.020792553045810130e-07
1.433583959899749338e+01 9.131763559609971156e-08
1.438596491228070029e+01 8.169055051246717095e-08
1.443609022556390897e+01 7.307839272154176715e-08
1.448621553884711766e+01 6.537416438721438813e-08
1.453634085213032456e+01 5.848214782528685637e-08
1.458646616541353325e+01 5.231671630402854010e-08
1.463659147869674015e+01 4.680127021487159578e-08
1.468671679197994884e+01 4.186728539622257909e-08
1.473684210526315752e+01 3.745346178679944439e-08
1.478696741854636443e+01 3.350496183134815897e-08
1.483709273182957311e+01 2.997272917672021215e-08
1.488721804511278179e+01 2.681287919375437724e-08
1.493734335839598870e+01 2.398615375283181880e-08
1.498746867167919739e+01 2.145743347920916839e-08
1.503759398496240607e+01 1.919530142838507424e-08
1.508771929824561298e+01 1.717165276060264971e-08
1.513784461152882166e+01 1.536134556505966464e-08
1.518796992481202857e+01 1.374188849567277082e-08
1.523809523809523725e+01 1.229316133755765240e-08
1.528822055137844593e+01 1.099716503254825227e-08
1.533834586466165284e+01 9.837798058055365512e-09
1.538847117794486152e+01 8.800656380987336521e-09
1.543859649122806843e+01 7.872854501360255865e-09
1.548872180451127711e+01 7.042865362225906332e-09
1.553884711779448580e+01 6.300377136963730775e-09
1.558897243107769270e+01 5.636165114644385378e-09
1.563909774436090139e+01 5.041977091774831042e-09
1.568922305764411007e+01 4.510430846516354873e-09
1.573934837092731698e+01 4.034922421600115534e-09
1.578947368421052566e+01 3.609544076436345350e-09
1.583959899749373434e+01 3.229010889052702250e-09
1.588972431077694125e+01 2.888595095963661175e-09
1.593984962406014994e+01 2.584067354201051119e-09
1.598997493734335684e+01 2.311644195747259109e-09
1.604010025062656553e+01 2.067941021540192713e-09
1.609022556390977243e+01 1.849930051045067489e-09
1.614035087719298289e+01 1.654902704958300685e-09
1.619047619047618980e+01 1.480435953682278103e-09
1.624060150375939671e+01 1.324362213484201669e-09
1.629072681704260717e+01 1.184742416327147072e-09
1.634085213032581407e+01 1.059841918791318937e-09
1.639097744360902098e+01 9.481089507767666662e-10
1.644110275689222789e+01 8.481553362337969561e-10
1.649122807017543835e+01 7.587392463936272323e-10
1.654135338345864525e+01 6.787497712250905391e-10
1.659147869674185216e+01 6.071931174323840133e-10
1.664160401002506262e+01 5.431802615167802030e-10
1.669172932330826953e+01 4.859159045038139215e-10
1.674185463659147644e+01 4.346885911083877968e-10
1.679197994987468689e+01 3.888618705781804772e-10
1.684210526315789380e+01 3.478663893971871203e-10
1.689223057644110071e+01 3.111928176084664115e-10
1.694235588972431117e+01 2.783855208727976134e-10
1.699248120300751808e+01 2.490368996442002997e-10
1.704260651629072498e+01 2.227823251321574282e-10
1.709273182957393544e+01 1.992956091346250578e-10
1.714285714285714235e+01 1.782849514587819221e-10
1.719298245614034926e+01 1.594893145800568775e-10
1.724310776942355972e+01 1.426751804980660245e-10
1.729323308270676662e+01 1.276336494963850717e-10
1.734335839598997353e+01 1.141778447610481135e-10
1.739348370927318044e+01 1.021405906125836473e-10
1.744360902255639090e+01 9.137233550583849706e-11
1.749373433583959780e+01 8.173929399278379250e-11
1.754385964912280471e+01 7.312178456396200706e-11
1.759398496240601517e+01 6.541274271781537030e-11
1.764411027568922208e+01 5.851639078416511925e-11
1.769423558897242899e+01 5.234704797563606153e-11
1.774436090225563945e+01 4.682806588302907754e-11
1.779448621553884635e+01 4.189087618913657113e-11
1.784461152882205326e+01 3.747413876973896631e-11
1.789473684210526372e+01 3.352297959768460390e-11
1.794486215538847063e+01 2.998830898170203229e-11
1.799498746867167753e+01 2.682621166967471220e-11
1.804511278195488444e+01 2.399740123891027572e-11
1.809523809523809490e+01 2.146673199468929862e-11
1.814536340852130181e+01 1.920276231280714107e-11
1.819548872180450871e+01 1.717736400099584398e-11
1.824561403508771917e+01 1.536537282581878724e-11
1.829573934837092608e+01 1.374427586307224592e-11
1.834586466165413299e+01 1.229393178721565558e-11
1.839598997493734345e+01 1.099632062457037711e-11
1.844611528822055035e+01 9.835319861071836383e-12
1.849624060150375726e+01 8.796504122780422675e-12
1.854636591478696772e+01 7.866965940194099415e-12
1.859649122807017463e+01 7.035155369342162805e-12
1.864661654135338154e+01 6.290736476893135609e-12
1.869674185463659200e+01 5.624458905991502850e-12
1.874686716791979890e+01 5.028042926886766385e-12
1.879699248120300581e+01 4.494076543910826848e-12
1.884711779448621627e+01 4.015923380112912465e-12
1.889724310776942318e+01 3.587640194724700438e-12
1.894736842105263008e+01 3.203903008255387544e-12
1.899749373433583699e+01 2.859940916908422876e-12
1.904761904761904745e+01 2.551476773482456493e-12
1.909774436090225436e+01 2.274673997166636525e-12
1.914786967418546126e+01 2.026088850707391739e-12
1.919799498746867172e+01 1.802627591276560926e-12
1.924812030075187863e+01 1.601507961829637710e-12
1.929824561403508554e+01 1.420224543582677254e-12
1.934837092731829600e+01 1.256517538112980389e-12
1.939849624060150290e+01 1.108344590119792398e-12
1.944862155388470981e+01 9.738552996098758600e-13
1.949874686716792027e+01 8.513681057066487175e-13
1.954887218045112718e+01 7.393492539137113099e-13
1.959899749373433409e+01 6.363935850027547851e-13
1.964912280701754099e+01 5.412069073353490177e-13
1.969924812030075145e+01 4.525897361663073180e-13
1.974937343358395836e+01 3.694222045171593240e-13
1.979949874686716527e+01 2.906499725785262617e-13
1.984962406015037573e+01 2.152709898576423999e-13
1.989974937343358263e+01 1.423230029251836131e-13
1.994987468671678954e+01 7.087176360100140197e-14
2.000000000000000000e+01 0.000000000000000000e+00
