1
0
63
1
(4 0
((0,0) (15,255) (0,0))
((0,768) (15,1023) (0,0))
((0,512) (15,767) (0,0))
((0,256) (15,511) (0,0))
)
4
FabOnDisk: SD_0_New_MF_D_0003 0
FabOnDisk: SD_0_New_MF_D_0000 0
FabOnDisk: SD_0_New_MF_D_0001 0
FabOnDisk: SD_0_New_MF_D_0002 0

4,63
-2.713732826302600e-02,1.655804296705250e+00,1.496019241681282e-01,7.582229520761592e-25,2.204522523056969e-23,3.190672216969279e-18,7.525300607144419e-13,1.572056513084605e-08,2.613595191725085e-10,2.980925342918700e-13,2.822892658252753e-03,0.000000000000000e+00,2.237614009548829e-30,1.511651842413906e-31,1.338672254134697e-14,0.000000000000000e+00,5.422085374076406e-25,2.607280944092192e-13,2.924145151795099e-19,1.038375481668603e-31,2.624279822230021e-14,4.623969176713406e-11,1.249743303590554e-12,5.568528059371207e-37,1.861087582384427e-13,2.295030393783004e-29,0.000000000000000e+00,0.000000000000000e+00,0.000000000000000e+00,6.556049683753340e-31,6.953631857262817e-15,0.000000000000000e+00,2.173227667278666e-27,0.000000000000000e+00,0.000000000000000e+00,0.000000000000000e+00,0.000000000000000e+00,0.000000000000000e+00,0.000000000000000e+00,0.000000000000000e+00,0.000000000000000e+00,0.000000000000000e+00,0.000000000000000e+00,2.610848543650957e-18,2.624983324156505e-19,3.703265085869195e-21,7.215745825913164e-19,2.324421651823309e-19,9.459152228807004e-18,2.184567474841235e-18,3.936257279363780e-18,0.000000000000000e+00,0.000000000000000e+00,0.000000000000000e+00,0.000000000000000e+00,0.000000000000000e+00,0.000000000000000e+00,0.000000000000000e+00,1.075361427612294e-01,3.675728694152968e+03,0.000000000000000e+00,4.430000015899503e+02,8.827471201065312e+04,
-3.167153869773734e-07,6.116289655744739e+00,1.461030104971592e-01,6.136516438445519e-06,5.859970572422806e-05,4.703123489689028e-04,1.349148335784395e-07,5.716816304263073e-05,1.235271102461343e-02,1.215913882252706e-08,1.187560529484555e-03,5.213507620687094e-11,2.757165771289455e-10,2.331369601025531e-11,1.101874695501809e-09,3.013645482171226e-10,8.787714158988295e-10,1.651544306167873e-09,3.599047840185488e-12,1.191004642798305e-11,1.267541578020903e-11,3.576528433421616e-03,2.343268052512897e-02,8.885372873807182e-11,9.158624607691753e-09,1.020534003256874e-10,3.417433699385609e-09,0.000000000000000e+00,0.000000000000000e+00,3.038004640117990e-09,1.644521827464599e-09,0.000000000000000e+00,2.225488591919940e-12,0.000000000000000e+00,3.190902050898638e-13,0.000000000000000e+00,0.000000000000000e+00,0.000000000000000e+00,0.000000000000000e+00,0.000000000000000e+00,0.000000000000000e+00,0.000000000000000e+00,0.000000000000000e+00,8.020530839500409e-14,1.793030106555306e-17,1.229681158518076e-18,5.979453046930911e-07,4.067071878416014e-06,1.822444894952604e-08,1.365045322041454e-08,8.348307024416463e-09,4.331392368292831e-13,0.000000000000000e+00,0.000000000000000e+00,0.000000000000000e+00,0.000000000000000e+00,0.000000000000000e+00,0.000000000000000e+00,1.047865383020908e-01,7.929160399830125e+03,0.000000000000000e+00,2.330275718268879e+03,1.013249242387493e+05,
-1.373399581836690e-07,6.045056484025071e+00,1.469700585253983e-01,7.249966031466418e-06,6.992514172864475e-05,5.075990355996544e-04,1.327324065435582e-07,6.128633551139217e-05,1.235457797025507e-02,1.469752785370748e-08,1.330034123385258e-03,8.323264993878803e-11,3.993866053934453e-10,3.489751720278580e-11,1.532894527206091e-09,3.835840766127584e-10,1.141468490646084e-09,2.390669260013748e-09,5.231109125064512e-12,1.792812736210100e-11,1.810088443185022e-11,3.788796261437729e-03,2.303291696578192e-02,1.302246246095783e-10,1.278633587691861e-08,1.690911117392416e-10,5.100875772194144e-09,0.000000000000000e+00,0.000000000000000e+00,4.248527082125973e-09,2.222823954195001e-09,0.000000000000000e+00,4.084357403238711e-12,0.000000000000000e+00,2.126984235799736e-13,0.000000000000000e+00,0.000000000000000e+00,0.000000000000000e+00,0.000000000000000e+00,0.000000000000000e+00,0.000000000000000e+00,0.000000000000000e+00,0.000000000000000e+00,1.426208181789474e-13,3.999021512875357e-17,2.479819489450293e-18,9.496415148655898e-07,6.485569252065061e-06,2.519792588162253e-08,2.926822009898926e-08,1.807252143294143e-08,7.411958860516125e-13,0.000000000000000e+00,0.000000000000000e+00,0.000000000000000e+00,0.000000000000000e+00,0.000000000000000e+00,0.000000000000000e+00,1.054112349869154e-01,7.825460525677287e+03,0.000000000000000e+00,2.289337431514494e+03,1.013249740066188e+05,
-1.507931293652984e-06,5.768634749942457e+00,1.491843849076157e-01,1.063198566678217e-05,1.033368243488238e-04,5.983731507570345e-04,1.327731606806004e-07,7.224510102933682e-05,1.221807766523262e-02,2.273145481364956e-08,1.682040630456687e-03,1.406174462917482e-10,4.060693942067387e-10,5.128906236319310e-11,1.366166702742830e-09,1.933109711939915e-10,1.944683974307764e-09,2.831182863171014e-09,5.263969702151143e-12,2.664331895526592e-11,1.886346742113465e-11,4.314452258626800e-03,2.223139456754050e-02,1.284224363651707e-10,1.043233837648803e-08,3.087446672343760e-10,6.802121492726916e-09,0.000000000000000e+00,2.872905567594107e-15,2.778674319045056e-09,1.090310774860842e-09,0.000000000000000e+00,9.125469489211979e-12,0.000000000000000e+00,0.000000000000000e+00,0.000000000000000e+00,0.000000000000000e+00,0.000000000000000e+00,0.000000000000000e+00,0.000000000000000e+00,0.000000000000000e+00,0.000000000000000e+00,0.000000000000000e+00,4.936479156269727e-14,8.625745653727824e-17,3.143811928338218e-18,1.591400025483146e-06,1.097443570016418e-05,1.643088515423020e-08,1.012539650483709e-07,6.402241205187974e-08,1.470780287923720e-12,0.000000000000000e+00,0.000000000000000e+00,0.000000000000000e+00,0.000000000000000e+00,0.000000000000000e+00,0.000000000000000e+00,1.070037421522547e-01,5.070370523453526e+03,0.000000000000000e+00,2.132824377543714e+03,1.013249207817803e+05,

4,63
2.030226279231558e-02,5.765927896093733e+00,8.373329490928488e-01,5.857280230515169e-05,4.911778972893623e-04,1.054662565551054e-03,1.183321203399340e-04,4.250677979528453e-04,1.579035286817059e-02,2.039474120417749e-05,1.827793083715132e-01,1.483923349121318e-06,6.498057281170766e-06,7.376296141480439e-07,2.351524283036051e-04,2.763720357266598e-04,2.040014488590795e-05,5.038666275690214e-04,1.528818136442763e-05,9.832485147663511e-07,6.996377194404054e-05,1.467100208277055e-02,2.222784095652397e-02,8.209668751242766e-07,6.212500432807450e-04,2.193310650001177e-05,4.440521931340919e-03,1.029682982866314e-04,4.701907887048462e-04,3.236530243653813e-05,1.086338611336827e-04,1.364061935882169e-07,3.140373124822017e-05,3.846553720496503e-05,1.185930029131985e-05,5.651404090752735e-05,3.019621006641749e-05,3.925001078457047e-05,3.126464846992030e-06,6.300830136669255e-04,1.111949880088297e-05,4.458021915260777e-06,1.121111334920818e-04,1.773396102435752e-05,6.907782839486274e-07,1.627149263281887e-08,2.577189341879850e-06,1.819473385079566e-05,2.861710153030245e-05,1.312409054505037e-05,1.564940706113014e-05,1.722366967511028e-06,4.287066166421637e-04,1.003646627109803e-05,5.259456360658922e-02,1.572330316605061e-03,1.380030739641156e-04,4.313599680531923e-04,6.019590610791842e-01,7.323765571929340e+04,0.000000000000000e+00,2.131336851446730e+03,1.241291985615498e+05,
2.038309244751664e-07,6.146306439659410e+00,1.469648981519650e-01,7.242852388627525e-06,6.985355903354240e-05,5.073757902517071e-04,1.366386171711099e-07,6.126084579381211e-05,1.235457167313683e-02,1.468120151609034e-08,1.329187892784818e-03,8.307475026055264e-11,3.988549149695663e-10,3.484418750574451e-11,1.531350984389577e-09,3.833772148000574e-10,1.139843900224255e-09,2.387560845163754e-09,5.224530854429231e-12,1.790154688856159e-11,1.808007364580011e-11,3.787526497961724e-03,2.360259954153543e-02,1.300561708204708e-10,1.277341688491714e-08,1.688097028331731e-10,5.098343395927386e-09,5.417044407344221e-13,2.714293779618054e-15,4.243958401773314e-09,2.220843538366523e-09,1.516366726015504e-14,4.075141830581788e-12,4.642155220202512e-13,3.428827992950854e-12,1.677293564475104e-13,6.448218699212568e-13,9.893437791143999e-13,1.308408173115057e-14,6.252860296334818e-13,5.459866503580974e-12,1.307359552067054e-17,9.618277031528027e-15,1.423574388582718e-13,3.986292227037060e-17,2.473349093607611e-18,9.477861284565761e-07,6.472742271375920e-06,2.516932328129008e-08,2.915899309523270e-08,1.800404531441803e-08,7.401808007198648e-13,1.286538165154551e-13,1.062719826059399e-12,5.517607738602527e-12,4.929621675620214e-12,2.332326428374675e-12,1.348007164328832e-12,1.054075223594830e-01,7.971078095412727e+03,0.000000000000000e+00,2.346623875400466e+03,1.013251321816880e+05,
1.197884033224254e-07,6.116118185663948e+00,1.491701870660147e-01,1.060836328216980e-05,1.031072431947870e-04,5.978259036186481e-04,1.349046138640049e-07,7.217555829925900e-05,1.235615591401594e-02,2.267349102123779e-08,1.679850948524066e-03,1.403688320941014e-10,5.403711462160550e-10,5.123079407477320e-11,1.920804437486217e-09,4.083019317952536e-10,1.939002481826583e-09,3.271274894980680e-09,7.093590002866692e-12,2.661301481984979e-11,2.380397788286360e-11,4.311230517983832e-03,2.343166979184069e-02,1.786184694117200e-10,1.597145255239691e-08,3.080119982943962e-10,7.341196743317616e-09,3.937397523495330e-13,5.673772254915555e-15,5.217962238049768e-09,2.512865686439596e-09,2.941129100412490e-14,9.096061580700052e-12,8.180474035787673e-13,4.179988027936459e-12,3.792120803380372e-13,1.195676337641592e-12,2.183597052917294e-12,3.696624618164335e-14,1.583376094708433e-12,5.089879812497811e-12,4.378844904957655e-17,3.129130530213361e-14,1.815926192102455e-13,8.603443021646230e-17,4.256254013577972e-18,1.588053768166686e-06,1.095071960117021e-05,3.039059249502519e-08,1.005962685012679e-07,6.359720692427738e-08,1.476164831892969e-12,3.923981681521645e-13,4.087468027962359e-12,5.706147342025708e-12,8.487263552438002e-12,4.021023871800374e-12,2.330344684837242e-12,1.069935277051657e-01,7.928979853257810e+03,0.000000000000000e+00,2.330177596941063e+03,1.013250225753725e+05,
1.843302421226965e-06,6.044611306955693e+00,1.585754117811567e-01,3.185104929687893e-05,2.808382023637439e-04,8.629811657675735e-04,1.967187615026022e-07,1.183316943018771e-04,1.235600614936205e-02,7.700556091391205e-08,2.814895226261680e-03,2.027823322228812e-10,5.656900290324743e-10,5.886806495780991e-11,1.954062782108351e-09,3.971817487147119e-10,8.130961391879506e-09,3.504835048113097e-09,7.416812655649938e-12,3.099639040390820e-11,2.468490807065036e-11,6.351030588905598e-03,2.303060240186259e-02,1.869612464248165e-10,1.612151072431011e-08,5.351102744843064e-10,8.178001310278235e-09,3.611569461440411e-12,2.610999118283878e-14,5.229707215854446e-09,2.493928372035972e-09,2.058506655727845e-13,2.192921804151486e-11,2.812480713763794e-12,6.935186484644518e-12,2.682783118325500e-12,4.425165533291312e-12,1.361492979192562e-11,6.161062467003232e-13,1.515553643280588e-11,1.409525778572373e-11,2.123862876175144e-15,2.088518372253454e-12,1.800379093834418e-13,1.786278433856169e-16,4.830825729659222e-18,2.576868526415788e-06,1.819282226788598e-05,3.042534185132409e-08,2.049378949700531e-06,1.398651916159150e-06,3.952219936129724e-12,7.394864907027788e-12,3.334729727558661e-12,1.004187443631251e-10,9.331350556799763e-11,3.576235526655810e-11,2.582551861065303e-11,1.136414657481268e-01,7.824284098411376e+03,0.000000000000000e+00,2.289079324566529e+03,1.013250299595509e+05,

