1
0
63
1
(4 0
((0,0) (15,255) (0,0))
((0,768) (15,1023) (0,0))
((0,512) (15,767) (0,0))
((0,256) (15,511) (0,0))
)
4
FabOnDisk: SD_0_Old_MF_D_0003 0
FabOnDisk: SD_0_Old_MF_D_0000 0
FabOnDisk: SD_0_Old_MF_D_0001 0
FabOnDisk: SD_0_Old_MF_D_0002 0

4,63
-2.291695356819390e-02,1.665412719264680e+00,1.488486370641374e-01,7.847949669191443e-25,2.327687953865280e-23,3.262117702109945e-18,7.691035682618166e-13,1.583712852382397e-08,2.663930337691515e-10,3.046997582770576e-13,2.824547515143985e-03,0.000000000000000e+00,2.335014497183027e-30,1.576829371644536e-31,1.365741392157481e-14,0.000000000000000e+00,5.658608455848588e-25,2.678368002638621e-13,3.056221714326493e-19,1.091098312409663e-31,2.697160405317730e-14,4.725935327633552e-11,1.284389565698858e-12,5.843563737340237e-37,1.910010591005795e-13,2.431288463688664e-29,0.000000000000000e+00,0.000000000000000e+00,0.000000000000000e+00,6.932359711268225e-31,7.172474147555546e-15,0.000000000000000e+00,2.324394552538846e-27,0.000000000000000e+00,0.000000000000000e+00,0.000000000000000e+00,0.000000000000000e+00,0.000000000000000e+00,0.000000000000000e+00,0.000000000000000e+00,0.000000000000000e+00,0.000000000000000e+00,0.000000000000000e+00,2.718755140989389e-18,2.733853378241312e-19,3.873858927203989e-21,7.516762902797225e-19,2.421469922483697e-19,9.855012565149044e-18,2.276066855936950e-18,4.101125203524601e-18,0.000000000000000e+00,0.000000000000000e+00,0.000000000000000e+00,0.000000000000000e+00,0.000000000000000e+00,0.000000000000000e+00,0.000000000000000e+00,1.070154256633246e-01,3.676034407579958e+03,0.000000000000000e+00,4.430000016171003e+02,8.752541067299801e+04,
-3.211347341832668e-07,6.131644921884706e+00,1.461029910566481e-01,6.136435772858157e-06,5.859894347149938e-05,4.703095099171185e-04,1.349151963380301e-07,5.716779921620064e-05,1.235271011655402e-02,1.215898350419092e-08,1.187552101122636e-03,5.213153264105680e-11,2.756993777034286e-10,2.331204186679835e-11,1.101744525919856e-09,3.013488014826855e-10,8.787538065246194e-10,1.651484548025322e-09,3.598774685979096e-12,1.190900679128984e-11,1.267488619623871e-11,3.576508097157228e-03,2.343271635023280e-02,8.884382989067087e-11,9.157597887580493e-09,1.020277015670716e-10,3.416818963689417e-09,0.000000000000000e+00,0.000000000000000e+00,3.037753144676971e-09,1.644405376778336e-09,0.000000000000000e+00,2.224904000425005e-12,0.000000000000000e+00,2.618250091892879e-13,0.000000000000000e+00,0.000000000000000e+00,0.000000000000000e+00,0.000000000000000e+00,0.000000000000000e+00,0.000000000000000e+00,0.000000000000000e+00,0.000000000000000e+00,8.019650506048519e-14,1.792805917837378e-17,1.229540013604359e-18,5.979071369476023e-07,4.066811433616095e-06,1.822346604585998e-08,1.364932887462058e-08,8.347616030755505e-09,4.330863278453091e-13,0.000000000000000e+00,0.000000000000000e+00,0.000000000000000e+00,0.000000000000000e+00,0.000000000000000e+00,0.000000000000000e+00,1.047865281190952e-01,7.929179485626067e+03,0.000000000000000e+00,2.330279874690564e+03,1.013249275789461e+05,
-1.126655183087223e-07,6.060425529001458e+00,1.469698334803119e-01,7.249675077306526e-06,6.992214895355111e-05,5.075897891307583e-04,1.327322705102298e-07,6.128533369036087e-05,1.235458018398862e-02,1.469684558312901e-08,1.329997435955735e-03,8.320185293071452e-11,3.992394981628903e-10,3.488188803008549e-11,1.531592454223328e-09,3.834410768180631e-10,1.141358038812383e-09,2.389680809730244e-09,5.227706884396405e-12,1.791590614882155e-11,1.809060351781041e-11,3.788744440271546e-03,2.303303597397972e-02,1.302127119008599e-10,1.278535880644778e-08,1.690783234462128e-10,5.100616610142420e-09,0.000000000000000e+00,0.000000000000000e+00,4.248168370074987e-09,2.222656744036128e-09,0.000000000000000e+00,4.083938160336991e-12,0.000000000000000e+00,8.536903000270687e-14,0.000000000000000e+00,0.000000000000000e+00,0.000000000000000e+00,0.000000000000000e+00,0.000000000000000e+00,0.000000000000000e+00,0.000000000000000e+00,0.000000000000000e+00,1.425964347539723e-13,3.998116997574589e-17,2.479317125013081e-18,9.495175319818295e-07,6.484715972752891e-06,2.519550752732528e-08,2.926222764070345e-08,1.806877717061093e-08,7.414324149146602e-13,0.000000000000000e+00,0.000000000000000e+00,0.000000000000000e+00,0.000000000000000e+00,0.000000000000000e+00,0.000000000000000e+00,1.054110738380045e-01,7.825448733947662e+03,0.000000000000000e+00,2.289351658879462e+03,1.013249733973754e+05,
-2.035581300309874e-06,5.784153614378048e+00,1.491835824524187e-01,1.063066153864295e-05,1.033237898835894e-04,5.983422076911264e-04,1.327727093466062e-07,7.224128739529982e-05,1.221904345595499e-02,2.272820142871994e-08,1.681914860654231e-03,1.406137381193949e-10,4.059173431385763e-10,5.128646109330952e-11,1.365571342872702e-09,1.932188319133916e-10,1.944332939572452e-09,2.830115066746678e-09,5.263179772712988e-12,2.663799099082912e-11,1.886023720447290e-11,4.314269813441123e-03,2.223129759356935e-02,1.283679238633447e-10,1.042824116862719e-08,3.087000134080430e-10,6.799472571662804e-09,0.000000000000000e+00,2.872671877502665e-15,2.779122355805959e-09,1.090730736785304e-09,1.131891883858343e-15,9.125450248783612e-12,0.000000000000000e+00,0.000000000000000e+00,0.000000000000000e+00,0.000000000000000e+00,0.000000000000000e+00,0.000000000000000e+00,0.000000000000000e+00,0.000000000000000e+00,0.000000000000000e+00,0.000000000000000e+00,4.930198093317484e-14,8.623991284800451e-17,3.138565652070959e-18,1.591120691246827e-06,1.097247384640769e-05,1.643801856409722e-08,1.012113415296064e-07,6.399494145124988e-08,1.476395834175735e-12,0.000000000000000e+00,0.000000000000000e+00,0.000000000000000e+00,0.000000000000000e+00,0.000000000000000e+00,0.000000000000000e+00,1.070031691887138e-01,5.079361728047020e+03,0.000000000000000e+00,2.132908365885915e+03,1.013249167068770e+05,

4,63
1.836858900006246e-02,5.781446793344447e+00,8.373329474116644e-01,5.735114468963563e-05,4.831327922814862e-04,1.024594386684316e-03,1.183220989200910e-04,4.248069450346336e-04,1.585315619360881e-02,2.040865395707363e-05,1.827793079783841e-01,1.483984443588350e-06,6.511900101074039e-06,7.367054325181284e-07,2.354289171761666e-04,2.764666145146381e-04,2.038748637990696e-05,5.037528047672722e-04,1.530893657758918e-05,9.845145751963150e-07,6.988085760838122e-05,1.474012045194387e-02,2.222776749161992e-02,8.265956642123480e-07,6.218570273855995e-04,2.187886197821066e-05,4.440263493671509e-03,1.031705275043652e-04,4.710306378849837e-04,3.231583717605041e-05,1.086261652260855e-04,1.364138436869150e-07,3.148490370787082e-05,3.839718818131436e-05,1.187726816411349e-05,5.655924765102467e-05,3.025950719549597e-05,3.926303954402031e-05,3.125850469897261e-06,6.312758256757522e-04,1.105153675280111e-05,4.457934442003913e-06,1.122742024735231e-04,1.777561490386768e-05,6.922348645073342e-07,1.631931281075496e-08,2.576083277527132e-06,1.818702361957979e-05,2.871017625339356e-05,1.335860580000523e-05,1.564573746074315e-05,1.717976632058107e-06,4.283579092931260e-04,1.001527943197793e-05,5.259456349708354e-02,1.574975204126053e-03,1.383540905022412e-04,4.316100424879822e-04,6.019590597778426e-01,7.319538164071190e+04,0.000000000000000e+00,2.131423079925590e+03,1.243229834914326e+05,
2.287093823573633e-07,6.161660213956726e+00,1.469646736321673e-01,7.242563123375972e-06,6.985058285367922e-05,5.073665894665040e-04,1.366386093164776e-07,6.125984969343980e-05,1.235457383802195e-02,1.468052281733733e-08,1.329151373206582e-03,8.306098478712775e-11,3.987978124581635e-10,3.483857614394135e-11,1.531024467834691e-09,3.833094611618280e-10,1.139762350592303e-09,2.387142666315741e-09,5.223411713215830e-12,1.789763930022801e-11,1.807635778357743e-11,3.787474945296436e-03,2.360262313774118e-02,1.300443067423448e-10,1.277241314954216e-08,1.687897069650137e-10,5.098085129889804e-09,5.925008811348204e-13,2.610176332059681e-15,4.243614133141833e-09,2.220675345451316e-09,1.347111756104919e-14,4.074580242010897e-12,4.358660564743313e-13,3.562874959223661e-12,1.951555808752609e-13,8.250293412023966e-13,1.388542772093175e-12,1.774897972219004e-14,8.634887932939750e-13,5.087858589367591e-12,1.763755871221343e-17,1.357395099088252e-14,1.423333288908120e-13,3.985397329579976e-17,2.472851779289274e-18,9.476624577256705e-07,6.471891183104027e-06,2.516689416505555e-08,2.915303362667439e-08,1.800032227947435e-08,7.400527451051448e-13,1.520397602895269e-13,2.372818790793625e-12,5.016449568311577e-12,5.601638259314879e-12,2.425321962862675e-12,1.532919780529684e-12,1.054073615743298e-01,7.970989690493878e+03,0.000000000000000e+00,2.346624545004227e+03,1.013251300166902e+05,
1.054640557585993e-07,6.131473481140877e+00,1.491693994591326e-01,1.060704657042381e-05,1.030942787094993e-04,5.977951067282437e-04,1.349049822395902e-07,7.217176620707539e-05,1.235616463233527e-02,2.267025802218110e-08,1.679725725055636e-03,1.403468547978921e-10,5.403253128321678e-10,5.122483525988798e-11,1.920642152531792e-09,4.082646788887479e-10,1.938663033305053e-09,3.270927824038821e-09,7.092867094055824e-12,2.660954805370295e-11,2.380185017095264e-11,4.311049172850267e-03,2.343170690524427e-02,1.786034128921684e-10,1.597054782973069e-08,3.079490843926247e-10,7.340239944565159e-09,5.371788309831133e-13,5.901629921691110e-15,5.217734881261253e-09,2.512735876832901e-09,2.927758871690521e-14,9.093557519717127e-12,8.873944276799145e-13,4.158884471818023e-12,3.914205289684535e-13,1.335608459307562e-12,2.153819746621265e-12,3.448518893382766e-14,1.487153165650261e-12,5.017823627149727e-12,3.967697674996693e-17,2.931620790949358e-14,1.815733797538455e-13,8.601246063897592e-17,4.255476902561304e-18,1.587775149409756e-06,1.094876325410709e-05,3.038863257935451e-08,1.005540103480921e-07,6.356997883447801e-08,1.475866794260873e-12,2.936497987194669e-13,2.256584102528254e-12,5.410254217085158e-12,8.563621069449962e-12,4.206181404447053e-12,2.353906338093672e-12,1.069929653170370e-01,7.928998983494528e+03,0.000000000000000e+00,2.330181769618402e+03,1.013250221644296e+05,
1.620242194719901e-06,6.059980481098795e+00,1.585708292928648e-01,3.181917508047122e-05,2.807680941017478e-04,8.629736955302114e-04,1.967268141892557e-07,1.182403958169103e-04,1.235601829444697e-02,7.698116784433606e-08,2.816571545739571e-03,2.025479951596031e-10,5.655951272076659e-10,5.885959513339225e-11,1.953107333553993e-09,3.971847689735545e-10,8.116650442357125e-09,3.503695484877968e-09,7.416092917493545e-12,3.099323392440505e-11,2.468535871943972e-11,6.345537347895796e-03,2.303072208191487e-02,1.869450620115572e-10,1.612058906411462e-08,5.347537848496391e-10,8.179795493119520e-09,3.980634606961676e-12,2.747895525168225e-14,5.229549313424215e-09,2.493960106745386e-09,2.055560013102676e-13,2.193586526497359e-11,2.669469357823773e-12,9.201778611710732e-12,4.383743512786213e-12,6.590575575162591e-12,1.944930936951550e-11,7.162996406254954e-13,1.748704592718894e-11,1.721270366460361e-11,2.526803287496476e-15,2.372176356330936e-12,1.800266019422075e-13,1.771697911984765e-16,4.790792023278803e-18,2.575684026784499e-06,1.818457038563506e-05,3.042357572732091e-08,2.044685815067769e-06,1.395422453808316e-06,3.948477029913260e-12,6.417323025038397e-12,3.033820882599274e-12,9.083622869483679e-11,1.141115917680571e-10,5.196369653128591e-11,3.155072048840836e-11,1.136400510463423e-01,7.824269444819906e+03,0.000000000000000e+00,2.289093593752119e+03,1.013250341919024e+05,

