1
0
56
1
(4 0
((0,0) (15,255) (0,0))
((0,768) (15,1023) (0,0))
((0,512) (15,767) (0,0))
((0,256) (15,511) (0,0))
)
4
FabOnDisk: SD_5_New_MF_D_0003 0
FabOnDisk: SD_5_New_MF_D_0000 0
FabOnDisk: SD_5_New_MF_D_0001 0
FabOnDisk: SD_5_New_MF_D_0002 0

4,56
-7.867003833929439e+00,-1.624989406749062e+01,-2.637084068148947e+01,-6.099029920768074e+00,-9.519815634174407e+00,-9.028872631635281e+00,-1.090313952918051e+00,-6.343985634381165e+02,-2.830250840400998e-01,-8.381844034988646e-01,-9.500593286261341e-02,-1.385481982115292e+01,-1.311764881412500e+01,-1.559057743414218e+00,-1.053800835517097e+01,-4.669724094610434e-01,-7.824504976411889e-02,-2.892640238957046e+00,-1.474426478303110e+02,1.283784310682299e-21,-9.712712696425096e-02,-4.878152168315125e+01,-1.841318094825495e+00,-2.000866833010165e+02,-7.990231682460622e+00,-2.490114837133228e+01,-4.766897559557854e+00,-2.950237130698196e+00,-9.425438042634104e-03,-1.980549830350868e+00,-1.649119309993506e+00,-9.251896088403851e-01,-3.759090875403125e+00,-2.187231257365704e+00,-3.134899108263270e+00,-2.198562889225805e-01,-3.220531587780086e+01,-5.388060484399698e-01,-3.347419018458149e-01,-8.290267791199470e+00,-1.001039881480798e+00,-1.761532706298035e-02,-6.673902332613187e-04,-8.262188570901002e-02,-1.730364461023535e-01,-2.022112532726715e+00,-7.511907893492809e-02,-4.292499339754049e-01,-1.399614271173071e-01,-2.448000515005913e+01,-5.112142836069327e-01,-5.908235384596496e+02,-8.943780774946225e+01,-9.377709326204270e+00,-2.469019509927534e+01,-3.913100954378024e-10,
-3.933852063500516e-03,-3.069505952708361e-02,-9.010789921986299e-02,3.430911091133342e-07,-1.116920052868312e-02,1.058325677081192e-01,-6.889831207516454e-06,-3.435654010370625e-01,-9.346955605986635e-08,-3.355935402951030e-07,-3.457472353666957e-08,-2.728098999227153e-06,-2.875276574109140e-07,-6.981919560853051e-07,-1.914079933964001e-06,-4.829366091485250e-09,-1.846207621635416e-08,-1.647601018737464e-08,-4.905569016755876e-01,2.751420055160163e-01,-9.155774144617251e-08,-8.986962304734897e-06,-2.281411788534794e-07,-8.030435249725944e-06,-2.679477073516069e-06,-2.709134540308632e-09,-3.793540514077231e-06,-1.311135656391151e-06,-9.522309949403822e-09,-5.525196033922702e-09,-5.576732845599737e-07,-3.434286872829478e-07,-3.058616663151467e-08,-1.526459447239968e-07,-2.658135865081562e-07,-5.262031199893839e-09,-4.320439532341630e-07,-3.886847048076995e-06,-7.985882958329553e-12,-4.325417739579755e-09,-1.080123628902375e-10,-5.108225131522614e-14,-2.533076387287799e-15,-7.316376348421318e-04,-5.063903694974331e-03,-1.269367333344996e-05,-4.530105397603569e-05,-2.843409825800685e-05,-1.701938127410051e-09,-7.307023299894661e-08,-1.715039171271747e-06,-1.813155318011041e-06,-6.501721658142514e-07,-3.782445728649210e-07,-1.808948602216454e-07,-1.940170246683692e-11,
-1.275483433835588e-02,-9.595354805857594e-02,-2.078564447179860e-01,2.252870854558107e-06,-2.981839824224377e-02,1.859632285047414e-01,-2.376836973789476e-05,-8.446710920351764e-01,-1.289659496335747e-07,-3.944472269128504e-07,-5.013563051523118e-08,-2.560734527541110e-06,-1.804751161571447e-07,-2.369079810573931e-06,-2.941063376490880e-06,-7.906687380722439e-09,-3.235077471754655e-08,-2.606975846480358e-08,-1.169061899736880e+00,7.926853415394312e-01,-1.026435421316620e-07,-7.729224618776100e-06,-3.855098449126422e-07,-1.096637143001224e-05,-2.303149175881428e-06,-2.836495090210891e-09,-2.206277909413624e-06,-9.142615242993003e-07,-3.346222621986445e-08,-1.370711920716141e-08,-1.568176703062287e-06,-4.611097293889177e-07,-7.174041537850782e-08,-2.766999442473831e-07,-4.833811464821626e-07,-1.144195136760967e-08,-5.458967780090383e-07,-4.049805281580995e-06,-1.738136924206566e-11,-1.351069502246984e-08,-1.013052523887381e-10,-8.214799561633288e-14,-2.784148333660587e-15,-1.219360023657089e-03,-8.676087079208084e-03,-1.052844536261412e-05,-2.680001370122254e-04,-1.735621586336023e-04,-3.556499727941940e-09,-1.283563710447621e-07,-2.174585994950145e-06,-2.274763053691801e-06,-3.238053842532611e-06,-1.296131153093517e-06,-8.907562297934570e-07,-2.018218925314841e-11,
-1.775534704634071e-01,-8.285861384090573e-01,-5.228298210120311e-01,-5.827381276474880e-04,-1.485870693065323e-01,5.017428756267391e-01,-2.970612600697326e-04,-4.319992426765795e+00,-9.887992137235114e-07,-1.395742293547145e-06,-3.445843556706222e-07,-2.379566932560429e-05,-8.370774098521349e-07,-3.318443012750183e-05,-2.044013125668827e-05,-5.511899764687011e-08,-3.252626995924903e-07,-2.232280846129188e-07,-4.849960678673230e+00,1.878348711628161e+00,-9.524456707965278e-08,-5.571554031131776e-06,-4.350759015354167e-06,-1.386666311506296e-04,-4.985338497780588e-06,-2.643602211836787e-08,-8.958443407698824e-07,2.267578570807498e-07,-1.260615904357853e-07,-1.342602035089345e-07,-4.535059921309493e-06,-4.759965144159656e-06,-4.417721410028208e-06,-5.549561131095477e-06,-1.218115627718648e-05,-3.199532205436607e-07,-8.347577397054522e-06,-8.502226498272155e-06,-2.224739428536526e-09,-2.384699812268171e-06,-6.219125630008144e-09,-1.833574057456926e-11,-5.075820249962883e-13,-1.416760579479998e-03,-1.044284722742467e-02,1.488895920613832e-06,-1.909287269152639e-02,-1.333472773050927e-02,-3.627475317673561e-07,-7.001456291439794e-06,-3.500971790311267e-06,-9.771244526356453e-05,-7.928528351384737e-05,-4.931263268210909e-05,-2.184494522829204e-05,-1.098237056851303e-10,

4,56
5.970489223579301e+00,3.509893485760449e+01,5.316728532184766e+01,7.593657191189542e+00,1.310513928791706e+01,3.183029168323928e+02,6.137352406244276e-01,1.116059174677275e-05,6.189850184402822e-01,1.366448482037461e+00,1.620934620742741e-01,2.615461710793470e+01,1.638558434897024e+01,2.000491516364234e+00,1.562533457922682e+01,4.527901787071305e-01,1.353872667162715e-01,2.880560014965974e+00,4.585546366345876e+02,3.239151813002768e+02,1.957552816857002e-01,5.756891420953450e+01,3.900510808568404e+00,2.983852268450528e+02,1.287334825413259e+01,2.695724468324441e+01,8.572088951962710e+00,3.420438089744894e+00,1.655789213582521e-02,3.659982901465916e+00,2.505706351570525e+00,1.054894971180830e+00,3.890503205977664e+00,2.234242084247925e+00,3.862352744429124e+00,2.001918625938092e-01,3.448920126967451e+01,1.148737798507317e+00,6.236289841878963e-01,8.020942563883041e+00,1.387205691593751e+00,4.079402111448770e-02,1.020679905843215e-03,7.732993501598025e-02,4.133632531938848e-01,2.435831941975607e+00,4.647690324350960e-01,6.669602716010358e-01,1.913460875214062e-01,1.655874701093351e+01,8.573814869712841e-01,3.420340184977398e-01,9.126563700118973e+01,1.436958751101468e+01,2.560802199880315e+01,3.223021849407814e-10,
-1.988488278974138e-03,-1.200056681546260e-02,-3.392056745601159e-02,6.455602635259371e-06,-5.990243673139275e-03,1.853665347657569e-01,-1.729138223584054e-06,-1.579420852173184e-01,-3.958648125126686e-08,-1.621506618684724e-07,1.481189212233982e-09,6.688194154654659e-07,-7.871948939644938e-08,-1.940101349010117e-07,-8.932816029544780e-07,-1.345391073953413e-09,-4.819613640797784e-09,-5.040789841675083e-09,-1.674524117124676e-01,7.902948177803181e-01,-5.884427157990633e-08,-5.246864833773011e-06,-7.243805168695223e-08,-6.987588647081960e-08,8.881786087318889e-07,1.208925011265238e-09,-1.790068396859481e-06,-7.567438998668516e-07,5.667750077161102e-09,-1.925778629767842e-09,1.156470430651430e-07,1.002679279526077e-06,8.824129851505978e-08,4.544696911800770e-07,7.451889916752166e-07,1.089700828371584e-08,6.570520215136422e-07,5.816669145923881e-06,1.136952417770203e-11,6.564186887291668e-09,-9.277516939580580e-11,-2.275149450061269e-14,-1.527916780068666e-15,-4.580742382936773e-04,-3.123764569885756e-03,-1.053509777438878e-05,-1.222117612261963e-05,-7.469026537422867e-06,1.331768709445881e-09,1.160379406461123e-07,3.394637744052398e-06,4.562171496265257e-06,3.682551331005459e-06,1.208700146498414e-06,1.018975161151570e-06,2.341013667639391e-11,
-3.685668932713663e-03,-3.080784299462725e-02,-9.037152300797258e-02,7.568114124016808e-06,-1.120544875454324e-02,4.993944032223205e-01,-6.881032291077741e-06,-3.446179443120137e-01,-5.652796806557150e-08,-7.649923109020323e-08,-7.945445121327703e-09,7.552202127017331e-07,1.650180839841373e-07,-6.740689325873900e-07,-6.038672092776332e-07,-8.073638208998701e-10,-5.563061129450984e-09,-8.497846549830693e-10,-4.920521448155437e-01,1.871085849944478e+00,-3.896364525149200e-08,-4.682429994700226e-07,-1.215266222253899e-07,9.643044801455105e-07,7.465305748285442e-07,1.101952604122323e-09,3.324022041664743e-07,6.621958730922525e-07,1.513741647259988e-08,-4.073595251088242e-09,1.565264872244826e-07,1.393580060111239e-06,2.417746987520003e-07,8.985493880849830e-07,1.705295509370638e-06,2.678472926214932e-08,1.199281511926831e-06,5.797971275008216e-06,3.166028090499664e-11,2.605239722083023e-08,6.809448364256749e-11,-5.058264832646764e-14,-1.688960229329848e-15,-7.330606384615551e-04,-5.074225439014586e-03,1.451074514129758e-06,-4.551161509818452e-05,-2.855372750482282e-05,4.863723421614269e-09,3.137530454530459e-07,5.371665834354344e-06,5.493204254857553e-06,6.747605641416919e-06,2.930784281361809e-06,1.856305923631221e-06,2.186745229337816e-11,
-1.283318885323026e-02,-9.648331253104092e-02,-2.086167282668101e-01,2.154262955002647e-06,-2.995512774365674e-02,3.187136583272802e+00,-2.389732050920002e-05,-8.481809654659169e-01,1.311701596664778e-06,3.690161923431367e-06,4.961593883794969e-07,3.402623641162207e-05,2.774828119758961e-06,-2.261483374593127e-06,3.568083211395212e-05,8.419569659279899e-08,3.954302302971162e-07,3.102361222696171e-07,-1.173632462094424e+00,7.673321433648258e+00,6.522134024014076e-07,5.568014668809348e-05,3.954402354869557e-06,1.482946285479975e-04,5.225307402704652e-06,1.286528603466469e-08,1.695181676477769e-05,5.844343637185766e-06,3.144316709602411e-08,9.260311650579417e-08,1.123184721696457e-06,3.323303680246752e-06,1.899369072072531e-06,3.288698254374811e-06,9.198916072978847e-06,4.063702559301773e-07,9.160028283966768e-06,1.041215643873108e-05,1.737463290365640e-09,1.560582559413575e-06,3.933473824420601e-10,2.407385632393698e-13,1.188880665302100e-14,1.915694989507442e-03,1.375670856272586e-02,6.767008766489729e-05,-2.705171775819011e-04,-1.752103078975201e-04,3.241129849068302e-07,5.843260190702678e-06,2.902814070625496e-06,1.677829136121695e-04,6.755403378010524e-05,2.612057198030103e-05,1.872100797466701e-05,1.057256504566340e-10,

