CheckPointVersion_1.0
2
3.1155499331118698e-05
0
0
(0 (0,0)(1.171875e-05,1.171875e-05) 1)
(RealBox 0 0.0001875 0 0.012 )((0,0) (15,1023) (0,0)) 

1.7451285304162218e-06 
1.7234152597182448e-06 
1 
30 
30 
0
(0 (0,0)(1.171875e-05,1.171875e-05) 1)
(RealBox 0 0.0001875 0 0.012 )((0,0) (15,1023) (0,0))
(4 0
((0,0) (15,255) (0,0))
((0,768) (15,1023) (0,0))
((0,512) (15,767) (0,0))
((0,256) (15,511) (0,0))
)6
((0,0) (15,1023) (0,0))
(4 0
((0,0) (15,255) (0,0))
((0,768) (15,1023) (0,0))
((0,512) (15,767) (0,0))
((0,256) (15,511) (0,0))
)2.9410370800702478e-05
2.9410370800702478e-05
3.1155499331118698e-05
3.1155499331118698e-05
2
Level_0/SD_0_New_MF
Level_0/SD_0_Old_MF
((0,0) (16,1024) (1,1))
(4 0
((0,0) (16,256) (1,1))
((0,768) (16,1024) (1,1))
((0,512) (16,768) (1,1))
((0,256) (16,512) (1,1))
)2.7641819397026672e-05
2.9410370800702478e-05
2.9410370800702478e-05
3.1155499331118698e-05
2
Level_0/SD_1_New_MF
Level_0/SD_1_Old_MF
((0,0) (15,1023) (0,0))
(4 0
((0,0) (15,255) (0,0))
((0,768) (15,1023) (0,0))
((0,512) (15,767) (0,0))
((0,256) (15,511) (0,0))
)2.9410370800702478e-05
2.9410370800702478e-05
3.1155499331118698e-05
3.1155499331118698e-05
2
Level_0/SD_2_New_MF
Level_0/SD_2_Old_MF
((0,0) (15,1023) (0,0))
(4 0
((0,0) (15,255) (0,0))
((0,768) (15,1023) (0,0))
((0,512) (15,767) (0,0))
((0,256) (15,511) (0,0))
)2.9410370800702478e-05
2.9410370800702478e-05
3.1155499331118698e-05
3.1155499331118698e-05
2
Level_0/SD_3_New_MF
Level_0/SD_3_Old_MF
((0,0) (15,1023) (0,0))
(4 0
((0,0) (15,255) (0,0))
((0,768) (15,1023) (0,0))
((0,512) (15,767) (0,0))
((0,256) (15,511) (0,0))
)2.9410370800702478e-05
2.9410370800702478e-05
3.1155499331118698e-05
3.1155499331118698e-05
2
Level_0/SD_4_New_MF
Level_0/SD_4_Old_MF
((0,0) (15,1023) (0,0))
(4 0
((0,0) (15,255) (0,0))
((0,768) (15,1023) (0,0))
((0,512) (15,767) (0,0))
((0,256) (15,511) (0,0))
)2.9410370800702478e-05
2.9410370800702478e-05
3.1155499331118698e-05
3.1155499331118698e-05
2
Level_0/SD_5_New_MF
Level_0/SD_5_Old_MF
