1
0
63
1
(4 0
((0,152) (15,199) (0,0))
((0,264) (15,327) (0,0))
((0,200) (15,263) (0,0))
((0,328) (15,391) (0,0))
)
4
FabOnDisk: SD_0_New_MF_D_0003 0
FabOnDisk: SD_0_New_MF_D_0001 0
FabOnDisk: SD_0_New_MF_D_0002 0
FabOnDisk: SD_0_New_MF_D_0000 0

4,63
-1.031812547060097e-06,1.186209521663429e+00,1.653045264371262e-01,2.899111018312334e-07,3.599468272794003e-07,1.331683468396736e-05,3.358622254189789e-07,1.339710909247684e-04,1.011824726214670e-02,1.359628269431494e-07,3.907975753565919e-03,1.638775729116018e-11,2.185480072475613e-10,3.230941369975871e-11,7.561524061343677e-10,1.507350977926135e-10,1.419396175075558e-08,1.774524831706350e-09,2.878082465186641e-12,1.750657007235031e-11,1.242192767664832e-11,7.491277311686409e-03,3.910171086293451e-03,7.749536427269132e-11,5.725483858342495e-09,3.104953990151686e-10,3.211015573690554e-09,1.377088484360972e-12,2.778230921958633e-14,1.391491880357139e-09,5.571296271008983e-10,2.524293062995204e-13,1.706645566863216e-11,3.669210940753385e-12,4.003829406053947e-13,1.371023447936355e-13,5.544443572677264e-14,5.722463385486410e-15,2.857203089408624e-16,4.011661595124876e-15,1.510859871215319e-18,1.076172740017613e-18,5.889312007519079e-15,4.862269625345424e-09,2.973254445577138e-11,6.486711713146962e-13,6.357329912485469e-07,5.631418087708431e-07,3.766595952635255e-09,3.584999553838519e-06,4.505157987998808e-06,2.829439016421040e-12,9.014857037621160e-15,-2.239452096778446e-19,-7.467480398433720e-12,6.237170235708031e-18,3.282080184701551e-16,5.028608739968126e-19,1.186599367215761e-01,4.309789358362196e+03,0.000000000000000e+00,9.145937290787995e+02,1.013165427189630e+05,
-1.269886637155642e-07,3.628539492927827e+00,1.533681254632145e-01,1.866271305575712e-05,1.783812809716266e-04,7.420079327264588e-04,1.474044627108778e-07,9.235482966005972e-05,1.234217948109672e-02,4.351884964757302e-08,2.292218828627807e-03,1.912134921720007e-10,4.365810861468406e-10,5.322035206221134e-11,1.453875314793773e-09,2.102989842573186e-10,4.014090743208241e-09,2.961522321934606e-09,5.732990390458481e-12,2.843790933567107e-11,2.006113956169992e-11,5.187172921928701e-03,2.219344965550849e-02,1.392461480802931e-10,1.129436223948385e-08,4.722849692447213e-10,7.090037086115160e-09,7.251155984448881e-13,1.274534091208362e-14,3.194383768675935e-09,1.274058459244751e-09,9.528701272268821e-14,1.768091257194128e-11,1.143513034462971e-12,3.453869880420997e-14,1.097079860440081e-14,8.432722184211297e-15,1.142122594868345e-14,4.770599832470601e-17,1.271676650502490e-15,4.476068999707314e-19,9.936919341600996e-20,8.047749530947297e-16,6.099214088567147e-14,1.135415797730577e-16,3.397259169305044e-18,2.260338624623372e-06,1.582181040104431e-05,1.900845797024509e-08,4.798974864983989e-07,3.158793268692853e-07,2.725093921139907e-12,6.526066688690214e-15,5.304190393771639e-24,-2.826536296308339e-23,7.024401565341185e-23,-1.331713638787875e-20,5.420248063762986e-24,1.100150692397726e-01,6.172627395627977e+03,0.000000000000000e+00,2.158105644397061e+03,1.013249384725097e+05,
-5.839335937919895e-07,3.419590749062017e+00,1.569954110685668e-01,2.700485053616678e-05,2.513605449739525e-04,8.380410497369839e-04,1.820796196003595e-07,1.083458117231018e-04,1.233951725028370e-02,6.699671481473550e-08,2.770157148647796e-03,1.257945817748392e-10,2.137935606017840e-10,3.145165890000601e-11,7.507971731342528e-10,1.132871679599041e-10,6.390122599913094e-09,1.719784740008796e-09,2.839615047375504e-12,1.715700245765732e-11,1.205247366989097e-11,5.821121257397164e-03,2.123345788151044e-02,6.938366592412658e-11,5.569271006741897e-09,3.582679414216207e-10,3.692059753597049e-09,1.095191221171859e-12,1.911820117647757e-14,1.358072086380619e-09,5.577649637668828e-10,1.692667277344327e-13,1.822846121286519e-11,2.110461712491616e-12,9.365320210559314e-15,6.582163797709764e-15,4.545703331767686e-15,5.731371501824324e-15,6.761513562967672e-17,8.533790523346440e-16,-2.610295831525350e-16,1.755043557567651e-20,1.873788553750794e-15,6.180853659420265e-14,1.269141332541797e-16,3.645768577508854e-18,1.966032933316797e-06,1.371589090669174e-05,7.533574962578913e-09,1.322140795737605e-06,8.944112026620065e-07,3.547666580333310e-12,8.139133533643899e-15,-2.944200988448657e-17,-3.762859814288349e-14,-9.513175720268692e-15,-5.079320938941278e-16,-2.580610087537015e-15,1.126260092504540e-01,4.068041138159051e+03,0.000000000000000e+00,2.035533704503806e+03,1.013248575774538e+05,
-2.178485587639369e-07,3.730844245702323e+00,1.513088441857313e-01,1.445136674054597e-05,1.397166404264800e-04,6.756378106412786e-04,1.367483358723004e-07,8.258687970382587e-05,1.235183323713561e-02,3.237000831435185e-08,1.999831783450806e-03,1.735535745827369e-10,5.339538724141880e-10,5.714917013645307e-11,1.777668293650807e-09,2.885307124266097e-10,2.898342366207897e-09,3.398844937750214e-09,6.989150993001309e-12,2.993601039374284e-11,2.343159664344422e-11,4.776045089801514e-03,2.247555829965510e-02,1.748304739844982e-10,1.435990969000059e-08,4.057728295399710e-10,7.988752228509281e-09,5.094991294417877e-13,9.074143940836274e-15,4.371847506757140e-09,1.829453559231204e-09,5.793572248209437e-14,1.376482519433102e-11,6.871976585628179e-13,7.737365496154463e-14,1.043243021520216e-14,1.024568128070238e-14,1.116445179769332e-14,2.452291429255955e-17,7.382041637257958e-16,2.485584331190000e-19,4.016062783518712e-20,4.270034275371595e-16,1.053035601853901e-13,1.089968532378242e-16,4.148638723978796e-18,1.989856955869079e-06,1.383479701464746e-05,2.549521196500477e-08,2.386217646397169e-07,1.541152053096274e-07,2.132572861335491e-12,4.717113211194887e-15,6.687842439664237e-24,-4.108726167421760e-29,8.905794459612372e-23,1.324061960590282e-21,6.934206045232351e-24,1.085330857865516e-01,7.219520237535729e+03,0.000000000000000e+00,2.216515418793401e+03,1.013249449759665e+05,

4,63
1.088082675296160e-06,3.414564290038405e+00,3.921627190776831e-01,5.083206491336946e-05,4.637627074633847e-04,9.710049294344597e-04,1.195955826334411e-04,3.198166009080673e-04,1.310667958877501e-02,2.010857344855544e-05,6.667720654923542e-02,1.335498803172968e-06,6.297417403239307e-06,7.073666712176260e-07,2.322850607259102e-04,2.538873017891621e-04,2.057341387712458e-05,5.102639422415775e-04,1.400383173229196e-05,9.638813977818516e-07,6.686596790757140e-05,1.405448265309034e-02,2.116161197965124e-02,7.511780279181354e-07,5.946118323495278e-04,2.189936535864092e-05,4.484436092940149e-03,1.021454381502416e-04,4.455842939399282e-04,3.137248995847365e-05,1.158541943086980e-04,1.365836894713456e-07,3.241790421049793e-05,3.854602080717580e-05,1.175966503183939e-05,5.698089883970088e-05,3.068121512946502e-05,4.037424840592723e-05,3.149584859412881e-06,6.514690601442919e-04,1.122626915620391e-05,4.266216506401363e-06,1.172424096534838e-04,1.590510551109187e-05,6.560626378440278e-07,1.479547137915333e-08,1.937150126793399e-06,1.351064236480427e-05,2.973975530464490e-05,1.268132127267232e-05,1.650361194650850e-05,1.710454498133367e-06,4.584303260441702e-04,9.790262078222369e-06,2.102979928148273e-02,1.686815020269549e-03,1.412537600739003e-04,4.580440826886348e-04,2.728511024468812e-01,7.577601654183341e+04,0.000000000000000e+00,2.032370193262527e+03,1.013249290158031e+05,
1.259834772644620e-07,3.729683860995901e+00,1.569184963117521e-01,2.681584350087386e-05,2.497553687283217e-04,8.362410335631447e-04,1.811385180969788e-07,1.080207459153405e-04,1.235173622163459e-02,6.644799087029977e-08,2.760399415866094e-03,1.956373820006385e-10,5.331401215356105e-10,5.827462408559633e-11,1.774529178825318e-09,2.875202262724930e-10,6.334056594253531e-09,3.395788637034683e-09,6.978459742478814e-12,3.074475750054490e-11,2.340237388721934e-11,5.808555029318582e-03,2.247139096445992e-02,1.745253544819301e-10,1.432904118674697e-08,5.170120440296140e-10,7.983851355402621e-09,1.087945395519581e-12,1.898844716488876e-14,4.358968595107823e-09,1.822396793947274e-09,1.677203607427161e-13,2.173824129448948e-11,2.089133784858129e-12,7.674009636496398e-14,1.191823629565920e-14,1.023530719963262e-14,1.211569880791398e-14,1.068473679750896e-16,2.412103425043804e-15,9.748681181823207e-19,3.244182103248471e-19,1.845940359312950e-15,1.045571340438086e-13,1.245427484199887e-16,4.138166671296874e-18,2.478231484789512e-06,1.747674547166891e-05,2.542388930691052e-08,1.296814390280975e-06,8.768478628927331e-07,3.533774460683662e-12,9.308856979902360e-15,1.520422113291952e-21,1.837818311526308e-18,1.070213711985373e-17,2.650524812789732e-17,3.064605689982642e-18,1.125706488463236e-01,7.210901521983072e+03,0.000000000000000e+00,2.215835581380778e+03,1.013249678702253e+05,
6.275406036303452e-07,3.626369509380523e+00,1.650905466096594e-01,4.663396631885221e-05,4.163060968727869e-04,9.643413304591198e-04,3.303064746923896e-07,1.336686753422680e-04,1.247690462484483e-02,1.340062601087942e-07,3.869752812511898e-03,1.918033048202103e-10,4.341569132212844e-10,5.304548236960804e-11,1.446406465573903e-09,2.088676497650655e-10,1.391502994670013e-08,2.949564803962040e-09,5.702051168437724e-12,2.835253542336897e-11,1.997758164039918e-11,7.421397125497236e-03,2.218889951811506e-02,1.383794069196983e-10,1.122583450219643e-08,5.171024921667643e-10,7.063308864042810e-09,1.432567031572273e-12,2.773083951758758e-14,3.169844482144216e-09,1.263869982329393e-09,2.516276792309975e-13,2.231456420915470e-11,3.620619831395094e-12,2.468586070393085e-13,8.443340928672616e-14,3.735335525321290e-14,1.218301820976666e-13,1.354856060057646e-15,4.564440136605398e-14,4.021304916699456e-15,7.105887800326786e-18,2.008606591697410e-14,3.788051440066316e-09,2.264326880559432e-11,4.970958272803271e-13,2.488850956225763e-06,1.757005570023195e-05,1.887302786988279e-08,6.306517425421332e-06,4.375339227908583e-06,3.989040050350711e-12,7.733950472041507e-14,4.315873934271880e-16,1.639940744004973e-12,1.051369655710246e-12,4.083050787759119e-13,2.881622131836782e-13,1.185012156590537e-01,6.146230042541335e+03,0.000000000000000e+00,2.156894137847504e+03,1.013249563665919e+05,
2.474135394744477e-07,3.792486874210236e+00,1.533277480720019e-01,1.857589448200845e-05,1.775982766241186e-04,7.407900863474403e-04,1.471306203322435e-07,9.216706440709495e-05,1.235561694215278e-02,4.328410666412710e-08,2.286640673208674e-03,1.909994082563907e-10,5.597168421668321e-10,5.833779156178594e-11,1.903059738153780e-09,3.418864284432063e-10,3.990494009672108e-09,3.466626498610514e-09,7.334801269892385e-12,3.075039035636535e-11,2.441040380005488e-11,5.179490793827436e-03,2.271541671260331e-02,1.848078851050830e-10,1.563678480591841e-08,4.712691620647157e-10,8.056195378382370e-09,7.208101021153409e-13,1.267244363314752e-14,4.944130412508066e-09,2.188008870048157e-09,9.449342362064940e-14,1.761346960868545e-11,1.133645749444212e-12,1.119610746294458e-13,1.179001996991056e-14,1.039585587896817e-14,1.204732593705186e-14,4.716212123594499e-17,1.259931946967339e-15,4.429502606807509e-19,9.779015207045175e-20,7.958271454208256e-16,1.447299489981032e-13,1.168054346855513e-16,4.492362815668759e-18,2.256107628884549e-06,1.579031878394560e-05,2.870238592074701e-08,4.738382169361764e-07,3.117809496780066e-07,2.714155061128258e-12,6.490915877658147e-15,8.290373840180225e-24,4.630882897340619e-29,6.807896704665482e-21,9.322651853964434e-20,5.017044984584125e-22,1.099860052029896e-01,7.570827585826120e+03,0.000000000000000e+00,2.251181587826175e+03,1.013249986120715e+05,

