1
0
56
1
(4 0
((0,152) (15,199) (0,0))
((0,264) (15,327) (0,0))
((0,200) (15,263) (0,0))
((0,328) (15,391) (0,0))
)
4
FabOnDisk: SD_5_New_MF_D_0003 0
FabOnDisk: SD_5_New_MF_D_0001 0
FabOnDisk: SD_5_New_MF_D_0002 0
FabOnDisk: SD_5_New_MF_D_0000 0

4,56
-7.738031471532540e+00,-1.819099573369180e+01,-2.728199046013809e+01,-6.163673596413784e+00,-8.271313147337599e+00,-8.920247900993036e+00,-1.141871052291354e+00,-6.268933933657868e+02,-2.432967658299422e-01,-7.558734404106733e-01,-8.745699126797835e-02,-1.376323430562545e+01,-1.216584876719133e+01,-1.462835903949199e+00,-1.002545139085214e+01,-4.688324279116456e-01,-7.261063111555224e-02,-2.761034664254977e+00,-1.370357316510851e+02,1.982371029907095e+00,-8.600151298370760e-02,-4.606401241399134e+01,-1.841561758025976e+00,-1.972908941786337e+02,-7.858717041202009e+00,-2.323324343607121e+01,-4.471137951749958e+00,-2.959826693271737e+00,-9.463168280884445e-03,-2.003828113571966e+00,-1.616029108778303e+00,-8.645181426847848e-01,-3.655582656498197e+00,-2.133614874067380e+00,-3.110369982056762e+00,-2.197039563709587e-01,-3.214553441880365e+01,-4.814505013039588e-01,-3.228513325638213e-01,-8.326176960822865e+00,-7.851663669193160e-01,-1.492413780710643e-02,-5.772586549240912e-04,-7.918855405808388e-02,-1.337421893712333e-01,-2.042509668656991e+00,-6.966909751575691e-02,-3.601911203050776e-01,-1.382381928081690e-01,-2.491875693111673e+01,-4.853043440227885e-01,-5.927494161550286e+02,-9.023195922485944e+01,-9.113232379224726e+00,-2.494007287189772e+01,-3.614104571170174e-10,
-1.269692205572567e-01,-6.716881188190360e-01,-5.551484072486751e-01,-3.926602653767428e-04,-1.361852833330915e-01,1.479166604857410e+00,-2.255839111732967e-04,-3.441479538823379e+00,-3.349830304094878e-08,4.554196868694181e-07,1.831721914377157e-08,1.622377740676358e-06,4.452556274001584e-07,-2.284260008524249e-05,1.824814268165381e-06,5.588676722563793e-09,6.548121523191717e-09,1.550117940401774e-08,-3.910526054191000e+00,4.039661572340197e+00,1.586772078629878e-07,1.493819360517025e-05,-3.186917558249866e-07,3.576598277739790e-06,-2.674294551772879e-09,-4.931583982982903e-11,6.267494947288325e-06,3.040322857489628e-06,-5.906511970927870e-10,-2.399730890500456e-08,-8.427158850495842e-09,2.268102144440409e-10,-2.414830355727183e-12,6.085440697897595e-12,-4.289751805683687e-13,-6.345561746073284e-13,-1.089791111358121e-11,-7.948575384390623e-15,-3.208111864827980e-15,-1.203576615765477e-11,-1.792199421273453e-09,-4.335228753596625e-12,-1.259906216882164e-13,-1.282631813074360e-03,-9.522920223562961e-03,3.263146527243504e-05,-1.069684741043546e-02,-7.340179874593787e-03,-4.717882275946791e-09,-1.846196719311755e-11,-7.819685138814805e-17,-8.345253025271612e-12,-1.321569559671723e-11,-1.280245384917812e-11,-4.058833681169951e-12,-6.528821927531681e-11,
-2.129219797440719e-01,-1.259188520332414e+00,-5.563588616777514e-01,-2.581448575585425e-03,-1.473388194930484e-01,-2.741647996856442e+00,-7.570555396773157e-04,-1.757871777853914e+01,-1.064079955092551e-05,-1.180602542729832e-05,-1.714170592902339e-06,-3.132120298408732e-05,-3.538999674852555e-05,-1.415034164851901e-04,-8.301301600267514e-05,-1.132685394886839e-07,-7.020193911695050e-07,-5.377740901626154e-07,-3.597135206683570e+01,6.253332422804678e+00,-8.665354495421296e-06,-2.455334655123841e-04,2.067118436131720e-07,1.271977107388721e-05,-1.272305565096573e-07,-3.839416183086134e-10,-8.477074545769057e-05,-9.780297849291100e-06,-1.901743871368150e-09,-8.335726375825000e-09,-6.867819611440356e-08,-2.421249019994828e-07,-8.382517922638706e-08,-3.317860828633678e-08,-9.258167790536230e-09,-1.140864547317381e-10,-6.513894180046262e-09,-4.812223444350792e-07,-8.746395059813535e-13,-1.010213620972967e-09,-1.049847000095270e-03,-7.047829111124186e-06,-1.496801626970278e-07,1.649009102305475e-04,2.153540539678680e-03,5.721668617897916e-05,-6.672946722246899e-02,-4.996021937891727e-02,-4.916831799057240e-09,-3.047127606646569e-08,-1.670593434538507e-07,-7.564932734983808e-07,-3.203953778582413e-07,-1.036064116388135e-08,-8.770098425125670e-08,-5.996714236289336e-11,
-5.561058918446179e-02,-3.318287867519072e-01,-4.270303146125352e-01,-1.090509226698118e-04,-8.178012327298297e-02,9.335798053513343e-01,-9.674323726776786e-05,-2.048521752937341e+00,-1.054007166301337e-07,1.232701681136551e-07,-8.831408168817146e-09,7.018121993678553e-07,3.298123450470347e-07,-9.605447563365123e-06,2.204102737736651e-07,1.528942295822206e-09,-6.250736500132095e-09,4.969404362509420e-09,-2.526683190288332e+00,2.962129967730572e+00,4.278458494225711e-08,6.770338038660134e-06,-3.741594885233997e-07,-2.997395100933446e-07,-1.697750287128043e-09,-2.873343308657717e-11,3.258639903368470e-06,2.062582403168243e-06,-3.203501121632443e-10,-2.409819700858000e-08,-4.034452811250050e-09,1.961558475699036e-10,-9.671568183859009e-12,-1.072665694746995e-12,-6.040185412655304e-12,-2.238820535116666e-13,-4.722670680134622e-12,-1.905416294841723e-15,-6.780329493353999e-16,-3.637664838905476e-12,2.173392117392936e-10,-6.475014204550146e-14,1.080401695086702e-15,-1.438507238994126e-03,-1.029001547450888e-02,1.761122701976617e-05,-2.497870484638399e-03,-1.689642217609780e-03,-3.981726110547477e-09,-1.326514889397947e-11,-1.495113774243770e-19,-6.873368695834579e-21,-3.925680016746766e-15,-4.959469034673732e-14,-6.407338247993663e-16,-6.202904856422720e-11,

4,56
5.429892769119157e+00,3.150162476984899e+01,4.415325842260039e+01,7.745468412766846e+00,1.333015844485648e+01,3.128113870816931e+02,6.412651597390435e-01,-1.872625046129169e+01,5.872106527958035e-01,1.349777019486044e+00,1.568565303183991e-01,2.637909338062823e+01,1.576125014735833e+01,1.989959625002384e+00,1.561804465008920e+01,3.606780875252036e-01,1.354227178872502e-01,2.837333314305448e+00,4.575281770284613e+02,2.831452228565370e+02,1.843981688806595e-01,5.746895029738131e+01,3.914106751439957e+00,3.045646322473601e+02,1.249593141098656e+01,2.592426886533010e+01,8.465948999250477e+00,3.534769374425369e+00,1.608065724095455e-02,3.763471329587433e+00,2.384941571241490e+00,1.070806987225159e+00,3.976577271979306e+00,2.315707556514688e+00,3.955563439852953e+00,2.002535208338093e-01,3.425370426721487e+01,1.056317273299888e+00,5.687010680880065e-01,8.035670600274310e+00,1.284808247777434e+00,3.441497219522581e-02,8.840337077580190e-04,8.198534131392368e-02,3.440205213096764e-01,2.473859120102030e+00,4.641647667007552e-01,6.621461519198728e-01,1.887366530048846e-01,1.661162664088378e+01,8.138983423109696e-01,-8.934763097897812e-15,9.062083333608767e+01,1.491739735714819e+01,2.557087989897346e+01,3.602735887398012e-10,
-5.627889127885874e-02,-3.347036656930498e-01,-4.283063241450165e-01,-1.111277425183645e-04,-8.235058792305411e-02,2.662273999835348e+00,-9.774504235734549e-05,-2.062406000754501e+00,2.569458305920887e-07,1.131426255143603e-06,9.253081880044702e-08,3.428122072891001e-06,5.920298694458959e-07,-9.705326752326857e-06,5.601959496574134e-06,1.383106374869171e-08,4.312669474610839e-08,3.815912372178101e-08,-2.539554962280350e+00,6.196434217226055e+00,3.852772040599034e-07,2.994973352036938e-05,1.890187789373912e-07,1.295553072802798e-05,-1.709799722188342e-09,-2.894389257962443e-11,1.071503030251240e-05,4.123612745490354e-06,-3.233524723929576e-10,-9.028939274926918e-09,-4.076655065788744e-09,2.627309780853068e-10,2.206640942390725e-11,2.182294812930403e-11,1.704830904268324e-11,-2.269980846958200e-13,-4.776793568877980e-12,5.666449354691407e-13,-6.868089295104012e-16,-3.693867490497987e-12,3.112029059846373e-10,3.689803143362769e-14,5.908401865402605e-15,1.134935683060858e-04,1.728697694899778e-03,5.683656757042844e-05,-2.544132933004356e-03,-1.721514496953304e-03,-3.998144206229857e-09,-1.334418719025214e-11,1.496139021779306e-13,5.460685110811645e-14,5.883164118599817e-15,1.111814014838732e-15,1.571509808376420e-15,6.081579684291682e-11,
4.872227422823690e-02,-6.798888276816989e-01,5.968159093684733e-01,-4.010773918789094e-04,2.260711226888038e-01,3.300426732241476e+00,-2.289879496102744e-04,-3.476599893530175e+00,8.966193406938833e-07,1.820555348875791e-06,2.177480537263179e-07,5.755262124409817e-06,7.231650877823910e-07,-2.319983371998381e-05,1.095339440681727e-05,2.274513484987598e-08,1.096179241734691e-07,6.822568515083954e-08,-3.946758004333246e+00,5.655754652925224e+01,5.778118774499520e-07,4.411173375995588e-05,2.956209702820739e-06,3.351153221776453e-05,2.387333302718003e-08,6.234437191304453e-11,1.323637120030704e-05,4.654983345813626e-06,3.128414678529333e-10,9.384659754447390e-08,-1.932622215875018e-09,2.355943349835110e-08,4.202575405277569e-08,7.685415067580293e-08,2.966979535860236e-07,3.288168885048205e-09,1.154413829351255e-07,8.842092465813843e-08,1.746321116366582e-11,4.513694548087939e-08,-2.078121367176068e-09,-4.998961613827009e-12,-1.455982167731002e-13,1.342757295492647e-02,9.064662928742233e-02,7.854631782433524e-05,-1.098077775549598e-02,-7.538531684621383e-03,1.643619581642402e-08,1.815330061700423e-07,2.778065214880896e-08,4.107940055030595e-06,2.739101805387885e-06,9.816017056591147e-07,7.632453277677271e-07,7.002043389547907e-11,
-2.946563569680780e-02,-1.988090988791177e-01,-3.292115597359829e-01,-3.237862173204564e-05,-5.420746274242487e-02,1.467355241271288e+00,-5.370236242460347e-05,-1.413262013996424e+00,-3.608906236150297e-08,4.478842341085001e-07,1.757683253237278e-08,1.602685686627259e-06,4.434110056199311e-07,-5.292747971274749e-06,1.786872813040399e-06,5.498649862334293e-09,6.206389802641191e-09,1.528699986777826e-08,-1.857458615964949e+00,4.019354589680496e+00,1.561316464599170e-07,1.478092486749721e-05,-3.214138966993125e-07,3.492012683170309e-06,-1.060338626842539e-09,-1.814828473362961e-11,6.209118381633994e-06,3.026337281975639e-06,-1.743108828797095e-10,-2.069739456847373e-08,-2.110536412979347e-09,2.527299775281119e-10,-2.651702869730044e-12,5.917157539909181e-12,-5.739627010986298e-13,-9.775106692295590e-14,-2.377472566428193e-12,-8.409021199189675e-16,-2.186516805969525e-16,-1.562114161330787e-12,2.923791586419750e-10,-3.900164863607978e-15,4.335847291174321e-15,-1.288606335288058e-03,-9.567493802778689e-03,3.239186356185512e-05,-9.406079465922703e-04,-6.235545625992437e-04,-2.964347294635589e-09,-8.829344707379806e-12,8.809732086916414e-20,6.482085705715979e-21,-5.163955537558159e-17,-7.233248145691997e-16,-8.955998841707089e-18,6.181033462837604e-11,

