1
0
56
1
(4 0
((0,152) (15,199) (0,0))
((0,264) (15,327) (0,0))
((0,200) (15,263) (0,0))
((0,328) (15,391) (0,0))
)
4
FabOnDisk: SD_5_Old_MF_D_0003 0
FabOnDisk: SD_5_Old_MF_D_0001 0
FabOnDisk: SD_5_Old_MF_D_0002 0
FabOnDisk: SD_5_Old_MF_D_0000 0

4,56
-7.743083009648332e+00,-1.814942513045065e+01,-2.725642531638612e+01,-6.165060828767142e+00,-8.295388313374076e+00,-8.892503810346822e+00,-1.139506670102915e+00,-6.269898210742637e+02,-2.438310047087371e-01,-7.567658791669428e-01,-8.745855294832584e-02,-1.376913481876984e+01,-1.218545678918488e+01,-1.464085671756205e+00,-1.003763520953809e+01,-4.685532311985322e-01,-7.274587606034351e-02,-2.756178325489357e+00,-1.371091956905371e+02,1.964959355978103e+00,-8.589232095749191e-02,-4.606180362746867e+01,-1.841264381804667e+00,-1.971114311028134e+02,-7.860897694581825e+00,-2.317686524766810e+01,-4.470147015329296e+00,-2.959685397727351e+00,-9.471824055583923e-03,-2.001010129689445e+00,-1.613872667984099e+00,-8.620124916715274e-01,-3.651982143107722e+00,-2.130972312649622e+00,-3.105072236509850e+00,-2.197258371430570e-01,-3.209983641108114e+01,-4.832458943330983e-01,-3.226628428207590e-01,-8.302882924186543e+00,-7.842931473926760e-01,-1.496315836387063e-02,-5.784444724764921e-04,-7.899997569539899e-02,-1.335474393983162e-01,-2.037174740206673e+00,-6.944074868184719e-02,-3.597288913940245e-01,-1.384300698900067e-01,-2.488925471256532e+01,-4.863066587639008e-01,-5.934341256330974e+02,-9.016554978411941e+01,-9.109567877273598e+00,-2.491779342290235e+01,-3.559534889063798e-10,
-1.269887136581888e-01,-6.724734115640317e-01,-5.562259670682980e-01,-3.930582781735461e-04,-1.363282082794128e-01,1.479637266379764e+00,-2.258670414973226e-04,-3.441847526381270e+00,-3.466035691749857e-08,4.511532327201963e-07,1.786957098179760e-08,1.608323544193010e-06,4.442030177991133e-07,-2.287861236110316e-05,1.801549044740315e-06,5.534592746200050e-09,6.317055943633044e-09,1.531289040269012e-08,-3.911160269932466e+00,4.036827149872898e+00,1.569896026205245e-07,1.478859829397259e-05,-3.225659710323191e-07,3.491151942509952e-06,-2.699860380249492e-09,-4.977317502682243e-11,6.229709642391991e-06,3.022421477679184e-06,-5.944787557480777e-10,-2.414454676865590e-08,-8.472778861196307e-09,2.271953171569633e-10,-2.552250097231806e-12,5.955115290499836e-12,-5.484898142568658e-13,-6.246870764578424e-13,-1.067262652763591e-11,-3.436041678742918e-14,-3.211261013788921e-15,-1.192096760393971e-11,-1.957633215963683e-09,-4.692267153421055e-12,-1.366975650765391e-13,-1.290457032095457e-03,-9.515749041797155e-03,3.240520860777815e-05,-1.074181760853595e-02,-7.348924376887048e-03,-4.770087244168676e-09,-1.861220025084242e-11,-2.007354914622304e-17,-3.062594867379807e-12,-6.656665899009415e-12,-7.869707598507941e-12,-2.202062534718288e-12,-6.518874329231039e-11,
-2.129196846588970e-01,-1.252609327271011e+00,-5.573187712425623e-01,-2.583376679940973e-03,-1.472689852193745e-01,-2.764428557684993e+00,-7.541910491073774e-04,-1.764652558752314e+01,-1.101938349837219e-05,-1.226150333616560e-05,-1.780399103974155e-06,-3.254308647466025e-05,-3.647430026935243e-05,-1.420284308311949e-04,-8.646077058527191e-05,-1.183125855003921e-07,-7.318375105074775e-07,-5.599123049030382e-07,-3.607084558827940e+01,6.254630917831689e+00,-9.000424949319103e-06,-2.563436539038181e-04,1.980963616798132e-07,1.305860920763681e-05,-5.938827400575903e-08,-2.482529538749167e-10,-8.804037416086675e-05,-1.034263443562569e-05,-2.088776573638867e-09,-8.710816731954810e-09,-7.375498551100295e-08,-2.704774916262068e-07,-9.333138692662977e-08,-3.691373013642221e-08,-5.093598277439908e-09,-1.188626342272735e-10,-5.355740422106978e-09,-2.193521915724356e-07,-1.044922203126765e-12,-6.476515634718266e-10,-1.089754666153126e-03,-7.320118018198021e-06,-1.554377641583687e-07,1.320989563026722e-04,2.244372989114385e-03,5.695480617798134e-05,-6.659507830442463e-02,-4.988657625433950e-02,-4.606515086460501e-09,-1.812854559625111e-08,-7.463714567742514e-08,-5.469116666961967e-07,-1.863892411479295e-07,-4.185185608031524e-09,-5.106935933517857e-08,-6.053824108676054e-11,
-5.572396043983855e-02,-3.317949924879289e-01,-4.266112491257128e-01,-1.090692648847289e-04,-8.175036360689943e-02,9.341106497419418e-01,-9.670243214862604e-05,-2.048330506321256e+00,-1.058027962833589e-07,1.213101536961319e-07,-9.043761112281438e-09,6.955768114041133e-07,3.299412671165124e-07,-9.605043054885790e-06,2.140983623397415e-07,1.504058894670357e-09,-6.340860246223195e-09,4.923801378188195e-09,-2.524718197764265e+00,2.958949261038323e+00,4.138516733398082e-08,6.661644901540704e-06,-3.784390145563184e-07,-3.658277699898488e-07,-1.704742130159680e-09,-2.886409318503201e-11,3.239766615905100e-06,2.052410629400023e-06,-3.210056496845639e-10,-2.427763898314098e-08,-4.041501870241665e-09,1.953323972983523e-10,-9.716751319716385e-12,-1.162665898180423e-12,-6.132830188465059e-12,-2.242433870745067e-13,-4.732590025122630e-12,-1.907900428857383e-15,-6.796461124824384e-16,-3.643197399274589e-12,2.163955572390964e-10,-6.489741265874798e-14,1.060277075930049e-15,-1.449629365601268e-03,-1.028173085905396e-02,1.741621513143405e-05,-2.498526035751749e-03,-1.688867156687372e-03,-3.998562402684917e-09,-1.330364687362925e-11,-2.126243185430698e-19,-9.075125451145681e-21,-5.310040290875476e-15,-6.464495322731447e-14,-1.092073277950090e-15,-5.747358144958525e-11,

4,56
5.434349570309103e+00,3.153284458784733e+01,4.417510719742091e+01,7.748724691619906e+00,1.331536026524619e+01,3.130361523090690e+02,6.406318965328943e-01,-1.880028099982806e+01,5.857757440767263e-01,1.346488592275172e+00,1.568868508801496e-01,2.637184509001478e+01,1.577000854752792e+01,1.991827234376759e+00,1.559333426431816e+01,3.689900976130935e-01,1.352606721978964e-01,2.838478867331272e+00,4.574071569605875e+02,2.832058883085284e+02,1.838556258650342e-01,5.730990005888414e+01,3.910573347312414e+00,3.044912828610786e+02,1.246064590257371e+01,2.592090173402878e+01,8.464535338516745e+00,3.529127022751127e+00,1.608743794616618e-02,3.757911925756957e+00,2.395830669784818e+00,1.069513843100442e+00,3.968178648111094e+00,2.308198504757035e+00,3.954507041258781e+00,2.002293970398912e-01,3.428793081352379e+01,9.914900420417406e-01,5.684275375098877e-01,8.032272604462571e+00,1.281254565287503e+00,3.438933015771834e-02,8.824780970760271e-04,8.203959519003187e-02,3.434927835667789e-01,2.470540171783676e+00,4.638970054822610e-01,6.607803809839801e-01,1.883599076355853e-01,1.664250541874252e+01,6.746828457460334e-01,-4.741955731267308e-15,9.076739303475493e+01,1.490649077512648e+01,2.560667682386939e+01,3.537934389896691e-10,
-5.639370874863359e-02,-3.346244142722009e-01,-4.278141119247418e-01,-1.111374102451592e-04,-8.231721574114380e-02,2.664305798787795e+00,-9.769720130202921e-05,-2.062332873431092e+00,2.537865640093937e-07,1.124726711257615e-06,9.166272579942880e-08,3.406696495080409e-06,5.909266364572587e-07,-9.703863586832721e-06,5.562037299116977e-06,1.374913870529214e-08,4.268427095693494e-08,3.788931934607341e-08,-2.537748581890419e+00,6.197432062547857e+00,3.829782150203800e-07,2.977258352240313e-05,1.797464958553607e-07,1.282776470427066e-05,-1.716625279940557e-09,-2.906996990710948e-11,1.066647490371490e-05,4.105442109331418e-06,-3.239768136431784e-10,-9.423881576573420e-09,-4.083174149924093e-09,2.621442443320685e-10,2.220599968069886e-11,2.197957877410120e-11,1.723952336980123e-11,-2.273346475721137e-13,-4.786533468687652e-12,4.874507393221339e-14,-6.871481798199293e-16,-3.699473007903554e-12,3.101712884175994e-10,3.476933674590063e-14,5.838983816133656e-15,7.907960135355562e-05,1.816528824126372e-03,5.655956770744767e-05,-2.544894239671929e-03,-1.720702153391642e-03,-4.015387967135805e-09,-1.338212665632771e-11,3.777236039105707e-14,6.499442469220487e-14,5.242292076371149e-16,5.132540136974521e-16,1.345866617494857e-16,5.606004549463250e-11,
4.925348700231537e-02,-6.806461968956007e-01,6.157952452280228e-01,-4.014633584625952e-04,2.269635089340395e-01,3.299000135198257e+00,-2.292651342319817e-04,-3.477115805769129e+00,8.922929707735358e-07,1.814897368700271e-06,2.168237055546781e-07,5.734655749233453e-06,7.211706470568111e-07,-2.323567978122769e-05,1.090262220121310e-05,2.267027541563920e-08,1.090670607474176e-07,6.785663937652689e-08,-3.947583633800657e+00,5.671404939366291e+01,5.760492006989171e-07,4.396801492617728e-05,2.940848328143301e-06,3.330272172310827e-05,1.489261557740414e-08,6.217899845782579e-11,1.320482604955776e-05,4.642097793232526e-06,2.965493461005213e-10,9.259229281938718e-08,-2.160824281187834e-09,2.403159086227775e-08,3.809242149372891e-08,5.911093241510602e-08,1.936584285805811e-07,2.291649290011309e-09,6.873782636416476e-08,5.063587522246051e-08,1.088998530720204e-11,3.176048570109583e-08,-2.260558986905450e-09,-5.396464205974675e-12,-1.574888314182447e-13,1.339843963203309e-02,9.047947473625498e-02,7.804579051018951e-05,-1.102759355275255e-02,-7.547619395222232e-03,1.638980329347564e-08,7.250359294697967e-08,1.696457997906531e-08,1.389862968141476e-06,1.436823502753845e-06,7.305873517364010e-07,4.031277943597769e-07,6.381739581229340e-11,
-2.954592170570124e-02,-1.988565223410943e-01,-3.291416910304715e-01,-3.255112093703178e-05,-5.419032135630546e-02,1.467857141544089e+00,-5.362036042833117e-05,-1.412596586095767e+00,-3.749032515436444e-08,4.430605135862839e-07,1.710719579630179e-08,1.586926303638711e-06,4.422012990190641e-07,-5.290995149664633e-06,1.760333773730361e-06,5.437871916938656e-09,5.943115725681928e-09,1.507929654072206e-08,-1.855431756359758e+00,4.016271214140710e+00,1.542442046442677e-07,1.461731329960342e-05,-3.256768515348529e-07,3.399573741562847e-06,-1.063294047593997e-09,-1.820991031797357e-11,6.167185404176326e-06,3.006804170731492e-06,-1.746370304044752e-10,-2.076457747042429e-08,-2.113244964836956e-09,2.523689784659190e-10,-2.808474205215496e-12,5.773934943289534e-12,-7.022677174198271e-13,-9.789320015964581e-14,-2.380166272625550e-12,-8.414006069045541e-16,-2.187915288570970e-16,-1.561374444382206e-12,2.911165872158728e-10,-4.932684248346805e-15,4.298075305316703e-15,-1.296493879759372e-03,-9.560740002265594e-03,3.216044730869732e-05,-9.398115577514812e-04,-6.223099831430332e-04,-2.970735414048327e-09,-8.844491546565254e-12,1.043255537498182e-19,8.605639458817216e-21,-5.988273997669803e-17,-8.007446402132130e-16,-1.358982398052757e-17,5.589173568409933e-11,

