1
0
63
1
(4 0
((0,152) (15,199) (0,0))
((0,264) (15,327) (0,0))
((0,200) (15,263) (0,0))
((0,328) (15,391) (0,0))
)
4
FabOnDisk: SD_0_Old_MF_D_0003 0
FabOnDisk: SD_0_Old_MF_D_0001 0
FabOnDisk: SD_0_Old_MF_D_0002 0
FabOnDisk: SD_0_Old_MF_D_0000 0

4,63
-4.407323597472438e+00,9.009630157324927e+03,1.653923413604239e-01,2.376730859675303e-07,2.956859003665163e-07,1.178174013146457e-05,3.390354036500398e-07,1.341950961800858e-04,9.829098498425597e-03,1.369282481044629e-07,3.932054273035048e-03,9.555058571168653e-12,2.553791671241994e-10,3.770456025702634e-11,8.909415184929834e-10,3.141473058677952e-10,1.443164266155336e-08,2.170712187823702e-09,3.476499127435362e-12,2.102733776703796e-11,1.511392647028675e-11,7.540722971446557e-03,3.824640520815552e-03,5.493395991592690e-11,6.545090372422325e-09,3.318399741846312e-10,3.480025879276259e-09,1.412497230757016e-12,2.828258168015817e-14,1.607224453752874e-09,6.058918002121669e-10,2.888403605542462e-13,1.775351468203966e-11,4.672286327435021e-12,4.095664986260623e-12,1.424493075658708e-12,5.693116717415562e-13,1.338923777035088e-14,1.140059151086749e-15,8.774993341549442e-15,2.550760858722065e-18,3.305813043536015e-18,2.668333346568072e-14,8.169745434466794e-09,5.050651886000222e-11,1.108267230333216e-12,6.035350299366809e-07,5.442525082519911e-07,3.686234847907626e-09,3.468809955292682e-06,4.571809612768249e-06,2.784019064360559e-12,8.774311051151198e-15,1.439135103587410e-19,0.000000000000000e+00,9.657965447335081e-16,2.959301134460990e-14,1.373607968075909e-16,1.187298465970341e-01,4.489617826013872e+03,0.000000000000000e+00,8.958264297259708e+02,1.013121607438446e+05,
-2.365302281290112e+00,1.922417531922811e+05,1.533839419992239e-01,1.870068576587337e-05,1.786801854811508e-04,7.424274158264917e-04,1.475173821980356e-07,9.242653520806637e-05,1.234240061348000e-02,4.360432628915411e-08,2.294375280824358e-03,1.913223707106479e-10,4.351228297055445e-10,5.312724058093891e-11,1.449380587114673e-09,2.095820440069210e-10,4.023763636016485e-09,2.953311437104883e-09,5.712871206548866e-12,2.838412318763700e-11,2.000384842574398e-11,5.190027821510105e-03,2.219089680838719e-02,1.387177892156049e-10,1.125217788879802e-08,4.728320268027939e-10,7.071206817357503e-09,7.269960683782006e-13,1.277604003673659e-14,3.179662223461057e-09,1.268642285519052e-09,9.562501898812200e-14,1.770969708748848e-11,1.147896450121913e-12,3.435349176607457e-14,1.094513188298740e-14,8.394537829980941e-15,1.139004379103899e-14,4.794602499351859e-17,1.276753339233292e-15,4.495255751352464e-19,9.785813510321530e-20,8.082643060023948e-16,6.614346066390045e-14,1.150381158420192e-16,3.430486747682664e-18,2.262407367757007e-06,1.583279504352744e-05,1.892761531180159e-08,4.828144379462774e-07,3.175127678628116e-07,2.730713420863782e-12,6.541525836411813e-15,8.456056122015644e-24,0.000000000000000e+00,0.000000000000000e+00,0.000000000000000e+00,0.000000000000000e+00,1.100265472666248e-01,6.154074885187983e+03,0.000000000000000e+00,2.157350211479292e+03,1.013245346160620e+05,
-2.932887555018063e+00,1.858101113785615e+05,1.570463961560304e-01,2.713834972725747e-05,2.524825336700634e-04,8.391842384848790e-04,1.827180486443230e-07,1.085641611547027e-04,1.233997330319849e-02,6.735253328371559e-08,2.776248330477098e-03,1.311219226977490e-10,2.247957366529550e-10,3.286253997571510e-11,7.954501031621604e-10,1.207288326219302e-10,6.428558785681925e-09,1.802689247379125e-09,3.011302851079464e-12,1.801550760676199e-11,1.257925798540546e-11,5.828906677689618e-03,2.117109477352942e-02,7.251082573677014e-11,5.817623787862279e-09,3.561568925465269e-10,3.676329627488412e-09,1.099840786313720e-12,1.919983650604418e-14,1.427786518222861e-09,5.852345662454053e-10,1.702572443600364e-13,1.821557831670339e-11,2.124364313469308e-12,1.138339447701920e-14,7.264961233396515e-15,5.098236237706515e-15,6.577566117174127e-15,1.092710704069787e-16,2.452962937469575e-15,9.937975722450366e-19,3.356984785819669e-19,1.891675846649637e-15,8.388354887343830e-14,1.738225865910048e-16,5.207650409385913e-18,1.950382482516267e-06,1.361265924860207e-05,7.430443092402026e-09,1.347095686305097e-06,9.069991989722998e-07,3.559134074518390e-12,9.396148456596470e-15,0.000000000000000e+00,0.000000000000000e+00,0.000000000000000e+00,0.000000000000000e+00,0.000000000000000e+00,1.126628289123774e-01,4.136766163166921e+03,0.000000000000000e+00,2.033989609194753e+03,1.013212138564207e+05,
-6.617060520023909e+00,1.953408159006472e+05,1.513177132262892e-01,1.447384214514612e-05,1.398881293588691e-04,6.759331379358749e-04,1.367872894415530e-07,8.263496924257891e-05,1.235187984600275e-02,3.241277934282906e-08,2.001144389826826e-03,1.736866481806714e-10,5.337229028640406e-10,5.716950660942436e-11,1.776885723770860e-09,2.882757624453378e-10,2.903469195846877e-09,3.397950892187151e-09,6.986122232349571e-12,2.994447551635375e-11,2.342388947093951e-11,4.777880876366558e-03,2.247377838781955e-02,1.747627161290933e-10,1.435223669108456e-08,4.062512919782823e-10,7.988613097084766e-09,5.105727166954223e-13,9.092265869900685e-15,4.367767905696391e-09,1.827585298463562e-09,5.811243180653700e-14,1.378596321611487e-11,6.895068458085136e-13,7.722395232841769e-14,1.044366019748096e-14,1.024383937281924e-14,1.117250979451161e-14,2.462690825613497e-17,7.406353907772869e-16,2.493541066338330e-19,3.799054967196570e-20,4.283456986310654e-16,1.051226342179475e-13,1.091313361747828e-16,4.298291506629747e-18,1.991681917094612e-06,1.384586622316857e-05,2.547929080590430e-08,2.396052412489979e-07,1.546697530685893e-07,2.136257851942525e-12,4.726493849183412e-15,7.184926539866583e-24,0.000000000000000e+00,0.000000000000000e+00,0.000000000000000e+00,0.000000000000000e+00,1.085395380772372e-01,7.219010725019202e+03,0.000000000000000e+00,2.216281283388025e+03,1.013246751000111e+05,

4,63
4.407191473400720e+00,2.135878504207191e+05,4.016158815784134e-01,5.120337186571895e-05,4.649550263708448e-04,9.712449322459765e-04,1.187299869787414e-04,3.081422740418215e-04,1.319359022548163e-02,2.037189221163071e-05,6.912803970279963e-02,1.356733642000262e-06,6.242932026527057e-06,7.089083548254757e-07,2.262317649536591e-04,2.498704159444699e-04,2.068794681179502e-05,5.090736100371369e-04,1.383608431389971e-05,9.642485892537613e-07,6.627174934190686e-05,1.402989095641409e-02,2.109348727499698e-02,7.411834922882543e-07,5.857619858688943e-04,2.175699641505640e-05,4.403949491927571e-03,9.806674758213497e-05,4.377324657189298e-04,3.095017235205755e-05,1.163148508391736e-04,1.358126277360129e-07,3.168040774135917e-05,3.797379884207267e-05,1.132224627023832e-05,5.590599855625912e-05,2.985709640543849e-05,3.853090829296769e-05,3.081796731457211e-06,6.430420312251811e-04,1.033775313307863e-05,4.105395378819350e-06,1.150190162956804e-04,1.543727633427367e-05,6.679673283187714e-07,1.476802731947934e-08,1.920671770580570e-06,1.340460051554285e-05,2.894637630865749e-05,1.251841096507772e-05,1.633427981163105e-05,1.664627412071079e-06,4.559693807049848e-04,9.318975475267263e-06,2.227995887626827e-02,1.666825229959847e-03,1.344948979980951e-04,4.533815290008437e-04,2.794624281321110e-01,7.573501643871726e+04,0.000000000000000e+00,2.030754390096224e+03,1.013350614258985e+05,
2.226298365218509e+00,1.971111343989135e+05,1.569661862357842e-01,2.694304937946392e-05,2.508106590909586e-04,8.373383633948423e-04,1.817346638674413e-07,1.082300053782313e-04,1.235189401831283e-02,6.678297522118891e-08,2.766121860468658e-03,1.956585839078225e-10,5.328561512629913e-10,5.827893671945273e-11,1.773546502677985e-09,2.872331101268508e-10,6.370381104977063e-09,3.394571749612814e-09,6.974545058390672e-12,3.074504434877067e-11,2.339291156076407e-11,5.815901843391955e-03,2.246971217393429e-02,1.744260444892118e-10,1.431926773092021e-08,5.172075863405585e-10,7.982789524792191e-09,1.092493396327144e-12,1.906701734588863e-14,4.354390676016808e-09,1.820252898627268e-09,1.686732778229747e-13,2.176018010551161e-11,2.102300144373934e-12,7.657058686883994e-14,1.191371491712734e-14,1.023132168869483e-14,1.211170190743709e-14,1.077437983779833e-16,2.426652390384037e-15,9.795249680923995e-19,3.284089808028041e-19,1.862379912203386e-15,1.043514278410957e-13,1.637365357801890e-16,4.895508893503350e-18,2.479762508610781e-06,1.746531640521004e-05,2.540362139743804e-08,1.319484609291493e-06,8.884459617399182e-07,3.545046632035505e-12,9.343842555110585e-15,1.754412984476484e-22,8.144516351577309e-24,1.424502100590767e-18,4.712643880829929e-18,1.180249775609493e-18,1.126050839818314e-01,7.205535792242157e+03,0.000000000000000e+00,2.215563703933772e+03,1.013251430560046e+05,
2.615512066965711e+00,2.000892280264130e+05,1.651841883262794e-01,4.684531213337817e-05,4.181287363299225e-04,9.649759328070704e-04,3.333277768835858e-07,1.338889176764328e-04,1.248646401657911e-02,1.349461410402956e-07,3.892610939318794e-03,1.916527996236470e-10,4.325896879761872e-10,5.294200102939028e-11,1.441567661342081e-09,2.435107868632651e-10,1.412317104225553e-08,2.940635006981387e-09,5.680322679324478e-12,2.829289810590040e-11,1.991585900672537e-11,7.468117866454504e-03,2.218629962809074e-02,1.378078764313039e-10,1.118058399395309e-08,5.172005032341784e-10,7.042611216440237e-09,1.433318790488049e-12,2.802699418816763e-14,3.154253298364002e-09,1.258220379630500e-09,2.740982588615580e-13,2.231811452478609e-11,4.241705856550489e-12,2.604701378446195e-12,8.897368413287280e-13,3.551763733781943e-13,1.135065552981073e-14,7.494919294330820e-16,6.484880809214678e-15,2.451303524312264e-18,2.369761225080835e-18,1.533149225548764e-14,6.389653642268369e-09,3.861564875462797e-11,8.518650853573063e-13,2.489147729841850e-06,1.756306830186824e-05,1.878716970068861e-08,6.391567454203417e-06,4.439762539414136e-06,3.990717383697546e-12,1.112982602535825e-14,7.329793513598790e-20,9.246691324705257e-20,5.106240279216928e-16,1.593161582325734e-14,6.656834281435244e-17,1.185751547010234e-01,6.125271110395136e+03,0.000000000000000e+00,2.156090645949430e+03,1.013271363084179e+05,
7.738286616099360e+00,2.012440014790082e+05,1.533407966819507e-01,1.861390533855482e-05,1.778745612433815e-04,7.411803447994296e-04,1.472369219937452e-07,9.223729709401022e-05,1.235566634766365e-02,4.336109163630417e-08,2.288580282465861e-03,1.911263780229497e-10,5.596753094257837e-10,5.831608913502325e-11,1.902769283588736e-09,3.417126478311793e-10,3.999803536383981e-09,3.464865098013989e-09,7.334129942977817e-12,3.075188087492819e-11,2.440801720215051e-11,5.182076206308796e-03,2.271408313009575e-02,1.848060168745494e-10,1.563356316588627e-08,4.718449048631622e-10,8.057789277083164e-09,7.226708297409095e-13,1.270108263641501e-14,4.941852824524304e-09,2.186657765664343e-09,9.481569738336949e-14,1.764120668265605e-11,1.137509465300519e-12,1.118353139735079e-13,1.179849555981234e-14,1.039604262807985e-14,1.205206704451446e-14,4.738346443705681e-17,1.264601653122267e-15,4.447933382653334e-19,9.696346140423116e-20,7.990646354610485e-16,1.445878851784581e-13,1.169556316778730e-16,4.608406380398693e-18,2.258020410120499e-06,1.580119147523335e-05,2.869556854017852e-08,4.763111850479633e-07,3.132775977079545e-07,2.719747779646339e-12,6.505630271388463e-15,1.003842339778762e-22,2.066221224171058e-24,9.638924347926321e-19,2.999079488698635e-18,7.954605466086774e-19,1.099954677720798e-01,7.571208574002273e+03,0.000000000000000e+00,2.251023346562674e+03,1.013250751253326e+05,

