1
0
63
1
(4 0
((0,152) (15,199) (0,0))
((0,264) (15,327) (0,0))
((0,200) (15,263) (0,0))
((0,328) (15,391) (0,0))
)
4
FabOnDisk: SD_0_New_MF_D_0003 0
FabOnDisk: SD_0_New_MF_D_0001 0
FabOnDisk: SD_0_New_MF_D_0002 0
FabOnDisk: SD_0_New_MF_D_0000 0

4,63
-1.194171353237813e-07,7.561660841724545e-01,1.653993340833130e-01,2.245037929020529e-07,2.893813514174672e-07,1.167908029304632e-05,3.391102007803559e-07,1.342191721054460e-04,9.817133848808777e-03,1.369617458703968e-07,3.931931210991962e-03,9.638282391558002e-12,2.540132401781422e-10,3.751928757303977e-11,8.869447389890723e-10,3.107695727824056e-10,1.443357894814218e-08,2.160449201182109e-09,3.459144111890907e-12,2.093403628913235e-11,1.505495232794426e-11,7.540071617444702e-03,3.819946664783055e-03,5.601657500791013e-11,6.514059849113924e-09,3.325269281691351e-10,3.484660909074192e-09,1.412249530983162e-12,2.829914476421078e-14,1.598071503754643e-09,6.040843213013409e-10,2.886264879017600e-13,1.775704955603415e-11,4.668120970186357e-12,4.050675956781304e-12,1.421117942988254e-12,5.678403992185847e-13,1.373876263985114e-14,1.181655107371099e-15,9.189819412753001e-15,2.568059291151209e-18,3.628688490701348e-18,3.135921129464261e-14,8.072404551111665e-09,5.036297174474060e-11,1.097618532842770e-12,6.040690924440174e-07,5.425584697792256e-07,3.708234628384857e-09,3.461908886669207e-06,4.573419250233700e-06,2.794034006945860e-12,8.934530366385594e-15,1.613612100086607e-19,-1.479452215385142e-16,1.026346627914215e-15,3.086099601820186e-14,1.571938203556757e-16,1.187351619859620e-01,4.496719622697581e+03,0.000000000000000e+00,8.949642463703785e+02,1.013250000000000e+05,
-6.110278613375569e-08,3.225494004594996e+00,1.533845932067833e-01,1.869652651482749e-05,1.786821997033918e-04,7.423994746171966e-04,1.475496100280945e-07,9.242061324744707e-05,1.234242060532540e-02,4.361683968552091e-08,2.294442705390152e-03,1.912477071209787e-10,4.348893705292793e-10,5.306809999624551e-11,1.448957465403758e-09,2.095976644660896e-10,4.024042223549174e-09,2.952199728817645e-09,5.711511344588200e-12,2.835958397511743e-11,2.000002488471067e-11,5.190114576418809e-03,2.219075069655274e-02,1.386652884247917e-10,1.125099529347465e-08,4.726464586761941e-10,7.068256798902800e-09,7.269494178990668e-13,1.277707769628415e-14,3.180148603051758e-09,1.269064601044165e-09,9.563867395608599e-14,1.770729368284970e-11,1.148098056001360e-12,3.438671912710993e-14,1.092260906146299e-14,8.393889806479859e-15,1.138282028764159e-14,4.804531593093354e-17,1.277481863858989e-15,4.503085153960893e-19,3.450440173651870e-20,8.094750567029868e-16,6.614432675219379e-14,1.148691962178501e-16,2.814228468545369e-18,2.262119303772442e-06,1.583273547447880e-05,1.892981475263715e-08,4.832999454194701e-07,3.181190434272067e-07,2.729720372461457e-12,6.540959419343507e-15,-2.216428155995054e-21,-4.296041961003176e-21,-3.797173114898025e-18,-1.045705369210024e-17,-3.215917256658567e-18,1.100270369457007e-01,6.155151440796329e+03,0.000000000000000e+00,2.157319695219301e+03,1.013250000000000e+05,
-5.872612071835860e-08,3.013745715866824e+00,1.570481329474233e-01,2.715626068592191e-05,2.525697078605035e-04,8.390888829111811e-04,1.829888492881585e-07,1.085713205540894e-04,1.234014018472382e-02,6.744669444946117e-08,2.776538122991494e-03,1.316072565526842e-10,2.248213243074913e-10,3.293310908398471e-11,7.934559747174839e-10,1.213425075400053e-10,6.437499555502617e-09,1.809973493913781e-09,3.010756021358448e-12,1.805839216809592e-11,1.262686408602521e-11,5.829219963771609e-03,2.116839256487209e-02,7.237021771073224e-11,5.821656284919054e-09,3.559728803343361e-10,3.676733160759638e-09,1.099306669430524e-12,1.920237967489082e-14,1.426454222332776e-09,5.852491716938131e-10,1.702223609019027e-13,1.820507630984639e-11,2.124990094670619e-12,1.141348230290136e-14,7.264857947091093e-15,5.086287080035689e-15,6.633984605351761e-15,1.095287729694021e-16,2.454313005784005e-15,9.967742891197419e-19,-1.761963929613309e-19,1.900003079585825e-15,8.527129466616342e-14,1.828874650822043e-16,5.437050894745140e-18,1.949363133542524e-06,1.360691569997349e-05,7.428967488459683e-09,1.351717824902678e-06,9.144683900023011e-07,3.553380287808971e-12,9.383811178182933e-15,-3.161971365209962e-20,-1.366763498012397e-19,-1.936506767905055e-17,-3.827887821227733e-17,-1.704652075948852e-17,1.126640658242444e-01,4.138802714918511e+03,0.000000000000000e+00,2.033924733555605e+03,1.013250000000000e+05,
-4.953403305296237e-08,3.326518840188359e+00,1.513181547791769e-01,1.446967737066428e-05,1.398844193074195e-04,6.759062584389095e-04,1.368027315105348e-07,8.262795534361298e-05,1.235207976760689e-02,3.241934948882853e-08,2.001180505287161e-03,1.736469913508597e-10,5.337707925503930e-10,5.716000816787857e-11,1.777040854496171e-09,2.883134473619865e-10,2.903411510396704e-09,3.398278242291484e-09,6.986721223618275e-12,2.994259572148358e-11,2.342784081158310e-11,4.777928722121608e-03,2.247391539543890e-02,1.747538164942339e-10,1.435368336750323e-08,4.061654635219460e-10,7.988869716697939e-09,5.106053598501185e-13,9.093332995020398e-15,4.368855863112828e-09,1.827899192735736e-09,5.812744725303860e-14,1.378671902810803e-11,6.896215992238784e-13,7.723250283315546e-14,1.044192932592451e-14,1.024570034769291e-14,1.117186264603880e-14,2.470017507679417e-17,7.411660974589594e-16,2.498562306673859e-19,5.344271150768923e-20,4.289205906533271e-16,1.051278438524674e-13,1.090753591437792e-16,4.275310974034901e-18,1.991609233233141e-06,1.384618151757118e-05,2.548219279218895e-08,2.398054376968860e-07,1.548756473031708e-07,2.135877536559289e-12,4.726818616465756e-15,-1.828918269782457e-22,-3.123766012594989e-22,-4.109370771007599e-19,-1.141658156406687e-18,-3.433364387303014e-19,1.085398833853515e-01,7.214871706673043e+03,0.000000000000000e+00,2.216294289481416e+03,1.013250000000000e+05,

4,63
1.189725076991323e-07,3.010007269173220e+00,4.020538801016987e-01,5.121244072112067e-05,4.653142887769924e-04,9.713294244991933e-04,1.187139463913721e-04,3.074346885453378e-04,1.319615477781849e-02,2.038270647875143e-05,6.924194454738268e-02,1.350643097063077e-06,6.219784891130135e-06,7.064378714289115e-07,2.255626483924444e-04,2.498075595995041e-04,2.059111996392840e-05,5.091497591184994e-04,1.383808795059625e-05,9.589108484491585e-07,6.628575644006824e-05,1.402806063845929e-02,2.109561750890524e-02,7.372136218294312e-07,5.854310565660543e-04,2.161953093502927e-05,4.403437689523756e-03,9.768757957883870e-05,4.376154901012649e-04,3.082348796805370e-05,1.163502165992414e-04,1.346562116740585e-07,3.159032371675819e-05,3.797161012041028e-05,1.131193722881639e-05,5.588239862740399e-05,2.983982741617921e-05,3.847419214896748e-05,3.071665895479069e-06,6.428409463015515e-04,1.024905844164087e-05,4.076958803819590e-06,1.149181375596629e-04,1.541704971299310e-05,6.670545401971678e-07,1.475767945846316e-08,1.920463414447255e-06,1.340321092244618e-05,2.892438426783139e-05,1.251087489589584e-05,1.632213925431470e-05,1.649856681441997e-06,4.562907628173506e-04,9.155280320908536e-06,2.233693668299607e-02,1.666269642635172e-03,1.341038919944313e-04,4.533000873138929e-04,2.797674791262428e-01,7.574363939896470e+04,0.000000000000000e+00,2.030772946604174e+03,1.013250000000001e+05,
6.101039006321575e-08,3.325579628922027e+00,1.569677798838391e-01,2.695710965081689e-05,2.508872092627805e-04,8.372565020996306e-04,1.819673964398853e-07,1.082355618675753e-04,1.235196831206544e-02,6.686451935904558e-08,2.766395066156553e-03,1.954518009027977e-10,5.328092599018139e-10,5.826261756501319e-11,1.773475452598156e-09,2.872401375371655e-10,6.377884946565690e-09,3.394468280812867e-09,6.974138606360586e-12,3.074040763227227e-11,2.339372941030626e-11,5.816197455549961e-03,2.246967954062991e-02,1.743951393901198e-10,1.431897599896121e-08,5.166447989194531e-10,7.982203983053402e-09,1.091970693475547e-12,1.906908419163350e-14,4.354658442285093e-09,1.820371795573604e-09,1.686409296801988e-13,2.172662010580114e-11,2.102889341845353e-12,7.657138695551387e-14,1.190578489167134e-14,1.023142937735114e-14,1.211036752561976e-14,1.079629304436384e-16,2.427819495340629e-15,9.820515940519115e-19,3.418135718846652e-19,1.869583269126548e-15,1.043442166690071e-13,1.713494439446074e-16,5.082054842788304e-18,2.476812019639651e-06,1.745885477578953e-05,2.540372858734510e-08,1.323527187494649e-06,8.948753289136312e-07,3.539765004050599e-12,9.333035449134926e-15,1.324519981331752e-21,2.727283583322769e-21,2.041134590953024e-18,5.586872691270104e-18,1.741425785317615e-18,1.126062226717062e-01,7.204263678672735e+03,0.000000000000000e+00,2.215561084322400e+03,1.013250000000001e+05,
5.878366601356581e-08,3.223202848802448e+00,1.651867641099270e-01,4.685182855188258e-05,4.181922489169741e-04,9.649541495925191e-04,3.335381601290089e-07,1.338916161299938e-04,1.248676081874909e-02,1.350060087279927e-07,3.893537109447036e-03,1.912992103639631e-10,4.323253104384153e-10,5.287536226965620e-11,1.441107367515027e-09,2.502047015049828e-10,1.413578291293934e-08,2.939371263372741e-09,5.678826981553457e-12,2.826491865368544e-11,1.991147285489190e-11,7.469957786145561e-03,2.218615333974078e-02,1.377518778962832e-10,1.117945258441231e-08,5.162310578983827e-10,7.039334362724459e-09,1.432585710964992e-12,2.804914225661827e-14,3.154836946739801e-09,1.258723400158977e-09,2.756895662970464e-13,2.230586489589763e-11,4.288633968237153e-12,2.756073425877502e-12,9.502851953369664e-13,3.793516397878987e-13,1.134219336661254e-14,8.098592734747286e-16,6.881491930573279e-15,2.467272751858516e-18,2.675706652660152e-18,1.794247070622884e-14,6.500520536308677e-09,3.977866490867929e-11,8.714682972490400e-13,2.488979578317717e-06,1.756434126054598e-05,1.878990740295139e-08,6.395588763835766e-06,4.443593546172588e-06,3.988794135970520e-12,1.112353359513143e-14,8.927674534632768e-20,1.605666997248970e-19,5.836926135218456e-16,1.797689575626068e-14,8.122757395706596e-17,1.185773177421860e-01,6.126659635242451e+03,0.000000000000000e+00,2.156055920911404e+03,1.013250000000001e+05,
4.950819850289603e-08,3.385101999248054e+00,1.533409098598288e-01,1.860198656658590e-05,1.778328232276864e-04,7.411165722273457e-04,1.472344982294378e-07,9.222068541608852e-05,1.235573468086286e-02,4.335898251932624e-08,2.288474230407065e-03,1.910635381590684e-10,5.596558897918527e-10,5.830177974061711e-11,1.902752717172395e-09,3.417234029379393e-10,3.998147149577864e-09,3.465058259688389e-09,7.333879563500653e-12,3.075208714404340e-11,2.440935528269936e-11,5.181971165725689e-03,2.271406794977305e-02,1.847802532303028e-10,1.563350249557395e-08,4.716579550846929e-10,8.058454295066244e-09,7.223340529166242e-13,1.269898272510156e-14,4.942146585665780e-09,2.186750545619622e-09,9.477371387335995e-14,1.763851264942840e-11,1.137255552418554e-12,1.118324909910957e-13,1.179630860540568e-14,1.039811438559696e-14,1.205278176484456e-14,4.746735087619423e-17,1.264665018136202e-15,4.452475790670004e-19,1.276592799973073e-19,7.993804028737485e-16,1.445810221318381e-13,1.168660033677877e-16,4.723619555188524e-18,2.257940708783794e-06,1.580158121799125e-05,2.869533056990713e-08,4.762833171041788e-07,3.133643030973464e-07,2.718270421136221e-12,6.503700680818279e-15,7.495835605345361e-22,1.357623846183099e-21,1.317476569057240e-18,3.456387092086585e-18,1.115893850352717e-18,1.099955924736575e-01,7.568982967267651e+03,0.000000000000000e+00,2.251018661355621e+03,1.013250000000001e+05,

