1
0
56
1
(4 0
((0,152) (15,199) (0,0))
((0,264) (15,327) (0,0))
((0,200) (15,263) (0,0))
((0,328) (15,391) (0,0))
)
4
FabOnDisk: SD_5_Old_MF_D_0003 0
FabOnDisk: SD_5_Old_MF_D_0001 0
FabOnDisk: SD_5_Old_MF_D_0002 0
FabOnDisk: SD_5_Old_MF_D_0000 0

4,56
-7.663958920869471e+00,-1.850310676710352e+01,-2.676553355173545e+01,-6.298830822889149e+00,-8.913300352217538e+00,-8.316783533237484e+00,-1.172479961657436e+00,-6.345999919720862e+02,-2.463049581229375e-01,-7.441140918255282e-01,-8.558859475025646e-02,-1.377085482435199e+01,-1.253573795721214e+01,-1.451386706274788e+00,-9.963189583210639e+00,-4.873641208596243e-01,-7.071081319006534e-02,-2.792068193677220e+00,-1.352992188487121e+02,1.647227295060954e+00,-8.269234215917622e-02,-4.516022476997613e+01,-1.792304043874969e+00,-1.999223763479607e+02,-6.787424074375293e+00,-2.336941302305594e+01,-4.207036432466161e+00,-2.858200608653198e+00,-9.246334928823163e-03,-2.077311551415928e+00,-1.576472744088154e+00,-8.382472378971408e-01,-3.564637202943143e+00,-2.059687806943853e+00,-2.871551088946746e+00,-2.052224113045010e-01,-3.146664950288763e+01,-3.572401739357023e-01,-3.158804651851952e-01,-8.059398230723836e+00,-7.698448780224529e-01,-1.645998189908541e-02,-5.844862801133515e-04,-7.901820652590189e-02,-1.641659202975725e-01,-1.974546113773198e+00,-6.913250379355391e-02,-3.229941678817628e-01,-1.161205810279201e-01,-2.339701076038287e+01,-3.667659842499728e-01,-5.918983975488812e+02,-8.520914615207253e+01,-8.736060166188992e+00,-2.349271552723733e+01,-1.101398083847016e-09,
-1.464404397836767e-01,-7.737086613375301e-01,-3.297812906214982e-01,-1.303902118595606e-03,-1.125898034164527e-01,1.364068643994837e+00,-5.256461166300533e-04,-3.504914355681020e+00,2.771638419100560e-07,7.125753599495992e-07,8.349316634312731e-08,2.022577366244554e-06,3.041768057355669e-07,-4.934860858034815e-05,2.539150512442935e-06,7.640191529893562e-09,2.611109312814503e-08,1.288532069611114e-08,-3.828532325130465e+00,4.009672303985648e+00,3.005281306161978e-07,1.515007160195465e-05,3.912520720213616e-07,6.747170194346797e-06,-3.522657348085856e-09,-5.508516983997810e-11,5.247150723995175e-06,8.731527680209193e-07,-7.153187583000228e-10,-1.201272488150463e-08,-8.556745443049550e-09,2.900375950067959e-11,1.941914804450185e-11,6.560324139150262e-12,6.587831647075507e-12,-1.490889616566938e-12,-1.644143711338758e-11,-1.506871222967184e-14,-2.453460024963441e-13,-4.021341559390011e-11,-6.007922055802820e-09,-3.689304352587951e-11,-1.396998683393763e-12,-5.882621922196317e-04,-7.573362149772670e-03,2.749702680788443e-05,-2.526489615449602e-02,-3.368778063641887e-02,-1.628452329190425e-09,-1.301823688764240e-11,-4.885635359675517e-15,-1.176199409335689e-14,-2.187230342589176e-12,-2.326905571972367e-12,-1.993006534081068e-12,-2.028439638479540e-10,
-2.194710768370453e-01,-1.230687774244262e+00,-3.843513982126375e-01,-3.097052607830696e-03,-1.370302766801895e-01,-3.140921737103366e+00,-9.117154540418844e-04,-1.874790822411890e+01,-2.833604281356083e-05,-3.244817188262301e-05,-4.795783301111320e-06,-1.251874270844567e-04,-1.625852978916669e-04,-1.985405148641427e-04,-3.120555202830807e-04,-4.595653467545323e-07,-2.718027052859223e-06,-2.165188944567376e-06,-3.773263147383825e+01,6.117848137490698e+00,-1.641067884384235e-05,-5.690188125800429e-04,1.239461009308201e-06,-7.044513043344064e-06,-6.690860630113918e-09,-4.660403378831311e-10,-1.971599985063128e-04,-3.047462502688303e-05,-2.939801110791793e-08,3.111654768378426e-08,-8.317994618971584e-07,-2.535494049885673e-06,-9.572472462875567e-07,-3.842993400887810e-07,-7.678902313327798e-09,-8.200835406900433e-10,-5.415224992334477e-09,-2.034151799858885e-13,-6.086631664936691e-12,-3.123687590881661e-08,-1.751591620051416e-03,-1.400784927642450e-05,-2.756252388944883e-07,2.413124610343476e-03,1.132794477935671e-02,2.693103220124575e-05,-6.770215621902767e-02,-5.621583662028430e-02,2.044611723111433e-09,-2.392350174974681e-12,-1.813295802543932e-13,-2.137109279100402e-12,-8.645948253887491e-10,-2.461055287246799e-08,-1.711280944864235e-10,-2.026734335913716e-10,
-7.016532630916954e-02,-4.641386441511108e-01,-2.743367163056320e-01,-1.096128441521291e-03,-7.042302099701105e-02,6.766452197023856e-01,-4.006282929523287e-04,-2.091955177089322e+00,1.031721961639180e-07,2.640674970965793e-07,4.476920351726307e-08,1.021759508170400e-06,-5.153642704643806e-08,-3.660036073228508e-05,5.076948953033380e-07,2.991985160396557e-09,4.771237575780975e-09,3.229655004947065e-10,-2.502643366374799e+00,2.927299167438785e+00,1.664565094440981e-07,7.192338061775793e-06,8.299945016312246e-08,1.980578932505285e-06,-6.599085051184915e-09,-7.336152712984067e-11,2.820327834522594e-06,-1.649799155205224e-06,-1.218793560020958e-09,-2.656460007967268e-08,-6.716092240425135e-09,-6.724071323197232e-13,-1.039063091487942e-12,-1.412549702939931e-12,-4.694896714611080e-12,-1.463079069849499e-12,-2.369367252263492e-11,-1.531429393783999e-14,-1.416227399625102e-13,-3.294374730717292e-11,1.833823906174501e-10,1.682394265273873e-13,-8.179923742928191e-13,-1.288331724408041e-03,-1.009000419091316e-02,1.426059316217031e-05,-1.404972336070545e-02,-1.691150764481774e-02,-4.223869635119205e-09,-2.754338717106724e-11,-2.745991499799253e-15,-5.774174405661874e-15,-1.253023615014575e-12,-1.179463339161760e-12,-1.142926357963710e-12,-2.113602626252487e-10,

4,56
5.641545979947321e+00,3.141221946452337e+01,4.481941182492208e+01,7.783198779026081e+00,1.293451022393554e+01,3.188851225399141e+02,6.268186948775237e-01,-1.997048325498690e+01,6.001511156895887e-01,1.370895320175317e+00,1.644450610481143e-01,2.704953248929216e+01,1.526559601426535e+01,2.459562441522335e+00,1.517246995122225e+01,3.795677060280813e-01,1.626834791431437e-01,2.722862667059932e+00,4.576783961074204e+02,2.822501838695395e+02,1.913973027143119e-01,5.489044421083811e+01,4.336979635607800e+00,2.956879662655340e+02,1.362909008618332e+01,2.394474316480733e+01,8.655157482811335e+00,3.530736018390414e+00,2.065237001917105e-02,3.887366595556041e+00,2.422840717506106e+00,9.982262066990489e-01,3.713296364317739e+00,2.160687985950165e+00,3.764730840110974e+00,2.506976308642234e-01,3.428666734402362e+01,1.350925158349856e+00,6.190766337099696e-01,7.817225024791089e+00,1.199037110172543e+00,4.001314892804219e-02,8.825125634981681e-04,7.703376456626149e-02,3.021090737546954e-01,2.276015795129443e+00,4.607042695345560e-01,6.562093601170816e-01,2.316088870752200e-01,1.650113762206653e+01,1.392457483615018e+00,1.805675524846263e-03,8.998307664776196e+01,1.402111167847215e+01,2.530348559343956e+01,8.294591680169106e-10,
-6.359752643870165e-02,-3.423994457079120e-01,1.820143634112409e-02,-1.835228999649823e-04,-7.196357468386569e-02,2.387901319568527e+00,-1.308831139538502e-04,-2.098551983486186e+00,1.597119156473974e-06,1.848998348471421e-06,3.299992418845214e-07,4.340587475084392e-06,5.269326091495898e-07,-8.116735950881166e-06,9.027582687993737e-06,1.620902605325185e-08,1.412888373081974e-07,4.545378356079281e-08,-2.520445950957125e+00,6.067640428031826e+00,5.258018706214360e-07,3.036657933998629e-05,4.042767711719933e-06,2.238782737516213e-05,6.647409128518109e-10,-2.696954834671008e-11,8.931950737769571e-06,3.054868928159813e-06,-1.573799217152956e-10,1.407365148539392e-07,-4.468432504081511e-09,2.304917852129096e-10,1.247273479314655e-10,2.175881756095247e-11,5.064847515224508e-11,1.053349265532806e-12,-2.166854908982859e-12,6.247084974206604e-15,4.470352106459195e-13,-4.811717329494452e-12,2.971342629706905e-10,1.575731897020321e-12,2.500958913016320e-12,1.305162737414182e-02,2.895767331422202e-02,4.556399426558777e-05,-4.169820925586961e-03,-3.119242154162990e-03,2.024833747054026e-08,3.473756390335722e-11,2.734328037331934e-16,4.714104140019376e-16,7.377808254277107e-16,2.362257877961416e-16,7.650981222222773e-16,2.068545335021099e-10,
6.922708932608132e-02,-7.609187250789009e-01,9.626030835911081e-01,-5.693206759638540e-04,2.288155763833179e-01,3.150679990140278e+00,-3.097986704627786e-04,-3.541876159659212e+00,1.969849915978080e-06,2.131860998270672e-06,4.011132160668686e-07,5.924926514047896e-06,6.734112628958573e-07,-2.106539205482510e-05,1.257945860800460e-05,2.195514580038770e-08,1.746677622989317e-07,7.969638187368077e-08,-3.860503606213262e+00,5.932974305225054e+01,5.835749074795116e-07,4.273989281031043e-05,5.083487368820503e-06,3.258312732427188e-05,8.535666941899933e-09,4.140973281366845e-11,1.187596204100530e-05,4.242853007337819e-06,6.222311482734627e-10,1.950848164037248e-07,-3.216867663810616e-09,1.654031830611631e-10,1.485469721245963e-10,3.636134744961911e-11,8.507781548252166e-11,1.261999963640348e-11,3.004582944933690e-11,1.388388678572757e-13,5.069915604757818e-12,-1.380960101915545e-12,-7.094006348873334e-09,-4.244253879490644e-11,-1.085648242828614e-12,1.767166087277773e-02,9.579454718410385e-02,7.124389126665127e-05,-1.691690451348236e-02,-1.305325614382001e-02,3.525194690492443e-08,8.608000061390181e-11,1.999681353709404e-14,5.784688993562607e-14,2.021266152631278e-12,1.447905610357315e-15,1.329578723648802e-15,2.029656442914529e-10,
-3.528217366744392e-02,-1.945539308832778e-01,3.902672805333081e-01,-4.232188746854131e-05,-3.633634864305139e-02,1.358475595413034e+00,-5.781016364918785e-05,-1.435977079531574e+00,1.188809819065951e-06,1.892688538141369e-06,2.835425478596231e-07,2.318016391113711e-06,4.028174186934028e-07,-1.237197641428219e-06,5.189472271465076e-06,1.686397455788576e-08,1.118946749142671e-07,1.185496686183163e-08,-1.835268571518708e+00,3.981611328857520e+00,7.229978442431383e-07,1.645476800823853e-05,2.123271480516671e-06,1.337575696618018e-05,2.441621751953052e-11,-1.649962401285499e-11,5.288116959247613e-06,2.272241158716934e-06,-1.081569791758227e-10,1.492762773209820e-08,-2.315256165971981e-09,2.248382671673026e-10,1.309641451079556e-10,1.417546243338708e-11,6.099098111124267e-11,-4.097949471029959e-14,-2.997282368656056e-12,-1.994267201017474e-16,3.647543576441525e-14,-2.088554499266531e-12,2.854082176307550e-10,2.692027155172773e-12,2.346934088608989e-13,9.842646425720841e-03,5.979590923787113e-03,2.700341833680481e-05,-1.192778236129268e-03,-7.093707317202291e-04,2.756088893999740e-09,-2.940327200398470e-12,8.980884597161925e-17,8.279822805796225e-17,8.412931397257866e-17,1.849602743082040e-17,8.800877619584692e-17,2.660218711980633e-10,

