1
0
56
1
(4 0
((0,152) (15,199) (0,0))
((0,264) (15,327) (0,0))
((0,200) (15,263) (0,0))
((0,328) (15,391) (0,0))
)
4
FabOnDisk: SD_5_New_MF_D_0003 0
FabOnDisk: SD_5_New_MF_D_0001 0
FabOnDisk: SD_5_New_MF_D_0002 0
FabOnDisk: SD_5_New_MF_D_0000 0

4,56
-6.608065964949694e+00,-1.528518116415814e+01,-2.964639284524463e+01,-5.325602795656787e+00,-8.591675365374797e+00,-8.850609182363707e+00,-1.102918936453098e+00,-6.393973684320845e+02,-2.382914958678640e-01,-8.331812076052414e-01,-1.086393478944675e-01,-1.363135750373892e+01,-1.244837225929114e+01,-2.362570030370439e+00,-1.083176439654205e+01,-3.770758960458860e-01,-1.475467925540045e-01,-2.664417949865955e+00,-1.355616098217380e+02,1.622118799168206e+00,-1.135820659977059e-01,-4.505091522553955e+01,-2.387084662207975e+00,-1.976060300969841e+02,-9.699330136068948e+00,-2.251381007907105e+01,-4.544864380961084e+00,-3.097805835192241e+00,-4.626611045919189e-02,-1.771378444306291e+00,-1.612413246073780e+00,-8.590029014513409e-01,-3.596837173659379e+00,-2.093526536309954e+00,-3.120330808323176e+00,-2.429420829588222e-01,-3.059206163580573e+01,-3.168949230240082e+00,-4.722778750172949e-01,-8.139337048950887e+00,-7.876343402553959e-01,-2.841799753263359e-02,-5.542697247185079e-04,-8.315460624826902e-02,-1.491673569202579e-01,-1.964409846237688e+00,-6.824947032714913e-02,-3.176256431740285e-01,-2.201963667918930e-01,-2.234653575278431e+01,-5.208455125162939e+00,-5.418395624469435e+02,-8.339873155146697e+01,-8.976740654361972e+00,-2.299901816852493e+01,-0.000000000000000e+00,
-1.477824217372532e-01,-8.026317278596439e-01,-5.053646332794589e-01,-1.776875754855438e-03,-1.333455891193252e-01,1.335870491051393e+00,-8.711893511387418e-04,-3.509778719707333e+00,4.952881572190266e-08,6.967144942746646e-07,3.934124826661596e-08,1.819520969680699e-06,2.783299550051101e-07,-7.195595261462958e-05,2.606066068194865e-06,7.887134677198568e-09,2.109588178599570e-08,1.411516360518637e-08,-3.820199051420138e+00,4.047203244483664e+00,2.277754224763222e-07,1.388371477452148e-05,-1.116928144234588e-07,5.562469855189274e-06,-4.715265950328334e-09,-5.732626912273667e-11,4.112743610655978e-06,2.513423958662551e-07,-1.083850315593565e-09,-1.873040289718990e-08,-8.607483179142116e-09,5.721000918097473e-12,1.355656017572964e-11,5.500763368208367e-12,8.371194708529756e-12,-1.884600866180430e-12,-1.950644742906390e-11,-2.818882474265355e-14,-5.344069289556243e-13,-5.911133207694311e-11,-6.032236987920125e-09,-6.100743476367449e-11,-1.689210052642124e-12,-2.372215587897745e-04,-6.559121383045594e-03,2.079214316579781e-05,-2.729320898748326e-02,-4.362563648381396e-02,-5.247831567941127e-09,-1.773895426219097e-11,-1.002734923076800e-14,-2.573282529086497e-14,-2.419868892461941e-12,-2.391392714155837e-12,-2.214022491170562e-12,-0.000000000000000e+00,
-2.185908921442798e-01,-1.250359881944956e+00,-5.404314097801193e-01,-3.091920410906970e-03,-1.520439475953089e-01,-3.157168504846947e+00,-1.107834673575170e-03,-1.878060188816948e+01,-2.345017365239100e-05,-3.137439163148895e-05,-4.562304508316346e-06,-1.201243612326310e-04,-1.560878656424905e-04,-1.841484092641411e-04,-3.131677310145053e-04,-4.663149257154642e-07,-2.789323539800476e-06,-2.185581828399835e-06,-3.764694805800363e+01,6.089539193966219e+00,-1.414957809569102e-05,-5.514134116856819e-04,6.675535238853914e-07,-4.338082242904463e-06,-3.545684283394273e-09,-4.327419676204438e-10,-1.771579344746695e-04,-3.061789480053285e-05,-2.787394539274502e-08,2.306057339631184e-08,-8.050483001059860e-07,-2.472372045875829e-06,-9.331307682677032e-07,-3.735058544083185e-07,-7.266237746115885e-09,-8.046224731220348e-10,-5.211706515043153e-09,-3.074301508618979e-13,-1.180725924715203e-11,-3.019487154733197e-08,-1.738411466502013e-03,-1.530461438470894e-05,-2.717939352945013e-07,2.890534663205482e-03,1.311997070832654e-02,1.135679488514783e-05,-6.739049812589888e-02,-5.694741518995769e-02,-4.371501567889406e-09,-1.137260914151159e-11,-2.943073567649052e-13,-1.571460340725206e-12,-8.462656771350385e-10,-2.410522167957867e-08,-1.664013408090433e-10,-0.000000000000000e+00,
-7.501260920022637e-02,-4.930788569915485e-01,-3.933247421283100e-01,-1.614857573465662e-03,-8.214817727727873e-02,6.041714621800309e-01,-8.029763235682845e-04,-2.058035944757125e+00,-9.876264062989908e-08,2.133280340289759e-07,-6.322823506441193e-09,7.924837152004600e-07,-8.845932849561232e-08,-5.931281892699480e-05,5.762808512273920e-07,2.538171563323280e-09,-2.308357335010699e-09,-6.426130476885158e-09,-2.544329141423283e+00,2.959575757592391e+00,7.601938366183246e-08,5.686672288487438e-06,-4.152169426349530e-07,3.292200273302993e-07,-1.136082468542153e-08,-7.445762824286308e-11,2.207226703975949e-06,-2.342918304167819e-06,-2.054584046500415e-09,-3.722691904931963e-08,-6.645112611620353e-09,-3.401066580170462e-11,-7.314181240657989e-12,-7.336481964457808e-13,-3.416816439513664e-12,-1.802645160875060e-12,-3.021159599350077e-11,-2.846082194578401e-14,-3.004598131963553e-13,-6.024267533893284e-11,1.770809452848643e-10,-1.398793668544164e-13,-9.902925935359748e-13,-1.089002170230681e-03,-9.629841178365696e-03,1.047224034340141e-05,-1.659169026314768e-02,-2.677703899881659e-02,-4.709658570227100e-09,-3.495784740994475e-11,-5.592999162924156e-15,-1.207693461957959e-14,-1.379500018003692e-12,-1.212650237502898e-12,-1.263687799858409e-12,-0.000000000000000e+00,

4,56
5.297979501388670e+00,3.449206135087037e+01,4.785904540267344e+01,9.447260622291363e+00,1.247016681861316e+01,3.172281648997994e+02,6.501384788177179e-01,-1.998003164939027e+01,4.570125622971409e-01,9.627907197547646e-01,7.364453674210167e-02,2.185415324289822e+01,1.458966621720798e+01,-1.879754488118828e-04,1.600013690938675e+01,3.658110243001876e-01,3.890767283406454e-02,2.806296295459657e+00,4.588608059230151e+02,2.827000909087008e+02,1.225851648162310e-01,5.556908498041817e+01,2.313363328602877e+00,2.785041630736122e+02,9.768756546323186e+00,2.380296230608397e+01,6.397083420371945e+00,3.803950572783953e+00,-4.336236597637329e-08,4.684513060349309e+00,2.357919948865168e+00,1.023469455469806e+00,3.834128751342968e+00,2.179082066430063e+00,4.011959204857225e+00,3.725531807035150e-02,3.083043003919045e+01,5.435824267542098e-01,2.165991943061737e-01,7.670320998258794e+00,1.219457606085375e+00,2.776779283549946e-02,9.251711814837881e-04,7.552483519845676e-02,3.019945476027022e-01,2.404877783613201e+00,4.556520538632066e-01,6.404609900774463e-01,1.041800233036876e-07,1.550879119791433e+01,-3.026024007081000e-13,1.278587676292268e-09,8.108822793045886e+01,1.269978003678746e+01,2.280045781831410e+01,-0.000000000000000e+00,
-5.844058205180862e-02,-3.696810186834437e-01,1.528277837694972e-01,-2.406759989747198e-04,-7.286498330012878e-02,2.549985328997646e+00,-1.512495147329874e-04,-2.076854010113524e+00,2.303055731402824e-06,2.085860501894768e-06,5.613919379923720e-07,4.413257426777804e-06,5.543599867051541e-07,-1.672315279998414e-05,8.745795549732763e-06,1.557738798635712e-08,1.749684976467594e-07,4.180751834392237e-08,-2.544326505136005e+00,6.054583593482567e+00,7.119504599227729e-07,2.862079514076552e-05,7.547942286262546e-06,2.365837848511198e-05,2.689652768194353e-09,-3.311361188707634e-11,1.044771845013229e-05,3.814626116173821e-06,-4.997478578267779e-10,1.720520222975257e-07,-4.571071160263260e-09,2.405511010638080e-10,1.573084432410724e-10,2.258409089469205e-11,4.716085121242685e-11,1.598991553923024e-12,-2.980148791157163e-12,1.225820955414331e-14,9.018690090310650e-13,-6.155075545753825e-12,3.027259763484922e-10,3.693720076287363e-12,2.965347929190962e-12,1.531822178544888e-02,3.844203164814795e-02,5.388195743207829e-05,-4.507425640219088e-03,-4.174349336735036e-03,4.457776409353419e-08,4.181453052606325e-11,1.683244292144438e-14,3.968108221814568e-14,4.221583803997837e-12,4.129560032991545e-12,3.858629001821740e-12,-0.000000000000000e+00,
6.132382450095152e-02,-8.148684903953650e-01,1.000512624125415e+00,-6.860138119508748e-04,2.363855290873082e-01,3.282570180143153e+00,-3.223366192932298e-04,-3.558350517495577e+00,3.114830531338098e-06,2.398278845835294e-06,7.433960686973915e-07,5.981301140195368e-06,6.863273632651885e-07,-3.974777344350262e-05,1.263591904532263e-05,2.238013541328987e-08,2.251992671897397e-07,8.155939819898622e-08,-3.842461588957893e+00,5.919489856430457e+01,6.905097550718638e-07,4.244153574772031e-05,1.026641253305742e-05,3.289561977859618e-05,1.457566258114710e-08,4.721068389371323e-11,1.272329560594017e-05,4.523901870109843e-06,7.461254829281909e-10,2.435589266998480e-07,-3.387414167013848e-09,1.793091360271196e-10,1.869114374959149e-10,3.689198069620046e-11,7.422150946880628e-11,1.922069960181315e-11,3.362043890111256e-11,2.371124980483056e-13,1.020309896485046e-11,7.010089220030256e-13,-7.132007015670245e-09,-5.713798349502035e-11,-1.151368691915142e-12,2.046842875214723e-02,9.515460257814691e-02,7.405449714703516e-05,-1.732572700975536e-02,-1.495885977505319e-02,6.414767342957029e-08,9.605338794258533e-11,2.417258584027462e-13,1.236330255322114e-12,3.537552989464026e-11,2.489416795309708e-11,3.195323655746152e-11,-0.000000000000000e+00,
-2.980587094030025e-02,-2.101579275780722e-01,5.525073088051692e-01,-7.501877823082636e-05,-3.136723758833797e-02,1.447886905325979e+00,-6.996482014533917e-05,-1.421204917519599e+00,1.895633458610297e-06,2.313254695114482e-06,5.519723953954524e-07,2.473556370643418e-06,4.244356338217355e-07,-7.473549948665482e-06,4.782921943188195e-06,1.969948727202797e-08,1.516488754226284e-07,1.788261058176534e-08,-1.855809151679908e+00,4.047116129261643e+00,1.268621457918402e-06,1.506326766680700e-05,4.826234044552992e-06,1.500437068166714e-05,-1.621713139687658e-09,-2.111959062024969e-11,6.479597461681816e-06,2.905379147182649e-06,-2.508139478226124e-10,1.251628925268418e-08,-2.339390123384506e-09,2.391195280045261e-10,1.717392225908526e-10,6.462072667691054e-12,7.587322132257929e-11,-3.125039886824557e-14,-4.073056212222575e-12,-6.846136709177682e-16,7.396002281687481e-14,-3.134173932996491e-12,2.939882771742225e-10,6.029257588170582e-12,2.743251741916472e-13,1.258717067304359e-02,1.541937808029421e-02,3.267403072865283e-05,-1.386644685350301e-03,-1.187426627795231e-03,1.092229617351462e-08,-1.127684245899265e-11,1.487224297315238e-15,3.085908750059630e-15,3.847055020324301e-13,3.662406677620721e-13,3.531342497094322e-13,-0.000000000000000e+00,

