CheckPointVersion_1.0
2
0.00011592631471036301
1
1
(0 (0,0)(2.34375e-05,2.34375e-05) 1)
(RealBox 0 0.0001875 0 0.012 )((0,0) (7,511) (0,0)) (0 (0,0)(1.171875e-05,1.171875e-05) 1)
(RealBox 0 0.0001875 0 0.012 )((0,0) (15,1023) (0,0)) 
(2,2) 
2.8409819374542528e-06 1.4204909687271264e-06 
2.8409819374542528e-06 1.4459085862622664e-06 
1 2 
50 100 
2 4 
0
(0 (0,0)(2.34375e-05,2.34375e-05) 1)
(RealBox 0 0.0001875 0 0.012 )((0,0) (7,511) (0,0))
(4 0
((0,0) (7,127) (0,0))
((0,256) (7,383) (0,0))
((0,128) (7,255) (0,0))
((0,384) (7,511) (0,0))
)6
((0,0) (7,511) (0,0))
(4 0
((0,0) (7,127) (0,0))
((0,256) (7,383) (0,0))
((0,128) (7,255) (0,0))
((0,384) (7,511) (0,0))
)0.00011308533277290876
0.00011308533277290876
0.00011592631471036301
0.00011592631471036301
2
Level_0/SD_0_New_MF
Level_0/SD_0_Old_MF
((0,0) (8,512) (1,1))
(4 0
((0,0) (8,128) (1,1))
((0,256) (8,384) (1,1))
((0,128) (8,256) (1,1))
((0,384) (8,512) (1,1))
)0.0001102354393466671
0.00011308533277290876
0.00011308533277290876
0.00011592631471036301
2
Level_0/SD_1_New_MF
Level_0/SD_1_Old_MF
((0,0) (7,511) (0,0))
(4 0
((0,0) (7,127) (0,0))
((0,256) (7,383) (0,0))
((0,128) (7,255) (0,0))
((0,384) (7,511) (0,0))
)0.00011308533277290876
0.00011308533277290876
0.00011592631471036301
0.00011592631471036301
2
Level_0/SD_2_New_MF
Level_0/SD_2_Old_MF
((0,0) (7,511) (0,0))
(4 0
((0,0) (7,127) (0,0))
((0,256) (7,383) (0,0))
((0,128) (7,255) (0,0))
((0,384) (7,511) (0,0))
)0.00011308533277290876
0.00011308533277290876
0.00011592631471036301
0.00011592631471036301
2
Level_0/SD_3_New_MF
Level_0/SD_3_Old_MF
((0,0) (7,511) (0,0))
(4 0
((0,0) (7,127) (0,0))
((0,256) (7,383) (0,0))
((0,128) (7,255) (0,0))
((0,384) (7,511) (0,0))
)0.00011308533277290876
0.00011308533277290876
0.00011592631471036301
0.00011592631471036301
2
Level_0/SD_4_New_MF
Level_0/SD_4_Old_MF
((0,0) (7,511) (0,0))
(4 0
((0,0) (7,127) (0,0))
((0,256) (7,383) (0,0))
((0,128) (7,255) (0,0))
((0,384) (7,511) (0,0))
)0.00011308533277290876
0.00011308533277290876
0.00011592631471036301
0.00011592631471036301
2
Level_0/SD_5_New_MF
Level_0/SD_5_Old_MF
1
(0 (0,0)(1.171875e-05,1.171875e-05) 1)
(RealBox 0 0.0001875 0 0.012 )((0,0) (15,1023) (0,0))
(4 0
((0,160) (15,215) (0,0))
((0,280) (15,343) (0,0))
((0,216) (15,279) (0,0))
((0,344) (15,407) (0,0))
)6
((0,0) (15,1023) (0,0))
(4 0
((0,160) (15,215) (0,0))
((0,280) (15,343) (0,0))
((0,216) (15,279) (0,0))
((0,344) (15,407) (0,0))
)0.00011450582374163586
0.00011450582374163586
0.00011592631471036298
0.00011592631471036298
2
Level_1/SD_0_New_MF
Level_1/SD_0_Old_MF
((0,0) (16,1024) (1,1))
(4 0
((0,160) (16,216) (1,1))
((0,280) (16,344) (1,1))
((0,216) (16,280) (1,1))
((0,344) (16,408) (1,1))
)0.00011308533277290874
0.00011450582374163586
0.00011450582374163586
0.00011592631471036298
2
Level_1/SD_1_New_MF
Level_1/SD_1_Old_MF
((0,0) (15,1023) (0,0))
(4 0
((0,160) (15,215) (0,0))
((0,280) (15,343) (0,0))
((0,216) (15,279) (0,0))
((0,344) (15,407) (0,0))
)0.00011450582374163586
0.00011450582374163586
0.00011592631471036298
0.00011592631471036298
2
Level_1/SD_2_New_MF
Level_1/SD_2_Old_MF
((0,0) (15,1023) (0,0))
(4 0
((0,160) (15,215) (0,0))
((0,280) (15,343) (0,0))
((0,216) (15,279) (0,0))
((0,344) (15,407) (0,0))
)0.00011450582374163586
0.00011450582374163586
0.00011592631471036298
0.00011592631471036298
2
Level_1/SD_3_New_MF
Level_1/SD_3_Old_MF
((0,0) (15,1023) (0,0))
(4 0
((0,160) (15,215) (0,0))
((0,280) (15,343) (0,0))
((0,216) (15,279) (0,0))
((0,344) (15,407) (0,0))
)0.00011450582374163586
0.00011450582374163586
0.00011592631471036298
0.00011592631471036298
2
Level_1/SD_4_New_MF
Level_1/SD_4_Old_MF
((0,0) (15,1023) (0,0))
(4 0
((0,160) (15,215) (0,0))
((0,280) (15,343) (0,0))
((0,216) (15,279) (0,0))
((0,344) (15,407) (0,0))
)0.00011450582374163586
0.00011450582374163586
0.00011592631471036298
0.00011592631471036298
2
Level_1/SD_5_New_MF
Level_1/SD_5_Old_MF
