1
0
63
1
(4 0
((0,0) (15,255) (0,0))
((0,768) (15,1023) (0,0))
((0,512) (15,767) (0,0))
((0,256) (15,511) (0,0))
)
4
FabOnDisk: SD_0_New_MF_D_0003 0
FabOnDisk: SD_0_New_MF_D_0000 0
FabOnDisk: SD_0_New_MF_D_0001 0
FabOnDisk: SD_0_New_MF_D_0002 0

4,63
-1.220948262798397e-02,2.019497679197657e+00,1.573576214960780e-01,4.895593365236507e-24,2.233450774746019e-22,1.087804215572248e-17,2.627473844520434e-12,2.473580192991052e-08,7.886313268381662e-10,1.048522239290183e-12,2.889031472409892e-03,0.000000000000000e+00,2.469011467686524e-29,1.640998002168125e-30,4.248883673808183e-14,0.000000000000000e+00,2.748355457165944e-24,1.194618384403300e-12,2.654154612745901e-18,1.666063684262861e-30,1.234025595984314e-13,1.616813557063779e-10,5.862011979708435e-12,8.324335679381077e-36,8.109381378239775e-13,5.869534570132260e-28,0.000000000000000e+00,0.000000000000000e+00,0.000000000000000e+00,1.417719345116427e-29,3.946244152247259e-14,0.000000000000000e+00,8.406363324913228e-26,0.000000000000000e+00,0.000000000000000e+00,0.000000000000000e+00,0.000000000000000e+00,0.000000000000000e+00,0.000000000000000e+00,0.000000000000000e+00,0.000000000000000e+00,0.000000000000000e+00,0.000000000000000e+00,2.416254952774510e-17,2.446522086098632e-18,3.607301271651439e-20,6.805048402945451e-18,2.195852903077016e-18,8.978666712113691e-17,2.077138002949157e-17,3.742685759580721e-17,0.000000000000000e+00,0.000000000000000e+00,0.000000000000000e+00,0.000000000000000e+00,0.000000000000000e+00,0.000000000000000e+00,0.000000000000000e+00,1.130993441039537e-01,3.740385526051558e+03,0.000000000000000e+00,4.430000042894372e+02,9.243366174068017e+04,
-8.314531320612624e-08,6.040681240670307e+00,1.461005317214440e-01,6.131279639974674e-06,5.854913929274686e-05,4.701277379092868e-04,1.349366787434436e-07,5.714547551784028e-05,1.235263797268309e-02,1.214850063344003e-08,1.186965951898632e-03,5.191931767448501e-11,2.747149370652526e-10,2.322561520880893e-11,1.098028235112079e-09,3.004530116618606e-10,8.774292896996344e-10,1.645706806548004e-09,3.586272846652545e-12,1.186579971573408e-11,1.263300113423607e-11,3.575318340758596e-03,2.343487541845790e-02,8.850547467835168e-11,9.125376564043963e-09,1.015733352966645e-10,3.403399384888853e-09,0.000000000000000e+00,0.000000000000000e+00,3.027118080952597e-09,1.638887366731027e-09,0.000000000000000e+00,2.214078728694654e-12,0.000000000000000e+00,2.617768959242499e-13,0.000000000000000e+00,0.000000000000000e+00,0.000000000000000e+00,0.000000000000000e+00,0.000000000000000e+00,0.000000000000000e+00,0.000000000000000e+00,0.000000000000000e+00,7.966852390684414e-14,1.779147384385869e-17,1.220734259829129e-18,5.954366865097438e-07,4.049945151631026e-06,1.815983128739593e-08,1.357536471460020e-08,8.302099451726091e-09,4.310881087311546e-13,0.000000000000000e+00,0.000000000000000e+00,0.000000000000000e+00,0.000000000000000e+00,0.000000000000000e+00,0.000000000000000e+00,1.047848977535550e-01,7.929582310916330e+03,0.000000000000000e+00,2.330512090505675e+03,1.013249848601484e+05,
-1.505014688263430e-07,5.970184449522957e+00,1.469572896260516e-01,7.233284672724097e-06,6.975462220364051e-05,5.070704158778484e-04,1.327278806360216e-07,6.122818805095554e-05,1.235464825814191e-02,1.465861539834802e-08,1.327959531534261e-03,8.266729532369022e-11,3.972041236765189e-10,3.469098484334389e-11,1.525382368248476e-09,3.821898793562227e-10,1.137210842932130e-09,2.377152104187422e-09,5.201626732187704e-12,1.781876653756861e-11,1.800103419560105e-11,3.785809962662071e-03,2.303927054442899e-02,1.295024362110169e-10,1.272393400434785e-08,1.678597097923985e-10,5.070352098119824e-09,0.000000000000000e+00,0.000000000000000e+00,4.227904884469491e-09,2.213153257931453e-09,5.766890773411050e-16,4.048950574593040e-12,0.000000000000000e+00,0.000000000000000e+00,0.000000000000000e+00,0.000000000000000e+00,0.000000000000000e+00,0.000000000000000e+00,0.000000000000000e+00,0.000000000000000e+00,0.000000000000000e+00,0.000000000000000e+00,1.414212257469044e-13,3.952825545693912e-17,2.454624281962156e-18,9.433781411754393e-07,6.442422265987391e-06,2.508062818510596e-08,2.895206543341606e-08,1.787483714012836e-08,7.359091460540311e-13,0.000000000000000e+00,0.000000000000000e+00,0.000000000000000e+00,0.000000000000000e+00,0.000000000000000e+00,0.000000000000000e+00,1.054020731942083e-01,7.827737987195688e+03,0.000000000000000e+00,2.290100394643029e+03,1.013249909101951e+05,
-1.684933863540874e-06,5.702534878855968e+00,1.491417598940539e-01,1.056218900304251e-05,1.026511696506566e-04,5.967434272786744e-04,1.327549518451929e-07,7.204315483399940e-05,1.226544423513303e-02,2.255944217369424e-08,1.675404205664756e-03,1.394609786566374e-10,4.007188076245415e-10,5.081474544760162e-11,1.345556323497706e-09,1.901106020910663e-10,1.926969519239954e-09,2.789982986630756e-09,5.240610220627264e-12,2.646957155601590e-11,1.877416990788949e-11,4.304871257895524e-03,2.222743213735187e-02,1.264397235264325e-10,1.029693175977881e-08,3.057742971079048e-10,6.707350768211638e-09,0.000000000000000e+00,0.000000000000000e+00,2.808028732183291e-09,1.112734103253703e-09,0.000000000000000e+00,9.010239474007293e-12,0.000000000000000e+00,0.000000000000000e+00,0.000000000000000e+00,0.000000000000000e+00,0.000000000000000e+00,0.000000000000000e+00,0.000000000000000e+00,0.000000000000000e+00,0.000000000000000e+00,0.000000000000000e+00,4.796341652947868e-14,8.521302193921691e-17,2.991077726449622e-18,1.577928454295497e-06,1.087965539045782e-05,1.679543875581962e-08,9.909270474306850e-08,6.262859809465438e-08,1.450911400483550e-12,0.000000000000000e+00,0.000000000000000e+00,0.000000000000000e+00,0.000000000000000e+00,0.000000000000000e+00,0.000000000000000e+00,1.069732237882083e-01,5.358535976266345e+03,0.000000000000000e+00,2.136687894697698e+03,1.013249094158624e+05,

4,63
9.504383384541052e-03,5.699862254652446e+00,8.373328179498180e-01,5.362554959476051e-05,4.513090153935756e-04,9.662035658360616e-04,1.174704102557928e-04,4.146846590258172e-04,1.447582945863573e-02,2.076267808676289e-05,1.827792776561295e-01,1.515446253587563e-06,6.606508243350941e-06,7.485617572124273e-07,2.358225767351889e-04,2.748736575701800e-04,2.029264465132205e-05,5.083448890159458e-04,1.499714434992084e-05,9.810625964813378e-07,6.911972786267474e-05,1.439890061122895e-02,2.222459417591785e-02,8.537788893011187e-07,6.366423970361143e-04,2.225732558256787e-05,4.527093046212103e-03,1.018732843719080e-04,4.717843070744196e-04,3.297406217167875e-05,1.105301412201417e-04,1.337240155765638e-07,3.157671684576248e-05,3.816027392206116e-05,1.218972573385151e-05,5.747463907321020e-05,3.092289128364945e-05,4.019254320860610e-05,3.123470553321938e-06,6.385603973677057e-04,1.084689029805467e-05,4.374744403472583e-06,1.127706414755904e-04,1.879656483193361e-05,7.128004543618123e-07,1.714830641915047e-08,2.526891814698332e-06,1.784470597971553e-05,2.932535735380178e-05,1.263584027671658e-05,1.603057641741997e-05,1.716161422341724e-06,4.312769961633023e-04,9.693946829651470e-06,5.259455506733347e-02,1.582319964703572e-03,1.392906362755356e-04,4.352397240504821e-04,6.019589595114985e-01,7.392631710021837e+04,0.000000000000000e+00,2.135264157977472e+03,1.133204875547058e+05,
1.047388036290456e-07,6.070585360412681e+00,1.469521657656719e-01,7.226264333456136e-06,6.968396731591311e-05,5.068496733911425e-04,1.366421776697018e-07,6.120299842237832e-05,1.235463945662923e-02,1.464250531261101e-08,1.327122792269335e-03,8.251991304998568e-11,3.967203369407674e-10,3.464148407043535e-11,1.523923327304630e-09,3.819865106131076e-10,1.135627068967895e-09,2.374706335669792e-09,5.196308847202908e-12,1.779582164764647e-11,1.798663180544683e-11,3.784554304885884e-03,2.360390783504441e-02,1.293453217590615e-10,1.271199553511073e-08,1.676041941307645e-10,5.069325007644888e-09,4.190080045132971e-13,2.730276889354334e-15,4.223527122186315e-09,2.211251691515338e-09,1.354601901662451e-14,4.040423534511756e-12,4.460328924371633e-13,3.126836875597078e-12,1.864459408271583e-13,7.880446871361518e-13,1.392126807652079e-12,1.874334052031273e-14,9.118180727670941e-13,4.085114962671615e-12,1.888919798279578e-17,1.381316732799672e-14,1.411602756518651e-13,3.940304384581938e-17,2.448234173720959e-18,9.415400513428052e-07,6.429716822422470e-06,2.505205972739881e-08,2.884474416369795e-08,1.780756931876482e-08,7.344396781085247e-13,1.360835294537451e-13,2.577857775493183e-12,5.981638735262546e-12,5.450944294321172e-12,2.505188068329247e-12,1.485391959208855e-12,1.053983863610213e-01,7.967478294928118e+03,0.000000000000000e+00,2.346680651561796e+03,1.013250600321389e+05,
1.709325631630776e-07,6.040511686555028e+00,1.491277220385510e-01,1.053896503780914e-05,1.024252766805291e-04,5.962025566310666e-04,1.349265480409421e-07,7.197457379813504e-05,1.235647945352790e-02,2.250248032418528e-08,1.673240113445236e-03,1.392083613052827e-10,5.379342363419092e-10,5.092276911218983e-11,1.914323918643024e-09,4.075624268486825e-10,1.921431463711362e-09,3.255332294134963e-09,7.061726281645996e-12,2.644907430964454e-11,2.370544502065774e-11,4.301690416141494e-03,2.343387601279010e-02,1.777885532632662e-10,1.592010714074513e-08,3.050329971584794e-10,7.300233569960851e-09,4.843691278449916e-13,5.607804837350852e-15,5.203652193517455e-09,2.507838521913016e-09,2.936769806335013e-14,8.978727413699130e-12,7.766230628178157e-13,3.791572540305557e-12,3.469386794949167e-13,1.137357667875908e-12,1.828704578030324e-12,3.044666251758461e-14,1.445928110728809e-12,3.887706626647606e-12,4.052581191646266e-17,2.345105690435107e-14,1.808508448567705e-13,8.498612483340529e-17,4.220995425737177e-18,1.574615097661333e-06,1.085618171364189e-05,3.031086154683800e-08,9.845406031447772e-08,6.221591553381179e-08,1.459568210968212e-12,1.957095385127493e-13,1.108273133497035e-12,7.150335246897152e-12,6.930914183095088e-12,3.406922174888331e-12,1.901849989594154e-12,1.069631225359548e-01,7.929909506495677e+03,0.000000000000000e+00,2.330415068523033e+03,1.013250049232725e+05,
1.589941018139580e-06,5.969746208737681e+00,1.583604283257360e-01,3.040538659175508e-05,2.767220353543915e-04,8.612824021369716e-04,1.965158003071479e-07,1.143462735405103e-04,1.235643490166461e-02,7.569509656223760e-08,2.880201897625001e-03,1.978283845136300e-10,5.642746998967280e-10,5.876518904748472e-11,1.943723957113000e-09,3.971552009093329e-10,7.513130954357973e-09,3.500077577528054e-09,7.398279242147316e-12,3.094530797035624e-11,2.462426435148496e-11,6.116631198331644e-03,2.303698501742383e-02,1.864925419599021e-10,1.608451191424975e-08,5.223674235814951e-10,8.164800532291323e-09,4.090274292137848e-12,3.241104049408784e-14,5.218191846336211e-09,2.491361168983640e-09,1.962930512754409e-13,2.219265512659601e-11,4.473442072913060e-12,1.232991601215115e-11,4.570711673549277e-12,5.467352717215131e-12,9.181019132793795e-12,4.122831561469495e-13,7.405559447374554e-12,1.012733107781235e-11,2.609438232419913e-15,1.717878134801891e-12,1.795403209924927e-13,1.371307646542343e-16,4.560720023741922e-18,2.525836012353740e-06,1.783653046072217e-05,3.035640974166580e-08,1.845794179981845e-06,1.258521581373948e-06,3.806907945443371e-12,5.698506570803955e-12,6.405256473831159e-12,1.085444503979080e-10,5.206577734777814e-11,4.636750830648405e-11,1.447162695743391e-11,1.135641657468618e-01,7.826482731568722e+03,0.000000000000000e+00,2.289845060642287e+03,1.013250416787374e+05,

