1
0
63
1
(4 0
((0,0) (15,255) (0,0))
((0,768) (15,1023) (0,0))
((0,512) (15,767) (0,0))
((0,256) (15,511) (0,0))
)
4
FabOnDisk: SD_0_Old_MF_D_0003 0
FabOnDisk: SD_0_Old_MF_D_0000 0
FabOnDisk: SD_0_Old_MF_D_0001 0
FabOnDisk: SD_0_Old_MF_D_0002 0

4,63
-9.119796866961721e-03,2.027428033819083e+00,1.582816914398830e-01,5.207984234054559e-24,2.378712962701518e-22,1.134405834231027e-17,2.745382122432434e-12,2.515329546963120e-08,8.200194768155358e-10,1.095843794477242e-12,2.890320898154727e-03,0.000000000000000e+00,2.683604487386368e-29,1.782728567119070e-30,4.425432717109942e-14,0.000000000000000e+00,2.954768070016467e-24,1.259478354033618e-12,2.847139800156384e-18,1.833645923625323e-30,1.302132845839127e-13,1.689449312298973e-10,6.185034941257767e-12,9.139915464544597e-36,8.535565429143154e-13,6.566912336747478e-28,0.000000000000000e+00,0.000000000000000e+00,0.000000000000000e+00,1.574793661084153e-29,4.189685337220304e-14,0.000000000000000e+00,9.504088932090612e-26,0.000000000000000e+00,0.000000000000000e+00,0.000000000000000e+00,0.000000000000000e+00,0.000000000000000e+00,0.000000000000000e+00,0.000000000000000e+00,0.000000000000000e+00,0.000000000000000e+00,0.000000000000000e+00,2.606084255609643e-17,2.639324097526742e-18,3.892432520372131e-20,7.344101859113662e-18,2.369923416408349e-18,9.691904015592557e-17,2.242261480798923e-17,4.040213072675454e-17,0.000000000000000e+00,0.000000000000000e+00,0.000000000000000e+00,0.000000000000000e+00,0.000000000000000e+00,0.000000000000000e+00,0.000000000000000e+00,1.136257576028454e-01,3.745085375609026e+03,0.000000000000000e+00,4.430000044492593e+02,9.398865399023963e+04,
-1.105645189809266e-07,5.997421295491542e+00,1.461004145140470e-01,6.131098704284370e-06,5.854736994959115e-05,4.701213225054359e-04,1.349373556761980e-07,5.714470619309977e-05,1.235263381568848e-02,1.214812153567824e-08,1.186944316617281e-03,5.191281814548877e-11,2.746866674191494e-10,2.322351029902133e-11,1.097281887534780e-09,3.004232506480463e-10,8.773857743768757e-10,1.645565045184534e-09,3.586054582142688e-12,1.186508317653780e-11,1.263237425608123e-11,3.575277567865200e-03,2.343494476446334e-02,8.849856723312479e-11,9.124750649840504e-09,1.015799012545165e-10,3.403859558887562e-09,0.000000000000000e+00,0.000000000000000e+00,3.026817301534153e-09,1.638725726152307e-09,0.000000000000000e+00,2.214153453186917e-12,0.000000000000000e+00,2.488006372885509e-13,0.000000000000000e+00,0.000000000000000e+00,0.000000000000000e+00,0.000000000000000e+00,0.000000000000000e+00,0.000000000000000e+00,0.000000000000000e+00,0.000000000000000e+00,7.965011282898632e-14,1.778669853966226e-17,1.220421573435483e-18,5.953479407350908e-07,4.049339131251954e-06,1.815754267847926e-08,1.357270002079329e-08,8.300458912355496e-09,4.311006840129656e-13,0.000000000000000e+00,0.000000000000000e+00,0.000000000000000e+00,0.000000000000000e+00,0.000000000000000e+00,0.000000000000000e+00,1.047848165895277e-01,7.929533705439544e+03,0.000000000000000e+00,2.330519305369025e+03,1.013249796965935e+05,
-1.163961219850476e-07,5.926946348418203e+00,1.469568962590064e-01,7.232773933354047e-06,6.974941319404200e-05,5.070542284847413e-04,1.327277730017212e-07,6.122639741068976e-05,1.235464931777282e-02,1.465742586730099e-08,1.327896218185261e-03,8.264751496371733e-11,3.971206873901525e-10,3.468086877337587e-11,1.524905160086701e-09,3.821543562768826e-10,1.137073029157008e-09,2.376731482833101e-09,5.200325900689662e-12,1.781306034754517e-11,1.799736590341155e-11,3.785717965643333e-03,2.303946108049480e-02,1.294795181120596e-10,1.272192059314688e-08,1.678483102263026e-10,5.070800309731988e-09,0.000000000000000e+00,2.814027216473728e-16,4.227238125368862e-09,2.212846531699882e-09,0.000000000000000e+00,4.048268340970005e-12,0.000000000000000e+00,7.513642589716994e-14,0.000000000000000e+00,0.000000000000000e+00,0.000000000000000e+00,0.000000000000000e+00,0.000000000000000e+00,0.000000000000000e+00,0.000000000000000e+00,0.000000000000000e+00,1.413867731793751e-13,3.951480090811682e-17,2.453896918912616e-18,9.431957402801587e-07,6.441165257808844e-06,2.507727713087770e-08,2.894270835459878e-08,1.786898481685831e-08,7.357188164892017e-13,0.000000000000000e+00,0.000000000000000e+00,0.000000000000000e+00,0.000000000000000e+00,0.000000000000000e+00,0.000000000000000e+00,1.054017907198397e-01,7.827850395918284e+03,0.000000000000000e+00,2.290123383229695e+03,1.013249880197683e+05,
-1.704080513868648e-06,5.659585410246110e+00,1.491404763536893e-01,1.056011071674059e-05,1.026307548942579e-04,5.966948248478559e-04,1.327544999949886e-07,7.203712872528271e-05,1.226682241038090e-02,2.255430848459469e-08,1.675205765571716e-03,1.394366036080976e-10,4.006857051646535e-10,5.079195588405796e-11,1.345301717669010e-09,1.900964488572384e-10,1.926481102987514e-09,2.789647348350432e-09,5.241496799755838e-12,2.647307288937089e-11,1.877737431743342e-11,4.304585728010263e-03,2.222726909220527e-02,1.264214396273204e-10,1.029637658305197e-08,3.056384484931461e-10,6.706113215005943e-09,0.000000000000000e+00,0.000000000000000e+00,2.809417185587690e-09,1.113544262586950e-09,0.000000000000000e+00,9.004810069035553e-12,0.000000000000000e+00,0.000000000000000e+00,0.000000000000000e+00,0.000000000000000e+00,0.000000000000000e+00,0.000000000000000e+00,0.000000000000000e+00,0.000000000000000e+00,0.000000000000000e+00,0.000000000000000e+00,4.793816549740349e-14,8.518156019837048e-17,2.988435006924970e-18,1.577542980165125e-06,1.087694098822596e-05,1.680778595052683e-08,9.902964610919893e-08,6.258792214436002e-08,1.451557176487257e-12,0.000000000000000e+00,0.000000000000000e+00,0.000000000000000e+00,0.000000000000000e+00,0.000000000000000e+00,0.000000000000000e+00,1.069723034597297e-01,5.362848545480587e+03,0.000000000000000e+00,2.136799645010617e+03,1.013249051427383e+05,

4,63
7.787230257337825e-03,5.656915943343514e+00,8.373328118333214e-01,5.354119349305707e-05,4.458227273424830e-04,9.604927003900141e-04,1.175113458111592e-04,4.143800704633337e-04,1.433051784225611e-02,2.075991851151369e-05,1.827792762208907e-01,1.514619271608985e-06,6.584355949658049e-06,7.491864568704960e-07,2.358048823378755e-04,2.749047343522487e-04,2.029311304417668e-05,5.084795210106202e-04,1.496313270566142e-05,9.781139287326216e-07,6.904227915419422e-05,1.439632963370550e-02,2.222444512550327e-02,8.597996877286910e-07,6.380805518568327e-04,2.223152763207200e-05,4.523410792458749e-03,1.025193950815524e-04,4.709243183249799e-04,3.300238823341828e-05,1.105929242300415e-04,1.339973426878594e-07,3.151242877816427e-05,3.809383029022513e-05,1.218883473633788e-05,5.761265820682280e-05,3.089697848807997e-05,4.014875665622469e-05,3.119679442991935e-06,6.376518900300012e-04,1.079490177823318e-05,4.398030189453752e-06,1.126969736791730e-04,1.882596090422480e-05,7.148396148239195e-07,1.713064719430367e-08,2.525696572448563e-06,1.783639208844107e-05,2.925655585312442e-05,1.255965445950030e-05,1.603027827906388e-05,1.715890859354741e-06,4.314212512325731e-04,9.718322096104668e-06,5.259455466989619e-02,1.589294896350029e-03,1.395822893836487e-04,4.364966048214627e-04,6.019589547701204e-01,7.389802504315934e+04,0.000000000000000e+00,2.135376266946568e+03,1.126442683754412e+05,
1.071860728788599e-07,6.027321993169976e+00,1.469517815349193e-01,7.225756985204692e-06,6.967879235863768e-05,5.068335982150737e-04,1.366423652654557e-07,6.120122100156067e-05,1.235464108518416e-02,1.464132459712879e-08,1.327059874721350e-03,8.250268129183816e-11,3.966550954631869e-10,3.463515605079004e-11,1.523671535990267e-09,3.819420409139368e-10,1.135493487819566e-09,2.374245001840906e-09,5.195315313657572e-12,1.779218811673362e-11,1.798317601534030e-11,3.784462995235707e-03,2.360394910233240e-02,1.293258202141422e-10,1.271036725242430e-08,1.675683921739509e-10,5.068505606910138e-09,3.554704153691013e-13,2.758287965478635e-15,4.223000241213908e-09,2.211000840423961e-09,1.229102166873910e-14,4.039384795508388e-12,4.056112201971718e-13,3.085123358366360e-12,1.898991916275772e-13,8.320892728794390e-13,1.441604335784724e-12,1.813918885770916e-14,8.879013222066902e-13,3.795451142529487e-12,1.801518545972430e-17,1.386062642804355e-14,1.411274773097029e-13,3.939008183207824e-17,2.447532009021751e-18,9.413583164222951e-07,6.428464485986141e-06,2.504871082801127e-08,2.883545229357560e-08,1.780175825029632e-08,7.342734912325086e-13,1.595073075562469e-13,1.158676858238631e-12,5.977594226702765e-12,4.805615845697751e-12,2.264568749151700e-12,1.308199092367866e-12,1.053981104393087e-01,7.967388522734790e+03,0.000000000000000e+00,2.346682854672812e+03,1.013250532885959e+05,
1.438821328669253e-07,5.997251763266552e+00,1.491264423909129e-01,1.053689940865618e-05,1.024049799730804e-04,5.961541591033924e-04,1.349272228265555e-07,7.196857776411562e-05,1.235648752580298e-02,2.249737880760925e-08,1.673042525048316e-03,1.391774136715033e-10,5.378775436533308e-10,5.091534759043495e-11,1.914183396117945e-09,4.075440652580237e-10,1.920918479707138e-09,3.254991676118316e-09,7.060985292059786e-12,2.644485929981850e-11,2.370350331352424e-11,4.301406136871916e-03,2.343394490845847e-02,1.777705697994536e-10,1.591915143830221e-08,3.049469688286458e-10,7.299041179511722e-09,4.611266281752261e-13,5.599502039937187e-15,5.203441897775164e-09,2.507714244724574e-09,2.889855370268149e-14,8.975293917963088e-12,7.583895077697146e-13,3.511925040571399e-12,3.013564625696672e-13,1.047489029167360e-12,1.834535949818700e-12,2.921952533397428e-14,1.462020320645032e-12,3.776067443655132e-12,3.557223564461812e-17,2.278033986444447e-14,1.808323623555466e-13,8.495689636129978e-17,4.220016684296058e-18,1.574230628634744e-06,1.085347470878574e-05,3.030878405706619e-08,9.839158085201180e-08,6.217562054924892e-08,1.459106921421289e-12,2.315368088939136e-13,1.482710790606218e-12,8.961851223488625e-12,7.764355008282653e-12,3.598687164236239e-12,2.120402148874356e-12,1.069622049050723e-01,7.929935367992369e+03,0.000000000000000e+00,2.330422322864396e+03,1.013250090191918e+05,
1.555541353158733e-06,5.926508240654487e+00,1.583538521488739e-01,3.036727478616214e-05,2.765768304689383e-04,8.611900878456570e-04,1.964844008528870e-07,1.142482891292381e-04,1.235644470051415e-02,7.565106437267348e-08,2.881428218642237e-03,1.979954390982898e-10,5.642295350879473e-10,5.872240732575420e-11,1.946925451342623e-09,3.971546637343445e-10,7.497829568803676e-09,3.501103987011517e-09,7.397524089908841e-12,3.094342502770909e-11,2.462096940225490e-11,6.111004210929125e-03,2.303717597089639e-02,1.864826527685421e-10,1.608371839120433e-08,5.221595270425557e-10,8.162602424792686e-09,2.659498631552705e-12,2.793418787013334e-14,5.217442433635805e-09,2.491405258901165e-09,1.959093506315426e-13,2.219812245728382e-11,4.593415437187579e-12,1.115973686624716e-11,7.813078915563352e-12,1.027457474583757e-11,2.017899117136449e-11,3.933654154747153e-13,8.416944771891730e-12,8.788660374583115e-12,2.367862037889034e-15,1.990335059145617e-12,1.795328890590585e-13,1.362111308291651e-16,4.560173867443135e-18,2.524729838838576e-06,1.782878388640122e-05,3.035465934026173e-08,1.840645140188600e-06,1.254972089757914e-06,3.803240727681409e-12,5.496736152289298e-12,5.107445945898816e-12,6.821809324412490e-11,9.642666959369237e-11,8.455849910415086e-11,2.680417992618262e-11,1.135611664266311e-01,7.826595890753046e+03,0.000000000000000e+00,2.289868137051067e+03,1.013250386562746e+05,

