1
0
56
1
(4 0
((0,0) (15,255) (0,0))
((0,768) (15,1023) (0,0))
((0,512) (15,767) (0,0))
((0,256) (15,511) (0,0))
)
4
FabOnDisk: SD_5_New_MF_D_0003 0
FabOnDisk: SD_5_New_MF_D_0000 0
FabOnDisk: SD_5_New_MF_D_0001 0
FabOnDisk: SD_5_New_MF_D_0002 0

4,56
-7.754588892024032e+00,-1.610499741513802e+01,-2.597777416024790e+01,-5.965140189205956e+00,-9.161233219702922e+00,-8.945607109143406e+00,-1.122388379505756e+00,-6.364875061015123e+02,-2.771893833269752e-01,-8.166400674153426e-01,-9.671815879132342e-02,-1.388827571812782e+01,-1.301785134073645e+01,-1.459350698999111e+00,-1.023881092150153e+01,-4.590449928460123e-01,-7.484977996776229e-02,-2.850835301071806e+00,-1.428187667358894e+02,1.503483481376383e-20,-1.032214371536397e-01,-4.918377029299806e+01,-1.857412727303117e+00,-2.028960596029144e+02,-7.704211236349895e+00,-2.515006935669334e+01,-4.722202750424580e+00,-2.883568223801916e+00,-9.273841485172081e-03,-2.010264420518519e+00,-1.634253408577641e+00,-9.349995580840953e-01,-3.755908469458615e+00,-2.186155145066595e+00,-3.129580887450219e+00,-2.176664749739476e-01,-3.234818623456424e+01,-5.344332019686888e-01,-3.278627398564427e-01,-8.485161619972029e+00,-1.060344654926782e+00,-1.785395933589622e-02,-7.019664687679967e-04,-8.245320430433244e-02,-1.796000577088512e-01,-2.072613120925935e+00,-7.042643805347981e-02,-4.400267561740555e-01,-1.377384341108393e-01,-2.407799539251010e+01,-5.000030684855852e-01,-5.957925225955405e+02,-8.944041783198102e+01,-9.559983587340753e+00,-2.458670169202367e+01,-2.432898327242583e-10,
-3.985617775712992e-03,-3.042131206958252e-02,-8.944169608583068e-02,3.086988937457699e-07,-1.110048977340384e-02,1.051901067412954e-01,-6.804120443906411e-06,-3.407032002282123e-01,-9.350364121978432e-08,-3.319498589771841e-07,-3.503323726250676e-08,-2.580374642934454e-06,-2.745329161298881e-07,-6.881009715855385e-07,-2.225990725030035e-06,-5.363943969473620e-09,-1.989188616396584e-08,-1.931144503936718e-08,-4.858429764932548e-01,2.715019022706527e-01,-9.214738933073951e-08,-9.313507286718746e-06,-2.740213634362894e-07,-1.017135796305102e-05,-1.660208086447742e-06,-4.074548529835928e-09,-3.923228338877130e-06,-1.301307014313601e-06,-8.054896459855206e-09,-5.838351570866705e-09,-5.695328866977854e-07,-3.657620220722596e-07,-3.004730060664340e-08,-1.522121251935425e-07,-2.755692414267811e-07,-6.127273254510782e-09,-5.686707100889438e-07,-3.959743219079193e-06,-1.026766472239430e-11,-4.682171786858914e-09,-1.080860395909474e-10,-5.062008425719312e-14,-2.524221109089938e-15,-7.267290692947225e-04,-5.029095720635697e-03,-1.274510835876132e-05,-4.458737144434661e-05,-2.797371948295196e-05,-1.879539057504132e-09,-8.627411204425953e-08,-1.832369080429165e-06,-2.478351160125073e-06,-8.403656298432596e-07,-3.578037770245595e-07,-2.343936490068038e-07,-2.396823711725560e-11,
-1.254454000851690e-02,-9.436805849916065e-02,-2.055066193734618e-01,2.589778523149187e-06,-2.941091900643452e-02,1.848553661822182e-01,-2.331852801746951e-05,-8.337792468299211e-01,-1.280847798283332e-07,-3.254752467644923e-07,-4.322610221588963e-08,-1.668973854388324e-06,-1.269494720436105e-07,-2.340021136523034e-06,-2.475132831808446e-06,-5.839499526710534e-09,-2.671576641297735e-08,-2.086289676517663e-08,-1.154385523838867e+00,7.850971505073285e-01,-1.010649597176955e-07,-7.923034390728140e-06,-4.051518006616703e-07,-1.095124687318281e-05,-8.843254932842209e-07,-2.717023514847224e-09,-2.298605891830602e-06,-9.560602943659396e-07,-1.017693118599711e-08,-1.528479706875113e-08,-6.777019382493354e-07,-3.222464425003152e-07,-5.926298263094741e-08,-2.296886110039085e-07,-4.900775967247015e-07,-1.080920599307025e-08,-5.190861299832245e-07,-3.150314000862391e-06,-1.513286975623277e-11,-1.253838645860587e-08,-1.022859173094040e-10,-8.199564275245029e-14,-2.751324046367134e-15,-1.210047472652771e-03,-8.604819093624854e-03,-1.055680801738371e-05,-2.598867470760305e-04,-1.682124371419077e-04,-5.213999037703512e-09,-6.404654659301361e-08,-1.059301796197229e-06,-3.595412344065154e-06,-1.874565957307801e-06,-7.780967671257486e-07,-5.146763653117694e-07,-2.746125549180078e-11,
-1.678070236708872e-01,-7.805511796300050e-01,-5.071629889318807e-01,-5.435740847575621e-04,-1.584079435425876e-01,4.948420725374563e-01,-2.810039932946237e-04,-4.150794146826444e+00,-5.576002195819310e-07,-9.626496819925664e-07,-4.136698811916466e-07,-3.399555900369808e-05,-7.313948172503601e-07,-2.943014313444628e-05,-1.428431442140652e-05,-3.530340192251324e-08,-2.764406418314013e-07,-1.363150736848771e-07,-4.418752714620059e+00,1.854901892287895e+00,-6.879288800804330e-08,-3.048366796394659e-06,-5.081239416231905e-06,-1.574571259069060e-04,-4.840357353785884e-06,-2.164105004772960e-08,-1.582791099849703e-07,5.052977596523820e-07,-8.534409314964565e-08,-1.600396565362633e-07,-4.401159162043278e-06,-4.380422239259334e-06,-3.653628649640881e-06,-4.882516303104227e-06,-9.784915747383132e-06,-5.228835434107132e-07,-1.602452191731726e-05,-1.020723543537422e-05,-3.000670621475354e-09,-1.812957559475666e-06,-3.090316090025446e-09,-8.911327642502658e-12,-2.455600062398195e-13,-1.412923481556923e-03,-1.041532099402882e-02,1.141955486551899e-06,-1.670662743532039e-02,-1.167387051927411e-02,-4.730979009814763e-07,-1.449414158442399e-05,-3.322631151721921e-06,-1.677078385035420e-04,-1.025884453339343e-04,-3.907137485911119e-05,-2.892288042904140e-05,-9.217737684252825e-11,

4,56
5.871915504281748e+00,3.393450838625967e+01,4.863550133070101e+01,7.364773962731475e+00,1.322845580354938e+01,3.171136296619156e+02,6.131737349097064e-01,1.366479047248959e-05,6.437355480748645e-01,1.383192004679218e+00,1.633273817094228e-01,2.563585143240647e+01,1.619423660854886e+01,1.953538794111750e+00,1.566690732264708e+01,4.369409685018908e-01,1.343498541996879e-01,2.824716089509217e+00,4.622361530581740e+02,3.124621878989115e+02,2.062828103349162e-01,5.904748730616635e+01,3.831681505020753e+00,2.980977562679138e+02,1.336489158847797e+01,2.648040831913510e+01,8.656080491407922e+00,3.453530712780815e+00,1.611468264997111e-02,3.774929013342410e+00,2.479487110239831e+00,1.083428365941097e+00,3.887277328512103e+00,2.304782455645229e+00,3.862359527401181e+00,1.993280290750000e-01,3.494407854788165e+01,1.112073802498356e+00,5.973123889003606e-01,7.968147667695458e+00,1.448459504270225e+00,4.309013502533406e-02,1.091287108026753e-03,7.630304895064000e-02,4.233366166805178e-01,2.410737368234618e+00,4.712517962676628e-01,6.768936484534914e-01,1.848500857281291e-01,1.669520324516346e+01,8.235934848671104e-01,5.724589892780865e-01,9.163394900910778e+01,1.424810480368906e+01,2.566159196593456e+01,3.617515176301822e-10,
-1.980839481155666e-03,-1.180724695744094e-02,-3.301075279542179e-02,6.419645970088015e-06,-5.938825124698297e-03,1.842728607049529e-01,-1.784450283516430e-06,-1.572181395982641e-01,-3.894785219747169e-08,-1.486932335344893e-07,-7.143359476872825e-09,4.970126100479307e-07,-7.555106225432946e-08,-1.912841318645971e-07,-8.466937220569981e-07,-1.086850677116114e-09,-2.896549443599125e-09,-4.512387035436123e-09,-1.651691999993544e-01,7.827523172146327e-01,-5.823950193329292e-08,-5.300534294639065e-06,-5.596324873740208e-08,-1.813180898324402e-07,7.428714214668524e-07,1.540292385561237e-09,-1.791607165416779e-06,-7.551167161848634e-07,6.248491174340707e-09,-1.940418699441702e-09,6.560429324036955e-08,1.145371137996691e-06,1.420003189963052e-07,6.621826496190634e-07,1.092318454687792e-06,1.525415633873972e-08,7.468641346663362e-07,5.053151674312229e-06,1.755469098852881e-11,1.265141769642554e-08,-9.289187205726298e-11,-2.270818925657786e-14,-1.519665234541661e-15,-4.562022598854552e-04,-3.110014713234118e-03,-1.056513543269434e-05,-1.205241243866080e-05,-7.389019007174024e-06,2.106625719639949e-09,1.656422740818148e-07,2.852917993631590e-06,5.979001493426203e-06,3.677443028101953e-06,1.270375692134160e-06,1.013744638380858e-06,2.126418485737247e-11,
-3.674872392413140e-03,-3.053145817394197e-02,-8.969933551172982e-02,7.539034073952918e-06,-1.113601637658781e-02,4.925469267571906e-01,-6.826579268658745e-06,-3.417343893369829e-01,-6.039421315201098e-08,-9.071491371407714e-08,-1.402359770439803e-08,8.313189014829979e-07,1.569083699671201e-07,-6.708465978197294e-07,-6.580563560589380e-07,-9.584346351213385e-10,-5.872573675944304e-09,-1.695542539751722e-09,-4.873099974691727e-01,1.847717605286870e+00,-4.184636951152357e-08,-7.370323965478899e-07,-1.350334059088243e-07,-5.364374652007514e-07,3.271832165272815e-07,1.008961281983025e-09,2.691719619055700e-07,6.297842488339388e-07,4.661923408510279e-09,-4.103754192653500e-09,1.437265652676135e-07,1.278335960453811e-06,2.388654040876259e-07,7.921567678968792e-07,1.274394060232320e-06,2.297220485194629e-08,1.112776112545683e-06,4.775153106872964e-06,2.844914614044259e-11,1.920631923268676e-08,6.393467741474677e-11,-4.995789451319798e-14,-1.728522562390921e-15,-7.281410886174176e-04,-5.039214590308570e-03,1.129792047152072e-06,-4.481991153128839e-05,-2.812136257392012e-05,2.547937578990930e-09,1.830039733952996e-07,2.058202814566215e-06,8.597719126201268e-06,6.024691331842136e-06,2.406159201037667e-06,1.664450154130226e-06,2.226696604878953e-11,
-1.261990251020448e-02,-9.488509498207001e-02,-2.062560854943781e-01,2.491632491232576e-06,-2.954493097561079e-02,3.197815113871742e+00,-2.346001681651107e-05,-8.372343968679240e-01,1.922601802833573e-06,5.280890478981657e-06,8.263361515735420e-07,5.654086042708336e-05,2.087698533513577e-06,-2.102939235136079e-06,3.910094585964513e-05,1.241173190146056e-07,6.506248346558929e-07,4.257346478603571e-07,-1.158905017826632e+00,6.994616405627360e+00,6.791963032640858e-07,5.588665225863958e-05,7.211892170164930e-06,2.406030033118650e-04,4.342617424537430e-06,2.034206170303683e-08,1.580622034804287e-05,5.949554363226752e-06,4.466498145784648e-08,2.313382432454423e-07,1.310881588271837e-06,5.709363010234752e-06,1.262285642459303e-06,2.550629814340603e-06,8.124625990821056e-06,3.127885740248400e-07,8.205335304113908e-06,1.306270179503891e-05,1.976907660473716e-09,1.272128321486761e-06,3.813136018489117e-10,2.120845504482388e-13,1.083549704042788e-14,1.494942630893694e-03,1.057645013085879e-02,6.444077046003839e-05,-2.623059658576113e-04,-1.698065686562764e-04,4.675928330279964e-07,8.978189458696789e-06,5.573678064825194e-06,1.479646440068041e-04,3.498293757203916e-05,1.620944235434225e-05,9.738511221598715e-06,9.878942108798583e-11,

