1
0
56
1
(4 0
((0,0) (15,255) (0,0))
((0,768) (15,1023) (0,0))
((0,512) (15,767) (0,0))
((0,256) (15,511) (0,0))
)
4
FabOnDisk: SD_5_Old_MF_D_0003 0
FabOnDisk: SD_5_Old_MF_D_0000 0
FabOnDisk: SD_5_Old_MF_D_0001 0
FabOnDisk: SD_5_Old_MF_D_0002 0

4,56
-7.784484744671154e+00,-1.602726737781740e+01,-2.606863015746102e+01,-6.022028654058821e+00,-8.943872601050579e+00,-8.942455998125656e+00,-1.107579209367776e+00,-6.361432329765470e+02,-2.743018080883939e-01,-8.110691652593106e-01,-9.666809964029580e-02,-1.380381027068576e+01,-1.300665902922751e+01,-1.474632558625432e+00,-1.004485909149552e+01,-4.541937675582698e-01,-7.425057042106456e-02,-2.827588052559998e+00,-1.406057108451571e+02,1.641126335305207e-20,-1.040860610508011e-01,-4.970690813952931e+01,-1.837999293827936e+00,-2.026337360284255e+02,-7.827116633735146e+00,-2.494695687519693e+01,-4.707794867110690e+00,-2.885642357433003e+00,-9.161645216076262e-03,-1.996950954699201e+00,-1.628016645275254e+00,-9.492133645943199e-01,-3.782401737741719e+00,-2.204023286668049e+00,-3.164363319169078e+00,-2.160573991048583e-01,-3.214679037881084e+01,-5.294669013852009e-01,-3.214263623505599e-01,-8.430001405802415e+00,-1.057634307561998e+00,-1.744529967485192e-02,-7.046882596444759e-04,-8.193255270849327e-02,-1.809630851862252e-01,-2.048918442776552e+00,-7.158980015759253e-02,-4.463536541426868e-01,-1.385164411868698e-01,-2.443596642082140e+01,-5.011945489556912e-01,-5.947446200343336e+02,-9.003711486641832e+01,-9.542647410275515e+00,-2.480793420906438e+01,-3.221884981030598e-10,
-3.987242362410564e-03,-3.041293143516186e-02,-8.942097736779228e-02,3.012808128436888e-07,-1.109845109894464e-02,1.051677218539893e-01,-6.801851280791962e-06,-3.406140710882521e-01,-9.207794683688728e-08,-3.386819016529463e-07,-3.889779640712311e-08,-2.714868692871527e-06,-2.755600444412102e-07,-6.866900010137123e-07,-2.338027056783889e-06,-5.980867616023638e-09,-2.248442275813196e-08,-2.106460608155000e-08,-4.856929023438353e-01,2.713750595175994e-01,-9.221668236762984e-08,-9.006752995195793e-06,-2.342040401840395e-07,-9.992296783197630e-06,-1.529331451817647e-06,-2.937995802652492e-09,-3.836548445071441e-06,-1.306553298512501e-06,-9.951378556409831e-09,-5.651540305424477e-09,-6.843111436411034e-07,-4.052193667628484e-07,-3.154917512131032e-08,-1.596672238254392e-07,-2.431250910086139e-07,-5.631563536566318e-09,-4.827267659705173e-07,-3.750382620375573e-06,-8.291668907226290e-12,-5.107498704735976e-09,-1.067943385120833e-10,-5.063117526202720e-14,-2.524303305473439e-15,-7.265864209359793e-04,-5.028081976486541e-03,-1.274740987218640e-05,-4.456560663873489e-05,-2.795988137940446e-05,-1.993591863452222e-09,-8.930777128443648e-08,-1.566686146963356e-06,-2.432009811738367e-06,-9.029168162350278e-07,-4.544081441934585e-07,-2.528406624291410e-07,-2.148290573211753e-11,
-1.253880435875800e-02,-9.432104776403821e-02,-2.054357769572916e-01,2.599959623671539e-06,-2.939896224869725e-02,1.848234787363766e-01,-2.330533766614359e-05,-8.334499713741106e-01,-1.280902498742602e-07,-3.380239295582047e-07,-4.754572041238504e-08,-1.923682404869465e-06,-1.386147421323082e-07,-2.350153860392496e-06,-2.665879792987679e-06,-6.311887169841261e-09,-2.843428522575180e-08,-2.250792612367933e-08,-1.153929833432318e+00,7.848573449017280e-01,-1.006052684432843e-07,-8.021569623176656e-06,-4.042935615169743e-07,-1.171834595852862e-05,-9.743350276808227e-07,-3.141135236963510e-09,-2.321208656223574e-06,-9.630372031835682e-07,-2.022720828252690e-08,-1.523488679012157e-08,-1.248571388818301e-06,-5.386777767555364e-07,-5.796948400798653e-08,-3.201623690530149e-07,-3.786899435844217e-07,-1.085722233666654e-08,-4.877305580186359e-07,-3.294125119986066e-06,-1.640329949266196e-11,-1.212548927210149e-08,-1.024656232653354e-10,-8.249090627903739e-14,-2.759610526277176e-15,-1.209780924540966e-03,-8.602787300015013e-03,-1.055841212303383e-05,-2.596503812559793e-04,-1.680572325680762e-04,-5.690000604521092e-09,-4.980929055204566e-08,-1.145524250432616e-06,-4.006158073152290e-06,-2.020356985245137e-06,-8.194846568349415e-07,-5.616551152606329e-07,-2.592193126815800e-11,
-1.674856836064270e-01,-7.796732054505662e-01,-5.073962071824004e-01,-5.426165241955700e-04,-1.584041650290066e-01,4.946409793292348e-01,-2.806303055647268e-04,-4.145210852043297e+00,-6.357100090559886e-07,-8.524225701663446e-07,-3.638574505088498e-07,-3.273601155591067e-05,-6.594115503295172e-07,-2.935672603782721e-05,-1.595675294354334e-05,-3.959346180305138e-08,-1.792791728137732e-07,-1.624288804106990e-07,-4.412031208820184e+00,1.854173143552402e+00,-8.820692896042302e-08,-4.896510273941075e-06,-5.930004091815881e-06,-1.744890290870175e-04,-4.889737833204679e-06,-2.558992045653116e-08,-4.994821594279117e-07,3.435912372600343e-07,-1.007373087683486e-07,-1.199739091402723e-07,-5.593687566377354e-06,-2.324324540497169e-06,-3.440310181194998e-06,-5.186997988310588e-06,-1.606241235390910e-05,-4.864812856700882e-07,-1.494717123873863e-05,-1.065134763101242e-05,-3.399299737216049e-09,-2.766293769478282e-06,-3.015829325193916e-09,-8.696808215406619e-12,-2.395778648723458e-13,-1.412772023741944e-03,-1.041458416168853e-02,1.144307002051237e-06,-1.664713400012358e-02,-1.163224321109988e-02,-4.432770488100399e-07,-1.428695819073616e-05,-3.374305488015979e-06,-1.802980841338899e-04,-9.964327355955971e-05,-3.153103344099160e-05,-2.823224519689642e-05,-1.012110395492982e-10,

4,56
5.859493847366831e+00,3.326893454670090e+01,4.998398223556267e+01,7.496141256279871e+00,1.326810976352871e+01,3.170956235613184e+02,6.089364567410510e-01,1.361524264709146e-05,6.380515331148028e-01,1.364261261379165e+00,1.639890130311024e-01,2.581228407882331e+01,1.628954547529136e+01,1.964466798885822e+00,1.565049067371249e+01,4.349307145448912e-01,1.339330971186663e-01,2.806551157803550e+00,4.615172873900362e+02,3.092065443564625e+02,2.051571790978927e-01,5.840874988574006e+01,3.881444864738039e+00,3.000182361452516e+02,1.302616962585975e+01,2.673469882241477e+01,8.671792441379539e+00,3.436748400013656e+00,1.614770876849264e-02,3.705751248193975e+00,2.466918806965474e+00,1.085719392081573e+00,3.908423906273850e+00,2.290756887456575e+00,3.905667952227298e+00,1.987616557391335e-01,3.480276568307458e+01,1.115269386638556e+00,6.124763696284850e-01,8.007872988550206e+00,1.467261827047562e+00,4.216992215320851e-02,1.078718936645800e-03,7.703054555974938e-02,4.304063682928888e-01,2.444391389617026e+00,4.712609951131196e-01,6.804033500122507e-01,1.876921701889047e-01,1.667082472460525e+01,8.298084433210097e-01,5.643132750942407e-01,9.171171842612257e+01,1.443850941227593e+01,2.571328633495527e+01,2.742126525845379e-10,
-1.980356185979640e-03,-1.180076142009217e-02,-3.298324913137596e-02,6.418352972431249e-06,-5.937042191113106e-03,1.842408931173411e-01,-1.784153964044551e-06,-1.571899397805626e-01,-3.921716440723334e-08,-1.484695303720268e-07,-9.631328378155858e-09,4.506204875790490e-07,-4.688867631630638e-08,-1.916035561106617e-07,-7.934801792689047e-07,-1.164811211782148e-09,-3.911243678555554e-09,-3.864078044786062e-09,-1.650896091768576e-01,7.825125131822473e-01,-5.824490759492373e-08,-5.052912916553513e-06,-6.778413458781464e-08,-1.200968681695278e-07,7.258626670698276e-07,1.219343000045021e-09,-1.725415521405033e-06,-7.531834640063402e-07,5.525476574576524e-09,-1.853734873378177e-09,1.649872982337318e-07,1.029337229545877e-06,1.299304145931889e-07,6.857768215843715e-07,1.124158415396653e-06,1.478365934213539e-08,8.280081426124510e-07,5.635912100598326e-06,1.615940308818894e-11,1.087412206669955e-08,-9.259656848528025e-11,-2.267290704267076e-14,-1.517954747332860e-15,-4.561422229583908e-04,-3.109523374088941e-03,-1.056583217998354e-05,-1.204574088729567e-05,-7.384918379187592e-06,3.390254841619657e-09,2.264546383735060e-07,2.322955780873184e-06,5.583796279116731e-06,3.809175290267968e-06,1.239240797277511e-06,1.049551202276353e-06,2.480419342143492e-11,
-3.674684390677904e-03,-3.052306706616758e-02,-8.967897420191487e-02,7.538385528689058e-06,-1.113397990913323e-02,4.923479285685415e-01,-6.824928670975425e-06,-3.416449070653794e-01,-6.276618291219151e-08,-9.231649464836887e-08,-1.361488589620168e-08,8.466090889497914e-07,1.546255219812815e-07,-6.769703194055699e-07,-7.126952251521849e-07,-9.591874816238002e-10,-6.822222092169898e-09,-1.825825676699037e-09,-4.871604000098183e-01,1.846991820673050e+00,-4.226311516587717e-08,-7.834673519577933e-07,-1.321555012494498e-07,-1.297027642054394e-07,3.349330849426802e-07,9.226324309263701e-10,2.332530301198557e-07,6.289217966738320e-07,4.067695941117611e-09,-4.191878411160481e-09,9.622231366711362e-08,1.249130621825241e-06,2.222196587577436e-07,8.218981158644182e-07,1.373318475509132e-06,1.945627992689605e-08,1.169073377791740e-06,4.746474665462258e-06,2.848602179544756e-11,1.847027410654046e-08,6.462522734500924e-11,-5.011879834301975e-14,-1.702833712354312e-15,-7.279975136241966e-04,-5.038195842725867e-03,1.123084147379628e-06,-4.479935388423710e-05,-2.810864283906023e-05,2.658241096034797e-09,1.925785569606614e-07,2.040111351789391e-06,8.589637054019827e-06,5.359589712513885e-06,2.200740279636688e-06,1.481800336050968e-06,2.645983432358889e-11,
-1.261409665248534e-02,-9.483813356298174e-02,-2.061852655628573e-01,2.498081522901523e-06,-2.953291256643156e-02,3.194896546529056e+00,-2.344726546481185e-05,-8.369025055298130e-01,1.632495421685299e-06,4.595073754706960e-06,6.951853665254268e-07,4.531720797759961e-05,2.409602991904936e-06,-2.116260835642661e-06,3.794995738901651e-05,1.094834945679974e-07,5.519044385088322e-07,3.879484891289326e-07,-1.158447835112199e+00,6.984032176069898e+00,7.197266431303636e-07,5.844902415276119e-05,5.618432529810881e-06,1.957284894707630e-04,4.626319573631543e-06,1.995899795616789e-08,1.652398911275117e-05,7.563172300569072e-06,2.804949528047894e-08,1.767222782120436e-07,9.250728993977662e-07,8.923590160070446e-06,3.073720018428550e-06,2.774458534891046e-06,8.744886837774745e-06,2.231013720041712e-07,6.325851026844183e-06,1.104904345778244e-05,2.516074711863741e-09,1.194467574475673e-06,4.484918412570136e-10,2.907178012798874e-13,1.363523676131719e-14,1.484172644527766e-03,1.049552784295294e-02,6.436089165027292e-05,-2.620637492261186e-04,-1.696429643345598e-04,4.213190442112718e-07,9.306878885257930e-06,4.082199193849522e-06,1.877196041325922e-04,4.683099457099290e-05,2.563118061482728e-05,1.300706389278995e-05,1.203401822635897e-10,

