1
0
63
1
(4 0
((0,0) (15,255) (0,0))
((0,768) (15,1023) (0,0))
((0,512) (15,767) (0,0))
((0,256) (15,511) (0,0))
)
4
FabOnDisk: SD_0_New_MF_D_0003 0
FabOnDisk: SD_0_New_MF_D_0000 0
FabOnDisk: SD_0_New_MF_D_0001 0
FabOnDisk: SD_0_New_MF_D_0002 0

4,63
-3.650023769798385e-04,2.167843671597688e+00,1.581461154879475e-01,4.688984311048178e-23,1.727408439353203e-21,5.174704030767947e-17,1.388379003175105e-11,4.809512481482600e-08,3.494076649285929e-09,5.589745279105878e-12,2.897627564610509e-03,0.000000000000000e+00,5.617601427687667e-28,3.693377087509620e-29,2.000602751531145e-13,0.000000000000000e+00,3.859261106720226e-23,8.714730204203383e-12,3.268377777986208e-17,5.985509172624222e-29,9.280531889515478e-13,8.558127371369974e-10,4.395612712810689e-11,2.744067963944993e-34,5.576091186795239e-12,3.907957021204922e-26,0.000000000000000e+00,0.000000000000000e+00,0.000000000000000e+00,6.588873724396039e-28,3.694747444614676e-13,0.000000000000000e+00,6.191813761830867e-24,0.000000000000000e+00,0.000000000000000e+00,0.000000000000000e+00,0.000000000000000e+00,0.000000000000000e+00,0.000000000000000e+00,0.000000000000000e+00,0.000000000000000e+00,0.000000000000000e+00,0.000000000000000e+00,3.955732969792077e-16,4.037266580321123e-17,5.998960265203914e-19,1.138024988690271e-16,3.679223791677282e-17,1.512514608992855e-15,3.505801821678351e-16,6.316919975415129e-16,0.000000000000000e+00,0.000000000000000e+00,0.000000000000000e+00,0.000000000000000e+00,0.000000000000000e+00,0.000000000000000e+00,0.000000000000000e+00,1.134465755556932e-01,3.802961716306660e+03,0.000000000000000e+00,4.430000186269801e+02,1.008070290995596e+05,
-1.059714350253684e-07,5.740396808966618e+00,1.460956617376545e-01,6.123991530540859e-06,5.847691666921886e-05,4.698701109231978e-04,1.349624022523411e-07,5.711545335828785e-05,1.235252201384361e-02,1.213284940715007e-08,1.186046078510791e-03,5.161076750751869e-11,2.732737499313247e-10,2.309901043006574e-11,1.092804855530779e-09,2.991366803577050e-10,8.755383241353882e-10,1.637137474936377e-09,3.567571861572473e-12,1.180130099596502e-11,1.256932992921154e-11,3.573709762314065e-03,2.343756153955664e-02,8.803301858192004e-11,9.080210839853380e-09,1.009867956897152e-10,3.387852058614195e-09,0.000000000000000e+00,0.000000000000000e+00,3.011928186693335e-09,1.631009303682013e-09,5.598712814815909e-16,2.199663357170507e-12,0.000000000000000e+00,1.518958749949417e-13,0.000000000000000e+00,0.000000000000000e+00,0.000000000000000e+00,0.000000000000000e+00,0.000000000000000e+00,0.000000000000000e+00,0.000000000000000e+00,0.000000000000000e+00,7.892012817879203e-14,1.759711241377472e-17,1.208220146022457e-18,5.919043199338213e-07,4.025815151169402e-06,1.806913881292263e-08,1.346803146411005e-08,8.235976759598151e-09,4.284283758242907e-13,0.000000000000000e+00,0.000000000000000e+00,0.000000000000000e+00,0.000000000000000e+00,0.000000000000000e+00,0.000000000000000e+00,1.047814560694173e-01,7.928043669617022e+03,0.000000000000000e+00,2.330785597384576e+03,1.013249960437662e+05,
-1.071130934916632e-07,5.670705004565604e+00,1.469425896995138e-01,7.213827449073467e-06,6.955670627194953e-05,5.064545600499445e-04,1.327243288460859e-07,6.115963475500934e-05,1.235467908371338e-02,1.461345705430667e-08,1.325560380937925e-03,8.209920012461006e-11,3.950944899479564e-10,3.448743821665108e-11,1.518227376905251e-09,3.809148547677695e-10,1.132444125154380e-09,2.364865170771784e-09,5.174671773642200e-12,1.771513872898886e-11,1.791453459267841e-11,3.782291943184292e-03,2.304647370316148e-02,1.287956933169303e-10,1.266420888950224e-08,1.666783186528342e-10,5.046428469827285e-09,0.000000000000000e+00,1.358302916709000e-15,4.207708659986367e-09,2.203829760910157e-09,8.786597026409574e-15,4.013823306061064e-12,0.000000000000000e+00,1.440850697269948e-13,0.000000000000000e+00,0.000000000000000e+00,0.000000000000000e+00,0.000000000000000e+00,0.000000000000000e+00,0.000000000000000e+00,0.000000000000000e+00,0.000000000000000e+00,1.402550593518963e-13,3.905750120772160e-17,2.429329841249980e-18,9.367957290807823e-07,6.397041615089661e-06,2.496224093334637e-08,2.860834129397266e-08,1.765979848132092e-08,7.301513076316304e-13,0.000000000000000e+00,0.000000000000000e+00,0.000000000000000e+00,0.000000000000000e+00,0.000000000000000e+00,0.000000000000000e+00,1.053915145386106e-01,7.832190181197027e+03,0.000000000000000e+00,2.290956499155612e+03,1.013249950246571e+05,
-1.329875168440108e-06,5.413153411038484e+00,1.490939946847106e-01,1.048499945560726e-05,1.018937662736789e-04,5.949347942183107e-04,1.327402391817651e-07,7.181835767118634e-05,1.230697650425414e-02,2.236891890061062e-08,1.668033159627224e-03,1.382521443374950e-10,4.043509225647515e-10,5.065801671380877e-11,1.350388975901757e-09,1.920077332059105e-10,1.907594820616432e-09,2.798991459011635e-09,5.298096045329636e-12,2.630270602626350e-11,1.893147608227768e-11,4.294232631007725e-03,2.221512375086300e-02,1.277937807905350e-10,1.042376407181865e-08,3.024350048145673e-10,6.711827156368138e-09,0.000000000000000e+00,2.739301468047182e-16,2.886268410002847e-09,1.149456445437160e-09,1.964111498805465e-14,8.878822430078229e-12,0.000000000000000e+00,0.000000000000000e+00,0.000000000000000e+00,0.000000000000000e+00,0.000000000000000e+00,0.000000000000000e+00,0.000000000000000e+00,0.000000000000000e+00,0.000000000000000e+00,0.000000000000000e+00,4.707124521746563e-14,8.417326300498202e-17,2.931383083105412e-18,1.564183010689007e-06,1.078278853850386e-05,1.734459878927846e-08,9.680413349636287e-08,6.115228773180249e-08,1.437967424472908e-12,0.000000000000000e+00,0.000000000000000e+00,0.000000000000000e+00,0.000000000000000e+00,0.000000000000000e+00,0.000000000000000e+00,1.069389381390491e-01,5.492960379079178e+03,0.000000000000000e+00,2.141441782552075e+03,1.013249213433082e+05,

4,63
3.799556352766249e-04,5.410656775613515e+00,8.373324639497749e-01,5.025702885796450e-05,4.335737545711653e-04,9.489624279598529e-04,1.172005030032380e-04,4.003703418203478e-04,1.301997452569823e-02,2.111099944172716e-05,1.827791942620337e-01,1.503670791670300e-06,6.673419992104546e-06,7.481889233025633e-07,2.367687865592061e-04,2.721329168692480e-04,2.011239632475503e-05,5.124154763281094e-04,1.477186906706693e-05,9.774964324762247e-07,6.837842198785327e-05,1.440359617236515e-02,2.221263402809065e-02,8.724005375193492e-07,6.481459040667497e-04,2.236282508403083e-05,4.588404815450033e-03,1.019036008940933e-04,4.699325967120640e-04,3.318021858755414e-05,1.125209100971750e-04,1.314363570073421e-07,3.194608174617859e-05,3.782688152252630e-05,1.254686156835376e-05,5.857835194276878e-05,3.151965303290653e-05,4.093956734371022e-05,3.103978682646180e-06,6.470807252421249e-04,1.053058950925974e-05,4.278117718507544e-06,1.143347535090128e-04,1.947699686957220e-05,7.170736280305545e-07,1.746653735100596e-08,2.504085620724727e-06,1.768329109791439e-05,2.998178177410849e-05,1.277143543019171e-05,1.641553119515542e-05,1.696634046996384e-06,4.365343189026750e-04,9.320110390980627e-06,5.259453206252360e-02,1.613738076696594e-03,1.423085566276864e-04,4.407094504285182e-04,6.019586850009792e-01,7.431145480027821e+04,0.000000000000000e+00,2.140023933291198e+03,1.018643614479756e+05,
1.209142922931875e-07,5.770161186949063e+00,1.469375512121287e-01,7.206936616967941e-06,6.948736005400235e-05,5.062374607828348e-04,1.366506811314714e-07,6.113486257519236e-05,1.235466901410985e-02,1.459765627264687e-08,1.324737998655484e-03,8.193673019937292e-11,3.945321601699853e-10,3.443174993025697e-11,1.516405277856361e-09,3.806445195351129e-10,1.130838429684897e-09,2.361482093483267e-09,5.167230669999448e-12,1.768600515763277e-11,1.789051712383451e-11,3.781056623054983e-03,2.360551421610374e-02,1.286051091491694e-10,1.264884849355133e-08,1.663160268096482e-10,5.038455939338510e-09,2.987385794419100e-13,2.874369689965280e-15,4.202628696642425e-09,2.201622619434238e-09,1.441913172732376e-14,4.002884499736114e-12,4.849599158421642e-13,2.257631788379464e-12,1.492766967845601e-13,6.556766363404020e-13,1.163823078246998e-12,1.503132117134925e-14,7.542783934476461e-13,4.261303193044793e-12,1.530288773668252e-17,1.152820351193222e-14,1.399881855339998e-13,3.893236409052709e-17,2.422930093044177e-18,9.349819630975827e-07,6.384506749860094e-06,2.493377255524194e-08,2.850348350336257e-08,1.759409112401883e-08,7.284223537564103e-13,1.343071832922778e-13,1.675943968447290e-12,4.510505675502864e-12,3.116531730181913e-12,1.242667807198766e-12,8.507480834663898e-13,1.053878889934871e-01,7.965182286134057e+03,0.000000000000000e+00,2.346779716778452e+03,1.013250040651995e+05,
1.137408513276716e-07,5.740229491314254e+00,1.490801823092298e-01,1.046223704142468e-05,1.016722182400395e-04,5.944014809293702e-04,1.349524082580123e-07,7.175086748061747e-05,1.235672437774712e-02,2.231316129348831e-08,1.665902063134337e-03,1.380175480451054e-10,5.355829546372110e-10,5.061655643471008e-11,1.908509259210489e-09,4.069612966552700e-10,1.902257160864112e-09,3.239954859771883e-09,7.031211170415505e-12,2.628529412497452e-11,2.361211925306817e-11,4.291098320221652e-03,2.343657402267033e-02,1.769936102483341e-10,1.587364297797922e-08,3.019557886128328e-10,7.259517452150963e-09,3.429752749754503e-13,5.484444715412410e-15,5.191303038931652e-09,2.504036004087076e-09,2.838372073509319e-14,8.855462962715145e-12,3.961418165373938e-13,2.432563865800440e-12,2.268131983708474e-13,7.364705561615174e-13,1.154200107975455e-12,1.961813050569937e-14,1.113183049605019e-12,2.404181327659394e-12,2.449299773811331e-17,1.818514281463409e-14,1.802917781607560e-13,8.394919851436430e-17,4.187774100402232e-18,1.560905501759274e-06,1.075958054632012e-05,3.024375015417850e-08,9.618670125139090e-08,6.075354323836174e-08,1.441965301380169e-12,1.167633904086813e-13,6.584575622772029e-13,3.745977091349949e-12,1.403453139617377e-11,6.795035767965104e-12,3.860187443414571e-12,1.069289980568486e-01,7.930706906565482e+03,0.000000000000000e+00,2.330690272959104e+03,1.013250058533420e+05,
1.532953577780459e-06,5.670274626944591e+00,1.580528744350025e-01,2.921450646505814e-05,2.702904635500503e-04,8.562095403921772e-04,1.938157802501331e-07,1.117094378933242e-04,1.235671969151240e-02,7.364968805294423e-08,2.886867552244341e-03,1.977626172967779e-10,5.631577962493418e-10,5.864230065404593e-11,1.941744453450440e-09,3.973429464134410e-10,7.077858119802974e-09,3.492473396149405e-09,7.383268067841140e-12,3.088339726241735e-11,2.457497007325413e-11,5.973049692653310e-03,2.304421240741443e-02,1.860929476825947e-10,1.605524751678707e-08,5.192807349837753e-10,8.155962594486878e-09,2.264464583434926e-12,2.242756495439447e-14,5.208877110959466e-09,2.490068900693670e-09,1.902226317730677e-13,2.232603226588683e-11,2.558483084073471e-12,5.840166975041828e-12,2.495821884343188e-12,3.281585883563491e-12,7.554369984118027e-12,4.901475201408073e-13,1.198352280470279e-11,1.068269111710347e-11,2.047435770706987e-15,1.682115912541170e-12,1.792367535261062e-13,1.178229089732701e-16,4.543776773731299e-18,2.504065663785993e-06,1.768229676260747e-05,3.030405486056346e-08,1.678008250275062e-06,1.142371882512869e-06,3.784725477227286e-12,1.058390184183351e-11,3.093180418326250e-12,1.264783169079031e-10,6.981022935715075e-11,2.113875954243083e-11,1.950107630403428e-11,1.133800953478689e-01,7.830958923159345e+03,0.000000000000000e+00,2.290705067845761e+03,1.013250509229414e+05,

