1
0
56
1
(4 0
((0,0) (15,255) (0,0))
((0,768) (15,1023) (0,0))
((0,512) (15,767) (0,0))
((0,256) (15,511) (0,0))
)
4
FabOnDisk: SD_5_Old_MF_D_0003 0
FabOnDisk: SD_5_Old_MF_D_0000 0
FabOnDisk: SD_5_Old_MF_D_0001 0
FabOnDisk: SD_5_Old_MF_D_0002 0

4,56
-7.660513633151599e+00,-1.606572627992716e+01,-2.575691258527117e+01,-5.931660419729569e+00,-8.225700205343417e+00,-8.583933070270241e+00,-1.133290356986829e+00,-6.326777724370413e+02,-2.767645763842833e-01,-7.724581782027344e-01,-8.941148578701842e-02,-1.373735214001053e+01,-1.273107377242994e+01,-1.384712966581609e+00,-9.501463097672547e+00,-4.527101617604213e-01,-7.146162037485927e-02,-2.795852727069143e+00,-1.329047753396445e+02,4.099639464710814e-19,-9.623000092328754e-02,-4.952991065859268e+01,-1.839462066932301e+00,-2.034371338288990e+02,-7.493780207573670e+00,-2.484481320117953e+01,-4.491629415644951e+00,-2.829221502575109e+00,-8.973829907121568e-03,-2.006786546148118e+00,-1.602127795419244e+00,-9.476132272511634e-01,-3.778830364408260e+00,-2.203461784403343e+00,-3.152918487372410e+00,-2.166179545235784e-01,-3.257246867613381e+01,-5.149473076419455e-01,-3.195099431754616e-01,-8.535426403880223e+00,-1.011583075871358e+00,-1.691965326702867e-02,-7.032099913718572e-04,-8.293684008040965e-02,-1.827166366584085e-01,-2.103113793763194e+00,-6.985008438960774e-02,-4.028755287671060e-01,-1.349404440549721e-01,-2.397134220153875e+01,-4.833518622820570e-01,-5.951427875338629e+02,-8.940435857427035e+01,-9.598317291283960e+00,-2.454115263617980e+01,-2.913225216616411e-10,
-4.041563953545343e-03,-3.009572807558622e-02,-8.864521468026103e-02,1.386872493529797e-07,-1.102239853963941e-02,1.041646503940820e-01,-6.719963280443335e-06,-3.371488338171297e-01,-9.124079412289045e-08,-3.316055755471129e-07,-3.628522166048053e-08,-2.549451748903252e-06,-2.647090731637310e-07,-6.772092696963418e-07,-2.215004990140245e-06,-5.668153469363057e-09,-2.192391079456477e-08,-1.964620052763565e-08,-4.798009537343463e-01,2.656175151479304e-01,-9.169364320340042e-08,-8.337678933551138e-06,-2.240826304386745e-07,-8.877236579604173e-06,-1.870237570402148e-06,-2.956476465382924e-09,-3.797344238551317e-06,-1.235839577046580e-06,-1.191897853495256e-08,-5.801928622387554e-09,-7.878716063400443e-07,-3.380111141891722e-07,-3.075481150872792e-08,-1.352014858049299e-07,-2.919776787112018e-07,-8.132639617617169e-09,-5.074751651478393e-07,-3.460410421142174e-06,-9.699946590257020e-12,-3.730210223830415e-09,-1.050896657906786e-10,-4.998589003486834e-14,-2.499598984383065e-15,-7.213994680422154e-04,-4.991112770648916e-03,-1.277260892965164e-05,-4.376806968262169e-05,-2.745463263470542e-05,-1.254401363935716e-09,-4.831158003709769e-08,-1.454839297469208e-06,-2.246462710619405e-06,-6.254280587977394e-07,-3.579889337165763e-07,-1.750944708443899e-07,-2.426717160552982e-11,
-1.233150643601860e-02,-9.255621727902534e-02,-2.027755410219299e-01,2.978172310202285e-06,-2.896079204476752e-02,1.836470958511928e-01,-2.280619634471840e-05,-8.209827383903100e-01,-1.301936724379053e-07,-3.048933852077322e-07,-4.516479021607482e-08,-1.751496675474533e-06,-8.917544616034562e-08,-2.293187848359935e-06,-2.665856025014829e-06,-5.650068899788420e-09,-2.802078770023967e-08,-2.212339485821686e-08,-1.136327163853345e+00,7.754863149455742e-01,-8.872227721644894e-08,-5.789690910763443e-06,-3.891513893356481e-07,-1.135783630882941e-05,-6.382177571750184e-07,-3.604182323338383e-09,-1.902933397047765e-06,-7.993884764711221e-07,-1.429017525582143e-08,-1.576326613568717e-08,-3.888889625346418e-07,-2.933368299967824e-07,-4.517385251282569e-08,-1.996512507902380e-07,-4.358728644017029e-07,-1.778307644031275e-08,-7.444002107342884e-07,-4.112525831662653e-06,-3.940799500503983e-11,-1.658180483198081e-08,-9.924576510941204e-11,-8.134970478546050e-14,-2.693414864894540e-15,-1.200313993245069e-03,-8.529793731840069e-03,-1.060151788107513e-05,-2.508645846020717e-04,-1.622671378698392e-04,-4.366790484374308e-09,-6.583341076035394e-08,-1.591817313692964e-06,-4.450832361116287e-06,-2.377296135655555e-06,-7.189307563300376e-07,-6.655562075066207e-07,-2.368472085123585e-11,
-1.544841493564617e-01,-7.575611585917679e-01,-5.272473992174180e-01,-5.068237417086719e-04,-1.484318309249566e-01,4.873087127186734e-01,-2.675344087875307e-04,-3.934583219106338e+00,-1.395117196815017e-06,-3.217311945378203e-06,-4.968600121797938e-07,-3.550589426803689e-05,-1.301889320986627e-06,-2.789981485634289e-05,-2.944543735051319e-05,-9.851853390947324e-08,-5.245370207549256e-07,-3.439332053691088e-07,-4.341970993104458e+00,1.826023293240487e+00,-9.431123182952809e-08,-5.927307756317839e-06,-5.182672985873506e-06,-1.646063334366218e-04,-4.434999946926017e-06,-2.116412243464765e-08,-6.300947239507256e-07,3.266109395835877e-07,-4.059588721236132e-08,-2.275167228969828e-07,-2.100319086438352e-06,-4.451852291167166e-06,-3.196718075412426e-06,-4.811514869919342e-06,-1.028557397380600e-05,-3.145113145568041e-07,-8.839743735666125e-06,-1.326668624807471e-05,-2.294876375599185e-09,-1.801857286383522e-06,-8.595933386017342e-10,-2.703994158366701e-12,-7.272033271247073e-14,-1.409915517468936e-03,-1.039416717288107e-02,7.753574795295479e-07,-1.471530782265091e-02,-1.027402917801967e-02,-4.045040555726494e-07,-9.934619703335134e-06,-4.353782922099034e-06,-1.588566534670955e-04,-7.148034821755338e-05,-3.404355912477153e-05,-1.983733866264183e-05,-1.352349343619608e-10,

4,56
5.673614771589452e+00,2.904348005418900e+01,4.357297059880825e+01,7.328074340752781e+00,1.333817958837666e+01,3.141056373522919e+02,6.150452979457856e-01,1.003571462376840e-05,6.443070980537527e-01,1.397411040722294e+00,1.624789203836376e-01,2.559667962322558e+01,1.592791094060084e+01,1.905968811091858e+00,1.562159750836028e+01,4.174505321032498e-01,1.317286191775413e-01,2.760305573245653e+00,4.618257678322205e+02,2.821270067444559e+02,2.100881873425770e-01,6.028886696720278e+01,3.824018438490224e+00,2.983987314251672e+02,1.322687501021066e+01,2.601496178811908e+01,8.667572620286970e+00,3.469873635165096e+00,1.561892949062667e-02,3.775773702600347e+00,2.413841427604115e+00,1.101479932208370e+00,3.888602386118432e+00,2.331112822036304e+00,3.870167288054551e+00,1.981602775813109e-01,3.490991890217092e+01,1.057338351117083e+00,5.824481592353248e-01,7.917006513037342e+00,1.523819018229052e+00,4.380923081965113e-02,1.125036767937578e-03,7.557011102532384e-02,3.939752555101956e-01,2.411404613924209e+00,4.749140377335692e-01,6.889277153204632e-01,1.806021632592258e-01,1.661992756894924e+01,7.827445593906321e-01,7.214476056619072e-01,9.128727957973159e+01,1.421638430381100e+01,2.556396706229017e+01,3.196873876731843e-10,
-1.942465610975970e-03,-1.162968674590225e-02,-3.221944931349167e-02,6.393872604179057e-06,-5.893300170820773e-03,1.830673003477108e-01,-1.729242305515519e-06,-1.556653017435734e-01,-3.572918032893607e-08,-1.437921569068245e-07,-1.178449752379532e-08,3.071760397990331e-07,-6.978050200629936e-08,-1.922506180198740e-07,-8.511249101155373e-07,-1.071079558497600e-09,-3.863615738847983e-09,-4.258408322642969e-09,-1.614725669412551e-01,7.731117861898182e-01,-5.708162785012972e-08,-5.235039310164341e-06,-6.355538041214722e-08,-9.332593876776281e-07,5.387175605186131e-07,1.041660495975024e-09,-1.745596169683165e-06,-8.013265623152281e-07,3.132111299237378e-09,-1.796173826065343e-09,8.284182137383767e-08,7.011549507025593e-07,1.145726119984961e-07,5.442822590060649e-07,9.915972793744821e-07,1.541210387814954e-08,8.852967976245922e-07,5.280984578146090e-06,1.787900367127916e-11,9.968175140429099e-09,-9.234500736734170e-11,-2.239985129872671e-14,-1.505390329099142e-15,-4.533907858116226e-04,-3.090127038265107e-03,-1.061400282894031e-05,-1.179318740080601e-05,-7.225617384349551e-06,2.124648214184148e-09,1.509620576575902e-07,2.922618702167665e-06,4.583486238596985e-06,4.060298887424871e-06,1.027317828318564e-06,1.122923905166906e-06,2.023681222595997e-11,
-3.669244840380061e-03,-3.020496578597351e-02,-8.890235917874476e-02,7.534860311401968e-06,-1.105798226745252e-02,4.850874237703073e-01,-6.737766938376244e-06,-3.381903728734367e-01,-6.688211241355509e-08,-7.611770240509413e-08,-1.286013534150803e-08,8.774774928800894e-07,1.525330249510017e-07,-6.781895299038953e-07,-6.403180824904815e-07,-2.917181874088885e-10,-4.347058818907968e-09,-3.581769596458816e-10,-4.812867640336674e-01,1.819016322434592e+00,-4.404250983402312e-08,-9.705003356910183e-07,-1.442234529177470e-07,8.961990524578094e-07,6.790681679191310e-07,1.110541697834918e-09,1.998253737164516e-07,5.978820356952605e-07,5.326391965076787e-09,-4.505848199207826e-09,9.229319266461319e-08,1.471458710620650e-06,2.269885568643375e-07,7.705346704737276e-07,1.431546567971439e-06,2.445747151206858e-08,1.229827569106544e-06,5.334527696890791e-06,3.814294717022810e-11,1.642130028492623e-08,5.942451820145677e-11,-5.008883258428355e-14,-1.762853240666767e-15,-7.228391015520216e-04,-5.001389945578119e-03,7.382149264239124e-07,-4.399868359333266e-05,-2.759801380585153e-05,2.455382850106593e-09,2.024873508470317e-07,1.992618332915871e-06,7.621839865504968e-06,5.824878516953492e-06,1.930481102308335e-06,1.610925205627137e-06,2.365330153963896e-11,
-1.240403864941598e-02,-9.305687136138210e-02,-2.035071436889657e-01,2.879615237988646e-06,-2.909089180349981e-02,2.999898570170607e+00,-2.294284154622825e-05,-8.243431755514984e-01,1.146202372648544e-06,3.430638411542892e-06,4.801608900542777e-07,3.694840848434444e-05,1.844528195238783e-06,-2.028079579641420e-06,2.712647659275490e-05,7.834616885554026e-08,4.026168006671669e-07,2.764738497769793e-07,-1.140737044628021e+00,6.873697479898075e+00,5.193478123176920e-07,4.381972927674322e-05,4.661916513997623e-06,1.744183438723820e-04,5.499742828556852e-06,2.326208113464219e-08,1.390805390346555e-05,5.232485707810372e-06,3.304578110074849e-08,1.307130622976864e-07,7.664395728537003e-07,3.769519697986346e-06,2.544431815565937e-06,3.538898695165000e-06,1.281332106171504e-05,3.710578668188593e-07,1.013491679933225e-05,1.318871628839936e-05,1.841557379811442e-09,1.882486763871603e-06,3.856678706692472e-10,1.962357694643747e-13,1.049738702806931e-14,1.114954097317092e-03,7.720581118444822e-03,6.234621076160377e-05,-2.531727141171901e-04,-1.637847506990301e-04,5.751832505405762e-07,1.090003399788159e-05,4.195695638147644e-06,1.353324163565860e-04,9.181887900777991e-05,2.862968378529272e-05,2.541952834811422e-05,7.431033566263068e-11,

