   4.7121609153872423E-013   2.6935064450100799E-007   5.8692117539634855E-009   1.1251606372901675E-007   4.9112301909754317E-005   1.0899750607605123E-007   2.2746412416191383E-005   2.1721924242089352E-008   2.1853029498458148E-009   2.2519615650423683E-004  -176163.53527080975     
   2.1677783129591191E-008   2.6934574214813751E-007   5.8692015769924809E-009   1.1251826038750869E-007   4.9112072624586276E-005   1.0900028009516109E-007   2.2746433648976868E-005   2.1721343540523798E-008   2.1852505851402643E-009   2.2519554335803592E-004  -176162.07776338593     
   1.0941938000272336E-008   2.6934817007376762E-007   5.8692066172107988E-009   1.1251717247654143E-007   4.9112186179720065E-005   1.0899890624218207E-007   2.2746423133286661E-005   2.1721631137163962E-008   2.1852765191385050E-009   2.2519584702311585E-004  -176162.79960445364     
   2.1883876000544671E-008   2.6934569455669314E-007   5.8692028235088184E-009   1.1251827310369361E-007   4.9112070462222483E-005   1.0900028335976558E-007   2.2746433858183546E-005   2.1721343961692158E-008   2.1852502013090238E-009   2.2519553752866644E-004  -176162.06390641461     
   5.6554124654755162E-008   2.6933785028192288E-007   5.8691913946271965E-009   1.1252175686019227E-007   4.9111703811397540E-005   1.0900463664687831E-007   2.2746467843959786E-005   2.1720436773519807E-008   2.1851668662360459E-009   2.2519455687519189E-004  -176159.73279889533     
   9.1224373308965657E-008   2.6932999739766453E-007   5.8691916632019740E-009   1.1252516870839856E-007   4.9111337312416867E-005   1.0900878841933379E-007   2.2746501893724659E-005   2.1719583032043473E-008   2.1850845865654614E-009   2.2519357622171734E-004  -176157.40169137606     
   1.2589462196317615E-007   2.6932214218242445E-007   5.8691950348884736E-009   1.1252856069330788E-007   4.9110970853137631E-005   1.0901288648371773E-007   2.2746535960578543E-005   2.1718744958025983E-008   2.1850026482066809E-009   2.2519259556824279E-004  -176155.07058385678     
   2.1846033298243794E-007   2.6930115265248230E-007   5.8692268282161165E-009   1.1253747338873945E-007   4.9109992741363162E-005   1.0902343422260105E-007   2.2746627040592296E-005   2.1716617351350993E-008   2.1847861995417637E-009   2.2518997733244529E-004  -176148.84678583514     
   3.1102604400169973E-007   2.6928014245660076E-007   5.8692855031343357E-009   1.1254620595452120E-007   4.9109014972098296E-005   1.0903351487286869E-007   2.2746718271168229E-005   2.1714634143395570E-008   2.1845732830100174E-009   2.2518735909664780E-004  -176142.62298781349     
   4.0359175502096151E-007   2.6925911545670522E-007   5.8693655385345250E-009   1.1255478884582004E-007   4.9108037475729461E-005   1.0904322299778336E-007   2.2746809624087630E-005   2.1712770085765560E-008   2.1843636200194781E-009   2.2518474086085031E-004  -176136.39918979185     
   4.9615746604022335E-007   2.6923807315880739E-007   5.8694647028218451E-009   1.1256323342784939E-007   4.9107060225599331E-005   1.0905259659016341E-007   2.2746901088863429E-005   2.1711013752470790E-008   2.1841571484953489E-009   2.2518212262505281E-004  -176130.17539177020     
   5.8872317705948520E-007   2.6921701770672909E-007   5.8695798743874218E-009   1.1257155625997579E-007   4.9106083182198970E-005   1.0906168855615456E-007   2.2746992649889846E-005   2.1709351877991487E-008   2.1839537609643213E-009   2.2517950438925532E-004  -176123.95159374856     
   6.8128888807874704E-007   2.6919595075650728E-007   5.8697086455353228E-009   1.1257977009817243E-007   4.9105106316331618E-005   1.0907053972569695E-007   2.2747084295569474E-005   2.1707772517847150E-008   2.1837533618314123E-009   2.2517688615345782E-004  -176117.72779572691     
   7.7385459909800888E-007   2.6917487379062655E-007   5.8698488758081919E-009   1.1258788641647496E-007   4.9104129601982056E-005   1.0907918625691153E-007   2.2747176015550253E-005   2.1706265158143835E-008   2.1835558580601415E-009   2.2517426791766033E-004  -176111.50399770527     
   8.6642031011727072E-007   2.6915378803979893E-007   5.8699988016293856E-009   1.1259591476080412E-007   4.9103153017984792E-005   1.0908765781936930E-007   2.2747267801374393E-005   2.1704820825107477E-008   2.1833611641155602E-009   2.2517164968186284E-004  -176105.28019968362     
   9.5898602113653245E-007   2.6913269452499516E-007   5.8701569744451552E-009   1.1260386306094651E-007   4.9102176547197378E-005   1.0909597866263454E-007   2.2747359646144396E-005   2.1703431885652635E-008   2.1831692012169181E-009   2.2516903144606534E-004  -176099.05640166198     
   1.0515517321557942E-006   2.6911159410011566E-007   5.8703221981693036E-009   1.1261173795284669E-007   4.9101200175664120E-005   1.0910416869283389E-007   2.2747451544187377E-005   2.1702091841664966E-008   2.1829798961858328E-009   2.2516641321026785E-004  -176092.83260364033     
   1.1441174431750559E-006   2.6909048748690927E-007   5.8704934778279125E-009   1.1261954504211426E-007   4.9100223891941290E-005   1.0911224435843045E-007   2.2747543490784045E-005   2.1700795143903722E-008   2.1827931804549003E-009   2.2516379497447035E-004  -176086.60880561869     
   1.2366831541943177E-006   2.6906937530226325E-007   5.8706699792464727E-009   1.1262728910958335E-007   4.9099247686575743E-005   1.0912021934709136E-007   2.2747635481959678E-005   2.1699537033734510E-008   2.1826089892939298E-009   2.2516117673867286E-004  -176080.38500759704     
   1.3292488652135794E-006   2.6904825807928744E-007   5.8708509977478186E-009   1.1263497427002071E-007   4.9098271551705896E-005   1.0912810512772580E-007   2.2747727514324399E-005   2.1698313412010071E-008   2.1824272612206147E-009   2.2515855850287536E-004  -176074.16120957540     
   1.4218145762328411E-006   2.6902713628362640E-007   5.8710359338059865E-009   1.1264260409501088E-007   4.9097295480754896E-005   1.0913591137256292E-007   2.2747819584951024E-005   2.1697120731478033E-008   2.1822479375515387E-009   2.2515594026707787E-004  -176067.93741155375     
   1.5143802872521029E-006   2.6900601032615811E-007   5.8712242739849584E-009   1.1265018170886247E-007   4.9096319468193028E-005   1.0914364628781286E-007   2.2747911691281050E-005   2.1695955908667538E-008   2.1820709620565731E-009   2.2515332203128038E-004  -176061.71361353211     
   1.6069459982713646E-006   2.6898488057295875E-007   5.8714155758910115E-009   1.1265770986417998E-007   4.9095343509351548E-005   1.0915131687472859E-007   2.2748003831051670E-005   2.1694816251611859E-008   2.1818962806890440E-009   2.2515070379548288E-004  -176055.48981551046     
   1.6995117092906263E-006   2.6896374735318630E-007   5.8716094561911069E-009   1.1266519100200272E-007   4.9094367600275762E-005   1.0915892913739659E-007   2.2748096002238660E-005   2.1693699400364273E-008   2.1817238413717160E-009   2.2514808555968539E-004  -176049.26601748882     
   1.7920774203098881E-006   2.6894261096536744E-007   5.8718055809926845E-009   1.1267262730011917E-007   4.9093391737607582E-005   1.0916648824943607E-007   2.2748188203011430E-005   2.1692603277841025E-008   2.1815535938243284E-009   2.2514546732388789E-004  -176043.04221946717     
   1.8846431313291498E-006   2.6892147168244994E-007   5.8720036580581933E-009   1.1268002071223281E-007   4.9092415918491085E-005   1.0917399868873685E-007   2.2748280431697256E-005   2.1691526049017371E-008   2.1813854894224009E-009   2.2514284908809040E-004  -176036.81842144553     
   2.0297813676311047E-006   2.6888832079638521E-007   5.8723179216608237E-009   1.1269152853545375E-007   4.9090885970138507E-005   1.0918568031525490E-007   2.2748425096199757E-005   2.1689873515506958E-008   2.1811261787349698E-009   2.2513874383008842E-004  -176027.05982878723     
   2.1749196039330595E-006   2.6885516471075992E-007   5.8726350510761531E-009   1.1270294425181825E-007   4.9089356110721204E-005   1.0919727151814758E-007   2.2748569817514038E-005   2.1688255192184279E-008   2.1808717750530081E-009   2.2513463857208645E-004  -176017.30123612893     
   2.3200578402350144E-006   2.6882200380966710E-007   5.8729548540048565E-009   1.1271426997907279E-007   4.9087826339863526E-005   1.0920877436590564E-007   2.2748714593318187E-005   2.1686669511413127E-008   2.1806221655171817E-009   2.2513053331408447E-004  -176007.54264347063     
   2.4651960765369692E-006   2.6878883888267136E-007   5.8732766121517915E-009   1.1272551074993505E-007   4.9086296651228353E-005   1.0922019974607536E-007   2.2748859418481367E-005   2.1685112097510206E-008   2.1803772022418148E-009   2.2512642805608250E-004  -175997.78405081233     
   2.6103343128389241E-006   2.6875567053334520E-007   5.8735999270493694E-009   1.1273667001722810E-007   4.9084767042512527E-005   1.0923155301040243E-007   2.2749004289153182E-005   2.1683580240529014E-008   2.1801367390593644E-009   2.2512232279808052E-004  -175988.02545815404     
   2.7554725491408789E-006   2.6872249938551529E-007   5.8739243851077513E-009   1.1274775126748371E-007   4.9083237511293284E-005   1.0924283985970138E-007   2.2749149201265954E-005   2.1682071177732673E-008   2.1799006315586833E-009   2.2511821754007854E-004  -175978.26686549574     
   2.9006107854428338E-006   2.6868932603812003E-007   5.8742496213083276E-009   1.1275875768626630E-007   4.9081708055740992E-005   1.0925406525815485E-007   2.2749294150837946E-005   2.1680582476545206E-008   2.1796687400222776E-009   2.2511411228207657E-004  -175968.50827283744     
   3.0457490217447886E-006   2.6865615106140331E-007   5.8745753214573612E-009   1.1276969214310703E-007   4.9080178674643255E-005   1.0926523339610808E-007   2.2749439134008123E-005   2.1679112028909063E-008   2.1794409300080789E-009   2.2511000702407459E-004  -175958.74968017914     
   3.2659123446879515E-006   2.6860582464861454E-007   5.8750700143327848E-009   1.1278614396125973E-007   4.9077858865092067E-005   1.0928206858579885E-007   2.2749659122516724E-005   2.1676914597624581E-008   2.1791030250819237E-009   2.2510377966961385E-004  -175943.94666037100     
   3.4860756676311144E-006   2.6855549832563350E-007   5.8755639042304812E-009   1.1280244817244599E-007   4.9075539222600395E-005   1.0929879652606165E-007   2.2749879161695554E-005   2.1674746517806572E-008   2.1787736085197633E-009   2.2509755231515312E-004  -175929.14364056286     
   3.7062389905742773E-006   2.6850517310905758E-007   5.8760569494990900E-009   1.1281860745445789E-007   4.9073219753318410E-005   1.0931541620084203E-007   2.2750099243694992E-005   2.1672607121039194E-008   2.1784524114978403E-009   2.2509132496069238E-004  -175914.34062075472     
   3.9264023135174402E-006   2.6845485069863703E-007   5.8765483782596945E-009   1.1283462895252709E-007   4.9070900456192563E-005   1.0933193850132899E-007   2.2750319356025017E-005   2.1670491340480777E-008   2.1781390801212756E-009   2.2508509760623164E-004  -175899.53760094658     
   4.1465656364606026E-006   2.6840453258322938E-007   5.8770378731034969E-009   1.1285051743377983E-007   4.9068581336032445E-005   1.0934836678280127E-007   2.2750539487259266E-005   2.1668396844545691E-008   2.1778332689009367E-009   2.2507887025177090E-004  -175884.73458113844     
   4.3667289594037651E-006   2.6835422027708666E-007   5.8775250932453181E-009   1.1286627770026678E-007   4.9066262397475019E-005   1.0936470501175873E-007   2.2750759625676581E-005   2.1666321111809795E-008   2.1775346414630989E-009   2.2507264289731017E-004  -175869.93156133030     
   4.5868922823469276E-006   2.6830391527042533E-007   5.8780097368836853E-009   1.1288191420249208E-007   4.9063943645597325E-005   1.0938095677388440E-007   2.2750979759539850E-005   2.1664261898356369E-008   2.1772428771440165E-009   2.2506641554284943E-004  -175855.12854152216     
   4.8070556052900900E-006   2.6825361901538803E-007   5.8784915510335342E-009   1.1289743099495357E-007   4.9061625085982091E-005   1.0939712508481909E-007   2.2751199877220596E-005   2.1662217284861315E-008   2.1769576717759581E-009   2.2506018818838869E-004  -175840.32552171402     
   5.0272189282332525E-006   2.6820333292575237E-007   5.8789703258868155E-009   1.1291283177449417E-007   4.9059306724630502E-005   1.0941321246642175E-007   2.2751419967224489E-005   2.1660185629894648E-008   2.1766787372077192E-009   2.2505396083392795E-004  -175825.52250190589     
   5.2473822511764150E-006   2.6815305837931650E-007   5.8794458873717172E-009   1.1292811992975113E-007   4.9056988567859123E-005   1.0942922105356715E-007   2.2751640018194099E-005   2.1658165520115066E-008   2.1764058004591616E-009   2.2504773347946722E-004  -175810.71948209775     
   5.4675455741195774E-006   2.6810279672006652E-007   5.8799180910213795E-009   1.1294329858404805E-007   4.9054670622214439E-005   1.0944515267915296E-007   2.2751860018910409E-005   2.1656155730986408E-008   2.1761386028181794E-009   2.2504150612500648E-004  -175795.91646228961     
   5.6877088970627399E-006   2.6805254925978951E-007   5.8803868172160220E-009   1.1295837063045608E-007   4.9052352894405969E-005   1.0946100893704886E-007   2.2752079958296466E-005   2.1654155196160919E-008   2.1758768989703582E-009   2.2503527877054574E-004  -175781.11344248147     
   5.9078722200059024E-006   2.6800231727927471E-007   5.8808519674160122E-009   1.1297333876073076E-007   4.9050035391252767E-005   1.0947679122975002E-007   2.2752299825422131E-005   2.1652162982964166E-008   2.1756204561822099E-009   2.2502905141608500E-004  -175766.31042267333     
   6.1280355429490648E-006   2.6795210202923943E-007   5.8813134611015113E-009   1.1298820548960529E-007   4.9047718119639559E-005   1.0949250080553255E-007   2.2752519609509396E-005   2.1650178272394999E-008   2.1753690535398498E-009   2.2502282406162426E-004  -175751.50740286519     
   6.3481988658922273E-006   2.6790190473106650E-007   5.8817712332447420E-009   1.1300297317542336E-007   4.9045401086480376E-005   1.0950813878794339E-007   2.2752739299937568E-005   2.1648200342642860E-008   2.1751224812403694E-009   2.2501659670716353E-004  -175736.70438305705     
   6.5683621888353898E-006   2.6785172657740385E-007   5.8822252322015432E-009   1.1301764403778978E-007   4.9043084298688091E-005   1.0952370619941584E-007   2.2752958886248417E-005   2.1646228555409920E-008   2.1748805399322739E-009   2.2501036935270279E-004  -175721.90136324891     
   6.7885255117785522E-006   2.6780156873266669E-007   5.8826754179402442E-009   1.1303222017274882E-007   4.9040767763148777E-005   1.0953920398027848E-007   2.2753178358150789E-005   2.1644262344492302E-008   2.1746430401013079E-009   2.2500414199824205E-004  -175707.09834344077     
   7.0086888347217147E-006   2.6775143233346571E-007   5.8831217605447938E-009   1.1304670356589561E-007   4.9038451486700192E-005   1.0955463300411369E-007   2.2753397705525028E-005   2.1642301206193270E-008   2.1744098014981863E-009   2.2499791464378131E-004  -175692.29532363263     
   7.2288521576648772E-006   2.6770131848898499E-007   5.8835642389424431E-009   1.1306109610374915E-007   4.9036135476113539E-005   1.0956999409020659E-007   2.2753616918426819E-005   2.1640344691231690E-008   2.1741806526050062E-009   2.2499168728932058E-004  -175677.49230382449     
   7.4490154806080396E-006   2.6765122828132283E-007   5.8840028398164058E-009   1.1307539958365495E-007   4.9033819738078107E-005   1.0958528801366403E-007   2.2753835987090632E-005   2.1638392397878660E-008   2.1739554301373599E-009   2.2498545993485984E-004  -175662.68928401635     
   7.6691788035512029E-006   2.6760116276580717E-007   5.8844375566718184E-009   1.1308961572243841E-007   4.9031504279188318E-005   1.0960051551365821E-007   2.2754054901932768E-005   2.1636443966108755E-008   2.1737339785794356E-009   2.2497923258039910E-004  -175647.88626420821     
   7.8893421264943663E-006   2.6755112298098579E-007   5.8848683713266217E-009   1.1310374628051580E-007   4.9029189105710103E-005   1.0961567756049136E-007   2.2754273653518451E-005   2.1634498964387288E-008   2.1735161472510701E-009   2.2497300522593836E-004  -175633.08324440007     
   8.1095054494375296E-006   2.6750110991236325E-007   5.8852953201653325E-009   1.1311779262894673E-007   4.9026874224414792E-005   1.0963077437442276E-007   2.2754492232698299E-005   2.1632557294444048E-008   2.1733017992026737E-009   2.2496677787147763E-004  -175618.28022459193     
   8.3296687723806929E-006   2.6745112454506679E-007   5.8857183973836709E-009   1.1313175638507834E-007   4.9024559641359767E-005   1.0964580684998695E-007   2.2754710630416456E-005   2.1630618600360248E-008   2.1730907976857110E-009   2.2496055051701689E-004  -175603.47720478379     
   8.5498320953238562E-006   2.6740116782947541E-007   5.8861376181701932E-009   1.1314563900139088E-007   4.9022245362685491E-005   1.0966077561696350E-007   2.2754928837840747E-005   2.1628682654316404E-008   2.1728830143841478E-009   2.2495432316255615E-004  -175588.67418497565     
   8.7699954182670195E-006   2.6735124069119960E-007   5.8865530003917079E-009   1.1315944188649135E-007   4.9019931394385052E-005   1.0967568130790607E-007   2.2755146846327437E-005   2.1626749244888615E-008   2.1726783267072688E-009   2.2494809580809541E-004  -175573.87116516751     
   8.9901587412101828E-006   2.6730134403099513E-007   5.8869645648707854E-009   1.1317316640473520E-007   4.9017617742308609E-005   1.0969052455033818E-007   2.2755364647423291E-005   2.1624818178814712E-008   2.1724766175662160E-009   2.2494186845363468E-004  -175559.06814535937     
   9.2103220641533461E-006   2.6725147872492915E-007   5.8873723352534736E-009   1.1318681387836991E-007   4.9015304412162758E-005   1.0970530596529833E-007   2.2755582232866376E-005   2.1622889280276223E-008   2.1722777751106995E-009   2.2493564109917394E-004  -175544.26512555123     
   9.4304853870965094E-006   2.6720164562463534E-007   5.8877763377634942E-009   1.1320038559028817E-007   4.9012991409508814E-005   1.0972002616781194E-007   2.2755799594586233E-005   2.1620962389498876E-008   2.1720816924638729E-009   2.2492941374471320E-004  -175529.46210574309     
   9.6506487100396728E-006   2.6715184555760150E-007   5.8881766009399580E-009   1.1321388278677278E-007   4.9010678739761071E-005   1.0973468576782729E-007   2.2756016724703708E-005   2.1619037361259977E-008   2.1718882674672941E-009   2.2492318639025246E-004  -175514.65908593495     
   9.8708120329828361E-006   2.6710207932747244E-007   5.8885731553885674E-009   1.1322730668005089E-007   4.9008366408185310E-005   1.0974928537115269E-007   2.2756233615530495E-005   2.1617114063483039E-008   2.1716974024392331E-009   2.2491695903579173E-004  -175499.85606612681     
   1.0090975355925999E-005   2.6705234771436169E-007   5.8889660335540172E-009   1.1324065845061743E-007   4.9006054419897812E-005   1.0976382558026481E-007   2.2756450259568406E-005   2.1615192375964445E-008   2.1715090039467568E-009   2.2491073168133099E-004  -175485.05304631867     
