   4.7121609153872418E-014   1.1084818581539986E-005  -5.0507397337975180E-016   1.8426376159605773E-015   2.3785073736767081E-004  -1.3564565773230325E-016   1.3561959842132558E-014  -5.3254171723094915E-015   6.3562355976978136E-018   7.8332990162622044E-004  -1384.8994423438769     
   3.0969793671679121E-010   1.1084818581356352E-005  -5.0389244673406856E-016   1.8426385879767415E-015   2.3785073736830542E-004  -1.3564476485775157E-016   1.3561958810624196E-014  -5.3537440072436326E-015   6.3562356536934502E-018   7.8332990162822318E-004  -1384.8994422429041     
   1.5484896831732601E-010   1.1084818581448183E-005  -5.0448329995742258E-016   1.8426381018947002E-015   2.3785073736798805E-004  -1.3564521136296483E-016   1.3561959326456861E-014  -5.3395784344320479E-015   6.3562356256913717E-018   7.8332990162722159E-004  -1384.8994422933984     
   3.0969793663465202E-010   1.1084818581356352E-005  -5.0389485924308688E-016   1.8426385896779875E-015   2.3785073736830534E-004  -1.3564476519460116E-016   1.3561958810426982E-014  -5.3536681575282957E-015   6.3562356536995076E-018   7.8332990162822307E-004  -1384.8994422429480     
   9.9514577160964487E-010   1.1084818580949860E-005  -5.0129128044334049E-016   1.8426407497292966E-015   2.3785073736970973E-004  -1.3564279037318378E-016   1.3561956526092537E-014  -5.4159998054413989E-015   6.3562357776821707E-018   7.8332990163265637E-004  -1384.8994420196493     
   6.3381080247982198E-010   1.1084818581164144E-005  -5.0266439543073675E-016   1.8426396115030549E-015   2.3785073736896939E-004  -1.3564383149237179E-016   1.3561957730231269E-014  -5.3831216400096205E-015   6.3562357123261009E-018   7.8332990163031938E-004  -1384.8994421373732     
   9.5792366832499188E-010   1.1084818580971935E-005  -5.0144322373436086E-016   1.8426406399307114E-015   2.3785073736963316E-004  -1.3564289909744981E-016   1.3561956649270137E-014  -5.4122830692534503E-015   6.3562357709761759E-018   7.8332990163241568E-004  -1384.8994420319680     
   1.2820365341701619E-009   1.1084818580779726E-005  -5.0022549082406527E-016   1.8426416708427803E-015   2.3785073737029686E-004  -1.3564196719442633E-016   1.3561955568020968E-014  -5.4413364925097768E-015   6.3562358296351232E-018   7.8332990163451199E-004  -1384.8994419266269     
   1.8192121269184786E-009   1.1084818580461164E-005  -4.9821734124108294E-016   1.8426433867111498E-015   2.3785073737139656E-004  -1.3564042412258474E-016   1.3561953775146744E-014  -5.4891719690160566E-015   6.3562359268806262E-018   7.8332990163798631E-004  -1384.8994417522254     
   2.7421053362349217E-009   1.1084818579913850E-005  -4.9480003444490123E-016   1.8426463584733273E-015   2.3785073737328478E-004  -1.3563777776771237E-016   1.3561950692142000E-014  -5.5703259677952291E-015   6.3562360940377222E-018   7.8332990164395528E-004  -1384.8994414532071     
   4.2817715366311994E-009   1.1084818579000772E-005  -4.8918999981047505E-016   1.8426513834927048E-015   2.3785073737643219E-004  -1.3563337615210335E-016   1.3561945540959543E-014  -5.7028577426240513E-015   6.3562363731449873E-018   7.8332990165391335E-004  -1384.8994409560873     
   7.0004154589409745E-009   1.1084818577388510E-005  -4.7955542158296160E-016   1.8426604616126117E-015   2.3785073738198155E-004  -1.3562564469872536E-016   1.3561936421527130E-014  -5.9283712197867680E-015   6.3562368666994011E-018   7.8332990167149672E-004  -1384.8994400835913     
   1.1647298745937617E-008   1.1084818574632703E-005  -4.6385373628953174E-016   1.8426765856095588E-015   2.3785073739144365E-004  -1.3561254977323553E-016   1.3561920763575448E-014  -6.2898623409139099E-015   6.3562377124301779E-018   7.8332990170155189E-004  -1384.8994386079046     
   1.9906019155176961E-008   1.1084818569734837E-005  -4.3816561337853268E-016   1.8427071326602871E-015   2.3785073740819338E-004  -1.3558965087122532E-016   1.3561892715915205E-014  -6.8632007482101833E-015   6.3562392218908774E-018   7.8332990175496772E-004  -1384.8994360339248     
   3.4271983795705704E-008   1.1084818561214836E-005  -3.9941650549715107E-016   1.8427660343635514E-015   2.3785073743715193E-004  -1.3555095921830575E-016   1.3561843257603774E-014  -7.6768405602087557E-015   6.3562418653933261E-018   7.8332990184788644E-004  -1384.8994317050258     
   5.8440873671589504E-008   1.1084818546880390E-005  -3.4789169168878224E-016   1.8428816501812354E-015   2.3785073748546826E-004  -1.3548913229877062E-016   1.3561758128496407E-014  -8.6287801924331252E-015   6.3562463532819032E-018   7.8332990200421365E-004  -1384.8994248477748     
   1.0050091442272750E-007   1.1084818521932934E-005  -2.8798968692295735E-016   1.8431322691437215E-015   2.3785073756869935E-004  -1.3539129751747414E-016   1.3561604219869853E-014  -9.4022208913609150E-015   6.3562542317740269E-018   7.8332990227627695E-004  -1384.8994141872404     
   1.7265169362898478E-007   1.1084818479131915E-005  -2.3914121677888672E-016   1.8437083977594919E-015   2.3785073771003998E-004  -1.3525227888187621E-016   1.3561323081093908E-014  -9.2343277895243270E-015   6.3562677377121661E-018   7.8332990274301829E-004  -1384.8993996652428     
   2.9622059689861210E-007   1.1084818405812545E-005  -2.3926736157794952E-016   1.8451243331602725E-015   2.3785073795025603E-004  -1.3509842315732304E-016   1.3560790972292979E-014  -6.9973692733004793E-015   6.3562904375222447E-018   7.8332990354249715E-004  -1384.8993858450976     
   4.9733229264434286E-007   1.1084818286439318E-005  -3.4192245544690350E-016   1.8485882439348321E-015   2.3785073834014576E-004  -1.3507393181302487E-016   1.3559786520984675E-014  -2.1462284398325797E-015   6.3563265941319338E-018   7.8332990484397691E-004  -1384.8993931890006     
   6.9844398839007356E-007   1.1084818167011589E-005  -4.1732925946233337E-016   1.8534901569345741E-015   2.3785073873360609E-004  -1.3532487875980937E-016   1.3558605372524381E-014  -8.4386500548421954E-016   6.3563632471881648E-018   7.8332990614583776E-004  -1384.8994374952704     
   1.0232999137287160E-006   1.1084817973984759E-005  -5.7206299420406244E-016   1.8644463502484403E-015   2.3785073937383278E-004  -1.3631028402106332E-016   1.3556322173034712E-014  -3.2730833967070265E-015   6.3564226340448360E-018   7.8332990824953887E-004  -1384.8995871369518     

