          10
 0.000000000000000E+000 -0.230672715407860E+006  0.477210075100871E-006  0.402958546501800E-008  0.615825100777375E-007  0.580460786710209E-004  0.615882524476600E-007  0.219181501554780E-004  0.314752906490486E-007  0.437664323148397E-008  0.249488715791685E-003
 0.312500000000000E-006 -0.230645615975787E+006  0.477091089440509E-006  0.403057656851379E-008  0.616062924163138E-007  0.580409560819408E-004  0.616090459009584E-007  0.219186337449134E-004  0.314694379382311E-007  0.437479922875075E-008  0.249474640340170E-003
 0.625000000000000E-006 -0.230618460705338E+006  0.476971817739062E-006  0.403161874134049E-008  0.616301131794617E-007  0.580358289205022E-004  0.616296329472023E-007  0.219191184792198E-004  0.314635147878417E-007  0.437295637228390E-008  0.249460552686889E-003
 0.937500000000000E-006 -0.230591249596393E+006  0.476852262213785E-006  0.403270615902209E-008  0.616539966132835E-007  0.580306970725306E-004  0.616500950797948E-007  0.219196043389216E-004  0.314575529082105E-007  0.437111446110531E-008  0.249446452831816E-003
 0.125000000000000E-005 -0.230563982648949E+006  0.476732424394399E-006  0.403383363175103E-008  0.616779638840125E-007  0.580255604358749E-004  0.616705048705259E-007  0.219200913116696E-004  0.314515768930974E-007  0.436927332346757E-008  0.249432340774951E-003
 0.156250000000000E-005 -0.230536659863006E+006  0.476612305087834E-006  0.403499652896587E-008  0.617020334523960E-007  0.580204189182079E-004  0.616909268117907E-007  0.219205793925795E-004  0.314456049724805E-007  0.436743281172915E-008  0.249418216516293E-003
 0.187500000000000E-005 -0.230509281238565E+006  0.476491904345580E-006  0.403619047350488E-008  0.617262223121669E-007  0.580152724301791E-004  0.617114213443723E-007  0.219210685847417E-004  0.314396504329407E-007  0.436559279039274E-008  0.249404080055843E-003
 0.218750000000000E-005 -0.230481846775624E+006  0.476371221945478E-006  0.403741406169219E-008  0.617505358088719E-007  0.580101209421817E-004  0.617320075992504E-007  0.219215588916828E-004  0.314337165474794E-007  0.436375321596955E-008  0.249389931393600E-003
 0.250000000000000E-005 -0.230454356474185E+006  0.476250256766553E-006  0.403866378129667E-008  0.617749870540209E-007  0.580049643779701E-004  0.617527328783906E-007  0.219220503282487E-004  0.314278090438285E-007  0.436191398006534E-008  0.249375770529565E-003
 0.281250000000000E-005 -0.230426810334246E+006  0.476129008235860E-006  0.403993784611705E-008  0.617995827547146E-007  0.579998026984742E-004  0.617736211481877E-007  0.219225429019602E-004  0.314219312136633E-007  0.436007502603585E-008  0.249361597463736E-003
 0.312500000000000E-005 -0.230399208355808E+006  0.476007474231133E-006  0.404123445411262E-008  0.618243290961928E-007  0.579946358573811E-004  0.617946947370188E-007  0.219230366366529E-004  0.314160810063563E-007  0.435823629261590E-008  0.249347412196116E-003
