0.0000000000000000       -8.3441389345126381E-004   4.3773796456446595E-009
1.3206094422821857E-014  -8.3441382288918767E-004   4.3773792787716721E-009
1.6037525076687457E-009  -8.2584469533962947E-004   4.3328264677582268E-009
8.0187279772384236E-010  -8.3012934191870795E-004   4.3551031527142052E-009
8.0187279772384236E-010  -8.3012934191870795E-004   4.3551031527142052E-009
8.0187279772384236E-010  -8.3012934298047375E-004   4.3551031527142052E-009
8.0187279772384236E-010  -8.2952662956332197E-004   4.3551031527142052E-009
8.0187279772384236E-010  -8.3012936442281233E-004   4.3551031527142052E-009
8.0187279772384236E-010  -8.3012934231856356E-004   4.3551031527142052E-009
8.0187279772384236E-010  -8.3012939506048149E-004   4.3551031527142052E-009
8.0187279772384236E-010  -8.3012933755429851E-004   4.3551031527142052E-009
8.0187279772384236E-010  -8.3012932377630642E-004   4.3552031527146432E-009
8.0187279772384236E-010  -8.3012934047527968E-004   4.3551031527142052E-009
8.0187279772384236E-010  -8.3012934199476376E-004   4.3551031527142052E-009
8.0187279772384236E-010  -8.3015018189755744E-004   4.3552160013527564E-009
1.6037455954476847E-009  -8.2588641277514107E-004   4.3330523570610006E-009
6.1832239555497682E-009  -8.0167420278280481E-004   4.2072299110150147E-009
6.1832239555497682E-009  -8.0211691595087468E-004   4.2096272376566666E-009
3.4432436515591053E-009  -8.1617341436955539E-004   4.2825788263521081E-009
3.4432436515591053E-009  -8.1624563314678820E-004   4.2829698982497203E-009
5.2827417076705257E-009  -8.0665603992580289E-004   4.2331662096886579E-009
7.1222397637819460E-009  -7.9720845339213296E-004   4.1841330946710426E-009
1.0153331976230854E-008  -7.8184419058944360E-004   4.1044414650137136E-009
1.6340674277756585E-008  -7.5135124043744885E-004   3.9464912297854144E-009
2.2528016579282319E-008  -7.2197749049360575E-004   3.7946184458789161E-009
2.2528016579282319E-008  -7.2194358697286241E-004   3.7944356965759494E-009
2.8715358880808053E-008  -6.9367520899155035E-004   3.6485637433466303E-009
3.4902701182333787E-008  -6.6641370025369274E-004   3.5081600292047605E-009
4.1090043483859521E-008  -6.4015753413324851E-004   3.3732147435660751E-009
4.7277385785385255E-008  -6.1487060900686458E-004   3.2435317308033561E-009
5.3464728086910989E-008  -5.9051748560801402E-004   3.1189184708717808E-009
5.9652070388436723E-008  -5.6706380609760113E-004   2.9991883318441016E-009
6.5839412689962450E-008  -5.4447640378469579E-004   2.8841611601041969E-009
7.2026754991488178E-008  -5.2272330974901008E-004   2.7736633140063771E-009
7.8214097293013905E-008  -5.0177372576652929E-004   2.6675275157083991E-009
8.4401439594539632E-008  -4.8159798693362755E-004   2.5655926474834143E-009
9.0588781896065360E-008  -4.6216752185052420E-004   2.4677035349453054E-009
9.6776124197591087E-008  -4.4345481298059064E-004   2.3737107313085772E-009
1.0296346649911681E-007  -4.2543335803239027E-004   2.2834703072507512E-009
1.0915080880064254E-007  -4.0807763261517386E-004   2.1968436477265929E-009
1.1533815110216827E-007  -3.9136305421845128E-004   2.1136972560037189E-009
1.2152549340369401E-007  -3.7526594749998001E-004   2.0339025648312816E-009
1.2771283570521974E-007  -3.5976351084529736E-004   1.9573357545392223E-009
1.3390017800674546E-007  -3.4483378415592412E-004   1.8838775778332656E-009
1.4008752030827119E-007  -3.3045561782243195E-004   1.8134131910461088E-009
1.4008752030827119E-007  -3.3043438767461593E-004   1.8132983538378848E-009
1.4627486260979692E-007  -3.1660864118797307E-004   1.7458320052687414E-009
1.5246220491132265E-007  -3.0327324152387334E-004   1.6810274663634878E-009
1.5864954721284837E-007  -2.9043052161295194E-004   1.6188970230454907E-009
1.6483688951437410E-007  -2.7806228719539250E-004   1.5593418682705190E-009
1.7102423181589983E-007  -2.6615101415160096E-004   1.5022668558434512E-009
1.7721157411742556E-007  -2.5467982531224547E-004   1.4475803531854696E-009
1.8339891641895128E-007  -2.4363246656001260E-004   1.3951941119093094E-009
1.8958625872047701E-007  -2.3299328383482985E-004   1.3450231429800392E-009
1.9577360102200274E-007  -2.2274720099399348E-004   1.2969855964190991E-009
2.0196094332352847E-007  -2.1287969849063438E-004   1.2510026454256599E-009
2.0814828562505419E-007  -2.0337679283868090E-004   1.2069983747662346E-009
2.1433562792657992E-007  -1.9422501683483243E-004   1.1648996732797957E-009
2.2052297022810565E-007  -1.8541140050949134E-004   1.1246361303482293E-009
2.2671031252963137E-007  -1.7692345277979269E-004   1.0861399361864855E-009
2.3289765483115710E-007  -1.6874914377887603E-004   1.0493457858118135E-009
2.3908499713268286E-007  -1.6087688783651563E-004   1.0141907865565180E-009
2.4527233943420861E-007  -1.5329552708716221E-004   9.8061436899363885E-010
2.5145968173573436E-007  -1.4599431568225655E-004   9.4855820114974065E-010
2.5764702403726012E-007  -1.3896290458464589E-004   9.1796610588364335E-010
2.6383436633878587E-007  -1.3219132692362709E-004   8.8878398131434042E-010
2.7002170864031163E-007  -1.2566998388999860E-004   8.6095972418570201E-010
2.7620905094183738E-007  -1.1938963115124125E-004   8.3444315605965710E-010
2.8550580775153941E-007  -1.1039748866074465E-004   7.9701198729607354E-010
2.8550580775153941E-007  -1.1037428942193299E-004   7.9688627741451630E-010
2.9480256456124144E-007  -1.0188912978810486E-004   7.6220602187147954E-010
3.0409932137094347E-007  -9.3845736064806742E-005   7.2992293733117006E-010
3.1339607818064550E-007  -8.6243933072712147E-005   7.0003595884713366E-010
3.2269283499034753E-007  -7.9060178470727202E-005   6.7241725561450825E-010
3.3198959180004956E-007  -7.2271723765382248E-005   6.4694336200620448E-010
3.4128634860975159E-007  -6.5856902763077794E-005   6.2349668855671542E-010
3.5058310541945362E-007  -5.9795183724390159E-005   6.0196580459845982E-010
3.5987986222915565E-007  -5.4067144931569949E-005   5.8224530546512490E-010
3.6917661903885768E-007  -4.8654426542914154E-005   5.6423555102261013E-010
3.7847337584855971E-007  -4.3539676577516435E-005   5.4784237234309905E-010
3.8777013265826174E-007  -3.8706496974738108E-005   5.3297677878924372E-010
3.9706688946796377E-007  -3.4139391635073309E-005   5.1955467586239842E-010
4.0636364627766580E-007  -2.9823716983000418E-005   5.0749659675154004E-010
4.1566040308736783E-007  -2.5745635134011951E-005   4.9672744802944662E-010
4.2495715989706986E-007  -2.1892069597783499E-005   4.8717626912633039E-010
4.3425391670677189E-007  -1.8250663403649038E-005   4.7877600496217682E-010
4.4355067351647392E-007  -1.4809739523964911E-005   4.7146329106148967E-010
4.5284743032617595E-007  -1.1558263472048435E-005   4.6517825048015394E-010
4.6214418713587798E-007  -8.4858079562044456E-006   4.5986430190039026E-010
4.7144094394558001E-007  -5.5825194771918324E-006   4.5546797828154999E-010
4.7144094394558001E-007  -5.5825194771918324E-006   4.5546797828154999E-010
4.7144094394558001E-007  -5.5825194843223277E-006   4.5546797828154999E-010
4.7144094394558001E-007  -4.9787869533103445E-006   4.5546797828154999E-010
4.7144094394558001E-007  -5.5825212424936797E-006   4.5546797828154999E-010
4.7144094394558001E-007  -5.5825194798775689E-006   4.5546797828154999E-010
4.7144094394558001E-007  -5.5825249253685881E-006   4.5546797828154999E-010
4.7144094394558001E-007  -5.5825194478952709E-006   4.5546797828154999E-010
4.7144094394558001E-007  -5.5825195618638352E-006   4.5556797828159598E-010
4.7144094394558001E-007  -5.5825194691050826E-006   4.5546797828154999E-010
4.7144094394558001E-007  -5.5825194777026271E-006   4.5546797828154999E-010
4.8073770075528210E-007  -2.8390851848556880E-006   4.5193877213741169E-010
4.9003445756498413E-007  -2.4670899661132493E-007   4.4922891203686739E-010
5.0423869701843552E-007   3.4304600809653851E-006   4.4662708761987583E-010
5.0423869701843552E-007   3.4528334854763726E-006   4.4650577404273607E-010

