0.0000000000000000        1.8478651052523953E-003  -9.5098742742883481E-009
1.2372448746096908E-014   1.8478649589906393E-003  -9.5098735126237289E-009
1.0798392635856810E-009   1.8350999686582948E-003  -9.4433979138622236E-009
5.3992314708042333E-010   1.8414824309463853E-003  -9.4766358776694446E-009
5.3992314708042333E-010   1.8414824309463853E-003  -9.4766358776694446E-009
5.3992314708042333E-010   1.8414824332920465E-003  -9.4766358776694446E-009
5.3992314708042333E-010   1.8420881126962254E-003  -9.4766358776694446E-009
5.3992314708042333E-010   1.8414824800874505E-003  -9.4766358776694446E-009
5.3992314708042333E-010   1.8414824318301933E-003  -9.4766358776694446E-009
5.3992314708042333E-010   1.8414825466788927E-003  -9.4766358776694446E-009
5.3992314708042333E-010   1.8414824213284786E-003  -9.4766358776694446E-009
5.3992314708042333E-010   1.8414823911541000E-003  -9.4765358776684929E-009
5.3992314708042333E-010   1.8414824277590484E-003  -9.4766358776694446E-009
5.3992314708042333E-010   1.8414824311144527E-003  -9.4766358776694446E-009
5.3992314708042333E-010   1.8415032495555589E-003  -9.4767492530577010E-009
1.0798462941608467E-009   1.8351415219539286E-003  -9.4436242318271069E-009
4.5940477417817455E-009   1.7938938227803596E-003  -9.2288716902268924E-009
4.5940477417817455E-009   1.7944716156448983E-003  -9.2320182227925205E-009
2.3690426682991000E-009   1.8200221795913289E-003  -9.3649131023783496E-009
2.3690426682991000E-009   1.8201006392422384E-003  -9.3653403727471293E-009
3.6582390424373533E-009   1.8051181803764977E-003  -9.2873707811772121E-009
4.9474354165756070E-009   1.7902917186705591E-003  -9.2102468123949792E-009
6.9837450881891865E-009   1.7670827264928170E-003  -9.0895621653685336E-009
1.0775877904435404E-008   1.7246220511023538E-003  -8.8689326590933676E-009
1.7208814261215484E-008   1.6548203357408010E-003  -8.5067215376594540E-009
1.7208814261215484E-008   1.6547581649490194E-003  -8.5063792898712201E-009
2.3641750617995563E-008   1.5876707210834902E-003  -8.1588635743851546E-009
2.3641750617995563E-008   1.5875809499920701E-003  -8.1583700456178046E-009
3.0074686974775643E-008   1.5230827264999720E-003  -7.8248713238573291E-009
3.6507623331555722E-008   1.4609725229991625E-003  -7.5042929596088977E-009
4.2940559688335801E-008   1.4012496816628998E-003  -7.1966398591978985E-009
4.9373496045115881E-008   1.3438239271941778E-003  -6.9014240309450306E-009
5.5806432401895960E-008   1.2886073484191533E-003  -6.6181700826794068E-009
6.2239368758676046E-008   1.2355150470745799E-003  -6.3464188498655324E-009
6.8672305115456125E-008   1.1844652724853151E-003  -6.0857281494093542E-009
7.5105241472236205E-008   1.1353793846239915E-003  -5.8356725905827613E-009
8.1538177829016284E-008   1.0881817624149937E-003  -5.5958430846400838E-009
8.7971114185796363E-008   1.0427996966260052E-003  -5.3658462691647272E-009
9.4404050542576443E-008   9.9916328051427258E-004  -5.1453039194745903E-009
1.0083698689935652E-007   9.5720530255870013E-004  -4.9338523708993532E-009
1.0726992325613660E-007   9.1686114262905314E-004  -4.7311419593801687E-009
1.1370285961291668E-007   8.7806867194155304E-004  -4.5368364823390276E-009
1.2013579596969677E-007   8.4076815681598770E-004  -4.3506126799286355E-009
1.2656873232647684E-007   8.0490216614063134E-004  -4.1721597361748156E-009
1.3300166868325691E-007   7.7041548241852829E-004  -4.0011787993417872E-009
1.3943460504003697E-007   7.3725501626133584E-004  -3.8373825208090537E-009
1.4586754139681704E-007   7.0536972419804579E-004  -3.6804946117535613E-009
1.4586754139681704E-007   7.0531910607122259E-004  -3.6802183407401583E-009
1.5230047775359710E-007   6.7471053890645670E-004  -3.5302493391349749E-009
1.5873341411037717E-007   6.4523024984938500E-004  -3.3863914773844598E-009
1.6516635046715724E-007   6.1688351249532519E-004  -3.2486752376267041E-009
1.7159928682393730E-007   5.8962669893358451E-004  -3.1168645347343898E-009
1.7803222318071737E-007   5.6341787014890495E-004  -2.9907323018551142E-009
1.8446515953749743E-007   5.3821670231074233E-004  -2.8700602117092234E-009
1.9089809589427750E-007   5.1398442464574087E-004  -2.7546383383785216E-009
1.9733103225105757E-007   4.9068375958614865E-004  -2.6442648331929729E-009
2.0376396860783763E-007   4.6827886519036936E-004  -2.5387456134733904E-009
2.1019690496461770E-007   4.4673527977609305E-004  -2.4378940633968929E-009
2.1662984132139777E-007   4.2601986868973579E-004  -2.3415307464383771E-009
2.2306277767817783E-007   4.0610077313245829E-004  -2.2494831289146088E-009
2.2949571403495790E-007   3.8694736096395795E-004  -2.1615853141931867E-009
2.3592865039173796E-007   3.6853017940764217E-004  -2.0776777871512922E-009
2.4236158674851803E-007   3.5082090958345451E-004  -1.9976071684871715E-009
2.4879452310529810E-007   3.3379232279750375E-004  -1.9212259785032798E-009
2.5522745946207816E-007   3.1741823852032543E-004  -1.8483924099950531E-009
2.6166039581885823E-007   3.0167348398831012E-004  -1.7789701098935139E-009
2.6809333217563829E-007   2.8653385536534908E-004  -1.7128279693235851E-009
2.7452626853241836E-007   2.7197608040423638E-004  -1.6498399217531097E-009
2.7452626853241836E-007   2.7195290623742890E-004  -1.6497138633111230E-009
2.8095920488919843E-007   2.5797778807104993E-004  -1.5898846989117049E-009
2.8739214124597849E-007   2.4451744807914722E-004  -1.5328458765449094E-009
2.9382507760275856E-007   2.3157438685683513E-004  -1.4786112597612210E-009
3.0025801395953862E-007   2.1912870830270142E-004  -1.4270731258991446E-009
3.0669095031631869E-007   2.0716128686379978E-004  -1.3781278519374100E-009
3.1312388667309876E-007   1.9565373275239156E-004  -1.3316758009313622E-009
3.1955682302987882E-007   1.8458836372219799E-004  -1.2876211676236050E-009
3.2598975938665889E-007   1.7394817785695529E-004  -1.2458718306723841E-009
3.3242269574343896E-007   1.6371682738253269E-004  -1.2063392107979348E-009
3.3885563210021902E-007   1.5387859348027388E-004  -1.1689381344667400E-009
3.4528856845699909E-007   1.4441836206868306E-004  -1.1335867028499561E-009
3.5172150481377915E-007   1.3532160051798610E-004  -1.1002061658360544E-009
3.5815444117055922E-007   1.2657433526218009E-004  -1.0687208008973090E-009
3.6458737752733929E-007   1.1816313027410651E-004  -1.0390577966211858E-009
3.7102031388411935E-007   1.1007506637028852E-004  -1.0111471407261879E-009
3.7745325024089942E-007   1.0229772131349298E-004  -9.8492151238908936E-010
3.8388618659767948E-007   9.4819150682220554E-005  -9.6031617871730590E-010
3.9031912295445955E-007   8.7627869477502847E-005  -9.3726889520661188E-010
3.9675205931123962E-007   8.0712834438541060E-005  -9.1571981003060940E-010
4.0318499566801968E-007   7.4063427039812378E-005  -8.9561137201427203E-010
4.0318499566801968E-007   7.4063427039812378E-005  -8.9561137201427203E-010
4.0318499566801968E-007   7.4063427134429401E-005  -8.9561137201427203E-010
4.0318499566801968E-007   7.4666945073315131E-005  -8.9561137201427203E-010
4.0318499566801968E-007   7.4063430966831597E-005  -8.9561137201427203E-010
4.0318499566801968E-007   7.4063427075450673E-005  -8.9561137201427203E-010
4.0318499566801968E-007   7.4063437869030760E-005  -8.9561137201427203E-010
4.0318499566801968E-007   7.4063426651315025E-005  -8.9561137201427203E-010
4.0318499566801968E-007   7.4063426302971411E-005  -8.9551137201418049E-010
4.0318499566801968E-007   7.4063426903899938E-005  -8.9561137201427203E-010
4.0318499566801968E-007   7.4063427046591271E-005  -8.9561137201427203E-010
4.0961793202479975E-007   6.7669439795322426E-005  -8.7688821588533768E-010
4.1605086838157981E-007   6.1521050624354693E-005  -8.5949717401951326E-010
4.2248380473835988E-007   5.5608821809945907E-005  -8.4338705896166970E-010
4.2891674109513995E-007   4.9923676257028067E-005  -8.2850867272400361E-010
4.3864799870363066E-007   4.1746621557085270E-005  -8.0829634598971700E-010
4.3864799870363066E-007   4.1723607001799864E-005  -8.0817134803758506E-010
4.4837925631212137E-007   3.4029095079108360E-005  -7.9057664902562347E-010
4.5811051392061208E-007   2.6752391052445472E-005  -7.7524827697766462E-010
4.6784177152910279E-007   1.9893357962825469E-005  -7.6218574722278930E-010
4.7757302913759350E-007   1.3428701305087019E-005  -7.5126278714551713E-010
4.8730428674608416E-007   7.3359662612051946E-006  -7.4235766488217076E-010
4.9703554435457481E-007   1.5938208948697206E-006  -7.3535473071669382E-010
5.0676680196306547E-007  -3.8178957698822142E-006  -7.3014467943139779E-010

