1
0
63
1
(4 0
((0,0) (15,255) (0,0))
((0,768) (15,1023) (0,0))
((0,512) (15,767) (0,0))
((0,256) (15,511) (0,0))
)
4
FabOnDisk: SD_0_New_MF_D_0003 0
FabOnDisk: SD_0_New_MF_D_0000 0
FabOnDisk: SD_0_New_MF_D_0001 0
FabOnDisk: SD_0_New_MF_D_0002 0

4,63
-2.118511811958043e-07,2.167844202606773e+00,1.581462475310925e-01,4.688639278831263e-23,1.727251187321908e-21,5.174415753052241e-17,1.388295103697464e-11,4.809394016270314e-08,3.493887538398193e-09,5.589405768142575e-12,2.897636664728680e-03,0.000000000000000e+00,5.617005756541050e-28,3.692974251227289e-29,2.000489758167530e-13,6.499272034094598e-14,3.858670184596949e-23,8.714103055672759e-12,3.267992011955187e-17,5.984767480199657e-29,9.279853895465827e-13,8.557609686528298e-10,4.395292050721600e-11,2.743735534390198e-34,5.575701688310449e-12,3.907387158690697e-26,0.000000000000000e+00,0.000000000000000e+00,0.000000000000000e+00,6.588094373507689e-28,3.694448583726909e-13,0.000000000000000e+00,6.191133718061692e-24,0.000000000000000e+00,0.000000000000000e+00,0.000000000000000e+00,0.000000000000000e+00,0.000000000000000e+00,0.000000000000000e+00,0.000000000000000e+00,0.000000000000000e+00,0.000000000000000e+00,0.000000000000000e+00,3.955334040317953e-16,4.036858281619381e-17,5.998351920392495e-19,1.137909356319345e-16,3.678849701506690e-17,1.512360531591642e-15,3.505444450842898e-16,6.316276047696741e-16,0.000000000000000e+00,0.000000000000000e+00,0.000000000000000e+00,0.000000000000000e+00,0.000000000000000e+00,0.000000000000000e+00,0.000000000000000e+00,1.134466691878801e-01,3.802998905641096e+03,0.000000000000000e+00,4.430000186258854e+02,1.012976678987099e+05,
-1.949680549291904e-09,5.739066264860083e+00,1.460956679173033e-01,6.123995684577084e-06,5.847696098827221e-05,4.698702634937491e-04,1.349624000536511e-07,5.711546837552802e-05,1.235252238637225e-02,1.213285974569260e-08,1.186046906690299e-03,5.161083014685748e-11,2.732740054869327e-10,2.309903309075467e-11,1.092803326102273e-09,2.991349836906154e-10,8.755391121863253e-10,1.637133056399956e-09,3.567567829138420e-12,1.180129394396539e-11,1.256931052113767e-11,3.573711279046263e-03,2.343755954002389e-02,8.803314646592633e-11,9.080234196159112e-09,1.009871455899581e-10,3.387864213609984e-09,6.991219650745342e-14,1.264328545632107e-15,3.011937913406739e-09,1.631013879218837e-09,4.157187144432422e-15,2.199672496009773e-12,4.947353191342451e-14,8.217364117299975e-14,1.592609920460653e-15,3.198391566113306e-15,2.810458393780816e-15,9.775862681165018e-19,4.526988577167824e-17,1.698874351683543e-20,8.001101414092572e-22,2.159749192203798e-17,7.892041010558312e-14,1.759719221071043e-17,1.208225117382371e-18,5.919061428738468e-07,4.025827629392445e-06,1.806918352454578e-08,1.346809065635132e-08,8.236013367230579e-09,4.284298130338337e-13,7.059183443273496e-16,1.153970639328381e-24,0.000000000000000e+00,1.768758899982322e-32,9.231035041891047e-32,2.008282006762615e-28,1.047814605834813e-01,7.928043568307164e+03,0.000000000000000e+00,2.330785460364577e+03,1.013249987252177e+05,
-1.269120156411673e-09,5.669373897308371e+00,1.469425967779909e-01,7.213836871494302e-06,6.955680172863908e-05,5.064548545664645e-04,1.327243276756045e-07,6.115966770443395e-05,1.235467922506139e-02,1.461347910414456e-08,1.325561673757754e-03,8.209939852473921e-11,3.950950679823622e-10,3.448751062368707e-11,1.518231876064890e-09,3.809147788204025e-10,1.132446275473351e-09,2.364866292742874e-09,5.174679114279934e-12,1.771517562442397e-11,1.791455504814249e-11,3.782294101880640e-03,2.304646992217572e-02,1.287958253286983e-10,1.266422330394664e-08,1.666789636372021e-10,5.046445629983194e-09,1.283409456722627e-13,2.329561541991591e-15,4.207713049129766e-09,2.203831282339786e-09,8.788971492491138e-15,4.013840990237017e-12,1.043323433611746e-13,1.264924201010282e-13,3.255054812924301e-15,5.438530341898408e-15,4.874787228007370e-15,2.378208092411798e-18,1.010944180074183e-16,3.703032476611952e-20,2.198260850372809e-21,4.970413851156457e-17,1.402549047006888e-13,3.905752893842530e-17,2.429329483508129e-18,9.367982745931860e-07,6.397059189053052e-06,2.496228037272252e-08,2.860848870609552e-08,1.765989087216534e-08,7.301539504738350e-13,1.273537754412449e-15,2.053715604839895e-24,0.000000000000000e+00,0.000000000000000e+00,0.000000000000000e+00,5.250501257380751e-28,1.053915195936296e-01,7.832194175033355e+03,0.000000000000000e+00,2.290956139695465e+03,1.013249979623278e+05,
-8.881410767586747e-10,5.411808147693415e+00,1.490940206217458e-01,1.048503618427526e-05,1.018941181343605e-04,5.949356747178172e-04,1.327402548752122e-07,7.181847256452256e-05,1.230697652737137e-02,2.236900672534307e-08,1.668036346604646e-03,1.382928805190969e-10,4.053876992934783e-10,5.067898956816388e-11,1.358580637156367e-09,1.926639240682185e-10,1.907758812146886e-09,2.809463599790427e-09,5.325753051672073e-12,2.631832770584287e-11,1.903189275779193e-11,4.294237650633393e-03,2.221512788753723e-02,1.279400567966740e-10,1.043664390614881e-08,3.027090681875238e-10,6.753259114466975e-09,3.005256765618172e-13,5.427432178795112e-15,2.888892448233118e-09,1.150403712576370e-09,2.756137657433763e-14,8.886794161303281e-12,3.256145350327088e-13,2.705132089015351e-14,7.367956957735325e-15,7.759113498870855e-15,8.859404172607445e-15,9.529295195510666e-18,3.354289915983379e-16,1.136001337052112e-19,1.181441316496526e-20,1.783994397665422e-16,4.706416640635809e-14,8.416767410967708e-17,2.930938260351587e-18,1.564186757284105e-06,1.078281500146741e-05,1.734477078710592e-08,9.680500652485755e-08,6.115284965921443e-08,1.446271565904171e-12,2.873717837434019e-15,0.000000000000000e+00,0.000000000000000e+00,0.000000000000000e+00,0.000000000000000e+00,0.000000000000000e+00,1.069389567088763e-01,5.492939594814018e+03,0.000000000000000e+00,2.141440726150737e+03,1.013249539379457e+05,

4,63
2.027478791740684e-07,5.409310493322899e+00,8.373324639701415e-01,5.025200087390898e-05,4.335270730924075e-04,9.489619130109254e-04,1.172002869026598e-04,4.003709517769747e-04,1.298636092989089e-02,2.111131289960514e-05,1.827791942668237e-01,1.503295768548241e-06,6.673181247928189e-06,7.481694627580198e-07,2.367690640348047e-04,2.721330462542487e-04,2.011230174401610e-05,5.124151697597511e-04,1.477170826595041e-05,9.774917966651409e-07,6.837838856164009e-05,1.440310382960065e-02,2.221262568261313e-02,8.720255376616402e-07,6.481467731846505e-04,2.236274357866953e-05,4.588401360004123e-03,1.019043161508079e-04,4.699326105877051e-04,3.317857104736915e-05,1.125207498926288e-04,1.314361766108513e-07,3.194615819077891e-05,3.782684216271911e-05,1.254689461615196e-05,5.857842353178485e-05,3.151962939358638e-05,4.093950248927213e-05,3.103969558919426e-06,6.470807900115849e-04,1.053043229396198e-05,4.278167769887363e-06,1.143347222228456e-04,1.947702669331158e-05,7.170755001098468e-07,1.746656568322996e-08,2.504083901039152e-06,1.768327271298522e-05,2.998178191563694e-05,1.277098742429241e-05,1.641549193856606e-05,1.696624252382143e-06,4.365336229902698e-04,9.320218108418159e-06,5.259453206389009e-02,1.613741949006883e-03,1.423089636897294e-04,4.407105819560323e-04,6.019586850166259e-01,7.431139340383543e+04,0.000000000000000e+00,2.140022760025087e+03,1.013366668790185e+05,
1.951077620925162e-09,5.768832369964841e+00,1.469375582860486e-01,7.206945931079567e-06,6.948745431645141e-05,5.062377519992869e-04,1.366506875010885e-07,6.113489523958456e-05,1.235466916342461e-02,1.459767792271815e-08,1.324739277403397e-03,8.193686041594847e-11,3.945324252766973e-10,3.443176488931200e-11,1.516402984203704e-09,3.806443884890775e-10,1.130840470819705e-09,2.361482494842804e-09,5.167230609293982e-12,1.768599912019629e-11,1.789052559340976e-11,3.781058763595615e-03,2.360551220908713e-02,1.286052225619248e-10,1.264886156911080e-08,1.663163480453881e-10,5.038461247562823e-09,1.279812664598013e-13,2.323013486552799e-15,4.202632582467563e-09,2.201624030681290e-09,8.757359936701385e-15,4.002896966853602e-12,1.039587012037338e-13,1.263139032111443e-13,3.245028956601495e-15,5.426844086920901e-15,4.863402624861326e-15,2.367978103997489e-18,1.007091310485292e-16,3.689752054553527e-20,2.187241732777654e-21,4.950553747579191e-17,1.399880196694817e-13,3.893238747100721e-17,2.422929512513768e-18,9.349844874615502e-07,6.384524176143011e-06,2.493381192779940e-08,2.850362890103519e-08,1.759418232721708e-08,7.284239313284513e-13,1.270094193079560e-15,2.048405071649675e-24,4.017825775245400e-30,9.974996264068092e-30,7.802213569785116e-29,5.229784872949125e-28,1.053878940467716e-01,7.965184155351322e+03,0.000000000000000e+00,2.346779636356215e+03,1.013250013319962e+05,
1.158109121912941e-09,5.738898947806467e+00,1.490801993858740e-01,1.046227290116858e-05,1.016725617429090e-04,5.944023205136898e-04,1.349524059479380e-07,7.175097740571478e-05,1.235672434453848e-02,2.231324600325551e-08,1.665905142666921e-03,1.380059693652450e-10,5.355381000249811e-10,5.061219211275712e-11,1.908249728680492e-09,4.069594423823184e-10,1.902231716283636e-09,3.239515818526051e-09,7.030317010625030e-12,2.628206917581180e-11,2.360892951596729e-11,4.291103082164962e-03,2.343657202020976e-02,1.769777212874251e-10,1.587243409230158e-08,3.019471240523958e-10,7.258937848969519e-09,2.993094257122751e-13,5.405842770120427e-15,5.190898577842034e-09,2.503950003509829e-09,2.740655837272166e-14,8.855007836899872e-12,3.237869529856034e-13,1.488513549815363e-13,7.343963998669537e-15,8.977218348079178e-15,8.839414078748422e-15,9.462918185040774e-18,3.334506042731634e-16,1.129611351233942e-19,1.171099741587508e-20,1.772579495634493e-16,1.802892373398638e-13,8.394118765337191e-17,4.187376964232800e-18,1.560909166394264e-06,1.075960640174916e-05,3.024373231229496e-08,9.618754856156081e-08,6.075408919354495e-08,1.441800655990515e-12,2.862703981425564e-15,4.325123862335275e-24,4.114709406789382e-26,3.087795753237598e-23,1.403834530260050e-22,4.013886734798516e-24,1.069290103086359e-01,7.930707966025129e+03,0.000000000000000e+00,2.330690134159655e+03,1.013250005647194e+05,
9.178381008361281e-10,5.668943310682395e+00,1.580529182335910e-01,2.921468676503935e-05,2.702919606285077e-04,8.562109619221991e-04,1.938166182995631e-07,1.117097385014382e-04,1.235671921536237e-02,7.365019460588280e-08,2.886875085711522e-03,1.961706922789015e-10,5.630348682863525e-10,5.860271928373833e-11,1.938371483381237e-09,3.972597247966270e-10,7.076603245063034e-09,3.483626105510238e-09,7.380381876561741e-12,3.087750233080882e-11,2.456527513090729e-11,5.973059757036118e-03,2.304420753000770e-02,1.860717749249791e-10,1.605516840651656e-08,5.189230885439068e-10,8.096657455872922e-09,1.184419470238004e-12,2.074744989672265e-14,5.208331222731017e-09,2.489806727190180e-09,1.877934822895988e-13,2.229761885344970e-11,2.380950175135347e-12,1.456787543640826e-13,1.199562709593278e-14,1.046529929159026e-14,1.217327745475795e-14,1.279573087142533e-16,2.792617929260931e-15,1.644845276366430e-18,4.324813075825146e-19,2.253715279127622e-15,1.792183359741535e-13,1.178169117052801e-16,4.543517326620696e-18,2.504064403926037e-06,1.768228203276033e-05,3.030400802625238e-08,1.678035460997928e-06,1.142390527022883e-06,3.715683679729640e-12,9.972405838635357e-15,2.698832266818288e-19,3.883623186773325e-18,2.116611017004327e-17,6.750561268045178e-17,5.714509841858475e-18,1.133801260016817e-01,7.830961299691535e+03,0.000000000000000e+00,2.290704701428953e+03,1.013250058242434e+05,

