1
0
56
1
(4 0
((0,0) (15,255) (0,0))
((0,768) (15,1023) (0,0))
((0,512) (15,767) (0,0))
((0,256) (15,511) (0,0))
)
4
FabOnDisk: SD_5_Old_MF_D_0003 0
FabOnDisk: SD_5_Old_MF_D_0000 0
FabOnDisk: SD_5_Old_MF_D_0001 0
FabOnDisk: SD_5_Old_MF_D_0002 0

4,56
-7.660528913654933e+00,-1.606539237878927e+01,-2.575672738399701e+01,-5.931668899818608e+00,-8.215603873664008e+00,-8.583736454369360e+00,-1.133298441109354e+00,-6.326592189979696e+02,-2.767665416400688e-01,-7.707996826540470e-01,-8.922187395691641e-02,-1.373284960909333e+01,-1.273053723591577e+01,-1.381539424485221e+00,-9.481489537735822e+00,-4.527103387324605e-01,-7.132707903617597e-02,-2.795859298643082e+00,-1.327764670832076e+02,4.112344958919628e-19,-9.602372276903548e-02,-4.947941448740603e+01,-1.839184201980223e+00,-2.034367059399550e+02,-7.493656574456066e+00,-2.484485003131181e+01,-4.483181959803921e+00,-2.825931126860427e+00,-8.973119311794439e-03,-2.006779886697988e+00,-1.602128039051797e+00,-9.466361064955210e-01,-3.777996259077741e+00,-2.203048530846604e+00,-3.152889668335231e+00,-2.166161315879573e-01,-3.257253256292805e+01,-5.149519153678536e-01,-3.195142917779698e-01,-8.532800476130241e+00,-1.011375719573725e+00,-1.689582211222775e-02,-7.030056353446768e-04,-8.293480739325258e-02,-1.827127525245484e-01,-2.103113423786066e+00,-6.984946960734167e-02,-4.008856752233174e-01,-1.349388814743446e-01,-2.397092908476605e+01,-4.833481064639121e-01,-5.951419055802884e+02,-8.940321872619273e+01,-9.598148012578214e+00,-2.454079780173813e+01,-1.441549102310091e-09,
-4.041581250333940e-03,-3.009314296534830e-02,-8.863705813109142e-02,1.382072507940728e-07,-1.102157836794630e-02,1.041713945395974e-01,-6.714824759640118e-06,-3.371199919496419e-01,-9.120236449901647e-08,-3.104678757155799e-07,-2.648124759725242e-08,-1.143945895111794e-06,-2.643055898332300e-07,-6.764259878808443e-07,-1.376180545791957e-06,-2.941507069108348e-09,-1.150149734168798e-08,-1.049621635259151e-08,-4.797550078165554e-01,2.656013192034768e-01,-8.265270146646444e-08,-8.338914285488414e-06,-1.472806910746775e-07,-3.491186175670690e-06,-1.492104028471181e-10,-2.714594931761427e-12,-3.798410538511113e-06,-1.235957494980183e-06,-1.333166215763856e-11,-4.512580092296418e-09,-1.575324609734129e-10,-7.988746001925927e-11,-4.072844102960653e-12,-4.613932553752406e-12,-4.567779232673193e-12,-4.307820538702460e-15,-1.608888999321959e-13,-5.504056886732909e-17,-9.096315040615623e-19,-8.285051437690492e-14,-1.025353538477629e-10,-4.996297207186972e-14,-2.499160478141013e-15,-7.213511214687366e-04,-4.990776648389848e-03,-1.277235663921791e-05,-4.376478445163129e-05,-2.745077304950777e-05,-7.003339803564572e-10,-1.408538509112232e-12,-2.251827170751693e-20,-1.717354602925293e-20,-5.359595769543811e-24,-2.642665680897494e-23,-5.828329363337666e-25,-4.229724903659360e-11,
-1.233034958235324e-02,-9.254589655558751e-02,-2.027517096630539e-01,2.978087707007131e-06,-2.895776952856970e-02,1.836334979497771e-01,-2.280408784841396e-05,-8.208896853486560e-01,-1.071395430250807e-07,-2.186334389751624e-07,-2.436858332027668e-08,-6.879492130166648e-07,-8.858066575089976e-08,-2.243388598249663e-06,-1.321362434956599e-06,-2.893807684970161e-09,-1.302764924862346e-08,-9.201248231976919e-09,-1.136190321273761e+00,7.754101996836124e-01,-7.460309511306897e-08,-5.781885693178812e-06,-2.879723189541700e-07,-3.307550315622792e-06,-4.846292929730635e-10,-8.578185059115033e-12,-1.902327512180111e-06,-7.991229965175746e-07,-6.320668351191211e-11,-1.241371669858197e-08,-7.463920174523254e-10,-6.494803633673923e-11,-9.021120457870736e-12,-5.463903355911949e-12,-7.286683846089804e-12,-2.719568207017156e-14,-7.997469260571677e-13,-2.582602436083376e-16,-2.681346829649702e-15,-4.613792330484429e-13,-9.922320540546675e-11,-8.114771848665720e-14,-2.692104501900613e-15,-1.200223320861694e-03,-8.529221489147665e-03,-1.060103119987451e-05,-2.508457388181309e-04,-1.622572779682789e-04,-1.712025946557518e-09,-4.300777188029411e-12,-6.778059841638787e-20,-9.126561967273940e-17,-2.014436223400478e-17,-7.403630816811856e-17,-2.168822176580238e-18,-5.701839000948894e-11,
-1.544792172172658e-01,-7.575435064869047e-01,-5.272075402701901e-01,-5.067392557312252e-04,-1.484287678343772e-01,4.873061539243538e-01,-2.675116669650689e-04,-3.934499391062732e+00,-1.105195584858367e-07,-1.220640807845407e-07,-2.232332062304259e-08,-1.382367166506349e-07,1.425392111949307e-07,-2.703296763400529e-05,-9.159149341717399e-07,-1.632250796861565e-09,-1.232939699934585e-08,-4.381421292194854e-09,-4.341907306866433e+00,1.825997760477543e+00,-4.350471813118879e-08,-9.124833427602253e-07,-3.609815336266856e-07,-2.767387066960847e-06,-2.839789920135487e-09,-5.111049301446164e-11,1.661629053673498e-07,5.872982679388140e-07,-5.791609134401209e-10,-2.374255918560463e-08,-8.845943779001695e-09,6.784371356131738e-11,-1.338601279982450e-11,-1.064882438881539e-11,-2.621253884012623e-10,-7.149652890110928e-12,-1.998457634422765e-10,-1.830268864904482e-10,-3.363337385472323e-14,-2.774857145648656e-11,-8.577155187076527e-10,-2.698538595818043e-12,-7.264436773954402e-14,-1.409857434292117e-03,-1.039386311700165e-02,8.285007730186405e-07,-1.471492540792477e-02,-1.027343134800116e-02,-4.505506785816436e-09,-2.425974579251563e-10,-6.757665314557437e-11,-3.516383120720256e-09,-6.220586104818534e-11,-1.954717030138778e-10,-1.650466789376685e-11,-8.065148549007972e-11,

4,56
5.668865669882713e+00,2.894638171087539e+01,4.348270373447808e+01,7.328193567296511e+00,1.333815548590021e+01,3.141046840806037e+02,6.150457199614323e-01,1.360190314159127e-05,6.442581426042743e-01,1.397403379492539e+00,1.624743607074190e-01,2.559683138079163e+01,1.592781933132209e+01,1.905947760854453e+00,1.562157061008450e+01,4.174558500688028e-01,1.317270986154229e-01,2.760318152765383e+00,4.618245823655304e+02,2.812597311666033e+02,2.100764312124782e-01,6.028911971796549e+01,3.824016400177680e+00,2.983966101165979e+02,1.322716983324127e+01,2.601476902369647e+01,8.667364928693575e+00,3.469870412384498e+00,1.561872933533523e-02,3.775804499789164e+00,2.413839617860236e+00,1.101475956827092e+00,3.888581557551614e+00,2.331114216595696e+00,3.870096958285839e+00,1.981591920145848e-01,3.490991242259332e+01,1.057327199438733e+00,5.824404414481267e-01,7.916956213191860e+00,1.523830582187139e+00,4.380977493315967e-02,1.125046250806396e-03,7.557005050467526e-02,3.920618374820116e-01,2.411374581835124e+00,4.749131057586555e-01,6.889317294564026e-01,1.805978623214509e-01,1.661991004707427e+01,7.826313735640686e-01,7.216605011819190e-01,9.128691430957421e+01,1.421618717879727e+01,2.556384615825926e+01,6.384652806445956e-10,
-1.942148250616404e-03,-1.162908230843609e-02,-3.221718769716886e-02,6.392609941020780e-06,-5.893160418219526e-03,1.830538974181374e-01,-1.729883393176693e-06,-1.556598868693993e-01,-4.197819640177426e-08,-1.815093255094417e-07,-1.637330399266329e-08,-6.575183594756060e-07,-8.911210413716479e-08,-1.921809693544635e-07,-1.086014108179849e-06,-2.391784797839576e-09,-8.442261951192772e-09,-8.173818522489909e-09,-1.614624955624575e-01,7.730382871026603e-01,-6.005257743509794e-08,-5.573400477066528e-06,-8.515580473772599e-08,-2.416095838895736e-06,-6.675035367633736e-11,-1.219994908404478e-12,-1.856407198597935e-06,-8.012415511907171e-07,-4.513271697993820e-12,-2.139973124386806e-09,-5.357986823951279e-11,-6.511753487299587e-11,-1.798437577181069e-12,-3.012209840235055e-12,-2.558564388475392e-12,-1.038980814979913e-15,-4.691511286855502e-14,-1.775011855198545e-17,7.911697675980166e-19,-1.983410564987341e-14,-9.279756254014158e-11,-2.240432268994099e-14,-1.505455352319946e-15,-4.533775014339397e-04,-3.090034827812870e-03,-1.061351750892579e-05,-1.179246585861262e-05,-7.225728496158783e-06,-3.281469382145909e-10,-5.445228779631146e-13,2.212606137662553e-20,1.710244071999946e-20,2.366926473122768e-24,1.906303859781314e-25,1.124190815846713e-24,4.361501437788462e-11,
-3.669076540066491e-03,-3.020232374762177e-02,-8.889421482023960e-02,7.533480533272257e-06,-1.105715154034606e-02,4.850368860012742e-01,-6.738767976784400e-06,-3.381604313287095e-01,-6.711995122891442e-08,-1.233358893314271e-07,-2.204234972453971e-08,-1.433802234530192e-07,1.410760101928899e-07,-6.789534821727544e-07,-9.217888995518476e-07,-1.648873311779420e-09,-1.151249495763354e-08,-4.434827454324082e-09,-4.812391773569392e-01,1.818797283418393e+00,-4.394072244704214e-08,-9.584355708381180e-07,-1.476244736927017e-07,-2.778246283497620e-06,-1.497488984625606e-10,-2.724567036488642e-12,1.471887712067975e-07,5.767440741032828e-07,-1.339745713206171e-11,-4.528104246523736e-09,-1.583086030874328e-10,6.681801814885495e-11,-4.086024985506968e-12,-4.620970062001049e-12,-4.578200535513979e-12,-4.332580160665197e-15,-1.617046099593232e-13,-5.528943591947949e-17,1.832981852777993e-16,-8.328882659688768e-14,5.743485581803478e-11,-5.008770032164658e-14,-1.810067501589425e-15,-7.227896870526184e-04,-5.001047014045092e-03,7.288730957383479e-07,-4.399524797066337e-05,-2.759662285745925e-05,-7.024255235952040e-10,-1.413637163098283e-12,5.609536319622051e-19,1.063173713794497e-17,2.468354746280064e-23,3.760092606974482e-24,7.350602930171050e-24,4.776024020713976e-11,
-1.240423595733660e-02,-9.305584811040056e-02,-2.035035482340944e-01,2.874989779263300e-06,-2.909096758869953e-02,2.999836892119137e+00,-2.294208869551931e-05,-8.243332609479374e-01,4.053355351565354e-07,1.361439523776213e-06,1.259219946996580e-07,4.095691367390775e-06,6.421709072290870e-07,-2.257099868784837e-06,7.173365439408725e-06,1.668067752075456e-08,6.021262111933091e-08,4.676037239794120e-08,-1.140724040328073e+00,6.873595513619371e+00,4.604000584534028e-07,3.483507813077901e-05,5.092269701619959e-07,1.660315441411482e-05,-4.874103926825605e-10,-8.625761020494291e-12,1.179476403936683e-05,4.352224516792951e-06,-6.369017488635530e-11,2.711625750794588e-09,-7.521548702982921e-10,2.752719012069196e-10,9.343401457712506e-11,1.141877348909495e-10,1.244527319172746e-10,2.613484938888871e-12,1.756118764651642e-10,5.558515475601009e-10,5.402695461228970e-14,1.880417536929135e-11,3.448733323508708e-10,1.830840489812528e-13,1.002190139958483e-14,1.114652059419118e-03,7.719940688646360e-03,6.222974160637835e-05,-2.531897245196803e-04,-1.638024098773847e-04,-1.719243398243458e-09,1.041016895145354e-10,2.387436819386699e-10,7.327911400713449e-09,1.125359823587184e-10,6.750583620837598e-11,3.200446015671710e-11,9.561951230807608e-11,

