1
0
56
1
(4 0
((0,0) (15,255) (0,0))
((0,768) (15,1023) (0,0))
((0,512) (15,767) (0,0))
((0,256) (15,511) (0,0))
)
4
FabOnDisk: SD_5_New_MF_D_0003 0
FabOnDisk: SD_5_New_MF_D_0000 0
FabOnDisk: SD_5_New_MF_D_0001 0
FabOnDisk: SD_5_New_MF_D_0002 0

4,56
-7.693089352737494e+00,-1.603617414631622e+01,-2.580960244535045e+01,-5.984702207578442e+00,-8.199959082426723e+00,-8.608386969113631e+00,-1.140927990464174e+00,-6.325193954791052e+02,-2.739296518423148e-01,-7.757339312167124e-01,-8.878539999509502e-02,-1.377550258881948e+01,-1.267501604045377e+01,-1.374892127070060e+00,-9.467168592546422e+00,-4.552136441837875e-01,-7.139939347473936e-02,-2.807686887938480e+00,-1.330282653706611e+02,3.599890025830776e-19,-9.515333054041965e-02,-4.955998594467091e+01,-1.838391339797204e+00,-2.030085109720112e+02,-7.570893649690500e+00,-2.492363832217868e+01,-4.489330542535347e+00,-2.837123997520827e+00,-8.985605184456803e-03,-2.010971590561971e+00,-1.603714625970639e+00,-9.432218494214633e-01,-3.812250421359803e+00,-2.224629428536467e+00,-3.190252096519533e+00,-2.180593967312146e-01,-3.273020265029304e+01,-5.173207579507295e-01,-3.237226063991955e-01,-8.568710369553949e+00,-1.016988176800556e+00,-1.692570200120488e-02,-7.029140752207612e-04,-8.386890968651477e-02,-1.789568834591007e-01,-2.113833776758264e+00,-6.979766664591215e-02,-4.022933965272808e-01,-1.322072467629796e-01,-2.432646234458550e+01,-4.768500758604239e-01,-5.922988142839017e+02,-8.772050274676774e+01,-9.531520790321256e+00,-2.438018780087798e+01,-6.830305210314691e-10,
-4.039689819914386e-03,-3.010427988452939e-02,-8.866427512242755e-02,1.394301380961873e-07,-1.102405129333157e-02,1.042151532086031e-01,-6.717867425142167e-06,-3.372468038399008e-01,-9.120988186433150e-08,-3.104723630755107e-07,-2.648252227476266e-08,-1.143900777502224e-06,-2.642557777838766e-07,-6.767459380652290e-07,-1.376179064457232e-06,-2.941543755707925e-09,-1.150275050385024e-08,-1.049592265497230e-08,-4.799770582433074e-01,2.658817195753204e-01,-8.265878586071178e-08,-8.338958858017844e-06,-1.473233905665723e-07,-3.491562502534226e-06,-1.492775960685417e-10,-2.715814131492747e-12,-3.798344132705619e-06,-1.235867767228098e-06,-1.333971520832193e-11,-4.514526309675205e-09,-1.576265924043140e-10,-7.988452230782826e-11,-4.074481665758063e-12,-4.614808336779112e-12,-4.569105237644745e-12,-4.310849101466894e-15,-1.609891996299529e-13,-5.507188887034392e-17,-9.085059597431426e-19,-8.290547722234996e-14,-1.025573460991700e-10,-4.997956665489788e-14,-2.499551726934869e-15,-7.215319638024611e-04,-4.992067882388623e-03,-1.277244808529717e-05,-4.379316406197112e-05,-2.746878583262962e-05,-7.005988302887271e-10,-1.409179614017884e-12,-2.197916715803691e-20,-1.652716533035629e-20,-4.461832219602959e-24,-1.947209614032086e-23,-5.465499250241428e-25,-3.965228145830224e-11,
-1.233723227440686e-02,-9.260851981708093e-02,-2.028465412822957e-01,2.964408168830943e-06,-2.897290089115841e-02,1.836711452810412e-01,-2.282191732569520e-05,-8.213398232983913e-01,-1.071526876083127e-07,-2.186187478748802e-07,-2.436655535108017e-08,-6.878612175250247e-07,-8.851254122133595e-08,-2.245181302709850e-06,-1.321285976665386e-06,-2.893703240804694e-09,-1.303045569654750e-08,-9.200844205866654e-09,-1.136841447297772e+00,7.757670060274622e-01,-7.459896565460363e-08,-5.781187486408457e-06,-2.880745349584411e-07,-3.308057552469913e-06,-4.850037431376194e-10,-8.584568495957265e-12,-1.902010325765337e-06,-7.988371080122075e-07,-6.327113481774274e-11,-1.242133952812505e-08,-7.471568342117383e-10,-6.492487371657873e-11,-9.024309401672365e-12,-5.464675315413806e-12,-7.287508339388041e-12,-2.722941263373771e-14,-8.006070901184900e-13,-2.587515618648157e-16,-2.394161209990582e-15,-4.619228261687958e-13,-9.920214248918734e-11,-8.115273685827026e-14,-2.692429719741529e-15,-1.200555090027001e-03,-8.531783507346478e-03,-1.059916836964952e-05,-2.511558791438636e-04,-1.624616318924072e-04,-1.713032442295531e-09,-4.303973770154876e-12,-8.835660432691122e-20,-1.197492620339575e-16,-1.888901001416732e-17,-5.092020876941908e-17,-2.759735433396492e-18,-4.567790590215282e-11,
-1.549803197053553e-01,-7.580917000254137e-01,-5.262662478875609e-01,-5.080132307667939e-04,-1.489631582019965e-01,4.875579703233970e-01,-2.679419983749816e-04,-3.941564247369709e+00,-1.105271250582738e-07,-1.218933441858785e-07,-2.231613988085700e-08,-1.375330520578247e-07,1.427462413451364e-07,-2.708281761982391e-05,-9.151200407639454e-07,-1.630033184469209e-09,-1.232643133462296e-08,-4.374026610613248e-09,-4.339796399772538e+00,1.827036858378608e+00,-4.344685056742906e-08,-9.061355774128539e-07,-3.610170728047057e-07,-2.765952272610834e-06,-2.855844449399651e-09,-5.103057978390544e-11,1.687422919469491e-07,5.887815462310387e-07,-5.787694788954681e-10,-2.374469001761282e-08,-8.847531977770600e-09,6.799154585257349e-11,-1.130623579379659e-11,-1.462345621316193e-11,-2.287603458620973e-10,-7.167052282404027e-12,-1.714738012891575e-10,-1.788677433073366e-10,-2.897940630523543e-14,-2.813538916858638e-11,-9.082977883650347e-10,-2.833179257575122e-12,-7.641469593570257e-14,-1.409959992960590e-03,-1.039454411146466e-02,8.424108111158516e-07,-1.477641054780548e-02,-1.031652039514779e-02,-4.503410258551552e-09,-2.220262160472498e-10,-7.272218672976821e-11,-3.578512394511191e-09,-4.305446614782823e-11,-1.258296266355475e-10,-1.141132504564804e-11,-8.612710544753099e-11,

4,56
5.681779736376961e+00,2.896943094744377e+01,4.338153104532027e+01,7.473444903069238e+00,1.338021985450373e+01,3.136139642707740e+02,6.188980260133252e-01,1.392995182314394e-05,6.439901118252114e-01,1.404083375791947e+00,1.603203747130730e-01,2.579768621522142e+01,1.602766595379099e+01,1.887480337690448e+00,1.559384982218232e+01,4.168552820119746e-01,1.315487294734299e-01,2.778934316002965e+00,4.616306372219041e+02,2.813830642969207e+02,2.094767969392048e-01,6.056916607030568e+01,3.879260337206726e+00,2.939840205883962e+02,1.343836487597784e+01,2.610787678894282e+01,8.568728206710874e+00,3.475351439690009e+00,1.546786090595595e-02,3.802006490364174e+00,2.410136745907623e+00,1.088905159699751e+00,3.920771177535987e+00,2.330181466708798e+00,3.782613662681873e+00,1.981542431232121e-01,3.479884216451933e+01,1.033693255260181e+00,5.767638735709869e-01,7.835450800260889e+00,1.538422577941363e+00,4.436357630354795e-02,1.130236618885192e-03,7.417718396338789e-02,3.900660111869232e-01,2.406831300437239e+00,4.730273496899057e-01,6.929430444307514e-01,1.761924575733362e-01,1.654147655842420e+01,7.646155073927607e-01,7.360735655496471e-01,9.037997162724083e+01,1.427338011211084e+01,2.528180388362195e+01,7.448761607520282e-10,
-1.944357172180573e-03,-1.163337221552477e-02,-3.223446579638965e-02,6.393239918065643e-06,-5.892758471528053e-03,1.830911123722880e-01,-1.731520858622070e-06,-1.557328471237393e-01,-4.198132374503569e-08,-1.815330331974260e-07,-1.637524566073124e-08,-6.576573412898917e-07,-8.904034525772598e-08,-1.923618673633470e-07,-1.086159530876098e-06,-2.392058278128166e-09,-8.443073362862051e-09,-8.175359279119461e-09,-1.616391928310830e-01,7.733921945061891e-01,-6.005853465753141e-08,-5.574646835129719e-06,-8.516600679888859e-08,-2.416362696055584e-06,-6.676591931742468e-11,-1.220281897074939e-12,-1.856890693337097e-06,-8.009493023403148e-07,-4.515124810741867e-12,-2.140485046488311e-09,-5.360585302806844e-11,-6.509419689389345e-11,-1.799026684897454e-12,-3.012775967754418e-12,-2.559228874461442e-12,-1.039710644361565e-15,-4.694318818986281e-14,-1.775954205294337e-17,7.870847177796418e-19,-1.984783031990577e-14,-9.282680384208259e-11,-2.241123290101355e-14,-1.505743728535964e-15,-4.534806848668239e-04,-3.090756079414397e-03,-1.061168022039367e-05,-1.180000822422072e-05,-7.230472784673073e-06,-3.282689212003297e-10,-5.447834726145214e-13,2.144937954827157e-20,1.628439389655933e-20,2.289338280828777e-24,1.987166256841765e-25,1.081555525124152e-24,4.406489756414445e-11,
-3.669027702394659e-03,-3.021356621557270e-02,-8.892171570888965e-02,7.533241534579350e-06,-1.105963556227171e-02,4.852867997086774e-01,-6.741914727327994e-06,-3.382882913675526e-01,-6.713316838004825e-08,-1.231654228345802e-07,-2.204458883381603e-08,-1.426764094919814e-07,1.412833538841408e-07,-6.792783334417740e-07,-9.209965663408943e-07,-1.646664334693231e-09,-1.151387962938223e-08,-4.427454993403476e-09,-4.814630516930247e-01,1.819831517209149e+00,-4.388314791218474e-08,-9.521049545570647e-07,-1.476690469687953e-07,-2.776816939068701e-06,-1.498180824060103e-10,-2.725811727459824e-12,1.497677368747140e-07,5.782237690470997e-07,-1.340563399747293e-11,-4.530090619908479e-09,-1.584039030315903e-10,6.696544423928833e-11,-4.087682777042680e-12,-4.621863439861423e-12,-4.579541038870351e-12,-4.335639862890004e-15,-1.618058485490150e-13,-5.532111203578873e-17,1.827481407515280e-16,-8.334463661269186e-14,5.762246741549533e-11,-5.010473585433650e-14,-1.807980504709484e-15,-7.229717372936482e-04,-5.002346665768563e-03,7.427353439753098e-07,-4.402384685466701e-05,-2.761483530109778e-05,-7.026915308309470e-10,-1.414283659948100e-12,7.574882921051501e-19,1.439674104229390e-17,2.375678447982000e-23,7.514598612227417e-25,7.091200634838430e-24,5.242528633431220e-11,
-1.241119798977239e-02,-9.311897911908731e-02,-2.035988836203544e-01,2.861107261308785e-06,-2.910619763651324e-02,3.008441080963023e+00,-2.296016535235549e-05,-8.247858823822958e-01,4.066738689638035e-07,1.363881908235500e-06,1.263167829650214e-07,4.102819754491373e-06,6.427225440243053e-07,-2.258911042335549e-06,7.191947038977707e-06,1.671594062274743e-08,6.044313980480013e-08,4.683830708102052e-08,-1.141378243867826e+00,6.870273490416236e+00,4.614712929506857e-07,3.489745242089482e-05,5.132466049753511e-07,1.664524922302051e-05,-4.877887847143580e-10,-8.632183656257431e-12,1.179786813708867e-05,4.352610929811700e-06,-6.375528887201083e-11,2.807380909539774e-09,-7.529257295865841e-10,2.751287551849594e-10,8.081146445974739e-11,1.066810334542885e-10,1.323037545877283e-10,1.820563058771192e-12,1.464447363349286e-10,5.416385540958797e-10,4.781909989476592e-14,2.007741764390676e-11,3.446847778389458e-10,1.829012132533886e-13,1.001345969417386e-14,1.127379862516584e-03,7.811317465900440e-03,6.226698456888480e-05,-2.535031999902873e-04,-1.640093171123402e-04,-1.720256342471072e-09,8.498922472484265e-11,2.303410485258221e-10,6.731350132958562e-09,7.023763121778597e-11,4.659789945277435e-11,1.993817941555037e-11,7.531308909847212e-11,

