1
0
56
1
(4 0
((0,0) (15,255) (0,0))
((0,768) (15,1023) (0,0))
((0,512) (15,767) (0,0))
((0,256) (15,511) (0,0))
)
4
FabOnDisk: SD_5_New_MF_D_0003 0
FabOnDisk: SD_5_New_MF_D_0000 0
FabOnDisk: SD_5_New_MF_D_0001 0
FabOnDisk: SD_5_New_MF_D_0002 0

4,56
-7.603999891699698e+00,-1.795858075202127e+01,-2.713118819289743e+01,-6.069797228415341e+00,-8.027176770356370e+00,-8.527270597974519e+00,-1.156604392835972e+00,-6.257596219145059e+02,-2.475457265783940e-01,-7.650282721295467e-01,-8.859518770731642e-02,-1.376529429225488e+01,-1.201333265779812e+01,-1.426885064550221e+00,-9.747269069872816e+00,-4.585319347258608e-01,-7.137961887080083e-02,-2.763778622719860e+00,-1.338225516495370e+02,1.104693593545480e-15,-9.049853190962308e-02,-4.723934555945094e+01,-1.846747718396108e+00,-2.003722347603110e+02,-7.673371940716760e+00,-2.384444864849737e+01,-4.553707573547738e+00,-2.928187921630866e+00,-9.156781546772293e-03,-2.015964368896916e+00,-1.601400479429314e+00,-9.184810744664028e-01,-3.772345473056439e+00,-2.211189376337450e+00,-3.226948420152978e+00,-2.194269095242553e-01,-3.272112744115388e+01,-4.640656066626845e-01,-3.152452452616639e-01,-8.596400206043633e+00,-8.348593229364187e-01,-1.449937930442380e-02,-5.732616529846618e-04,-8.212003675018523e-02,-1.483670323155397e-01,-2.118388136341361e+00,-7.145120013504434e-02,-3.844740168700766e-01,-1.353365704937020e-01,-2.515123787777036e+01,-4.630366612799647e-01,-5.961078503398605e+02,-9.060961639805436e+01,-9.480063601306604e+00,-2.509646084627642e+01,-2.876276994356886e-10,
-4.268636753815863e-03,-2.981402153069799e-02,-8.766343384156605e-02,-7.713831606042209e-07,-1.106306745579985e-02,1.007751783519071e-01,-6.570034893966165e-06,-3.308748246412898e-01,-8.474354240815443e-08,-3.022306108479696e-07,-2.571033420640603e-08,-1.132093623409309e-06,-2.708862494018112e-07,-6.627094963134822e-07,-1.407067014053802e-06,-3.004705153052584e-09,-1.173610690877672e-08,-1.087103999059441e-08,-4.644145329173097e-01,2.451742874858536e-01,-8.139371037621260e-08,-8.331666977196028e-06,-1.509487835818622e-07,-5.085444279629575e-06,-5.710159597616571e-08,-1.055196450167062e-09,-3.666613705183430e-06,-1.292197361405512e-06,-3.409895929184269e-10,-4.464569520455458e-09,-1.991426980896288e-08,-8.104357475903266e-11,-1.134695001157863e-11,-1.237001507154586e-10,-3.670983377700747e-10,-1.529706916210348e-09,-7.322149168467200e-08,-4.842318528503007e-07,-1.402084031109956e-12,-1.832910265435803e-12,-9.964544006398846e-11,-4.892535725148847e-14,-2.464188626550868e-15,-7.156937895286919e-04,-4.949071901269114e-03,-1.312280668470580e-05,-4.250726141624983e-05,-2.665038238334694e-05,-6.909380382486841e-10,-9.244393547164705e-09,-2.082447192053410e-07,-6.250113099681405e-07,-1.835246026244929e-07,-5.837124469340565e-10,-5.047077274134696e-08,-3.347290153388194e-11,
-1.234865883410986e-02,-9.064773638274300e-02,-1.998717924033349e-01,3.639637924318686e-06,-2.863551781575874e-02,1.852724575147162e-01,-2.217030824123013e-05,-8.019559196832635e-01,-1.631966336779306e-07,-4.823861805242872e-07,-7.025196797086037e-08,-3.364287104399824e-06,-1.350599220912888e-07,-2.199337289179399e-06,-3.005725144300640e-06,-9.482028625648966e-09,-4.649303040226899e-08,-2.900113815782885e-08,-1.102245144327541e+00,7.504900361407741e-01,-1.010120566151167e-07,-7.255452003176302e-06,-4.736629440196549e-07,-1.680284925859562e-05,-1.663433899216436e-06,-5.278899173516831e-09,-2.089267087170419e-06,-8.573967102377810e-07,-1.990813823535983e-08,-1.538818085780478e-08,-1.310184431878931e-06,-3.299469979993939e-07,-5.618147109199472e-08,-2.099831499783725e-07,-3.848910284756769e-07,-1.623155744518917e-08,-8.514825700076573e-07,-6.279737419233365e-06,-3.285940342833808e-11,-1.260769020593924e-08,-9.975690462652842e-11,-8.115720058607838e-14,-2.623676684115284e-15,-1.188492761767112e-03,-8.437438010265539e-03,-1.082296108165437e-05,-2.394377776355221e-04,-1.547552182350460e-04,-4.320641013125462e-09,-1.598416315150740e-07,-2.505686940622013e-06,-4.541968408249109e-06,-2.444270544620558e-06,-6.907143054048774e-07,-6.815789035186883e-07,-3.558495165201236e-11,
-1.420431974257875e-01,-7.352882492608004e-01,-5.554395915542970e-01,-4.605940513834140e-04,-1.413032542248944e-01,4.828702003152406e-01,-2.525378091949666e-04,-3.717739879214842e+00,-1.316546106344071e-06,-3.190376298249620e-06,-6.489625877781230e-07,-4.862094873289218e-05,-8.434304684835160e-07,-2.586556828847051e-05,-2.520751101175794e-05,-9.132520123753043e-08,-5.405043239043055e-07,-3.127988385361197e-07,-4.224896062254274e+00,1.771721355377889e+00,-1.046684829959280e-07,-6.672470170303366e-06,-8.983215304838242e-06,-2.631617729015182e-04,-1.324207064547458e-05,-5.009563769904541e-08,-7.330215427883982e-07,2.140684696897986e-07,-9.186187356171675e-08,-2.540990000861029e-07,-4.429510083016822e-06,-3.575469198588317e-06,-4.154208148637905e-06,-7.848907383808488e-06,-3.267602618316340e-05,-7.815852145711514e-07,-1.656665471920325e-05,-1.513657400589422e-05,-2.814138353669156e-09,-2.766504488375750e-06,-8.975672518663422e-10,-2.645935006620403e-12,-7.244069887218653e-14,-1.403174564451481e-03,-1.034342608758181e-02,1.843571963541047e-07,-1.285910359120562e-02,-8.963258838412988e-03,-5.604517886227303e-07,-1.314392316024567e-05,-5.150484677545019e-06,-2.772655161772657e-04,-1.916039463280340e-04,-5.413940554945646e-05,-5.342267006043176e-05,-1.942828120604645e-10,

4,56
5.458019470033466e+00,3.058178907902224e+01,4.375281384441109e+01,7.614100050822618e+00,1.355604182874254e+01,3.111895942744469e+02,6.417191193080158e-01,-7.503012794396469e-10,6.155147394308726e-01,1.396892779742148e+00,1.593185977260009e-01,2.621481167567494e+01,1.563790168589924e+01,1.922596498292849e+00,1.572715984821305e+01,4.135940972272009e-01,1.333976392811580e-01,2.745038314429440e+00,4.597710263712126e+02,2.798745834986850e+02,1.972528116200070e-01,6.040763529077255e+01,3.917067824115536e+00,3.034398708678919e+02,1.268815281114893e+01,2.556392460674879e+01,8.587249537955786e+00,3.578281953623426e+00,1.577131663883686e-02,3.815031016766709e+00,2.327818127767681e+00,1.109641553300339e+00,4.040223471430202e+00,2.381836684089082e+00,3.952563603147602e+00,1.993467754633242e-01,3.495712549399167e+01,1.016617140756802e+00,5.620454456870552e-01,8.022368353807277e+00,1.423962066728534e+00,3.696346264734247e-02,9.639776311267771e-04,7.979463530665760e-02,3.722790192658058e-01,2.502568327823090e+00,4.772549827161037e-01,6.931743902926785e-01,1.847529759031316e-01,1.649008639423140e+01,7.432522277684976e-01,2.802462800474052e-02,8.980920251857401e+01,1.481423670247961e+01,2.515714268696649e+01,2.728484105318785e-10,
-1.746315619946472e-03,-1.059906603258064e-02,-2.806800332197178e-02,6.431999235033687e-06,-6.004609260336030e-03,1.846740935730495e-01,-1.471965129888424e-06,-1.538333232765991e-01,-4.230960395849250e-08,-1.806368099831415e-07,-1.640534240129536e-08,-4.402350004723757e-07,-9.299788593413077e-08,-1.699954159279697e-07,-1.076975138990150e-06,-2.210151412371252e-09,-8.393934987439136e-09,-7.498718070333636e-09,-1.485212043843578e-01,7.487741179656221e-01,-5.999166948145553e-08,-5.480606326345865e-06,-8.546055121410720e-08,-2.363327283039370e-06,2.476586370503543e-08,2.028533665466210e-10,-1.829137017198238e-06,-8.154141543738081e-07,4.120313362747104e-11,-2.128769193169221e-09,2.551148685031480e-09,1.029380937873982e-08,1.072777665758848e-09,1.236109484328334e-08,2.816407012717490e-08,1.683212513045886e-10,1.177589993712202e-08,1.572788337327166e-07,1.937145918107822e-13,1.467272041248561e-10,-8.606967430731937e-11,-2.266699940444144e-14,-1.538226865060309e-15,-4.499223847447750e-04,-3.065887961440440e-03,-1.058621064827109e-05,-1.126087802980707e-05,-6.904533383502968e-06,-6.336366105358909e-12,3.068882833511492e-08,6.758474994687066e-08,1.508882290178514e-06,1.396735518753826e-06,2.702503022042737e-07,3.876050427382427e-07,2.935437309892208e-11,
-3.877931762477123e-03,-2.991254254760368e-02,-8.787076882795258e-02,7.780695571843892e-06,-1.109707195841712e-02,4.806858539734731e-01,-6.590996805933625e-06,-3.317651869625521e-01,-6.117326155721077e-08,-9.162956011314788e-08,-1.250007888462123e-08,7.724318616877182e-07,1.376436086894748e-07,-6.648771455354966e-07,-6.612224543000224e-07,-5.447430483947015e-10,-5.480496281529025e-09,-1.097771913171497e-09,-4.654827095630624e-01,1.765062762948018e+00,-3.967511884340010e-08,-8.876606632086548e-07,-1.075125537248871e-07,7.182462899635210e-07,4.349025148566805e-07,1.851552237691889e-09,6.311825343906503e-08,5.182457079303364e-07,3.085350687228742e-09,-3.916675667223505e-09,7.557078390106848e-08,7.462508004994863e-07,2.294063429342692e-07,7.967562218770250e-07,1.919071966424198e-06,4.765435782286263e-08,2.543362190259604e-06,6.689506467085591e-06,7.921973619135189e-11,3.191348330102817e-08,4.984090781467256e-11,-4.909919997657070e-14,-1.891434288933977e-15,-7.170481726097184e-04,-4.958688699402631e-03,1.390646707008588e-07,-4.270288993850535e-05,-2.677345254297031e-05,6.219223434710477e-09,3.291564401033032e-07,2.898394876305588e-06,1.071973375424856e-05,8.461961752637086e-06,1.975079110220765e-06,2.343449353220385e-06,3.496343492503939e-11,
-1.242135331884777e-02,-9.111647732967748e-02,-2.005411608589311e-01,3.546860555660802e-06,-2.876449009387121e-02,2.843443417311601e+00,-2.229877968920411e-05,-8.052639990943471e-01,2.541052128116538e-06,7.071689013362556e-06,7.527545296853889e-07,5.475541654196134e-05,3.980486561308595e-06,-2.065563301351855e-06,6.574285925583614e-05,1.878564550963164e-07,8.242903954684572e-07,6.716451331075052e-07,-1.106433232582813e+00,6.690090113937291e+00,9.583224768931749e-07,7.961730929512679e-05,7.226812608667032e-06,2.741439101889367e-04,9.048989315674403e-06,3.386547233113076e-08,1.842346037622339e-05,6.289055613978473e-06,7.299573620635384e-08,2.168615819964112e-07,2.413262913364218e-06,8.199229098955527e-06,1.993397608699881e-06,2.964936012581331e-06,1.255945403768798e-05,6.651372308122372e-07,1.411054689542883e-05,2.472463197413188e-05,2.758477231346907e-09,1.593460121646221e-06,3.787069363292947e-10,1.342829430043998e-13,8.589425783648433e-15,7.403035724340356e-04,4.889645057816441e-03,6.149608134021700e-05,-2.416085376102598e-04,-1.561794617788542e-04,5.951086042404911e-07,1.415510461559671e-05,8.763184192709723e-06,2.850679822564508e-04,1.046646498559248e-04,1.566491094600917e-05,2.910343943526234e-05,1.082190448364884e-10,

