1
0
56
1
(4 0
((0,0) (15,255) (0,0))
((0,768) (15,1023) (0,0))
((0,512) (15,767) (0,0))
((0,256) (15,511) (0,0))
)
4
FabOnDisk: SD_5_Old_MF_D_0003 0
FabOnDisk: SD_5_Old_MF_D_0000 0
FabOnDisk: SD_5_Old_MF_D_0001 0
FabOnDisk: SD_5_Old_MF_D_0002 0

4,56
-7.606727845665686e+00,-1.801486903500490e+01,-2.714238414771814e+01,-6.070099358548811e+00,-8.034921852475268e+00,-8.562484053505774e+00,-1.156918011474213e+00,-6.258332522719876e+02,-2.475767893978257e-01,-7.631735605716922e-01,-8.855984535862016e-02,-1.375921552693117e+01,-1.199822666614055e+01,-1.429581027388702e+00,-9.762326814602892e+00,-4.590111199190728e-01,-7.137704202463956e-02,-2.765619134882926e+00,-1.339134844539086e+02,1.210023834602447e-15,-9.033511917336234e-02,-4.715135116966376e+01,-1.847616917062447e+00,-2.003899784282050e+02,-7.667342254417489e+00,-2.384063578420400e+01,-4.547490645185547e+00,-2.929289039899650e+00,-9.174715257089667e-03,-2.017268682224829e+00,-1.603434806222095e+00,-9.170956201977052e-01,-3.764390573122333e+00,-2.206141131949698e+00,-3.220047265154611e+00,-2.194022625371739e-01,-3.270365756592305e+01,-4.649512026263509e-01,-3.154932802570270e-01,-8.593152623581359e+00,-8.307898746363026e-01,-1.448453597473238e-02,-5.723198614752823e-04,-8.202348671075770e-02,-1.480795420310285e-01,-2.117030433869886e+00,-7.146344482455244e-02,-3.829157667720074e-01,-1.351469077503646e-01,-2.511595654285442e+01,-4.626328780784706e-01,-5.971035899060653e+02,-9.043929498146768e+01,-9.489193552792411e+00,-2.505616097903565e+01,-3.795435077336151e-10,
-4.275597701241088e-03,-2.980881689759048e-02,-8.762885231459391e-02,-8.634572717756036e-07,-1.106648158925503e-02,1.006998641043298e-01,-6.566563594671951e-06,-3.308488081344372e-01,-8.465336732329217e-08,-3.022977856954828e-07,-2.570911886401683e-08,-1.132910492401769e-06,-2.712569538498674e-07,-6.624494110972971e-07,-1.408310071357601e-06,-3.006880674734935e-09,-1.173960462771790e-08,-1.088828889861376e-08,-4.641768780273228e-01,2.456659667736691e-01,-8.143371953220899e-08,-8.343482238460620e-06,-1.480370401499146e-07,-4.129430275066623e-06,-4.796263880023728e-08,-6.130240772343462e-10,-3.668542634483094e-06,-1.295329915545743e-06,-2.118891508643574e-10,-4.465206056719873e-09,-1.214112613918756e-08,-8.082265174389048e-11,-7.675792827323857e-12,-6.814715174325314e-11,-2.113805807493611e-10,-9.716253440705014e-10,-4.690230303623530e-08,-4.211895957074017e-07,-8.791209572455326e-13,-2.046157850939285e-12,-9.955192287155304e-11,-4.885502752643964e-14,-2.460092740600269e-15,-7.157320936427050e-04,-4.949303647352234e-03,-1.315095103139500e-05,-4.249416078042455e-05,-2.664260599549870e-05,-6.903340547255047e-10,-7.185824624364515e-09,-1.789668273058877e-07,-5.338881471855921e-07,-8.754851949175227e-08,-1.991177266763989e-08,-2.469336626630178e-08,-3.031935119635065e-11,
-1.236078829349008e-02,-9.065646086856455e-02,-1.998751803763907e-01,3.642994246845078e-06,-2.864361151579575e-02,1.853554403573029e-01,-2.216862534587064e-05,-8.018533943457807e-01,-1.467843512149737e-07,-3.850708409606368e-07,-5.316054913296086e-08,-2.255755112270118e-06,-1.358636346193681e-07,-2.205928319631446e-06,-2.924964680529029e-06,-7.626233995191665e-09,-3.487103319953105e-08,-2.615401236403914e-08,-1.101840130603266e+00,7.500747271039532e-01,-1.070010045734933e-07,-7.486323804744762e-06,-5.399686438625628e-07,-1.804679406221355e-05,-6.803063864012951e-07,-5.660230844735527e-09,-2.162516394634539e-06,-8.796567030850281e-07,-1.151932667873080e-08,-1.858129559362750e-08,-8.523789554086141e-07,-4.188701269706562e-07,-6.258537435331495e-08,-2.753163885772702e-07,-4.494786535739335e-07,-2.516840592473326e-08,-1.396912982294037e-06,-6.110479228765228e-06,-3.320941136924666e-11,-1.343321285948192e-08,-9.963408177114680e-11,-8.113154542619013e-14,-2.620179346807186e-15,-1.188510080196584e-03,-8.437497684339561e-03,-1.083330028073378e-05,-2.394117883452514e-04,-1.547373694257881e-04,-3.887795279555904e-09,-1.284021302098348e-07,-2.503562517621017e-06,-4.917642649237349e-06,-2.152195431163081e-06,-8.901510547439133e-07,-5.998521164360556e-07,-3.609706977769633e-11,
-1.421369847168023e-01,-7.350602178869619e-01,-5.548940240591245e-01,-4.605202280260000e-04,-1.413210097826460e-01,4.830535399958538e-01,-2.524761098698763e-04,-3.718159750009248e+00,-1.020894027768242e-06,-2.163693714772541e-06,-5.672003259121253e-07,-4.696580624268729e-05,-1.066706130131632e-06,-2.589973284271090e-05,-2.429360085025562e-05,-6.694118516617693e-08,-3.866147286876855e-07,-2.503187542859107e-07,-4.223158397392314e+00,1.770954267674573e+00,-9.424091632569888e-08,-5.746572531755036e-06,-7.406601169790635e-06,-2.316812565512326e-04,-1.567681105670512e-05,-3.781540397037391e-08,-5.831307833430540e-07,2.738143697241172e-07,-7.344462963265812e-08,-2.143585204677918e-07,-3.468607631684692e-06,-1.252721096797935e-06,-2.650431825526110e-06,-5.524239609786376e-06,-2.167194194179463e-05,-5.008757634624603e-07,-1.273938721928441e-05,-1.767814054186747e-05,-3.924860447191069e-09,-4.431763121574149e-06,-9.845421296572765e-10,-2.853658950419009e-12,-7.848747787711613e-14,-1.403098976655752e-03,-1.034268398981898e-02,1.832855076651312e-07,-1.285744216990631e-02,-8.962061881194916e-03,-4.339634537406267e-07,-1.129166540514180e-05,-4.560541405762473e-06,-2.162509884289807e-04,-9.928135240371114e-05,-2.858215758178538e-05,-2.764917561012845e-05,-9.529343980574367e-11,

4,56
5.456475512769388e+00,3.062374287673019e+01,4.378338378507682e+01,7.611500644415536e+00,1.354823693302250e+01,3.113544684074049e+02,6.418926471456670e-01,-7.923725287017902e-10,6.150347648536548e-01,1.396257756695184e+00,1.586436930255765e-01,2.622520673059304e+01,1.562732070660830e+01,1.922773159043415e+00,1.573828201786550e+01,4.146712223462370e-01,1.335974154249306e-01,2.748752542434260e+00,4.597640321538086e+02,2.799847152465765e+02,1.970645663080650e-01,6.032679349798821e+01,3.915683272578784e+00,3.029723266140664e+02,1.270059040772411e+01,2.554156910016827e+01,8.555571356764615e+00,3.579893931338728e+00,1.577413330447952e-02,3.819117573748910e+00,2.332901739491067e+00,1.111309933355755e+00,4.037601891195256e+00,2.383538516249655e+00,3.942411685385323e+00,1.993990972343550e-01,3.501234105468735e+01,1.018637332111906e+00,5.607310749596823e-01,8.013334128650371e+00,1.416333785333289e+00,3.681828393884154e-02,9.598760101444438e-04,7.972750846928353e-02,3.704734768896432e-01,2.497534677974954e+00,4.773888926309192e-01,6.917607008158236e-01,1.841939413714423e-01,1.652219282024267e+01,7.442456665604015e-01,2.419139666811937e-02,9.003756425509630e+01,1.479679167348661e+01,2.522335408021211e+01,3.350919541844632e-10,
-1.744132711488407e-03,-1.052737167649837e-02,-2.775911436911858e-02,6.425570471377713e-06,-5.983051038497451e-03,1.847544510000792e-01,-1.455557085534785e-06,-1.541258594234138e-01,-4.228678625502598e-08,-1.804494997932061e-07,-1.638984782815962e-08,-5.101832447014741e-07,-9.228045963255734e-08,-1.688021144606315e-07,-1.075433225783277e-06,-2.350963962937494e-09,-8.433501476165837e-09,-7.868247919929260e-09,-1.488340688481102e-01,7.484016073350614e-01,-5.995915293521365e-08,-5.475079768932488e-06,-8.546163679215351e-08,-2.416730177767783e-06,1.802493102070871e-08,1.747274447773027e-10,-1.827090360772504e-06,-8.130169353879401e-07,1.641529729475775e-11,-2.128731902153814e-09,1.168621387333588e-09,7.998386481740541e-09,8.915938447605377e-10,9.062594682612362e-09,1.982023657787008e-08,1.194588180407209e-10,8.715955474603447e-09,1.252335066085944e-07,1.456667307365023e-13,1.128348718622033e-10,-8.520222768072358e-11,-2.260798671380840e-14,-1.535038861402786e-15,-4.499317633778651e-04,-3.065904535574172e-03,-1.057165107185268e-05,-1.123367567600296e-05,-6.887866871099510e-06,-2.415326043073522e-10,1.715601002789180e-08,5.573523974956057e-08,9.373344325884072e-07,8.675226727956897e-07,1.865455521512283e-07,2.409781984220705e-07,2.981741329538545e-11,
-3.886121199645863e-03,-2.990696864351109e-02,-8.783239936789010e-02,7.789044140538034e-06,-1.110025700614783e-02,4.808677234661772e-01,-6.588091436731294e-06,-3.317303688954595e-01,-6.078045095557904e-08,-6.617550736242190e-08,-1.056351545205225e-08,1.009173690302381e-06,1.385057336525291e-07,-6.646035540136141e-07,-4.979388777867709e-07,-3.805434363447609e-10,-5.584794449581536e-09,2.287096797252093e-10,-4.652178493476525e-01,1.764426669172664e+00,-3.757017917172573e-08,-7.622853683056524e-07,-1.039782724362280e-07,1.581256190228350e-06,5.314760536277633e-07,1.361825504767746e-09,5.765988858454093e-08,5.133966626505058e-07,1.573516525869141e-09,-3.887733277633304e-09,6.651801840770650e-08,9.066310637951656e-07,2.198795552524188e-07,8.384367544350605e-07,1.856076713291809e-06,4.090671771876533e-08,1.910308748877354e-06,5.301440100061229e-06,5.776038484204850e-11,3.238099081528695e-08,4.991420095468648e-11,-4.903160718111894e-14,-1.884640505890648e-15,-7.170845742905041e-04,-4.958897420370937e-03,1.330727753447410e-07,-4.268903377665970e-05,-2.676521194412085e-05,9.764940545282700e-09,3.779989311377539e-07,8.233337716647102e-07,1.714571129155231e-05,1.151693302214523e-05,2.129361349779307e-06,3.198096674818133e-06,3.267996984135380e-11,
-1.243305957364830e-02,-9.112550895102106e-02,-2.005423889429039e-01,3.557318159362936e-06,-2.877334450440856e-02,2.844150426733840e+00,-2.229795959530886e-05,-8.051446110517581e-01,1.365862042340752e-06,4.150942631729999e-06,6.385541225104501e-07,4.622541128630623e-05,2.273711455834145e-06,-2.031177257109818e-06,3.391819680347954e-05,1.000813671865288e-07,4.667516408104981e-07,3.430063752059447e-07,-1.105946137944269e+00,6.687356085629440e+00,6.534227239751438e-07,5.301316691427738e-05,5.391342875114165e-06,2.025108717483414e-04,9.143683768641563e-06,2.850569039083177e-08,1.369830768986852e-05,5.397014590807124e-06,4.088436237801668e-08,1.546224411908689e-07,1.462257793784907e-06,3.164389621828773e-06,1.920798221773647e-06,3.970098961957516e-06,1.277676730974480e-05,8.797658044486831e-07,2.186199523699005e-05,3.001241172943424e-05,3.790899916922919e-09,1.340469231476470e-06,3.653064395829293e-10,1.322762726772293e-13,8.515302754064984e-15,7.399114490983979e-04,4.887870397938998e-03,6.148203837230478e-05,-2.415831613962710e-04,-1.561633517489382e-04,6.409819121177629e-07,1.343653622006504e-05,1.082532358421828e-05,2.100753070420168e-04,7.684130039058563e-05,2.488381904352066e-05,2.133667789420906e-05,9.166356562673172e-11,

