CheckPointVersion_1.0
2
0.00022832681197458246
0
0
(0 (0,0)(1.171875e-05,1.171875e-05) 1)
(RealBox 0 0.0001875 0 0.012 )((0,0) (15,1023) (0,0)) 

1.3578427175851831e-06 
1.357864040048287e-06 
1 
170 
170 
0
(0 (0,0)(1.171875e-05,1.171875e-05) 1)
(RealBox 0 0.0001875 0 0.012 )((0,0) (15,1023) (0,0))
(4 0
((0,0) (15,255) (0,0))
((0,768) (15,1023) (0,0))
((0,512) (15,767) (0,0))
((0,256) (15,511) (0,0))
)6
((0,0) (15,1023) (0,0))
(4 0
((0,0) (15,255) (0,0))
((0,768) (15,1023) (0,0))
((0,512) (15,767) (0,0))
((0,256) (15,511) (0,0))
)0.00022696896925699728
0.00022696896925699728
0.00022832681197458246
0.00022832681197458246
2
Level_0/SD_0_New_MF
Level_0/SD_0_Old_MF
((0,0) (16,1024) (1,1))
(4 0
((0,0) (16,256) (1,1))
((0,768) (16,1024) (1,1))
((0,512) (16,768) (1,1))
((0,256) (16,512) (1,1))
)0.00022561260359006994
0.00022696896925699728
0.00022696896925699728
0.00022832681197458246
2
Level_0/SD_1_New_MF
Level_0/SD_1_Old_MF
((0,0) (15,1023) (0,0))
(4 0
((0,0) (15,255) (0,0))
((0,768) (15,1023) (0,0))
((0,512) (15,767) (0,0))
((0,256) (15,511) (0,0))
)0.00022696896925699728
0.00022696896925699728
0.00022832681197458246
0.00022832681197458246
2
Level_0/SD_2_New_MF
Level_0/SD_2_Old_MF
((0,0) (15,1023) (0,0))
(4 0
((0,0) (15,255) (0,0))
((0,768) (15,1023) (0,0))
((0,512) (15,767) (0,0))
((0,256) (15,511) (0,0))
)0.00022696896925699728
0.00022696896925699728
0.00022832681197458246
0.00022832681197458246
2
Level_0/SD_3_New_MF
Level_0/SD_3_Old_MF
((0,0) (15,1023) (0,0))
(4 0
((0,0) (15,255) (0,0))
((0,768) (15,1023) (0,0))
((0,512) (15,767) (0,0))
((0,256) (15,511) (0,0))
)0.00022696896925699728
0.00022696896925699728
0.00022832681197458246
0.00022832681197458246
2
Level_0/SD_4_New_MF
Level_0/SD_4_Old_MF
((0,0) (15,1023) (0,0))
(4 0
((0,0) (15,255) (0,0))
((0,768) (15,1023) (0,0))
((0,512) (15,767) (0,0))
((0,256) (15,511) (0,0))
)0.00022696896925699728
0.00022696896925699728
0.00022832681197458246
0.00022832681197458246
2
Level_0/SD_5_New_MF
Level_0/SD_5_Old_MF
