1
0
63
1
(4 0
((0,0) (15,255) (0,0))
((0,768) (15,1023) (0,0))
((0,512) (15,767) (0,0))
((0,256) (15,511) (0,0))
)
4
FabOnDisk: SD_0_New_MF_D_0003 0
FabOnDisk: SD_0_New_MF_D_0000 0
FabOnDisk: SD_0_New_MF_D_0001 0
FabOnDisk: SD_0_New_MF_D_0002 0

4,63
-1.361206152181596e-09,1.183544763373709e+00,1.575752314960794e-01,6.176655461343947e-21,2.739191158192055e-19,1.905814498343452e-15,6.917936640716874e-10,3.279964099061417e-07,1.252224983415574e-07,2.831260421944297e-10,2.843179966115770e-03,0.000000000000000e+00,8.369712139978512e-25,5.515959502566964e-26,8.039223613218750e-12,6.501922703356042e-11,1.138679914326954e-20,7.838499791115208e-10,6.646882525896069e-15,2.111150396113801e-25,1.018397359984500e-11,4.277909275827445e-08,4.155386549495744e-09,8.253830454260296e-31,4.505220072381134e-10,4.742458566838281e-22,1.020456357741963e-09,0.000000000000000e+00,0.000000000000000e+00,2.819288717515522e-24,5.204804477462903e-11,2.750799372790968e-18,2.169473111357913e-20,0.000000000000000e+00,0.000000000000000e+00,0.000000000000000e+00,0.000000000000000e+00,0.000000000000000e+00,0.000000000000000e+00,0.000000000000000e+00,0.000000000000000e+00,0.000000000000000e+00,0.000000000000000e+00,4.926006829626387e-14,1.103589942115553e-16,3.052380578390449e-18,4.471385525769217e-14,1.450467148604572e-14,6.019355059155823e-13,1.399916957450197e-13,2.522436745669325e-13,0.000000000000000e+00,0.000000000000000e+00,0.000000000000000e+00,0.000000000000000e+00,0.000000000000000e+00,0.000000000000000e+00,0.000000000000000e+00,1.130426793108466e-01,3.593161852196182e+03,0.000000000000000e+00,4.430009188674349e+02,1.013142442429693e+05,
-2.819696320929421e-09,4.730102106474253e+00,1.460867557658758e-01,6.106134911124294e-06,5.830426596102577e-05,4.692412973524873e-04,1.349820964650360e-07,5.703912737664290e-05,1.235213543853698e-02,1.209624263722285e-08,1.183967281515756e-03,5.118205203052211e-11,2.714747532749591e-10,2.293362421144515e-11,1.086358329551888e-09,2.978025970608000e-10,8.715034286507132e-10,1.626519414579062e-09,3.543686065929363e-12,1.171591041951471e-11,1.249209654071182e-11,3.569321157500811e-03,2.344093995342603e-02,8.743477611616249e-11,9.027128020116518e-09,1.001172885359495e-10,3.364451807997901e-09,6.918847011115135e-14,1.251175101800884e-15,2.994041079414811e-09,1.622325121472911e-09,4.103975335615612e-15,2.177342335753668e-12,4.884986941353466e-14,8.156416013220239e-14,1.573741696499976e-15,3.169476299463925e-15,2.783550880931129e-15,9.628403649506566e-19,4.465935433040648e-17,1.676259559864882e-20,7.866030197140884e-22,2.129984079456175e-17,7.818834880228636e-14,1.737040409502213e-17,1.194604108089891e-18,5.873116499812808e-07,3.994355708795176e-06,1.796895161085560e-08,1.330268742057375e-08,8.133860493482380e-09,4.245637673509874e-13,6.987501880103755e-16,1.142409588291083e-24,0.000000000000000e+00,5.318051518487711e-28,4.113332786537919e-27,1.981265399620760e-28,1.047753933484145e-01,7.926170857099231e+03,0.000000000000000e+00,2.331092742087862e+03,1.013249931983750e+05,
-1.833332025898614e-09,4.661362560582855e+00,1.469259477176580e-01,7.192365659123735e-06,6.933667448225003e-05,5.057722600039993e-04,1.327123681385775e-07,6.108484561246037e-05,1.235465369306602e-02,1.456308132575770e-08,1.322757798140494e-03,8.135689532383458e-11,3.921965197168689e-10,3.421392861744197e-11,1.508152924818927e-09,3.790002825847946e-10,1.126846930593852e-09,2.347505367915053e-09,5.136529624099411e-12,1.757307786770983e-11,1.778728156074307e-11,3.778087835593796e-03,2.305630286107450e-02,1.278246357716526e-10,1.257899518824767e-08,1.650416096096400e-10,5.006341361105467e-09,1.268299939311146e-13,2.302016208290700e-15,4.179501397019568e-09,2.190468360966675e-09,8.662777099900707e-15,3.966829195618502e-12,1.028443147673996e-13,1.253710502767627e-13,3.209004353674339e-15,5.380150774288189e-15,4.821923202485180e-15,2.337655679244027e-18,9.952486134046553e-17,3.647187805651498e-20,2.155835074408953e-21,4.890218554544598e-17,1.386125606997999e-13,3.844120340277519e-17,2.395345835822414e-18,9.282542903532091e-07,6.338235118837017e-06,2.479736459131830e-08,2.819101980316911e-08,1.739904936116826e-08,7.225175329877565e-13,1.258949877636536e-15,2.029892468947693e-24,0.000000000000000e+00,6.344961975147013e-27,5.535817498848620e-26,0.000000000000000e+00,1.053795491248607e-01,7.836589247632497e+03,0.000000000000000e+00,2.292075110576745e+03,1.013249882403622e+05,
-1.690505876546556e-09,4.411964343155593e+00,1.490314862770449e-01,1.038511232795120e-05,1.009101314114080e-04,5.925759259336101e-04,1.327184331367741e-07,7.152746331296312e-05,1.233913899068028e-02,2.212184233905891e-08,1.658274932200184e-03,1.366667314851112e-10,4.189114447249442e-10,5.025008684377667e-11,1.399758847830271e-09,2.001035086042243e-10,1.882519001623415e-09,2.874079777904282e-09,5.507383567844087e-12,2.608904624989792e-11,1.945825005609564e-11,4.280029650619245e-03,2.216509831051479e-02,1.329239787408336e-10,1.080020529990515e-08,2.985203172911823e-10,6.895116623878785e-09,2.943677038620640e-13,5.317870765886309e-15,3.018855737386659e-09,1.202173866282044e-09,2.680416830483553e-14,8.720697819980690e-12,3.166904882657128e-13,3.014567001024912e-14,7.231777891101644e-15,8.055060069988475e-15,8.743082690773776e-15,9.209030042817480e-18,3.256978496633278e-16,1.104365778307446e-19,1.132621997875686e-20,1.728151747899187e-16,4.939895935549379e-14,8.272846390109945e-17,3.015552818165978e-18,1.545334075312774e-06,1.065014699809458e-05,1.804710793950802e-08,9.382705489735105e-08,5.923377592426835e-08,1.422601077443100e-12,2.817640792640425e-15,0.000000000000000e+00,0.000000000000000e+00,0.000000000000000e+00,0.000000000000000e+00,0.000000000000000e+00,1.068940820357529e-01,5.958456443102232e+03,0.000000000000000e+00,2.149211940493599e+03,1.013249874600981e+05,

4,63
1.974762612927605e-09,4.409666971331975e+00,8.373267914064847e-01,4.975523672785216e-05,4.554958876373395e-04,9.632746438448694e-04,1.190138281718540e-04,3.563618664100427e-04,1.296025110269880e-02,2.150011391057851e-05,1.827778005253757e-01,1.405827654421747e-06,6.499066041252073e-06,7.294864270225247e-07,2.347239115729704e-04,2.597744662218500e-04,2.022557872128014e-05,5.171975960054248e-04,1.491042935240257e-05,9.644213788218478e-07,6.790311587422714e-05,1.414168672933641e-02,2.216075454752985e-02,8.135378300272444e-07,6.237382366042467e-04,2.234731796194300e-05,4.593688193890252e-03,1.010752230729803e-04,4.580615630070284e-04,3.267014167341199e-05,1.159187580757707e-04,1.320223816924389e-07,3.247661298422858e-05,3.817158401394375e-05,1.256851639367736e-05,5.904074797480221e-05,3.190873118511888e-05,4.192369330550326e-05,3.115647620877815e-06,6.592891719552399e-04,1.075171515405780e-05,4.157335936659451e-06,1.180376532487760e-04,1.742477993523398e-05,6.437217433559315e-07,1.527183501186652e-08,2.492028865925203e-06,1.759357398098443e-05,3.060429714344592e-05,1.293676434752236e-05,1.670951311183016e-05,1.700001791719210e-06,4.588905283687516e-04,9.459313323206803e-06,5.259424130076586e-02,1.682007920752882e-03,1.457711627212503e-04,4.574321228402307e-04,6.019542401889753e-01,7.554009208205222e+04,0.000000000000000e+00,2.147887426266022e+03,1.013288155782317e+05,
1.802826362620704e-09,4.759816174234884e+00,1.469212247947549e-01,7.185833069558553e-06,6.927106840936955e-05,5.055661381840955e-04,1.366632293548020e-07,6.106122985958656e-05,1.235464392698935e-02,1.454816524669434e-08,1.321982978650532e-03,8.120295246046589e-11,3.916618519692203e-10,3.416102789463308e-11,1.506411492833151e-09,3.787403190709121e-10,1.125328625178255e-09,2.344291831264580e-09,5.129449549015600e-12,1.754540070841259e-11,1.776447376684598e-11,3.776916937591054e-03,2.361045663482707e-02,1.276435498113063e-10,1.256438606133731e-08,1.646993396531808e-10,4.998777814556396e-09,1.264916023904251e-13,2.295856385569312e-15,4.174667497042524e-09,2.188362965691606e-09,8.633133758212461e-15,3.956540926374349e-12,1.024940316360928e-13,1.252002872781498e-13,3.199574305933610e-15,5.369110053070980e-15,4.811175102098174e-15,2.328086625329847e-18,9.916400719645600e-17,3.634731267402528e-20,2.145592880277914e-21,4.871646607919310e-17,1.383587029213956e-13,3.832338520198437e-17,2.389297340511462e-18,9.265417444663834e-07,6.326402139733020e-06,2.477031717696855e-08,2.809289036848425e-08,1.733757742481851e-08,7.208872902729861e-13,1.255706760150796e-15,2.024894440802364e-24,3.556219352640715e-29,1.041942962165353e-22,8.457601340443469e-22,2.055792024906288e-26,1.053761538720312e-01,7.953003459036358e+03,0.000000000000000e+00,2.346983717820374e+03,1.013250083501262e+05,
1.929658078366087e-09,4.729943332081911e+00,1.490181939094183e-01,1.036320097406576e-05,1.006969078673744e-04,5.920586199680640e-04,1.349725825568090e-07,7.146202192351281e-05,1.235703827635001e-02,2.206835310016674e-08,1.656217715471293e-03,1.363855684517073e-10,5.321517384963184e-10,5.018375391935241e-11,1.899398170492783e-09,4.056690332147962e-10,1.877210285754934e-09,3.217488902441451e-09,6.986098604482554e-12,2.605310362633153e-11,2.347187459190348e-11,4.276992749300900e-03,2.343999659742709e-02,1.758312490407843e-10,1.580163853686751e-08,2.977786957037482e-10,7.201419301163739e-09,2.932001964080125e-13,5.297128014237039e-15,5.171303825823347e-09,2.497894336294425e-09,2.665682284283158e-14,8.690049317211828e-12,3.149521638292792e-13,1.481371039303260e-13,7.208450883952422e-15,8.878338736145790e-15,8.723456717617314e-15,9.146316495864079e-18,3.238184790972647e-16,1.098297258684214e-19,1.122959337074660e-20,1.717350739661517e-16,1.793549884840788e-13,8.250633791341540e-17,4.139390341007990e-18,1.542135294015083e-06,1.062751466886996e-05,3.013523539044605e-08,9.324396394343323e-08,5.885752640214685e-08,1.418280227050615e-12,2.807045676441543e-15,4.240539656813486e-24,1.513172290859305e-28,3.402144504560644e-23,3.072625229863201e-22,6.489114587442859e-27,1.068845155063689e-01,7.930435505571073e+03,0.000000000000000e+00,2.331003106895872e+03,1.013250149050159e+05,
1.519392196984152e-09,4.660947545021174e+00,1.574899976607384e-01,2.819583654802134e-05,2.615242231208145e-04,8.490335925000542e-04,1.882405593409598e-07,1.103201441732864e-04,1.235707585520030e-02,7.050907121617893e-08,2.832514838678233e-03,1.958099928523128e-10,5.609790589901267e-10,5.840201314085723e-11,1.932406997036639e-09,3.972892428929050e-10,6.748114274837388e-09,3.470779753489367e-09,7.353686671362999e-12,3.077659326384059e-11,2.448139141595708e-11,5.899936772588987e-03,2.305408705564916e-02,1.853871333425301e-10,1.600788291102242e-08,5.175994405045245e-10,8.067673688902045e-09,1.140657068867190e-12,1.993939809206952e-14,5.194256389493874e-09,2.486507416059387e-09,1.790276097715456e-13,2.205671046889721e-11,2.246538179820805e-12,1.455917104151041e-13,1.193201563665154e-14,1.041424470142753e-14,1.212759170036884e-14,1.177349493964988e-16,2.599362112498659e-15,1.111224181925828e-18,3.780868835529904e-19,2.059702973216942e-15,1.786079782476523e-13,1.169662111969731e-16,4.511517979754598e-18,2.490065363793743e-06,1.757437105238372e-05,3.022145904613001e-08,1.493032111082378e-06,1.013318403232528e-06,3.634565735559213e-12,9.675310677181723e-15,2.048505141892623e-20,2.948252059196093e-19,3.940972516832957e-18,2.586805827896794e-17,1.278661069017586e-18,1.129813527829347e-01,7.835566418588533e+03,0.000000000000000e+00,2.291832657407075e+03,1.013250156358287e+05,

