1
0
63
1
(4 0
((0,0) (15,255) (0,0))
((0,768) (15,1023) (0,0))
((0,512) (15,767) (0,0))
((0,256) (15,511) (0,0))
)
4
FabOnDisk: SD_0_Old_MF_D_0003 0
FabOnDisk: SD_0_Old_MF_D_0000 0
FabOnDisk: SD_0_Old_MF_D_0001 0
FabOnDisk: SD_0_Old_MF_D_0002 0

4,63
-1.378457486937991e-09,1.124938111327597e+00,1.575738782283752e-01,6.971993866967991e-21,3.060458324537890e-19,2.077712219419532e-15,7.572038974902997e-10,3.472581473854258e-07,1.363720500876573e-07,3.099725719759523e-10,2.843054436636307e-03,0.000000000000000e+00,9.949626779515884e-25,6.563586910386755e-26,8.770669400806297e-12,7.320071678926401e-11,1.288417270846685e-20,8.654540295444653e-10,7.460894148821455e-15,2.543255357911005e-25,1.046853855215409e-11,4.682618140533800e-08,4.591264550709074e-09,9.921739894596000e-31,4.966554522070916e-10,5.821681461380608e-22,1.335166583738385e-09,0.000000000000000e+00,0.000000000000000e+00,3.382843740527601e-24,5.783164759137832e-11,3.105455922441589e-18,2.617521458421667e-20,0.000000000000000e+00,0.000000000000000e+00,0.000000000000000e+00,0.000000000000000e+00,0.000000000000000e+00,0.000000000000000e+00,0.000000000000000e+00,0.000000000000000e+00,0.000000000000000e+00,0.000000000000000e+00,4.976028576082962e-14,1.114890417379512e-16,3.085948759676313e-18,5.036997716814881e-14,1.634016590916718e-14,6.781903130466714e-13,1.577331027502161e-13,2.842109827402476e-13,0.000000000000000e+00,0.000000000000000e+00,0.000000000000000e+00,0.000000000000000e+00,0.000000000000000e+00,0.000000000000000e+00,0.000000000000000e+00,1.130417536464171e-01,3.611904758973439e+03,0.000000000000000e+00,4.430010110771785e+02,1.013155120990282e+05,
-1.818765377164532e-09,4.670867912662907e+00,1.460866718195791e-01,6.105561251065227e-06,5.829897472996427e-05,4.692207782206663e-04,1.349811055302239e-07,5.703640328010792e-05,1.235212397676259e-02,1.209519104808820e-08,1.183925766699409e-03,5.118214936748893e-11,2.714910999871947e-10,2.293456058964175e-11,1.086449288192610e-09,2.978413800057085e-10,8.714071632960988e-10,1.626626407172948e-09,3.543888882280878e-12,1.171638323713065e-11,1.249316931299533e-11,3.569192826283004e-03,2.344091790144424e-02,8.743919824349677e-11,9.027910437722885e-09,1.001172023513083e-10,3.364632333644090e-09,6.918514286830523e-14,1.251118795137168e-15,2.994292602762318e-09,1.622497972254888e-09,4.103481814679280e-15,2.177280677689335e-12,4.884427712972780e-14,8.157555065119605e-14,1.573781902265620e-15,3.169672613400583e-15,2.783571515486494e-15,9.626953876386582e-19,4.465508958957343e-17,1.676153095881097e-20,7.864510281144736e-22,2.129767090549829e-17,7.820651148657189e-14,1.737259963272625e-17,1.194811705278564e-18,5.873262078557808e-07,3.994450077933715e-06,1.797062411721830e-08,1.330140110015734e-08,8.133056645941311e-09,4.245592945795597e-13,6.987135900521933e-16,1.142376935736421e-24,0.000000000000000e+00,6.360532504034961e-28,5.507134272616014e-27,1.988354620722385e-28,1.047753598026648e-01,7.926193961517738e+03,0.000000000000000e+00,2.331089034487376e+03,1.013249926038569e+05,
-2.554034905261509e-09,4.602123237691816e+00,1.469261279085490e-01,7.192665360392076e-06,6.933951958981746e-05,5.057814844860932e-04,1.327117886661957e-07,6.108601846531233e-05,1.235465147759664e-02,1.456371425042742e-08,1.322782339156560e-03,8.135985926835558e-11,3.922009772158452e-10,3.421460476696779e-11,1.508156484512798e-09,3.789943320550339e-10,1.126901680334583e-09,2.347533863524635e-09,5.136593894783500e-12,1.757345202176691e-11,1.778739545178101e-11,3.778120058948880e-03,2.305629812610663e-02,1.278262356473995e-10,1.257899212441140e-08,1.650476203105717e-10,5.006402536568909e-09,1.268380119443243e-13,2.302160843697652e-15,4.179501764477563e-09,2.190449716038646e-09,8.663571831467988e-15,3.967034626066200e-12,1.028538805040595e-13,1.253678186265150e-13,3.209144672767193e-15,5.380245615972422e-15,4.822090580811471e-15,2.337925505097249e-18,9.953420653696619e-17,3.647482014977218e-20,2.156146101590573e-21,4.890703388385735e-17,1.386084029264581e-13,3.844212995528481e-17,2.395345997226052e-18,9.282765169437661e-07,6.338392520997170e-06,2.479715545918214e-08,2.819365214764456e-08,1.740071121133560e-08,7.225486640097267e-13,1.259024509479561e-15,2.029986171758731e-24,0.000000000000000e+00,6.855056626638645e-27,5.986102178472440e-26,1.152900365949802e-28,1.053796804610667e-01,7.836515413587622e+03,0.000000000000000e+00,2.292073097042832e+03,1.013249872413554e+05,
-1.173276975732408e-09,4.352675214564546e+00,1.490315779191175e-01,1.038536458886734e-05,1.009122367153328e-04,5.925815841879683e-04,1.327178648249014e-07,7.152839513579787e-05,1.233927951717279e-02,2.212235738148932e-08,1.658282213645259e-03,1.366622788726159e-10,4.188848483968904e-10,5.024797552577643e-11,1.399668016140844e-09,2.000909994050358e-10,1.882550633463813e-09,2.873853001599433e-09,5.507052250121881e-12,2.608796931372999e-11,1.945600325348319e-11,4.280037264844428e-03,2.216459636278483e-02,1.329189124201650e-10,1.079934661703253e-08,2.985100145041286e-10,6.894477173026901e-09,2.943622158091323e-13,5.317766517455772e-15,3.018562563615147e-09,1.202035802611099e-09,2.680395443938355e-14,8.720410741838257e-12,3.166885182359947e-13,3.013795615493726e-14,7.231373969789805e-15,8.054616904351771e-15,8.742682011920170e-15,9.209041968542816e-18,3.256942099858793e-16,1.104350132494197e-19,1.132641595041958e-20,1.728132889083345e-16,4.982219556157433e-14,8.272154215252581e-17,3.033481858795519e-18,1.545270489409239e-06,1.064971433209995e-05,1.804477444616516e-08,9.382691073201797e-08,5.923375842556196e-08,1.422558408313293e-12,2.817586362915258e-15,0.000000000000000e+00,0.000000000000000e+00,0.000000000000000e+00,0.000000000000000e+00,0.000000000000000e+00,1.068941514017869e-01,5.961844047268936e+03,0.000000000000000e+00,2.149222575585358e+03,1.013249862351239e+05,

4,63
1.945557142627193e-09,4.350376166716268e+00,8.373263402391330e-01,4.978935171450146e-05,4.561140730759583e-04,9.637058410943853e-04,1.191482692244579e-04,3.549113750800041e-04,1.296429243241380e-02,2.149425248508270e-05,1.827776873325241e-01,1.402863511307316e-06,6.481898896802176e-06,7.291328337223910e-07,2.344791912163066e-04,2.593366364428935e-04,2.025996749746373e-05,5.171332404523894e-04,1.491967816605028e-05,9.640229015293930e-07,6.789588951240606e-05,1.413552656678288e-02,2.216021955612696e-02,8.108698465749017e-07,6.213850418705855e-04,2.234963080039841e-05,4.589380787009254e-03,1.008557308844226e-04,4.574177152970412e-04,3.265240423379464e-05,1.159831155559704e-04,1.321351255938294e-07,3.245787652562647e-05,3.821157588968262e-05,1.252665774055093e-05,5.890600173679834e-05,3.186451468359378e-05,4.189700814897745e-05,3.118737552124861e-06,6.588829165874756e-04,1.078970837044647e-05,4.141865940301342e-06,1.180147706289666e-04,1.729371837131021e-05,6.416496351343947e-07,1.519061802160747e-08,2.491747751050329e-06,1.759164497732098e-05,3.056796057271802e-05,1.292619916959735e-05,1.669817737201239e-05,1.703883542721415e-06,4.594491875063804e-04,9.515184398504407e-06,5.259422426842422e-02,1.680801653387205e-03,1.455303915444922e-04,4.582500697808211e-04,6.019538834212320e-01,7.556905177623434e+04,0.000000000000000e+00,2.147898929804637e+03,1.013280958320432e+05,
2.033039100442274e-09,4.700594402728467e+00,1.469214214726832e-01,7.186145520026391e-06,6.927405583228078e-05,5.055757758545772e-04,1.366642283769644e-07,6.106244104672896e-05,1.235464200547800e-02,1.454883347094841e-08,1.322009975426562e-03,8.120643525090006e-11,3.916684623075068e-10,3.416190245767993e-11,1.506422605117680e-09,3.787357584777864e-10,1.125387140946829e-09,2.344333141147262e-09,5.129541657446950e-12,1.754587774616676e-11,1.776468670167349e-11,3.776952345745315e-03,2.361061639736526e-02,1.276458863369348e-10,1.256445168524705e-08,1.647066311783703e-10,4.998871610214620e-09,1.265007643628666e-13,2.296022065207785e-15,4.174689917109348e-09,2.188355161364045e-09,8.634021241577257e-15,3.956783913621800e-12,1.025046962518707e-13,1.251977234253396e-13,3.199746595789597e-15,5.369250011132121e-15,4.811383690558562e-15,2.328385547833666e-18,9.917452854803036e-17,3.635066914967282e-20,2.145935787173069e-21,4.872192197686718e-17,1.383555723110804e-13,3.832470174662901e-17,2.389318826164225e-18,9.265709375717963e-07,6.326607514209803e-06,2.477025221359564e-08,2.809584389078581e-08,1.733944004086464e-08,7.209244533029665e-13,1.255792463089758e-15,2.025006231147275e-24,3.683884946887700e-29,1.522183857151841e-22,1.235724308794011e-21,4.786247175986130e-26,1.053762977125728e-01,7.952361888934870e+03,0.000000000000000e+00,2.346987109577258e+03,1.013250090025828e+05,
2.408752347353802e-09,4.670709533522813e+00,1.490182962563824e-01,1.036346716224730e-05,1.006991591979440e-04,5.920646297135266e-04,1.349715965308971e-07,7.146299076187315e-05,1.235704095325279e-02,2.206890522758150e-08,1.656226528741074e-03,1.363812231549595e-10,5.321264940813991e-10,5.018165643624975e-11,1.899300025621501e-09,4.056457578967574e-10,1.877245223359451e-09,3.217339051038131e-09,6.985768395885539e-12,2.605203558115862e-11,2.347067583166391e-11,4.277002438766984e-03,2.343997718320939e-02,1.758229801226667e-10,1.580079002190244e-08,2.977687148136610e-10,7.201076818803932e-09,2.931953276085350e-13,5.297034743887975e-15,5.171013338032702e-09,2.497711477864839e-09,2.665669328959991e-14,8.689778947108276e-12,3.149512198915067e-13,1.481109614987689e-13,7.208057221151766e-15,8.877772243152131e-15,8.723062460531753e-15,9.146363132363839e-18,3.238158777703318e-16,1.098284830207734e-19,1.122984793356378e-20,1.717338167254597e-16,1.793248647105779e-13,8.249948700617178e-17,4.138993258921954e-18,1.542072979818465e-06,1.062709121781198e-05,3.013341844723303e-08,9.324416614701227e-08,5.885773329291123e-08,1.418239641801419e-12,2.806996479015333e-15,4.240382230807864e-24,1.567994785179914e-28,5.342842227101584e-23,4.825475406238249e-22,1.176135716357666e-26,1.068845924305138e-01,7.930393193542543e+03,0.000000000000000e+00,2.330999690602195e+03,1.013250161464841e+05,
1.553571177612124e-09,4.601708633518943e+00,1.574887374046621e-01,2.819807941184344e-05,2.615314457060977e-04,8.490592387377827e-04,1.882391492030920e-07,1.103288662523783e-04,1.235708088039325e-02,7.050966882694915e-08,2.832396025791273e-03,1.957932067181512e-10,5.609326843312139e-10,5.839714923441469e-11,1.932279358698701e-09,3.972653086062774e-10,6.748478607957044e-09,3.470455036296445e-09,7.353086169941557e-12,3.077425523777834e-11,2.447939050226024e-11,5.899976357855600e-03,2.305408320067236e-02,1.853723632308146e-10,1.600682554131899e-08,5.175577937305828e-10,8.066909679691195e-09,1.140587302573475e-12,1.993817342507965e-14,5.193957984815110e-09,2.486355164745007e-09,1.790173482175485e-13,2.205340816689480e-11,2.246318562655613e-12,1.455783787409365e-13,1.193061142853178e-14,1.041286014638975e-14,1.212656857581766e-14,1.177116419681782e-16,2.598987602679983e-15,1.102020515531075e-18,3.780350236173713e-19,2.059314198776192e-15,1.785874784097942e-13,1.169491657915020e-16,4.510773064641490e-18,2.489791739650418e-06,1.757249410230006e-05,3.021967153865866e-08,1.492828645281383e-06,1.013182076271152e-06,3.634254165811304e-12,9.675059671311045e-15,1.518562368746826e-20,2.243285599698934e-19,1.593718620763487e-19,3.290712075167447e-17,2.657076363212267e-20,1.129804918595265e-01,7.835498600509343e+03,0.000000000000000e+00,2.291830830201904e+03,1.013250180841514e+05,

