1
0
56
1
(4 0
((0,0) (15,255) (0,0))
((0,768) (15,1023) (0,0))
((0,512) (15,767) (0,0))
((0,256) (15,511) (0,0))
)
4
FabOnDisk: SD_5_Old_MF_D_0003 0
FabOnDisk: SD_5_Old_MF_D_0000 0
FabOnDisk: SD_5_Old_MF_D_0001 0
FabOnDisk: SD_5_Old_MF_D_0002 0

4,56
-7.589869312557784e+00,-1.795554315217331e+01,-2.701893016023824e+01,-6.031256001556487e+00,-8.017121508276574e+00,-8.393491413669093e+00,-1.157593132682307e+00,-6.260218910134757e+02,-2.473766911082077e-01,-7.596309459536497e-01,-8.830057454040413e-02,-1.373543133153413e+01,-1.204130959827288e+01,-1.420497375627978e+00,-9.725574689174540e+00,-4.555804336172817e-01,-7.109514144847920e-02,-2.760488331609235e+00,-1.332137181614616e+02,7.417569163059579e-16,-9.078135666676572e-02,-4.745647855691120e+01,-1.845451740466944e+00,-2.011814510270736e+02,-7.587538887522975e+00,-2.390624171958349e+01,-4.524108964835817e+00,-2.919317226986802e+00,-9.083272415838978e-03,-2.012300326295245e+00,-1.597388576913797e+00,-9.260970844568948e-01,-3.771218162825051e+00,-2.208798897519563e+00,-3.214664691214854e+00,-2.185478287176654e-01,-3.272684603483319e+01,-4.682951150824924e-01,-3.136114045656904e-01,-8.612464156795522e+00,-8.476070733602004e-01,-1.455829378870503e-02,-5.791006095498407e-04,-8.213753492867826e-02,-1.538233203249521e-01,-2.122769273306858e+00,-7.147814877094105e-02,-3.856267947072403e-01,-1.337563074985786e-01,-2.497447389827644e+01,-4.585108975415596e-01,-5.993658521804200e+02,-8.968244822775497e+01,-9.548872441627587e+00,-2.487906114881939e+01,-5.275069270282984e-10,
-4.224361890298724e-03,-2.980952485608466e-02,-8.772975808949486e-02,-3.914270343776586e-07,-1.104464978406309e-02,1.010082224274005e-01,-6.586440213320086e-06,-3.308499344592135e-01,-8.463316237509162e-08,-3.011816431307783e-07,-2.565421656682990e-08,-1.126483063546698e-06,-2.689504870932499e-07,-6.635264405651575e-07,-1.401999621005937e-06,-2.995411496870794e-09,-1.171479393321887e-08,-1.080376298469214e-08,-4.651135721492765e-01,2.444500058190703e-01,-8.112300858426054e-08,-8.271242778305456e-06,-1.479190455385124e-07,-3.376093653784000e-06,-1.479202172863115e-10,-2.689292620032426e-12,-3.645739843536144e-06,-1.280213275169318e-06,-1.306778939791541e-11,-4.463516406045980e-09,-1.544534185358870e-10,-8.155530452209451e-11,-4.017263050852341e-12,-4.626305765321229e-12,-4.543677183242030e-12,-4.192644275574969e-15,-1.571323346197470e-13,-5.393027603899340e-17,-2.023493948047228e-18,-8.056485556678462e-14,-1.002185286535166e-10,-4.917235228385002e-14,-2.476256503866159e-15,-7.153334310915505e-04,-4.946698978307532e-03,-1.300070450792746e-05,-4.252018734479843e-05,-2.666859692909243e-05,-6.900289574570628e-10,-1.383136339284228e-12,-8.729053743161969e-20,-1.515945145414279e-19,-3.988279484961092e-17,-3.239931711562393e-16,-3.885454645883503e-20,-5.379273415595520e-11,
-1.229433426971875e-02,-9.052713407436716e-02,-1.997140746335463e-01,3.634627426411443e-06,-2.858160863623114e-02,1.848631641969010e-01,-2.215599596299811e-05,-8.018468570038144e-01,-1.079223190212508e-07,-2.281788091179114e-07,-2.472174061315430e-08,-7.286838090424493e-07,-1.004003989861183e-07,-2.175347419553686e-06,-1.349583770651400e-06,-2.963964216310391e-09,-1.317533766670699e-08,-9.507303385308560e-09,-1.103238267981775e+00,7.517714757620233e-01,-7.606263340929171e-08,-6.019608568043235e-06,-2.850235076332902e-07,-3.338386719509602e-06,-4.714102081434824e-10,-8.351674860657768e-12,-2.039397455181931e-06,-8.397306831959181e-07,-6.083426990571330e-11,-1.212175502235680e-08,-7.184085011884449e-10,-6.653265496207868e-11,-8.919194446161682e-12,-5.459916345348690e-12,-7.272002736430524e-12,-2.596172102933502e-14,-7.679331761353494e-13,-2.479694927938214e-16,-3.221115613473419e-15,-4.408951753988101e-13,-1.002207598650992e-10,-8.119772117283781e-14,-2.636671518898220e-15,-1.188080364731738e-03,-8.434401711559148e-03,-1.078927833278143e-05,-2.391603214214989e-04,-1.545714484552239e-04,-1.673755002160836e-09,-4.181765271973082e-12,-1.366969927267385e-19,-5.025758643569432e-19,-1.737913947790547e-17,-1.549612878131468e-16,-9.434629236480273e-21,-5.642120104454307e-11,
-1.412624179900078e-01,-7.345315632111951e-01,-5.574251637405280e-01,-4.591049098982256e-04,-1.410382639224726e-01,4.818580898508278e-01,-2.521332534814582e-04,-3.709607332613719e+00,-1.105327095577752e-07,-1.309311233943308e-07,-2.282617470124317e-08,-1.731336432524686e-07,1.329547923603498e-07,-2.561904930731253e-05,-9.580056372950936e-07,-1.741324166607031e-09,-1.253618484556799e-08,-4.740509144174426e-09,-4.225418214175085e+00,1.773294640638477e+00,-4.635153032569969e-08,-1.210779727343651e-06,-3.595876133330433e-07,-2.842698675814431e-06,-2.573792869302773e-09,-4.907388998248647e-11,4.601392952522510e-08,5.218069541565849e-07,-5.879108480216475e-10,-2.358062602828053e-08,-8.600485146154954e-09,6.115924976473367e-11,-9.903878397898600e-12,-5.099643666919209e-12,-7.321352963528926e-12,-6.620183865117267e-13,-9.488108427761704e-12,-7.903948570947190e-13,-3.112271247981828e-15,-1.424799189570979e-11,-5.977738984211528e-10,-1.932152171366712e-12,-5.180846145872278e-14,-1.403451276929022e-03,-1.034628793387240e-02,2.345273859516339e-07,-1.280576262999646e-02,-8.924707007325937e-03,-4.504438587042519e-09,-1.716432212618075e-11,-1.043427609037205e-13,-2.178612751297481e-10,-8.944430831046530e-12,-4.101663989228821e-11,-2.634625784734576e-12,-7.134995372304331e-11,

4,56
5.471620769238260e+00,3.034900013034699e+01,4.370417560694536e+01,7.544696704558989e+00,1.354192137616853e+01,3.114252590754587e+02,6.396599402369069e-01,-6.009305969501000e-10,6.208947872473939e-01,1.400613954881734e+00,1.578430544228299e-01,2.611746815965352e+01,1.560943943188764e+01,1.898535280458059e+00,1.573328457895713e+01,4.119757394571384e-01,1.329508270284329e-01,2.734656474507013e+00,4.601738111889548e+02,2.794839296067201e+02,2.004820831903340e-01,6.061061425655497e+01,3.898111854712250e+00,3.005584790350879e+02,1.280593086244769e+01,2.541967337555161e+01,8.629099089279455e+00,3.574140790287520e+00,1.551129462221175e-02,3.820726807675780e+00,2.338658636824026e+00,1.119754582717793e+00,4.023491173694081e+00,2.390312946856940e+00,3.913382149859457e+00,1.991243215823664e-01,3.516409758314452e+01,1.008806599838108e+00,5.557680702452708e-01,7.963121554428795e+00,1.442397201775596e+00,3.755115695006821e-02,9.796046067455813e-04,7.892725052675803e-02,3.744163500575297e-01,2.482340835772739e+00,4.791056122666356e-01,6.942621793110965e-01,1.807710300610303e-01,1.656568655050247e+01,7.352399198266478e-01,1.696732344419420e-01,9.073145781245174e+01,1.467665427275584e+01,2.541737253121391e+01,5.820197657158133e-10,
-1.755425515958120e-03,-1.087637864896323e-02,-2.932278950813760e-02,6.450560012252054e-06,-6.085649145180828e-03,1.842696392846845e-01,-1.542442237730300e-06,-1.530055685064790e-01,-4.236743609740656e-08,-1.811964577893685e-07,-1.641231434455773e-08,-6.500455558260157e-07,-9.527179430360741e-08,-1.757140123031673e-07,-1.081495322142625e-06,-2.386989082098040e-09,-8.460774020305674e-09,-8.081737137802989e-09,-1.480620305019787e-01,7.498631449538478e-01,-6.008470713206185e-08,-5.498766163721016e-06,-8.545457221111870e-08,-2.418712129263354e-06,-6.604685444868227e-11,-1.207713108031096e-12,-1.835571325486383e-06,-8.232485421006251e-07,-4.365973525709368e-12,-2.129369771985143e-09,-5.132987084735030e-11,-6.079949171053170e-11,-1.800315948267786e-12,-3.006600119471702e-12,-2.535222361710731e-12,-9.910404194661920e-16,-4.538034311855131e-14,-1.749133829784898e-17,1.354308185242117e-18,-1.957122692655364e-14,-8.752781953253771e-11,-2.288887414127909e-14,-1.549173829101922e-15,-4.497761531194890e-04,-3.065185786485906e-03,-1.063858511148885e-05,-1.140131534041401e-05,-6.989429723537829e-06,-3.242780062782707e-10,-5.297561843408296e-13,8.404407669773406e-20,1.417356574436853e-19,-1.388778615470914e-22,-1.208489251741643e-21,4.209399035951745e-24,5.291328486478619e-11,
-3.845044627718114e-03,-2.990985220312871e-02,-8.795065795150382e-02,7.744484997416420e-06,-1.107970434141006e-02,4.796350542767385e-01,-6.596757350447375e-06,-3.317762523847494e-01,-6.896872530006205e-08,-1.324303140468028e-07,-2.218068993835416e-08,-1.790130668767848e-07,1.313774887264197e-07,-6.654649794851868e-07,-9.644929525455245e-07,-1.759157675156774e-09,-1.168510824475999e-08,-4.796312430313689e-09,-4.663041699499808e-01,1.766609199577177e+00,-4.682292251527878e-08,-1.258948997156554e-06,-1.481906506232678e-07,-2.854959246421761e-06,-1.482846245248126e-10,-2.698226862968414e-12,2.448097201482196e-08,5.113450793447933e-07,-1.312780037251353e-11,-4.476958270589868e-09,-1.551789703299321e-10,6.014943560481505e-11,-4.031247814895293e-12,-4.634784608430173e-12,-4.553995881756618e-12,-4.215157722970529e-15,-1.578818692765298e-13,-5.416578427689070e-17,7.336982803059210e-16,-8.087696700316793e-14,4.909389501105335e-11,-4.925447956505765e-14,-1.906081938517171e-15,-7.166919569310854e-04,-4.956340489788704e-03,1.417367198399287e-07,-4.272604034634870e-05,-2.678412881651651e-05,-6.918624133031924e-10,-1.387471438883503e-12,1.348596884269813e-19,4.935259817976230e-19,-1.632468348445083e-21,-1.439223687137541e-20,6.761318093256351e-22,5.703632011133664e-11,
-1.236802250012347e-02,-9.100512608329835e-02,-2.004079705113679e-01,3.537746294120767e-06,-2.871332109825562e-02,2.835154645378585e+00,-2.227447085769392e-05,-8.051479670129086e-01,3.542587791697943e-07,1.297315572339869e-06,1.145190208887509e-07,3.918607866497389e-06,6.395484761301806e-07,-2.187713564108446e-06,6.701181023008704e-06,1.590517477421574e-08,5.433433502019555e-08,4.489089143783939e-08,-1.107445356894993e+00,6.690920526664940e+00,4.358149351652715e-07,3.351590573428336e-05,3.828867600218844e-07,1.544130086491613e-05,-4.738657192395871e-10,-8.395677251120207e-12,1.168298867034793e-05,4.389108104363257e-06,-6.128007354162368e-11,-9.577139427669547e-10,-7.237752981641597e-10,2.715531211725068e-10,2.741260067960668e-11,2.458238150906315e-11,2.049918744646968e-11,-2.619833074778034e-14,-7.739659158851599e-13,6.167651816069627e-13,-3.920405865527711e-17,-4.446538242707557e-13,3.397624532346233e-10,1.277419944074193e-13,8.643167887629799e-15,7.288335841732325e-04,4.805701471204369e-03,6.151917508484997e-05,-2.413492731523109e-04,-1.560050058635779e-04,-1.680628617839770e-09,-4.203721607296433e-12,3.322788035456065e-13,2.836447505362961e-11,2.976040535870935e-12,7.011006387914937e-16,1.025168411787107e-12,7.676343241613814e-11,

