1
0
63
1
(4 0
((0,0) (7,127) (0,0))
((0,256) (7,383) (0,0))
((0,128) (7,255) (0,0))
((0,384) (7,511) (0,0))
)
4
FabOnDisk: SD_0_New_MF_D_0003 0
FabOnDisk: SD_0_New_MF_D_0001 0
FabOnDisk: SD_0_New_MF_D_0002 0
FabOnDisk: SD_0_New_MF_D_0000 0

4,63
-7.024469445134344e-07,3.864390523915667e-01,1.576880669458805e-01,7.156167263951355e-20,2.575723361196162e-18,1.317292147601390e-14,4.722701311398182e-09,1.711184776759347e-06,8.175039098515704e-07,1.937112433833096e-09,2.857465443794357e-03,0.000000000000000e+00,3.135527517673417e-23,2.511129051602954e-24,5.332050150045739e-11,1.164894242267018e-10,1.278039968506478e-19,1.738752545299441e-09,6.110555938168424e-14,1.022433038072289e-23,1.220326992696760e-11,2.921688591703800e-07,3.089486266783041e-08,3.974276989484045e-29,3.281407759069100e-09,2.417777122645161e-20,3.411661835597641e-09,2.620623207550741e-19,1.336590895968781e-14,8.237805839838045e-23,4.070649450301780e-10,2.659265271675959e-17,5.813540774100688e-19,2.265902461432222e-12,4.392153058445657e-16,0.000000000000000e+00,0.000000000000000e+00,0.000000000000000e+00,0.000000000000000e+00,0.000000000000000e+00,0.000000000000000e+00,0.000000000000000e+00,0.000000000000000e+00,8.155467753113105e-14,1.865679148412740e-16,5.281256859578566e-18,3.935079234363298e-13,1.276950983113511e-13,5.304570151134716e-12,1.234120050908966e-12,2.223695998316270e-12,1.007076899648227e-26,0.000000000000000e+00,0.000000000000000e+00,0.000000000000000e+00,0.000000000000000e+00,0.000000000000000e+00,0.000000000000000e+00,1.131245341673112e-01,4.066458610387197e+03,0.000000000000000e+00,4.430084184521327e+02,1.013227304774534e+05,
-1.216035585165220e-07,3.867747144633531e+00,1.469357450239426e-01,7.205244926361340e-06,6.946423393949376e-05,5.061699155988487e-04,1.327008537165302e-07,6.113151875240686e-05,1.235466771711642e-02,1.459236125735912e-08,1.324267448389475e-03,8.162742813269693e-11,3.930956784507306e-10,3.430447721747549e-11,1.510933880624750e-09,3.792844767924797e-10,1.129728912488965e-09,2.352731642667496e-09,5.148122100948788e-12,1.761989460813488e-11,1.782421011725789e-11,3.780208728411293e-03,2.305560337978552e-02,1.281438889512264e-10,1.260436908547618e-08,1.656877178564298e-10,5.020356111166463e-09,1.274781467843048e-13,2.313805039494868e-15,4.187546056170207e-09,2.193777659802909e-09,8.719430612684858e-15,3.986391619267116e-12,1.035087665891235e-13,1.255313291344609e-13,3.224423128410149e-15,5.399402532936577e-15,4.841910844484839e-15,2.355935944713787e-18,1.002159640770487e-16,3.354226691681363e-20,2.175739772191920e-21,4.925847061547390e-17,1.388935531444865e-13,3.861384511381220e-17,2.403447927700280e-18,9.314450379174778e-07,6.360304629783762e-06,2.484625818442144e-08,2.838074945782229e-08,1.751805673836571e-08,7.256208220593252e-13,1.265155636913715e-15,0.000000000000000e+00,0.000000000000000e+00,0.000000000000000e+00,0.000000000000000e+00,0.000000000000000e+00,1.053867093842119e-01,7.835260079843575e+03,0.000000000000000e+00,2.291958818938830e+03,1.013249536815631e+05,
-1.071372018849535e-06,3.616884757784529e+00,1.490509197806905e-01,1.041947794197485e-05,1.012362942086354e-04,5.933759590148547e-04,1.327102940968143e-07,7.163305937484496e-05,1.234074555385758e-02,2.220322527178456e-08,1.661156960525551e-03,1.370226303098951e-10,4.174761245378487e-10,5.032179319258919e-11,1.395319062424913e-09,1.993817887828751e-10,1.890379157476822e-09,2.866285275281979e-09,5.489468511795816e-12,2.612845218870273e-11,1.940148743401856e-11,4.284178175578609e-03,2.215919218607709e-02,1.324359490285388e-10,1.075972742753331e-08,2.994393071771130e-10,6.875246598471175e-09,0.000000000000000e+00,1.689649322719169e-15,3.004812145060653e-09,1.196394241088343e-09,2.700954898695248e-14,8.759822756987936e-12,3.191189684969021e-13,0.000000000000000e+00,0.000000000000000e+00,0.000000000000000e+00,0.000000000000000e+00,0.000000000000000e+00,0.000000000000000e+00,0.000000000000000e+00,0.000000000000000e+00,0.000000000000000e+00,6.094312086022087e-14,8.295852656870554e-17,3.395697812439174e-18,1.548954182728927e-06,1.067597057993225e-05,1.796066440869775e-08,9.464265295210351e-08,5.976122261779251e-08,1.428135465408482e-12,0.000000000000000e+00,0.000000000000000e+00,0.000000000000000e+00,0.000000000000000e+00,0.000000000000000e+00,0.000000000000000e+00,1.069081068424629e-01,5.962925134815693e+03,0.000000000000000e+00,2.148702328725327e+03,1.013249176236345e+05,
-6.562993579405800e-08,3.936583764147812e+00,1.460852094117848e-01,6.092940979310106e-06,5.818366630673899e-05,4.687654471817490e-04,1.349688788772051e-07,5.697192462494429e-05,1.235212296530326e-02,1.207273718311690e-08,1.183345505829339e-03,5.116028017112421e-11,2.717297199562477e-10,2.294496820754615e-11,1.087881949292882e-09,2.984145912694007e-10,8.694557809535171e-10,1.627957952454641e-09,3.546340716504507e-12,1.172049372650156e-11,1.250974870940221e-11,3.567337132477674e-03,2.344011246680624e-02,8.751258153113818e-11,9.043130434752621e-09,1.001112421999311e-10,3.368629782846488e-09,6.911551656481774e-14,1.249936273044051e-15,2.998991895304925e-09,1.625603562088658e-09,4.093138496835833e-15,2.176458442156792e-12,4.871454164166664e-14,8.165475181550974e-14,1.572491648878045e-15,3.172367639898963e-15,2.783387293530695e-15,9.592896726525437e-19,4.455454911547499e-17,1.673448543690917e-20,7.830183287863739e-22,2.124856079320664e-17,7.841108233965969e-14,1.737839763540670e-17,1.196356418828096e-18,5.875514091408830e-07,3.995897950029387e-06,1.800579017443629e-08,1.327247127545784e-08,8.115120691569159e-09,4.244385126332988e-13,6.978076284932504e-16,1.141460147330843e-24,0.000000000000000e+00,1.021986374261394e-27,0.000000000000000e+00,1.215368955983235e-27,1.047748070727389e-01,7.926792151741500e+03,0.000000000000000e+00,2.330984304636109e+03,1.013249575024590e+05,

4,63
7.033743466925118e-07,3.612227249057922e+00,8.372925997130507e-01,5.082893112226642e-05,4.635257062291049e-04,9.709291504150663e-04,1.197980291119872e-04,3.302888700844664e-04,1.310626430766380e-02,2.132949291044226e-05,1.827693919248885e-01,1.345705104752888e-06,6.238126436835742e-06,7.117462040569109e-07,2.311067418475737e-04,2.535790824933347e-04,2.057730214460788e-05,5.064679662579707e-04,1.480716721477429e-05,9.564950291991723e-07,6.637062669749292e-05,1.403727280113919e-02,2.214993549230083e-02,7.297944362901175e-07,5.915697775447495e-04,2.200042100067745e-05,4.489049244372782e-03,1.023710452640670e-04,4.445928299325977e-04,3.178312316467075e-05,1.161724804017362e-04,1.348547666877413e-07,3.229603273395480e-05,3.868838351465328e-05,1.177908218379240e-05,5.640609316542564e-05,3.060463967924389e-05,4.039374322372726e-05,3.121418520808898e-06,6.481041732385626e-04,1.156818917209573e-05,4.124804558546278e-06,1.168434543657076e-04,1.597078803381333e-05,6.438351102927886e-07,1.464726773245990e-08,2.488810645274250e-06,1.756974573301629e-05,2.970070058670815e-05,1.266695123039620e-05,1.648442887912331e-05,1.655748871903374e-06,4.555585353155720e-04,1.025216440091561e-05,5.259277791964574e-02,1.658947415069413e-03,1.396949978061528e-04,4.489288016879961e-04,6.019275116233536e-01,7.561263154050356e+04,0.000000000000000e+00,2.146057526201108e+03,1.013296126544779e+05,
1.459541061192521e-07,3.936266709848591e+00,1.490244099418407e-01,1.037600522030905e-05,1.008130191764894e-04,5.923518867627152e-04,1.349499938784951e-07,7.150349882412646e-05,1.235708009721547e-02,2.209685489617583e-08,1.657053507215903e-03,1.364658069334476e-10,5.320747725536025e-10,5.019046330959355e-11,1.898718847144690e-09,4.051289820485034e-10,1.879820589684409e-09,3.217167761343081e-09,6.985084693979340e-12,2.605726153152182e-11,2.346525437927705e-11,4.278126516722641e-03,2.343837867117297e-02,1.758100574274674e-10,1.579497949837306e-08,2.979631043119612e-10,7.200860018500032e-09,2.936324396239453e-13,5.304695331234924e-15,5.168624936337778e-09,2.493264300826757e-09,2.671563214566399e-14,8.698687131129300e-12,3.156510144206569e-13,1.478072899562010e-13,7.213319111987408e-15,8.877707867424169e-15,8.726898942932206e-15,9.173061956526114e-18,3.245614620560203e-16,1.100657971990368e-19,1.127273451744806e-20,1.721565262070294e-16,1.786544444097412e-13,8.251946777075137e-17,4.137210947107637e-18,1.542574019398979e-06,1.063083498797082e-05,3.011399355070713e-08,9.347674517496891e-08,5.900883707988446e-08,1.419523344475793e-12,2.810815303914728e-15,5.734801503052194e-23,3.416997757572900e-20,4.974476360003395e-20,1.531647138303557e-19,1.365469469543419e-20,1.068890182055801e-01,7.929026994080132e+03,0.000000000000000e+00,2.330820491740857e+03,1.013250318354739e+05,
1.180820084945137e-06,3.866957941314974e+00,1.575183214167265e-01,2.830114545635021e-05,2.623194242541218e-04,8.500097553428632e-04,1.887043064714984e-07,1.105340847695470e-04,1.235715515128102e-02,7.078164927832616e-08,2.836150921771149e-03,1.956536676388062e-10,5.603914527640505e-10,5.833768436289238e-11,1.930612232555532e-09,3.967169155673708e-10,6.777578736567108e-09,3.466614293477046e-09,7.345917207507576e-12,3.080173094598630e-11,2.445497291058755e-11,5.905833575145468e-03,2.305118340052004e-02,1.851932602568747e-10,1.599362118120080e-08,5.170900803659692e-10,8.056191019572211e-09,1.696052400980956e-12,1.998857615612146e-14,5.190136631872372e-09,2.483859320776750e-09,1.796955048271174e-13,2.204037402067229e-11,2.257544767203266e-12,1.983392630305044e-12,8.427167196551035e-13,1.202697911000063e-12,2.825800716543872e-12,1.667529248925687e-13,4.462075798201388e-12,1.382494546882403e-12,1.175640865349583e-15,1.096476801418448e-12,1.782740121013422e-13,1.619155071946745e-16,4.592434702598366e-18,2.487256707661623e-06,1.755279801547452e-05,3.019849983763308e-08,1.504375852675938e-06,1.021058897867266e-06,3.637058483900295e-12,4.100726520951611e-12,1.278499245760725e-13,1.041082711425555e-10,2.323443044852229e-11,7.392725570353701e-12,6.449087342722770e-12,1.130023552802460e-01,7.833079686480621e+03,0.000000000000000e+00,2.291475593201510e+03,1.013250942166053e+05,
6.554967533830071e-08,3.966581927887249e+00,1.469271653095126e-01,7.192857172570203e-06,6.934102070138870e-05,5.057813154184165e-04,1.367139038653102e-07,6.108624794224457e-05,1.235466333981778e-02,1.456448267459834e-08,1.322852170307216e-03,8.133279241713882e-11,3.920718650698039e-10,3.420320581926219e-11,1.507576424826106e-09,3.787601837964194e-10,1.126867641810861e-09,2.346548359089677e-09,5.134500409737036e-12,1.756682663689485e-11,1.778050755860577e-11,3.778056901631121e-03,2.361278970542350e-02,1.278001366309811e-10,1.257673719795279e-08,1.650493773259121e-10,5.006263536044977e-09,1.268437788910916e-13,2.302261733193489e-15,4.178347216666812e-09,2.189747515625073e-09,8.663878689733097e-15,3.967283210437564e-12,1.028523693764993e-13,1.251872610013648e-13,3.206345869662323e-15,5.378561972567556e-15,4.821789841251711e-15,2.337952531459073e-18,9.953972815538987e-17,3.647340867555272e-20,2.156463889273392e-21,4.891087857731299e-17,1.383878621038636e-13,3.838411636739236e-17,2.391559500407721e-18,9.282825540016449e-07,6.338450390656867e-06,2.479675856601079e-08,2.819806161046212e-08,1.740359980125431e-08,7.225882270994206e-13,1.259092846372097e-15,2.170482011196640e-24,4.860201089127993e-25,2.178854373825619e-20,1.527231536634607e-19,4.229779215748357e-21,1.053805617004542e-01,7.941067628866852e+03,0.000000000000000e+00,2.347046365825220e+03,1.013250223248278e+05,

