1
0
63
1
(4 0
((0,0) (7,127) (0,0))
((0,256) (7,383) (0,0))
((0,128) (7,255) (0,0))
((0,384) (7,511) (0,0))
)
4
FabOnDisk: SD_0_Old_MF_D_0003 0
FabOnDisk: SD_0_Old_MF_D_0001 0
FabOnDisk: SD_0_Old_MF_D_0002 0
FabOnDisk: SD_0_Old_MF_D_0000 0

4,63
-5.133333575091388e-07,3.333148684413598e-01,1.576940421788215e-01,8.096265636540577e-20,2.882838741036542e-18,1.448289837217828e-14,5.195703316078256e-09,1.857751320963965e-06,8.970204983568381e-07,2.131346055056131e-09,2.858201043050109e-03,0.000000000000000e+00,3.783732918316684e-23,3.038210281739912e-24,5.856684505981474e-11,1.162912387277323e-10,1.444094585353962e-19,1.742521383031847e-09,6.803409649022058e-14,1.240193564547701e-23,1.221476354747807e-11,3.214376491059162e-07,3.406431114565188e-08,4.821362122310250e-29,3.617305339007882e-09,2.923710640136588e-20,3.382301211155632e-09,0.000000000000000e+00,7.422247326185951e-15,9.835229593164601e-23,4.486704676497364e-10,2.958876867187532e-17,6.963313986989131e-19,2.265516500921806e-12,0.000000000000000e+00,0.000000000000000e+00,0.000000000000000e+00,0.000000000000000e+00,0.000000000000000e+00,0.000000000000000e+00,0.000000000000000e+00,0.000000000000000e+00,0.000000000000000e+00,8.578476487524487e-14,1.964385507584663e-16,5.570389426275398e-18,4.318158314273614e-13,1.401234381248235e-13,5.820533277369747e-12,1.354133252494678e-12,2.439941470944728e-12,9.756281795654196e-27,0.000000000000000e+00,0.000000000000000e+00,0.000000000000000e+00,0.000000000000000e+00,0.000000000000000e+00,0.000000000000000e+00,1.131288614406718e-01,4.082440811084964e+03,0.000000000000000e+00,4.430094327983056e+02,1.013229319600838e+05,
-1.726800338390852e-07,3.817890802196898e+00,1.469363446810534e-01,7.205791854402578e-06,6.947004949378826e-05,5.061869551779440e-04,1.327004443082713e-07,6.113315731229746e-05,1.235467603330257e-02,1.459377358401364e-08,1.324359520753245e-03,8.163458715442482e-11,3.931144834597582e-10,3.430660126511494e-11,1.510965978664969e-09,3.792642817442092e-10,1.129855178683083e-09,2.352800462517863e-09,5.148298299064076e-12,1.762087954357397e-11,1.782476768057822e-11,3.780333815187622e-03,2.305549779036167e-02,1.281546713321936e-10,1.260524489260877e-08,1.657236251043220e-10,5.021110534145094e-09,1.275108707436888e-13,2.314390282150601e-15,4.187729705275784e-09,2.193810899895172e-09,8.722354417785822e-15,3.987508051340185e-12,1.035417324668819e-13,1.255310641811361e-13,3.225023333936730e-15,5.400259740483020e-15,4.842942267988179e-15,2.356861537454041e-18,1.002517751413582e-16,3.646722268279060e-20,2.176750734434568e-21,4.927693236961895e-17,1.389000285608265e-13,3.862009893617347e-17,2.403714562787828e-18,9.316476783066392e-07,6.361699662368614e-06,2.484984730668161e-08,2.839156174063662e-08,1.752482765229248e-08,7.258030286892050e-13,1.265498960105606e-15,0.000000000000000e+00,0.000000000000000e+00,0.000000000000000e+00,3.300386830910635e-26,1.145942361057735e-26,1.053871549125817e-01,7.835234200233795e+03,0.000000000000000e+00,2.291945220553076e+03,1.013249526860870e+05,
-2.076374160977809e-07,3.566835453710311e+00,1.490516559276109e-01,1.042090555410157e-05,1.012492400560686e-04,5.934078561838355e-04,1.327098962678903e-07,7.163740051679446e-05,1.234080061590605e-02,2.220642109913963e-08,1.661265651552364e-03,1.370398852452886e-10,4.173039761125280e-10,5.032568837434470e-11,1.394835006722972e-09,1.992800642110021e-10,1.890699956357386e-09,2.865367943666586e-09,5.487179541390231e-12,2.613043906291636e-11,1.939513591182263e-11,4.284330896665971e-03,2.215878348922639e-02,1.323730123483111e-10,1.075484459516240e-08,2.994842265302685e-10,6.873434577569047e-09,2.960321459164265e-13,5.347327238526699e-15,3.003045952776561e-09,1.195685583958751e-09,2.701847200486460e-14,8.761586980292079e-12,3.192214027884524e-13,0.000000000000000e+00,0.000000000000000e+00,0.000000000000000e+00,0.000000000000000e+00,0.000000000000000e+00,0.000000000000000e+00,0.000000000000000e+00,0.000000000000000e+00,0.000000000000000e+00,6.191837721064218e-14,8.297031972378767e-17,3.418379187470915e-18,1.549116052454576e-06,1.067710346927168e-05,1.795024746203265e-08,9.467625370164707e-08,5.978289386123773e-08,1.428391141410875e-12,0.000000000000000e+00,0.000000000000000e+00,0.000000000000000e+00,0.000000000000000e+00,0.000000000000000e+00,0.000000000000000e+00,1.069086385352542e-01,5.960609925848056e+03,0.000000000000000e+00,2.148605272948125e+03,1.013249114173593e+05,
-5.811468240967193e-08,3.886742972878802e+00,1.460849011567358e-01,6.091619292301359e-06,5.817156064230485e-05,4.687183552965600e-04,1.349684492290520e-07,5.696478471951347e-05,1.235214015559119e-02,1.207034140383488e-08,1.183281564814700e-03,5.114174587599410e-11,2.716681377618835e-10,2.293876575214290e-11,1.087670295081549e-09,2.983617458843815e-10,8.692270929191487e-10,1.627524545671090e-09,3.545396878349629e-12,1.171701789284993e-11,1.250705902164530e-11,3.567192315730325e-03,2.344000130566546e-02,8.749641790463984e-11,9.042240764427341e-09,1.000918280936560e-10,3.368360439256949e-09,6.909362847150985e-14,1.249531163378988e-15,2.998579343366207e-09,1.625391614695469e-09,4.091195741902719e-15,2.175951743700641e-12,4.868827207362751e-14,8.163493991231375e-14,1.571774172112302e-15,3.171670754977069e-15,2.782682022715609e-15,9.586755209581370e-19,4.453221149962076e-17,1.672671700461359e-20,7.824425715780776e-22,2.123791710796315e-17,7.839723504282456e-14,1.737105813952319e-17,1.195977624059129e-18,5.874722751827695e-07,3.995351873165353e-06,1.800641054914069e-08,1.326690688506245e-08,8.111695848322673e-09,4.243510255872719e-13,6.975840131251261e-16,1.141136079261940e-24,0.000000000000000e+00,2.050082891065072e-28,0.000000000000000e+00,7.788876987680185e-28,1.047746194885427e-01,7.926816441531124e+03,0.000000000000000e+00,2.330972077932333e+03,1.013249523611886e+05,

4,63
6.486582955860949e-07,3.562172927827591e+00,8.372885293395601e-01,5.090982729467157e-05,4.639259195886315e-04,9.712411026284032e-04,1.197391705467775e-04,3.285450050065695e-04,1.311934363251361e-02,2.131807138708411e-05,1.827684015686660e-01,1.345667613866742e-06,6.240264289224194e-06,7.111211933378439e-07,2.306909305309332e-04,2.531652094723402e-04,2.058398008019293e-05,5.055448906528782e-04,1.474765667051783e-05,9.574322102218954e-07,6.618964698030981e-05,1.403658505141638e-02,2.214950969253442e-02,7.302408643432742e-07,5.910265094079478e-04,2.198216442328956e-05,4.481884933699042e-03,1.020792462358890e-04,4.434785945645748e-04,3.172007457468765e-05,1.161718156071165e-04,1.351348514517538e-07,3.231001918098033e-05,3.865170643169086e-05,1.170940805504583e-05,5.629320394991202e-05,3.051248456790162e-05,4.024456728036164e-05,3.116426806602061e-06,6.473902436310083e-04,1.158872563928723e-05,4.148237440824946e-06,1.165466911869892e-04,1.588995324695597e-05,6.480147473600369e-07,1.468234678661624e-08,2.488788931966294e-06,1.756854047129781e-05,2.964297015195594e-05,1.265195823749216e-05,1.646225900892276e-05,1.660732917855651e-06,4.545755748050018e-04,1.025618647393138e-05,5.259258057454983e-02,1.659004142008575e-03,1.394588523008316e-04,4.490393996152897e-04,6.019243636838757e-01,7.559275747502639e+04,0.000000000000000e+00,2.145962373515652e+03,1.013293333987998e+05,
1.792910407099920e-07,3.886422461177447e+00,1.490251427638393e-01,1.037745836363752e-05,1.008260718898201e-04,5.923842420307695e-04,1.349497680000911e-07,7.150797015880978e-05,1.235707757213217e-02,2.210006464450852e-08,1.657161590761797e-03,1.364838521694408e-10,5.321018592293202e-10,5.019460928658224e-11,1.898765369445326e-09,4.050641666847416e-10,1.880145268593213e-09,3.217320338517100e-09,6.985401502333461e-12,2.605937001767394e-11,2.346595856824462e-11,4.278278464154690e-03,2.343828073208502e-02,1.758212227645791e-10,1.579547570219294e-08,2.980092852900906e-10,7.201423828831308e-09,2.937074446154298e-13,5.306019293958879e-15,5.168693305720648e-09,2.492666327397326e-09,2.672464800337110e-14,8.700477087067965e-12,3.157541523033417e-13,1.478009657286738e-13,7.214631284641259e-15,8.878568914225173e-15,8.728117220696836e-15,9.176961720826723e-18,3.246769755076605e-16,1.101028845006526e-19,1.127875009790578e-20,1.722211691245036e-16,1.786079804131104e-13,8.253161964204688e-17,4.137491030791398e-18,1.542738724667540e-06,1.063199041843669e-05,3.011408618967273e-08,9.351036037227940e-08,5.903053227034403e-08,1.419784058637442e-12,2.811470944293596e-15,5.628007922052225e-24,2.180995113147325e-21,2.606335417817178e-20,2.020639934952510e-19,6.381761475352540e-21,1.068895478835076e-01,7.928875351767794e+03,0.000000000000000e+00,2.330809756744434e+03,1.013250320790084e+05,
2.269650238097126e-07,3.817111391596929e+00,1.575244400035358e-01,2.831706278164478e-05,2.624511276663347e-04,8.501536301838454e-04,1.887852658243488e-07,1.105616786914961e-04,1.235716473647120e-02,7.082788017165834e-08,2.836900269307181e-03,1.956471169169308e-10,5.603567302962425e-10,5.833765650370082e-11,1.930535792761829e-09,3.966955461967667e-10,6.782350728746820e-09,3.466430638727370e-09,7.345381716421085e-12,3.075138326618270e-11,2.445325125751462e-11,5.906803990717161e-03,2.305107799685307e-02,1.851819649717600e-10,1.599322412045019e-08,5.171217367490885e-10,8.056067438533603e-09,1.148120093563157e-12,2.003788265317275e-14,5.190004719493348e-09,2.483796469966614e-09,1.798659254870268e-13,2.204426266046955e-11,2.260722538427813e-12,8.529299281344164e-13,5.013378303947929e-13,7.865945658476181e-13,1.617660499182699e-12,1.920813913233536e-14,3.590485107059564e-13,1.519628143619299e-13,3.394734936151533e-17,1.139921705215790e-13,1.782658257863743e-13,1.692747385102953e-16,4.809721244252530e-18,2.487322332702018e-06,1.755183664135440e-05,3.019796919853645e-08,1.506716926727083e-06,1.022572550071162e-06,3.638313499913643e-12,1.250152222722963e-13,1.637929071599290e-14,2.056081891560231e-12,7.998090577039983e-12,5.687856737301744e-12,2.252652580530133e-12,1.130067874795178e-01,7.833029769791354e+03,0.000000000000000e+00,2.291461955810988e+03,1.013250946389703e+05,
5.734513788954553e-08,3.916778934545004e+00,1.469278451114807e-01,7.193492752123341e-06,6.934789376196305e-05,5.058017003056208e-04,1.367201841197344e-07,6.108817207571926e-05,1.235467186589265e-02,1.456613714485621e-08,1.322956749643429e-03,8.133952609739306e-11,3.920858041930189e-10,3.420499030348798e-11,1.507583736852420e-09,3.787304575840825e-10,1.127010599062849e-09,2.346586328596511e-09,5.134610160706635e-12,1.756763989936192e-11,1.778080831417324e-11,3.778201396551488e-03,2.361292891940982e-02,1.278097186471629e-10,1.257744609966362e-08,1.650868713633629e-10,5.007007639527097e-09,1.268782536736798e-13,2.302876726197966e-15,4.178471499154534e-09,2.189739071638261e-09,8.667051351886632e-15,3.968469188834493e-12,1.028887228425388e-13,1.251847334707997e-13,3.206957386393629e-15,5.379395010353603e-15,4.822846871436081e-15,2.338918010033373e-18,9.957730824677892e-17,3.648569390150304e-20,2.157552330586913e-21,4.893077576589066e-17,1.383921108110734e-13,3.839041022959052e-17,2.391811278820166e-18,9.284979189242064e-07,6.339932913367221e-06,2.480031731962011e-08,2.820991402923300e-08,1.741101843903250e-08,7.227811003067017e-13,1.259459190696318e-15,2.040160248378571e-24,1.026568366872004e-25,2.897495542803312e-20,1.920828551514495e-19,7.217290730761497e-21,1.053810638170205e-01,7.940289881548287e+03,0.000000000000000e+00,2.347054446123017e+03,1.013250255619822e+05,

