1
0
56
1
(4 0
((0,0) (7,127) (0,0))
((0,256) (7,383) (0,0))
((0,128) (7,255) (0,0))
((0,384) (7,511) (0,0))
)
4
FabOnDisk: SD_5_Old_MF_D_0003 0
FabOnDisk: SD_5_Old_MF_D_0001 0
FabOnDisk: SD_5_Old_MF_D_0002 0
FabOnDisk: SD_5_Old_MF_D_0000 0

4,56
-7.574323632471889e+00,-1.732533474887022e+01,-2.617400769924983e+01,-5.986127997983941e+00,-8.339645492805799e+00,-8.777052737743499e+00,-1.030847918812912e+00,-6.290951129372845e+02,-2.371032902823523e-01,-7.356040674598181e-01,-8.097808853546856e-02,-1.355282092952210e+01,-1.188975647527708e+01,-1.444800683412693e+00,-9.919811884337850e+00,-4.460416493900131e-01,-7.051999919525653e-02,-2.589411751240175e+00,-1.367298877650109e+02,3.395114051008008e-14,-7.670635846534864e-02,-4.530844846858925e+01,-1.723422810310927e+00,-1.898352601228098e+02,-7.488814030716117e+00,-2.298810838544498e+01,-4.219960796160205e+00,-2.911558114677487e+00,-8.880185480756976e-03,-1.993383790751219e+00,-1.623330463389287e+00,-8.572856563310803e-01,-3.523870061404794e+00,-2.040124677561478e+00,-2.998615087261106e+00,-2.083303901532345e-01,-3.155154984926529e+01,-4.630537073153765e-01,-3.135575914094629e-01,-8.327658053099304e+00,-7.710164998298369e-01,-1.453629948501602e-02,-5.718847561654658e-04,-7.454319662517563e-02,-1.330305273580423e-01,-2.025710299595786e+00,-6.909537454681239e-02,-3.520447926790166e-01,-1.298168109919539e-01,-2.413808990170163e+01,-4.419831770925149e-01,-5.503528404667300e+02,-8.458518453704637e+01,-8.529719741597432e+00,-2.355038688131262e+01,-2.800106813083403e-10,
-1.317203223721644e-02,-8.938633317664893e-02,-1.985312009096705e-01,3.080280680342480e-06,-2.829036072238059e-02,1.843243876518780e-01,-2.159638947932047e-05,-7.993538465773999e-01,-1.051075554023947e-07,-2.109710132400001e-07,-2.295401992668583e-08,-6.581223072339873e-07,-7.432331731678592e-08,-2.117047694996017e-06,-1.207310188009319e-06,-2.663814988786473e-09,-1.226864430635575e-08,-8.641118096354017e-09,-1.084019079158179e+00,7.524732731248863e-01,-7.355604008872547e-08,-5.955801864027151e-06,-2.927925011100893e-07,-3.459007938088348e-06,-4.732636148395885e-10,-8.382685306363880e-12,-1.923587372267326e-06,-7.686635817954435e-07,-6.024474588150215e-11,-1.224625998484773e-08,-7.072633529883457e-10,-5.836137109102079e-11,-8.664734263643782e-12,-5.440730128383885e-12,-7.459200319530795e-12,-2.550927254511067e-14,-7.586771009507442e-13,-3.828752811397686e-16,-1.667973364992375e-15,-4.331819776154541e-13,-9.258590086782065e-11,-7.675509122274282e-14,-2.437514448860359e-15,-1.195345309669107e-03,-8.442150350984161e-03,-1.183324612932504e-05,-2.337423124119236e-04,-1.509318544545895e-04,-1.679580265941742e-09,-4.153790560559911e-12,-1.033725147991751e-16,-4.433043536973056e-16,-9.466915285838544e-15,-5.587833859243412e-14,-4.557487254270702e-15,-3.176980900576609e-11,
-1.432364745250816e-01,-7.383988373102125e-01,-5.594240542241270e-01,-4.623435531901303e-04,-1.422172308612732e-01,4.861173019903174e-01,-2.536562292769019e-04,-3.726005353739875e+00,-1.116865864045043e-07,-1.286451433466604e-07,-2.235813199417168e-08,-1.657434231207305e-07,1.399925861664793e-07,-2.579765247730802e-05,-9.091946350939833e-07,-1.667042245186246e-09,-1.217832852672221e-08,-4.647559622360967e-09,-4.216642046122903e+00,1.752028117025718e+00,-4.858744358000274e-08,-1.605505375494277e-06,-3.899733459316935e-07,-3.099783502159052e-06,-8.892285820049746e-07,-6.240134347777100e-10,5.995386803242984e-09,4.836106893432772e-07,-1.213428509126526e-09,-2.855411234636302e-08,-2.753778285508569e-08,-3.972815745009354e-07,-3.488897551913732e-07,-5.351538080728397e-07,-1.633909232976013e-06,-7.514577843307879e-08,-2.023947150685045e-06,-9.388290590896503e-07,-3.824038470163014e-10,-4.310832676803718e-07,-6.816050269795886e-09,-1.680397761285450e-11,-4.831033113149987e-13,-1.469727737979800e-03,-1.027052873396183e-02,-1.096594450426793e-06,-1.311604479905094e-02,-8.998822854569852e-03,-8.357194707037059e-08,-1.803578891744799e-06,-4.069193363990672e-07,-2.015733846694314e-05,-1.370877232351445e-05,-4.055737629396676e-06,-3.837054170986021e-06,-3.405675741419145e-11,
-4.860859104568398e-03,-2.955080582734097e-02,-8.955368289270790e-02,-6.420116641509901e-06,-1.094497213787471e-02,8.386552838394210e-02,-6.627069833392628e-06,-3.337090779376829e-01,-7.651495547181210e-08,-2.543897428406044e-07,-2.111000160693876e-08,-9.333336392106281e-07,-1.997958994226930e-07,-6.286864039991204e-07,-1.079364438036331e-06,-2.399741640289394e-09,-9.172170097685491e-09,-7.991013947542174e-09,-4.670015205326195e-01,2.866121620624336e-01,-6.955159097600963e-08,-7.573378083778207e-06,-1.400764933617387e-07,-3.452899671272483e-06,-1.383107607426447e-10,-2.491650672450510e-12,-3.395648985225935e-06,-1.020458557893648e-06,-1.252601752596580e-11,-4.295318644185605e-09,-1.490944272613455e-10,-6.716678857425258e-11,-3.583143090286770e-12,-4.068939203168445e-12,-4.220411437274666e-12,-3.962484936887886e-15,-1.490473975811983e-13,-4.949961676986360e-17,-2.904910906392780e-18,-7.711364162583497e-14,-9.539273201547211e-11,-4.441455898712116e-14,-2.203565415518909e-15,-7.182615422711317e-04,-4.957445478379115e-03,-1.475003493217808e-05,-4.220528346486076e-05,-2.646801453443416e-05,-6.775511332355924e-10,-1.343023362587061e-12,-2.339304055921419e-19,-1.472579187803807e-16,-9.052246652599429e-15,-4.303476144692677e-14,-4.551698722848602e-15,-3.415018268171366e-11,

4,56
5.433807654236307e+00,3.100550157179532e+01,4.427540457341227e+01,7.371271427761438e+00,1.318929063243959e+01,3.134789524801075e+02,6.203264471211700e-01,-4.319717916700938e-09,5.609639596623197e-01,1.306897959953346e+00,1.506166635062595e-01,2.495996981980299e+01,1.543551312919927e+01,1.896369125772092e+00,1.506176294365163e+01,4.662881853195992e-01,1.259347253101606e-01,2.843301118694036e+00,4.519800253924959e+02,2.828470104084641e+02,1.612737415282398e-01,5.497404674920573e+01,3.692027905196882e+00,2.870350961029372e+02,1.077998397394074e+01,2.500746670829719e+01,8.284546166867827e+00,3.358290838014233e+00,1.551282024219915e-02,3.732017120884859e+00,2.201394406508878e+00,1.001525185796981e+00,3.925548515097604e+00,2.156280580290256e+00,3.844662370902702e+00,2.116633907371822e-01,3.103720184275296e+01,1.051792985418218e+00,5.032828426424339e-01,7.748451335191673e+00,1.265927605417867e+00,3.322969627899122e-02,8.681121908413411e-04,8.258207355072339e-02,3.399541689164143e-01,2.376968426902531e+00,4.455241528633153e-01,6.587159707450513e-01,1.845178007830874e-01,1.557683963012813e+01,7.565521445171541e-01,9.642639776817051e-05,9.147193311189604e+01,1.400079624291069e+01,2.568432300592224e+01,2.528395270928741e-10,
-3.901740357812155e-03,-2.916348466459610e-02,-8.326063471411058e-02,9.161201031295417e-06,-1.093183312250888e-02,4.818458583508768e-01,-6.301629485877287e-06,-3.352346736054654e-01,-5.816196539666401e-08,-8.122322825803198e-08,-1.745470773819216e-08,3.093076732258948e-08,1.829375847772795e-07,-6.234006357526180e-07,-5.348694679393066e-07,-9.854483347527986e-10,-9.380231149015839e-09,-1.378284624773635e-09,-4.666606861936657e-01,1.736440044261543e+00,-3.612994638587168e-08,-6.000152438938134e-09,-1.416736350227575e-07,-2.553777907035116e-06,-1.395630706028092e-10,-2.525992903970363e-12,4.529332988956224e-07,8.054005809825056e-07,-1.260094775853886e-11,-4.344954975323024e-09,-1.493030988128509e-10,7.619755549905215e-11,-3.631591625779973e-12,-4.166714998300700e-12,-4.280422097990628e-12,-3.987033202645880e-15,-1.502177850636414e-13,8.243869933912160e-18,8.586498315107416e-17,-7.741020427715088e-14,7.054330169995078e-11,-4.471942012166925e-14,-1.334498300781698e-15,-7.207278195519979e-04,-4.975825109430225e-03,-6.741173208412665e-08,-4.219710762295183e-05,-2.643175630401642e-05,-6.811423651123615e-10,-1.348404276428234e-12,5.187516491985940e-18,2.727584543130828e-15,3.708933983665176e-15,9.141533732954517e-16,1.029594408141142e-15,3.527961256466483e-11,
-1.326836486652959e-02,-9.033736353193551e-02,-1.955575413222123e-01,2.931006421764765e-06,-2.857005750411024e-02,2.863103353320360e+00,-2.187983664783980e-05,-8.064577062908496e-01,3.349820573457876e-07,1.265138714029556e-06,1.304193804901260e-07,8.457097905339447e-06,7.144875149945146e-07,-2.142303288795090e-06,7.162203095751612e-06,2.132223625653133e-08,9.156296611746014e-08,6.907402160444917e-08,-1.093845217804305e+00,6.677080988697794e+00,4.195229164992325e-07,3.209789882768551e-05,6.343829081457851e-07,3.420468396784898e-05,2.793449449756154e-07,1.633428059828046e-09,1.123017718603668e-05,4.205628969055700e-06,4.341766779634290e-09,8.036709756177958e-09,1.449943388230871e-07,8.245160880448697e-07,3.776958876438429e-07,2.922772714035333e-07,3.626644711753154e-07,1.575575832043417e-08,3.995043270418880e-07,1.989741507978209e-07,8.118368506992775e-11,8.737909358066455e-08,3.116063629295521e-10,3.581244453339075e-14,5.817091871563441e-15,5.427610002562767e-04,5.396075307203883e-03,5.947427491529567e-05,-2.385717131365954e-04,-1.540582900736319e-04,1.064086331301963e-08,3.455021823656868e-07,2.075010874992348e-08,5.453477769247731e-06,2.681857772953453e-06,2.892885374433812e-06,7.503199061163402e-07,3.497691025700078e-11,
-1.693379375914143e-03,-6.624733614623143e-03,-9.863433575198900e-03,7.561229744405465e-06,-3.600369620805481e-03,1.835028036769734e-01,-4.430966921702061e-07,-1.670549310998769e-01,-3.089799530172164e-08,-8.364999097147834e-08,-9.828518656527194e-09,-1.778221544196296e-07,3.434767982025756e-08,-5.740354070015924e-08,-4.532696635631646e-07,-1.065648993938430e-09,-5.087906188732538e-09,-2.694498352397550e-09,-1.749026895609372e-01,7.527924278910567e-01,-3.729763930421185e-08,-2.287049790884194e-06,-7.667584247157682e-08,-1.974900634874749e-06,-5.371778850121933e-11,-9.729630179717925e-13,-5.454919061675943e-07,-5.805645539915680e-08,-3.482888435052895e-12,-1.951540614612036e-09,-3.745537345049393e-11,-3.831889974191784e-11,-1.324146008593401e-12,-2.559184855988578e-12,-2.134746433138115e-12,-6.364647746226936e-16,-3.323943052785673e-14,-1.309315558617269e-17,9.383702211311098e-19,-1.351780631561467e-14,-7.145547429594256e-11,-1.761811194464559e-14,-1.268620219376998e-15,-4.501807001477644e-04,-3.065389875802117e-03,-9.136839339865597e-06,-9.064590972246288e-06,-5.565764971281859e-06,-2.995249272446174e-10,-4.281717228785437e-13,5.736375372898661e-18,1.526539118623812e-19,-6.712875351632204e-23,2.901542436733323e-17,-1.773631287294250e-22,3.737510301249358e-11,

