1
0
56
1
(4 0
((0,0) (7,127) (0,0))
((0,256) (7,383) (0,0))
((0,128) (7,255) (0,0))
((0,384) (7,511) (0,0))
)
4
FabOnDisk: SD_5_New_MF_D_0003 0
FabOnDisk: SD_5_New_MF_D_0001 0
FabOnDisk: SD_5_New_MF_D_0002 0
FabOnDisk: SD_5_New_MF_D_0000 0

4,56
-7.584400460856414e+00,-1.743905826741660e+01,-2.619052104271771e+01,-5.971412725909003e+00,-8.277423417884714e+00,-8.833440033611854e+00,-1.044746822376986e+00,-6.285314473850297e+02,-2.370983135026553e-01,-7.366464694483337e-01,-8.141310645448609e-02,-1.356529922866831e+01,-1.183626047079293e+01,-1.438612154371875e+00,-9.902966916997935e+00,-4.491334556363268e-01,-7.006838930414819e-02,-2.615717359161396e+00,-1.367691970180245e+02,2.850671088072687e-14,-7.735308010625741e-02,-4.517345035178458e+01,-1.731416008157353e+00,-1.899238865424603e+02,-7.458244012323864e+00,-2.305466688909872e+01,-4.245334558128866e+00,-2.905635247282172e+00,-8.891744026891689e-03,-1.991609184699132e+00,-1.623418847148310e+00,-8.586357805781741e-01,-3.516851575770604e+00,-2.036067242725303e+00,-3.020914694692813e+00,-2.093931150027169e-01,-3.157466678968683e+01,-4.645529307356323e-01,-3.126717716776604e-01,-8.335064444484992e+00,-7.713104825393141e-01,-1.455069346801706e-02,-5.703892304945034e-04,-7.406657504970386e-02,-1.348711153243402e-01,-2.025271081856983e+00,-6.956373455579237e-02,-3.540509491503690e-01,-1.301104665789547e-01,-2.437983458562761e+01,-4.435896237006824e-01,-5.467543173974004e+02,-8.429130720454606e+01,-8.476919456500779e+00,-2.347752682534448e+01,-1.821263140300289e-10,
-1.302703549835031e-02,-8.976703142574217e-02,-1.966057551720537e-01,3.272468918041257e-06,-2.842713422504549e-02,1.848261468449422e-01,-2.173750090814158e-05,-7.990396316552654e-01,-1.078701176770439e-07,-2.173099431604857e-07,-2.388000228811070e-08,-6.791588119724437e-07,-7.769132904582892e-08,-2.133490306343137e-06,-1.242615469045319e-06,-2.744494674227891e-09,-1.261792698897098e-08,-8.871524920427688e-09,-1.085514566143225e+00,7.507735134848369e-01,-7.515896437246576e-08,-6.067426021803796e-06,-2.918574566551228e-07,-3.476944102115863e-06,-4.742727343914272e-10,-8.405967328933099e-12,-1.982824963841022e-06,-7.922390183347601e-07,-6.046719873045607e-11,-1.223000766403923e-08,-7.112917096620549e-10,-5.889079090263173e-11,-8.754974332866775e-12,-5.501151304164848e-12,-7.442292011345001e-12,-2.564836535301306e-14,-7.617264268496568e-13,-3.506406919444006e-15,-1.698051308202601e-15,-4.352322383615636e-13,-9.301876464422096e-11,-7.791924130127294e-14,-2.451776861110175e-15,-1.193132735838957e-03,-8.441370289686126e-03,-1.167587653067255e-05,-2.349151702449648e-04,-1.517399940138974e-04,-1.677142313555413e-09,-4.159942260623484e-12,-1.100704394673724e-15,-2.450862297195879e-15,-6.474117189596562e-15,-4.324894533322972e-14,-2.608228902223433e-15,-3.377675916738099e-11,
-1.431210286338812e-01,-7.371557878085879e-01,-5.570371244741414e-01,-4.616437697231198e-04,-1.420433346661266e-01,4.868790701692057e-01,-2.532133241764772e-04,-3.724502838972366e+00,-3.259433297366643e-07,-2.059845863315000e-07,-2.019842728320163e-07,-1.547287749014992e-05,1.283323862599782e-07,-2.576707367950033e-05,-4.390314005085887e-06,-1.402494333465381e-08,-1.359367809581834e-07,-5.606208368615767e-08,-4.214787974299237e+00,1.754129097814563e+00,-4.936671091254019e-08,-1.623878492793920e-06,-3.342813783429983e-06,-8.102595520914471e-05,-3.828624842713167e-06,-1.207603934940343e-08,-3.549850514095924e-08,4.721532865637710e-07,-7.731518645085512e-09,-1.128384132525241e-07,-2.405721673551333e-07,-1.809815802657524e-06,-1.092592199698996e-06,-2.351682777546804e-06,-7.498517200265593e-06,-9.664070047477488e-08,-2.758908457801120e-06,-5.927724905362101e-06,-8.192479613075774e-10,-8.805227272779312e-07,-6.087078770690692e-09,-1.505815876555233e-11,-4.324152302441067e-13,-1.442839269930282e-03,-1.028719748179861e-02,-7.570581095361516e-07,-1.302837089258524e-02,-8.985022051661662e-03,-1.177382266627703e-07,-2.663558831971756e-06,-2.668615131965504e-07,-5.268855172612016e-05,-3.083345629644907e-05,-1.479502004507248e-05,-8.670022599938321e-06,-3.016986660497878e-11,
-4.747126567648929e-03,-2.936655436014192e-02,-8.888040343437120e-02,-5.642235793443244e-06,-1.096913573814213e-02,8.769493583094928e-02,-6.578628615163773e-06,-3.333110181020495e-01,-7.820467167209104e-08,-2.663751848933039e-07,-2.220622327591153e-08,-9.797104347413500e-07,-2.124276311167599e-07,-6.302877540887999e-07,-1.104879814086678e-06,-2.457678858022028e-09,-9.612399287186834e-09,-8.637655844495293e-09,-4.656643190525247e-01,2.815201067296311e-01,-7.343857934586876e-08,-7.907967666652374e-06,-1.426857815846250e-07,-3.513099983826447e-06,-1.413318491918287e-10,-2.557371915333314e-12,-3.495574876816594e-06,-1.099979563415229e-06,-1.262677470505527e-11,-4.359946111274435e-09,-1.483296841748971e-10,-6.804821146599369e-11,-3.636220646344055e-12,-4.219777870528572e-12,-4.326306533307843e-12,-4.017085283644464e-15,-1.511449459887390e-13,-4.985466974485711e-17,-2.431702779161471e-18,-7.796799210765940e-14,-9.542976520030361e-11,-4.443777994798142e-14,-2.202877244780007e-15,-7.175634882893016e-04,-4.956712177252981e-03,-1.461156794823197e-05,-4.215332338080761e-05,-2.643863558698645e-05,-6.832187072183272e-10,-1.356472630113854e-12,-1.553418988481532e-19,-1.667000763938355e-15,-6.459745834752792e-15,-3.509265310800180e-14,-2.717136898825981e-15,-3.555720995418454e-11,

4,56
5.431228166740343e+00,3.089524192198182e+01,4.416909333854120e+01,7.330579797841023e+00,1.323620338646975e+01,3.133658177609607e+02,6.233084751169956e-01,-3.978397611348328e-09,5.614787920602818e-01,1.309205203532232e+00,1.513403337878300e-01,2.509402656250093e+01,1.546644053197510e+01,1.902017446120738e+00,1.515037381587726e+01,4.666542181930537e-01,1.257465654260845e-01,2.833585578301300e+00,4.527761091425431e+02,2.829434926262439e+02,1.628952408126148e-01,5.547943408204225e+01,3.688695192000391e+00,2.858100466203328e+02,1.087818069228828e+01,2.489491744645514e+01,8.315403796026278e+00,3.377575990012081e+00,1.549804447999395e-02,3.741229339290149e+00,2.168344775106230e+00,9.975657250434816e-01,3.958440418619732e+00,2.179220959462859e+00,3.866536144145430e+00,2.112386169399877e-01,3.133398195672422e+01,1.038591924542079e+00,4.986639655315342e-01,7.722926028339594e+00,1.278285887200353e+00,3.319116233439837e-02,8.658757947562925e-04,8.321498460921761e-02,3.416529097260390e-01,2.400295665214153e+00,4.477966068607203e-01,6.625824709294278e-01,1.845590674167771e-01,1.565227150217119e+01,7.486114937618993e-01,2.500601863881358e-05,9.179369381228931e+01,1.396658701081271e+01,2.578192906128042e+01,3.458353603491560e-10,
-3.927647036542796e-03,-2.926608955983474e-02,-8.428467789348154e-02,8.935765143346302e-06,-1.098165014082153e-02,4.826107238641135e-01,-6.367921393072589e-06,-3.347473366008078e-01,-6.066244780506148e-08,-9.905988256596535e-08,-1.902872505779801e-08,-3.399326210933229e-08,1.743505812578945e-07,-6.298318259205635e-07,-6.473425277270166e-07,-1.219321473484527e-09,-9.922046853749370e-09,-2.269077661304410e-09,-4.656264220346203e-01,1.738785423859190e+00,-4.113682075342161e-08,-5.281824056295499e-07,-1.444075552607206e-07,-2.696566568170219e-06,-1.428266308159635e-10,-2.590671829039116e-12,2.576310659428970e-07,6.938655323172301e-07,-1.272946865721383e-11,-4.406562384795347e-09,-1.492323523732018e-10,7.458343724041139e-11,-3.691341656751737e-12,-4.311864284952754e-12,-4.382872347574119e-12,-4.046166580543694e-15,-1.524356350323817e-13,1.539906700169502e-16,1.018596414357452e-16,-7.841285476283277e-14,6.987967144389334e-11,-4.491578770399274e-14,-1.306202858116548e-15,-7.201108155142853e-04,-4.975049878866411e-03,-2.683480308668256e-07,-4.221911032331624e-05,-2.645806311416672e-05,-6.868149305093181e-10,-1.361478585592403e-12,7.591326190880752e-17,3.715066259590978e-14,6.875683866413424e-14,1.765174626748656e-14,1.908282529306862e-14,3.202860199280622e-11,
-1.313516863464621e-02,-9.068929994508070e-02,-1.970070953043886e-01,3.099459144797893e-06,-2.870489739503543e-02,2.859786483816791e+00,-2.201164567348850e-05,-8.061839989446021e-01,4.378928322097647e-07,1.654951465433521e-06,1.793726243019038e-07,1.167362665049374e-05,1.334886440805689e-06,-2.158065004363025e-06,1.496132024188361e-05,3.779373523143596e-08,1.345531913103545e-07,1.318555980344285e-07,-1.095185081364471e+00,6.674167903575626e+00,4.202826374622518e-07,3.316521766584219e-05,1.108690316986478e-06,5.186430941868814e-05,1.085146153727256e-06,6.239537310937719e-09,1.126448851497348e-05,4.365910103773051e-06,1.173425045421756e-08,2.132875257420488e-08,4.043188670328029e-07,1.252102356696575e-06,1.200049348082778e-06,1.750154133373518e-06,4.175412636947530e-06,2.135651491057596e-07,6.136733304739593e-06,1.723172388526277e-06,1.598969032140121e-09,1.405792097374146e-06,3.256356405978125e-10,5.187734495262185e-14,6.180833101091880e-15,6.042755740548225e-04,5.229515033979401e-03,6.001041081543172e-05,-2.396636730185296e-04,-1.548317213873603e-04,3.153550862068681e-07,5.633529712503461e-06,1.586472329254321e-07,9.585925632947664e-05,2.323897950066702e-05,7.663381601388656e-06,6.441276151812484e-06,3.115918634222226e-11,
-1.699316996666358e-03,-7.131963146047925e-03,-1.231888712097469e-02,7.445954617653794e-06,-3.996968048090367e-03,1.838234097086036e-01,-5.951354866001624e-07,-1.657918926136744e-01,-3.279238625907138e-08,-1.038703185291136e-07,-1.153632656131562e-08,-2.452956142693747e-07,2.794480023297042e-08,-7.657745719026644e-08,-5.411409817320392e-07,-1.283016896543510e-09,-5.855655043749128e-09,-3.400305585023795e-09,-1.716589829625929e-01,7.507610454866231e-01,-4.487025536539745e-08,-3.052911690369141e-06,-7.911057397740089e-08,-2.137381326066967e-06,-5.671970391112789e-11,-1.032225595457756e-12,-7.985026108926478e-07,-1.837536551531800e-07,-3.644744585563238e-12,-2.004942467757428e-09,-3.985662276402120e-11,-3.717520561990883e-11,-1.400759332922795e-12,-2.709195474438570e-12,-2.234030042429394e-12,-7.058647816899088e-16,-3.582938106060944e-14,7.517848096914536e-17,5.652569283542154e-19,-1.485648749213738e-14,-6.835654913513920e-11,-1.810525231123594e-14,-1.286691312916691e-15,-4.501914459352806e-04,-3.065646102644690e-03,-9.682850352261845e-06,-9.426772067980262e-06,-5.787311815479455e-06,-3.060894292987181e-10,-4.482941874688887e-13,4.538695796543404e-17,2.327795686073205e-19,-4.331053540804919e-22,5.442931100939346e-16,-3.270406147745735e-22,2.842834301297614e-11,

