1
0
63
1
(4 0
((0,0) (7,127) (0,0))
((0,256) (7,383) (0,0))
((0,128) (7,255) (0,0))
((0,384) (7,511) (0,0))
)
4
FabOnDisk: SD_0_Old_MF_D_0003 0
FabOnDisk: SD_0_Old_MF_D_0001 0
FabOnDisk: SD_0_Old_MF_D_0002 0
FabOnDisk: SD_0_Old_MF_D_0000 0

4,63
-1.088602491945783e-05,9.122426033439870e-01,1.593220991507713e-01,0.000000000000000e+00,1.339729867115674e-24,3.154295904904957e-18,8.817287771011626e-13,2.690914835669659e-08,3.269446083284052e-10,3.481378435002463e-13,2.835119716685228e-03,0.000000000000000e+00,2.272775463186941e-30,1.809110096713214e-31,1.632949981194953e-14,0.000000000000000e+00,4.032890273246321e-25,2.744002917032045e-13,8.525253717385965e-20,0.000000000000000e+00,2.736674999305868e-14,5.414084266606562e-11,1.304404601672798e-12,5.676763414755548e-37,1.994638679404784e-13,2.306641317240943e-29,0.000000000000000e+00,0.000000000000000e+00,0.000000000000000e+00,3.531644505853362e-31,6.831866577938819e-15,0.000000000000000e+00,6.691383489747607e-28,0.000000000000000e+00,0.000000000000000e+00,0.000000000000000e+00,0.000000000000000e+00,0.000000000000000e+00,0.000000000000000e+00,0.000000000000000e+00,0.000000000000000e+00,0.000000000000000e+00,0.000000000000000e+00,2.325638788603823e-18,2.336436664277600e-19,3.455823547266452e-21,6.414604000467211e-19,2.065988348960067e-19,8.403408081190845e-18,1.940415303744111e-18,3.496332324671587e-18,0.000000000000000e+00,0.000000000000000e+00,0.000000000000000e+00,0.000000000000000e+00,0.000000000000000e+00,0.000000000000000e+00,0.000000000000000e+00,1.141272566624401e-01,3.309960839882011e+03,0.000000000000000e+00,4.430000023032655e+02,1.013078028873184e+05,
-1.395900645567228e-07,4.362087240376609e+00,1.469680155980657e-01,7.246590822099412e-06,6.989567774720213e-05,5.075035572522798e-04,1.327540713390530e-07,6.127159552896638e-05,1.235392815791905e-02,1.469039037376148e-08,1.329755181417595e-03,8.357700188084538e-11,4.011412574614530e-10,3.504771814731203e-11,1.539795868630346e-09,3.853828967027617e-10,1.141569517074912e-09,2.401101038173951e-09,5.254158331483132e-12,1.800519340483240e-11,1.818130640580174e-11,3.788193068586354e-03,2.303346027011816e-02,1.308032282222601e-10,1.284476559335461e-08,1.698556315342768e-10,5.127633502604569e-09,0.000000000000000e+00,1.293576838513378e-15,4.267857072039802e-09,2.233084897257235e-09,6.977491146238540e-15,4.101952034673622e-12,0.000000000000000e+00,0.000000000000000e+00,0.000000000000000e+00,0.000000000000000e+00,0.000000000000000e+00,0.000000000000000e+00,0.000000000000000e+00,0.000000000000000e+00,0.000000000000000e+00,0.000000000000000e+00,1.439341959255156e-13,4.033304838184959e-17,2.501651836555208e-18,9.536571396417014e-07,6.512917966309878e-06,2.531337383934064e-08,2.936741914583163e-08,1.813328295556275e-08,7.447886482343962e-13,0.000000000000000e+00,0.000000000000000e+00,0.000000000000000e+00,0.000000000000000e+00,0.000000000000000e+00,0.000000000000000e+00,1.054096139679191e-01,7.847360152303801e+03,0.000000000000000e+00,2.289359383254777e+03,1.013249919540032e+05,
-6.841735626202985e-07,4.086421810459133e+00,1.491983938982813e-01,1.066057634763374e-05,1.036318165057047e-04,5.990668572980923e-04,1.328040107751720e-07,7.232005415737067e-05,1.218958316155555e-02,2.279741768820080e-08,1.684838356718096e-03,1.418093272609362e-10,3.939639226856323e-10,5.110483138188763e-11,1.330771570358744e-09,1.879361442426950e-10,1.953354955652389e-09,2.767595566863269e-09,5.078860836168645e-12,2.683119741841185e-11,1.841606472240006e-11,4.318653609605443e-03,2.226765638257498e-02,1.241057158375454e-10,1.014020556948945e-08,3.112857780711122e-10,6.658024778326687e-09,0.000000000000000e+00,2.762911791004802e-15,2.645731345630858e-09,1.034146855413347e-09,2.430745615808830e-14,9.215855468612536e-12,0.000000000000000e+00,0.000000000000000e+00,0.000000000000000e+00,0.000000000000000e+00,0.000000000000000e+00,0.000000000000000e+00,0.000000000000000e+00,0.000000000000000e+00,0.000000000000000e+00,0.000000000000000e+00,5.269019020166828e-14,8.749718373025801e-17,3.419328805057175e-18,1.604834150910114e-06,1.106767605533537e-05,1.558666673543344e-08,1.025895153651443e-07,6.487567263359075e-08,1.462435536360797e-12,0.000000000000000e+00,0.000000000000000e+00,0.000000000000000e+00,0.000000000000000e+00,0.000000000000000e+00,0.000000000000000e+00,1.070135169080317e-01,4.255396607629161e+03,0.000000000000000e+00,2.125299685321988e+03,1.013249513402803e+05,
-6.712772696174711e-08,4.433180009298383e+00,1.460949832590519e-01,6.130083653603850e-06,5.853085310167438e-05,4.700837000396486e-04,1.349363449105789e-07,5.714677312767159e-05,1.235283258282455e-02,1.214332400854288e-08,1.186595569259675e-03,5.207407076091277e-11,2.755642824543056e-10,2.329725158265094e-11,1.101660252273087e-09,3.014304104614516e-10,8.776171032522577e-10,1.650681910356585e-09,3.597570159257135e-12,1.190234637976283e-11,1.267065060466232e-11,3.575693012596525e-03,2.343453954868014e-02,8.878903312776140e-11,9.154686049737689e-09,1.019116597161305e-10,3.416345828175019e-09,0.000000000000000e+00,6.535742735431430e-16,3.036438026601924e-09,1.644029431117985e-09,3.272909953459475e-15,2.220630480326986e-12,0.000000000000000e+00,0.000000000000000e+00,0.000000000000000e+00,0.000000000000000e+00,0.000000000000000e+00,0.000000000000000e+00,0.000000000000000e+00,0.000000000000000e+00,0.000000000000000e+00,0.000000000000000e+00,8.017033686807081e-14,1.789484025301548e-17,1.228113558963414e-18,5.972133806367274e-07,4.061962951959551e-06,1.821876284816858e-08,1.360455163866932e-08,8.319555099891340e-09,4.323712229932644e-13,0.000000000000000e+00,0.000000000000000e+00,0.000000000000000e+00,0.000000000000000e+00,0.000000000000000e+00,0.000000000000000e+00,1.047804388227084e-01,7.930070750042069e+03,0.000000000000000e+00,2.330418336983053e+03,1.013249922992958e+05,

4,63
1.004599309403436e-05,4.080966242357146e+00,8.373327902484563e-01,5.027115999088508e-05,4.538989455517542e-04,9.575706734264517e-04,1.196910003816498e-04,4.292915954732577e-04,1.312288377759722e-02,1.951103430945839e-05,1.827792713315529e-01,1.338346010633125e-06,6.146378261339437e-06,7.071693942787789e-07,2.318430144381710e-04,2.722501833165781e-04,2.052403387855039e-05,4.909376271186411e-04,1.586145997006365e-05,9.595950566723779e-07,7.127112967365300e-05,1.397611496457669e-02,2.225551121205449e-02,7.234750811892019e-07,5.761695628500335e-04,2.151596878444741e-05,4.316459083158385e-03,1.034562526159492e-04,4.676823311733054e-04,3.129606255808351e-05,1.064861435848522e-04,1.366819349325517e-07,3.108226380497836e-05,3.947835313234226e-05,1.140251091659003e-05,5.408147615876657e-05,2.932251626270764e-05,3.850093457094177e-05,3.140244601113690e-06,6.203140354330159e-04,1.203706836090342e-05,4.325471566119332e-06,1.110149465613146e-04,1.552628125594876e-05,6.050256281206279e-07,1.385449985386521e-08,2.553726939178624e-06,1.802758732563340e-05,2.793031577347486e-05,1.209182279789651e-05,1.516859730511756e-05,1.678882706009149e-06,4.193411992625807e-04,1.076748534911981e-05,5.259455315761398e-02,1.532039374812643e-03,1.328363764791254e-04,4.165986042448930e-04,6.019589384606594e-01,7.217884963785511e+04,0.000000000000000e+00,2.121749588808834e+03,1.013416675468967e+05,
1.528866871327022e-07,4.432837088523272e+00,1.491699287505079e-01,1.061286423175938e-05,1.031681738875232e-04,5.979629728002444e-04,1.349159996851667e-07,7.217974286750793e-05,1.235524137337181e-02,2.268063217885560e-08,1.680431515711150e-03,1.412458214229921e-10,5.435519736477260e-10,5.154100277485487e-11,1.931711643675727e-09,4.103002812800151e-10,1.941838408456634e-09,3.290109501205195e-09,7.134722341558658e-12,2.676978034939075e-11,2.393297420791434e-11,4.312143441331907e-03,2.343250097877940e-02,1.796920349905438e-10,1.606194923113153e-08,3.099398380708922e-10,7.384875127031877e-09,3.115400731807141e-13,5.667743850518895e-15,5.248313649627499e-09,2.527175304177544e-09,3.442157589571511e-14,9.155563712704761e-12,8.623987973260083e-13,3.256598006646391e-12,2.305138975557677e-13,6.958157948556937e-13,1.113163991437493e-12,1.814021719064241e-14,7.214841428231559e-13,2.129353789054343e-12,3.005200181946616e-17,1.852300018023056e-14,1.836632902196238e-13,8.703645823918774e-17,4.304273773857684e-18,1.598060266537964e-06,1.101966883689820e-05,3.056899178395618e-08,1.012542214739123e-07,6.401239468699035e-08,1.485411114529631e-12,1.298460496929065e-13,1.430924670522556e-12,3.598676822942895e-12,4.983468189312785e-12,4.554313479059961e-12,1.347306534581354e-12,1.069930313261831e-01,7.929876458454137e+03,0.000000000000000e+00,2.330222964438099e+03,1.013250111547543e+05,
6.550606214377032e-07,4.361196519085324e+00,1.590870706072972e-01,3.324174236730129e-05,2.873152147336401e-04,8.659603246571097e-04,2.004602586451955e-07,1.212897458060666e-04,1.235385020882296e-02,7.968502650337219e-08,2.805334573361481e-03,2.199080508859603e-10,5.697646330569387e-10,6.173428189074799e-11,1.957676545977735e-09,3.991903760735896e-10,8.712308355017580e-09,3.555634346700744e-09,7.459517729879514e-12,3.248099036258955e-11,2.478355913467242e-11,6.534183779709309e-03,2.302879657500959e-02,1.883427445303264e-10,1.620834782605735e-08,5.507974587887642e-10,8.318328020742089e-09,1.383067764898522e-12,2.231583339967360e-14,5.259347660124649e-09,2.507139601454600e-09,2.118687073153681e-13,2.149719282652925e-11,2.799165602787526e-12,1.016890832191082e-11,3.885895594489608e-12,4.507483246490464e-12,1.032019416100833e-11,1.715221561690269e-13,3.833673698630357e-12,1.861710932113572e-12,5.019117327145461e-16,1.778568797095783e-12,1.819748357768858e-13,4.437207063489957e-16,1.182508046978325e-17,2.602225183836840e-06,1.836196715010935e-05,3.060194001585965e-08,2.293561057109614e-06,1.568984684168656e-06,4.014579464141603e-12,2.197264497634757e-12,2.710011774776662e-13,3.854896368276873e-11,5.946364461089653e-11,3.972233472849401e-11,1.647469755494706e-11,1.139561628950685e-01,7.845887710161328e+03,0.000000000000000e+00,2.288841934697994e+03,1.013250757427886e+05,
6.848662521023951e-08,4.462872039120100e+00,1.469577009933393e-01,7.232351547214713e-06,6.975251251223819e-05,5.070563326304171e-04,1.366634736607105e-07,6.122043946417479e-05,1.235429969885496e-02,1.465777135344376e-08,1.328065673866285e-03,8.324419669342822e-11,4.000020667544697e-10,3.493423926364324e-11,1.536111447724632e-09,3.848598027966958e-10,1.138252861579586e-09,2.394250899160033e-09,5.239094789298157e-12,1.794579885881769e-11,1.813303893846693e-11,3.785645985386916e-03,2.360266255455106e-02,1.304202527655842e-10,1.281419872109184e-08,1.691135779275556e-10,5.111656880780492e-09,1.531630647571217e-13,2.368867816776261e-15,4.257763994719079e-09,2.228742150284725e-09,8.958285977771121e-15,4.079439939725255e-12,1.316352946631342e-13,1.736064349397318e-12,7.916733889964994e-14,3.992366473843318e-13,6.255358299930103e-13,8.833724022827044e-15,4.483319981543184e-13,1.451700407738208e-12,8.521583726178856e-18,5.474519543876115e-15,1.433944338863754e-13,4.007417205918595e-17,2.488507585355890e-18,9.499335120336454e-07,6.487176717615899e-06,2.525589806384982e-08,2.914871798041550e-08,1.799618974881492e-08,7.412303193651694e-13,3.369476740092175e-14,5.036461823648797e-13,1.372860547785262e-12,3.121832152340181e-12,2.564644622961255e-12,8.375825108485809e-13,1.054021982955980e-01,7.977867615042769e+03,0.000000000000000e+00,2.346760439694108e+03,1.013250044549340e+05,

