1
0
56
1
(4 0
((0,0) (7,127) (0,0))
((0,256) (7,383) (0,0))
((0,128) (7,255) (0,0))
((0,384) (7,511) (0,0))
)
4
FabOnDisk: SD_5_New_MF_D_0003 0
FabOnDisk: SD_5_New_MF_D_0001 0
FabOnDisk: SD_5_New_MF_D_0002 0
FabOnDisk: SD_5_New_MF_D_0000 0

4,56
-7.761251602037635e+00,-1.767918872550833e+01,-2.607271573606291e+01,-5.850344076120913e+00,-8.635115720416810e+00,-8.421642466812550e+00,-1.038232662161849e+00,-6.328275538593050e+02,-2.312350232528616e-01,-7.145985600572801e-01,-8.060147327608361e-02,-1.367711516380879e+01,-1.253583437758198e+01,-1.394449191114055e+00,-1.009485014507261e+01,-4.649067318269179e-01,-6.813802296676268e-02,-2.922268469838297e+00,-1.350263824467393e+02,1.661805850619033e-21,-7.677663884040048e-02,-4.353696582183632e+01,-1.748759040636217e+00,-1.916882876246640e+02,-7.203645530090475e+00,-2.469151746090831e+01,-4.118438354300697e+00,-2.840215464899591e+00,-9.147239662458301e-03,-1.940217443421322e+00,-1.688401303470627e+00,-8.332298342507912e-01,-3.372490798904800e+00,-1.936808489708414e+00,-2.987964914875564e+00,-2.122815030673846e-01,-3.097974734621530e+01,-5.842044108581076e-01,-3.136955078010160e-01,-8.012448910380391e+00,-7.637142041046123e-01,-1.484005807553736e-02,-5.622084655336240e-04,-7.589220627988770e-02,-1.568815213263960e-01,-1.919607902870427e+00,-6.603110221670881e-02,-3.104799979537696e-01,-1.331389613974383e-01,-2.449059598019732e+01,-5.032468686342686e-01,-5.377637934645040e+02,-7.896448650304183e+01,-8.480706268394050e+00,-2.207851776685147e+01,-1.749729250377641e-10,
-1.287264097816371e-02,-9.593893430682861e-02,-2.074589500896654e-01,2.276230578972177e-06,-2.987874201572953e-02,1.855308396637778e-01,-2.372835668773665e-05,-8.440925950363972e-01,-1.130726033210691e-07,-2.419180223288925e-07,-2.964243786503176e-08,-8.919073093709110e-07,-1.081855289548022e-07,-2.356825988168766e-06,-1.591421735515273e-06,-3.522741170795274e-09,-1.709659613276190e-08,-1.132060564147866e-08,-1.164865090567325e+00,7.921179165305916e-01,-8.986497655514935e-08,-6.885624218255234e-06,-3.447361184596677e-07,-6.145765117774280e-06,-2.750623218330404e-07,-1.078331781867815e-09,-2.178189227669968e-06,-8.945953835811867e-07,-2.969153376473660e-09,-1.413540083160995e-08,-1.965945425086712e-07,-2.794654468837221e-07,-4.066685698365604e-08,-9.529611516264805e-08,-1.568087349633014e-07,-6.786894653891251e-09,-3.301465102533273e-07,-1.169688422736497e-06,-1.345844309556967e-11,-5.588774176929609e-08,-1.015698672583849e-10,-8.446262301573657e-14,-2.830227043075244e-15,-1.227162718027620e-03,-8.731231909277352e-03,-1.057472992297654e-05,-2.693578540506821e-04,-1.744443991503824e-04,-3.063068524820387e-09,-5.154265276668502e-08,-3.817190467509870e-07,-9.598712448232048e-07,-7.334652809311150e-07,-1.059666968124040e-06,-1.916369486614160e-07,-9.589884442107177e-12,
-1.836219741301400e-01,-9.155644580251611e-01,-5.618296830419641e-01,-6.700162195487126e-04,-1.232568093209559e-01,5.057461444087685e-01,-3.292455232661936e-04,-4.573995560359706e+00,-1.878344289849834e-07,-1.511936379037512e-07,-2.959634281266729e-08,-1.303069540817945e-06,1.137147969248846e-07,-3.745872594586053e-05,-2.276277758602126e-06,-6.846282385224319e-09,-3.773908609958672e-08,-2.715501138130933e-08,-5.753177646725695e+00,1.878844962331606e+00,-4.447072254433074e-08,-9.871796914399658e-07,-6.865413463505877e-07,-1.175563835726179e-05,-3.527403424946545e-07,-2.285811371640208e-09,2.079224652006017e-07,6.253522913143262e-07,-1.412469475079503e-08,-3.527536595257957e-08,-6.542158557568371e-07,-3.091158501878822e-06,-1.109987300090906e-06,-1.053428206516121e-06,-3.084499585638880e-06,-1.175723568429930e-07,-2.198478291142412e-06,-1.432908590642551e-06,-5.224414826451176e-10,-4.292162905958676e-06,-2.961293319252134e-08,-3.331136585761360e-11,-1.523448187815063e-12,-1.430844368239735e-03,-1.056422537304370e-02,1.578374945691442e-06,-2.204002709474142e-02,-1.539933435468695e-02,-9.113012024347775e-08,-1.480777919236246e-06,-3.543527767151636e-07,-1.998417181010290e-05,-1.771540368782515e-05,-9.578798004233625e-06,-4.923091837853576e-06,-1.273464667050916e-11,
-3.652975450979462e-03,-3.051937172587061e-02,-8.970038995646494e-02,1.302245571487230e-06,-1.110857923222195e-02,1.059646774321367e-01,-6.835987512930395e-06,-3.421428699238122e-01,-8.588356549278226e-08,-3.035783191202725e-07,-2.638188715493223e-08,-1.287528912288611e-06,-2.600424329750777e-07,-6.905036796618520e-07,-1.513386320167391e-06,-3.591680045456851e-09,-1.359520808912941e-08,-1.193639628523806e-08,-4.886763357148087e-01,2.822034463467127e-01,-8.460573295018746e-08,-8.401559376725927e-06,-1.502492129926571e-07,-4.193570661703083e-06,-4.310106204652971e-07,-3.681641635105266e-10,-3.572834356916457e-06,-1.278296347526587e-06,-8.542823040419041e-10,-4.661160596823981e-09,-5.317443567092883e-08,-1.108219851666556e-07,-6.094935422800443e-09,-3.140649544643678e-08,-3.956087032314691e-08,-5.483506373888428e-10,-3.568623418150820e-08,-7.100396535793315e-07,-7.095036944713594e-13,-6.662029815083359e-10,-1.078239074520720e-10,-5.127483190435189e-14,-2.545706281157367e-15,-7.330961094304269e-04,-5.073677624815283e-03,-1.237664012185636e-05,-4.518464751727656e-05,-2.835115485816699e-05,-7.570000329685918e-10,-5.073748102562776e-09,-2.835085346124443e-07,-3.042050353997721e-07,-2.850735123400028e-07,-1.889578937806963e-07,-7.911301566586301e-08,-9.331369010823209e-12,

4,56
5.639069733468532e+00,3.044733511431752e+01,4.456014911606946e+01,7.147622863828116e+00,1.267650325205110e+01,3.185672406657345e+02,6.097888205882841e-01,5.375101551325463e-12,5.296784985031412e-01,1.257521949745956e+00,1.528635402155619e-01,2.529419747142303e+01,1.604545380854402e+01,1.923376083906903e+00,1.513117482462430e+01,4.792389820959599e-01,1.252703167782907e-01,2.914044376287905e+00,4.541407969324648e+02,2.829389536823510e+02,1.682253811491431e-01,5.490459539252355e+01,3.629902333391967e+00,2.689450610744533e+02,1.190335942958637e+01,2.524622213327896e+01,8.216599312730244e+00,3.260637532070998e+00,1.555296839310295e-02,3.719385329426567e+00,2.360257905026781e+00,9.695816745716229e-01,3.909537456479995e+00,2.149943315822342e+00,3.752652641929744e+00,2.045674153429067e-01,3.166878075441533e+01,1.215045991102839e+00,5.495172632718405e-01,7.560135126122141e+00,1.231906267500581e+00,3.644706633461997e-02,8.941147950735019e-04,8.366758184227691e-02,2.977676072526549e-01,2.379405162450780e+00,4.459003289861687e-01,6.540675499299101e-01,1.738087530477132e-01,1.587254104674750e+01,9.144180847623707e-01,1.950964325951144e-01,9.111223426722542e+01,1.297975172633599e+01,2.554606999027492e+01,8.019895858524251e-11,
-3.666748899479830e-03,-3.074582200077989e-02,-9.023117766934700e-02,7.550900952135057e-06,-1.118208513786722e-02,5.008297687301068e-01,-6.889845400954488e-06,-3.442503668686876e-01,-6.551795125303015e-08,-1.030149667948817e-07,-1.814919727481480e-08,-1.776949849870428e-08,1.612171772767780e-07,-6.934567263863658e-07,-8.325862115185587e-07,-1.293816326474624e-09,-8.522098877779815e-09,-3.353605693901860e-09,-4.916413422928390e-01,1.864704073279793e+00,-3.975677954466365e-08,-4.371367987121715e-07,-1.473796919911094e-07,-1.959293338364543e-06,2.117204493163466e-07,5.457750395860275e-10,3.896019446774474e-07,7.006346995380231e-07,2.522033104026729e-09,-4.581674181498343e-09,8.580677174939822e-08,7.724381511630976e-07,5.275778929885438e-08,1.637601512268330e-07,2.536692669212214e-07,6.851244842073227e-09,2.742424384247088e-07,1.085545024588282e-06,1.711301953581830e-11,3.226837987370286e-08,6.839934846066610e-11,-5.123966405890591e-14,-1.718238608550311e-15,-7.360544813660634e-04,-5.094791855009038e-03,1.385985051990977e-06,-4.566319955611839e-05,-2.865598219133780e-05,8.615595349387144e-10,5.671890936933900e-08,5.952909746613529e-07,2.311035766535848e-06,2.336589334030845e-06,2.233353791519297e-06,6.275700546670609e-07,9.531819777919281e-12,
-1.304160906703457e-02,-9.701031760477789e-02,-2.089781876235422e-01,2.049023258292049e-06,-3.016470029704575e-02,3.005957416584558e+00,-2.402198277485124e-05,-8.511552820205087e-01,6.822487420282850e-07,1.786383869491223e-06,1.786030732960325e-07,9.033723815087204e-06,1.254493435692960e-06,-2.329437989372092e-06,1.304794753185458e-05,3.105626322851981e-08,1.308437225249851e-07,1.057138582180573e-07,-1.173762936903748e+00,9.091738974121629e+00,5.571052425313474e-07,4.224940819803371e-05,9.826337876402451e-07,3.557557703005875e-05,3.934343693625179e-07,4.881476857869819e-08,1.333848484368573e-05,4.631108384199782e-06,4.157049373118509e-09,2.667001354582658e-08,2.465023018471137e-07,3.102413072820731e-06,9.132299904007999e-07,1.093028411042584e-06,1.847104921574806e-06,5.108916574797430e-08,1.402938503186740e-06,2.084157861673789e-06,3.434641622557385e-10,3.577444257538890e-06,4.095494757721203e-10,3.115914863871619e-12,2.633024984423322e-14,2.502133227539788e-03,1.830014524736442e-02,6.814631062263245e-05,-2.744713582175600e-04,-1.778083887655949e-04,6.173668670001344e-08,7.514879755423444e-07,2.855375192316652e-07,1.005397849570431e-05,8.392858942515128e-06,9.496402244148199e-06,2.280220262351983e-06,5.097178235047295e-11,
-2.011647757100875e-03,-1.240776900824650e-02,-3.646445506785426e-02,6.417653546102966e-06,-6.079309370610514e-03,1.843149982269732e-01,-2.051731957660011e-06,-1.573747595424738e-01,-4.334636848697316e-08,-1.793058779448554e-07,-1.660159325735428e-08,-5.537176554276115e-07,-8.321240036546891e-08,-2.243745866436096e-07,-1.057010818210697e-06,-2.210299993766956e-09,-8.161671141665939e-09,-7.294847034270649e-09,-1.719592508054482e-01,7.873769433596024e-01,-6.124832227226995e-08,-5.543963832059813e-06,-8.327704467268653e-08,-2.178141212992237e-06,1.799020942855633e-07,1.904519244166716e-10,-1.834216645628552e-06,-7.870278928430762e-07,6.864781483710795e-10,-2.065884524197366e-09,1.291489616130406e-08,5.038599272689720e-07,3.399136658349890e-08,1.535001854232238e-07,2.614819602503593e-07,3.256908221475832e-09,1.757501946499817e-07,6.964678637660886e-07,3.193176238541050e-12,2.321160089847405e-09,-9.510447549809767e-11,-2.364202943374198e-14,-1.553551356963780e-15,-4.571285158831395e-04,-3.118796171838258e-03,-1.059820811408113e-05,-1.282964775877856e-05,-7.892425947581720e-06,-2.106665343110186e-10,1.000511136666484e-08,5.395823418207081e-07,7.767078724896570e-07,1.307846226178744e-06,8.966242188586514e-07,3.555639303733308e-07,9.859960070635054e-12,

