1
0
63
1
(4 0
((0,0) (7,127) (0,0))
((0,256) (7,383) (0,0))
((0,128) (7,255) (0,0))
((0,384) (7,511) (0,0))
)
4
FabOnDisk: SD_0_New_MF_D_0003 0
FabOnDisk: SD_0_New_MF_D_0001 0
FabOnDisk: SD_0_New_MF_D_0002 0
FabOnDisk: SD_0_New_MF_D_0000 0

4,63
-5.565980009076223e-04,7.732543464725617e-01,1.595128400043034e-01,-6.190976458930933e-06,4.087584734416215e-25,2.746387254110987e-18,8.000857344068098e-13,2.663519063257781e-08,3.031993573908913e-10,3.155115133466593e-13,2.941324966806881e-03,-3.342779715982961e-10,1.817319661224791e-30,1.447195932381457e-31,1.500241775635671e-14,3.257435693865946e-12,2.253526478777214e-25,2.372609365443056e-13,2.814136587723347e-20,-2.561996533239003e-28,2.353978795507622e-14,4.911312106413046e-11,1.122560493659367e-12,-6.855594814279771e-11,1.741405719973940e-13,1.630430716914479e-29,1.492505639113314e-12,2.600147658596527e-25,2.480369812502077e-14,2.524316917096789e-31,5.644591350484381e-15,9.743560540645648e-23,4.633249777312995e-28,1.119571563755728e-15,9.869534433652780e-22,3.147705624604905e-16,1.766873604904165e-16,4.073735559623055e-18,5.788767869620357e-32,2.693545173636094e-15,-1.310590660505815e-17,9.464303448807992e-33,1.638440491090164e-17,1.692149248793317e-18,1.696513573355511e-19,2.967967436510031e-21,4.641637850455387e-19,1.494212522098757e-19,6.069190264076478e-18,1.400722025828944e-18,2.523887381913763e-18,1.472740986823364e-37,4.493205239296190e-16,-1.420455376213995e-18,-8.114486744789753e-16,-7.089946026510773e-17,-8.760430388593483e-16,-1.999400974286200e-17,1.143303332945176e-01,3.097525178614720e+03,0.000000000000000e+00,4.430000331357868e+02,1.006856766170179e+05,
-1.420413746594959e-07,4.295294923383592e+00,1.469484778176202e-01,7.222063391169978e-06,6.964929192472327e-05,5.067392814874017e-04,1.327327266538673e-07,6.118369242143445e-05,1.234978334100643e-02,1.463303134112244e-08,1.326801984498346e-03,8.331630340811108e-11,4.006702616028371e-10,3.498213466421138e-11,1.539057507026596e-09,3.859314271434502e-10,1.136492510610185e-09,2.398148891755436e-09,5.247482307457739e-12,1.796829606558111e-11,1.816281543231641e-11,3.783914741145312e-03,2.303551073091662e-02,1.306383450096794e-10,1.283974723595315e-08,1.692031378621569e-10,5.118429199062831e-09,4.629125452064887e-15,1.017359211452410e-15,4.266394299332103e-09,2.233906473386073e-09,5.023897566835727e-15,4.078163665176333e-12,-3.321585393134264e-16,-8.176866866310348e-15,-1.243068444314702e-15,-3.666478810449348e-15,-5.573456754296479e-15,-7.245994226717037e-17,-2.968065673342073e-15,-1.138517598841447e-14,-1.379064494107898e-19,-7.874063176014460e-17,1.440910484488906e-13,4.018631651795855e-17,2.497624945106606e-18,9.508502310315434e-07,6.493171114769684e-06,2.531098889673052e-08,2.909464799009411e-08,1.796103117401863e-08,7.413882487746800e-13,-3.569635831879721e-16,-1.583384607054801e-15,-6.255238861562825e-15,-2.292748685745030e-14,-2.062725166669666e-14,-6.950777115128961e-15,1.053953334968050e-01,7.906237645478969e+03,0.000000000000000e+00,2.289923457423029e+03,1.013249576173176e+05,
-1.553539721735302e-03,4.013855441139812e+00,1.491657398935534e-01,1.063730583230648e-05,1.033111198757678e-04,5.982968225037622e-04,1.327357336158231e-07,7.228674718845329e-05,1.221009380412792e-02,2.269759729774226e-08,1.679686893347633e-03,1.421754088481163e-10,3.660205773992199e-10,4.813519160771348e-11,1.244365414810034e-09,1.751930802088915e-10,1.949455460497875e-09,2.597401389103452e-09,4.779298487855881e-12,2.585385240208914e-11,1.742950373529985e-11,4.318526866751191e-03,2.206544581887999e-02,1.146586751524320e-10,9.398761774256555e-09,3.116065189064419e-10,6.252364026680585e-09,3.614168910088877e-15,2.801798794364108e-16,2.450575947619117e-09,9.654715108616317e-10,1.370566821200575e-14,9.196819070059954e-12,1.711973604091257e-16,-9.502458780277781e-15,-7.060525188270456e-15,-5.548379920077811e-14,-3.319110800222664e-13,-8.973603873848336e-15,-3.366454716381949e-13,-1.376392959813397e-13,-2.379269611559199e-17,-1.000686715930487e-14,4.701919290751234e-14,8.786559952725430e-17,3.113690768610585e-18,1.606032931862548e-06,1.107464341950382e-05,1.456705962650261e-08,1.019514464714324e-07,6.445212358067957e-08,1.493033681953687e-12,-3.161094003652057e-13,-6.303184352624920e-14,-1.013781109542471e-11,-2.663914281865013e-12,-1.569522474081330e-13,-8.002996626994314e-13,1.069896520379507e-01,4.560676234814589e+03,0.000000000000000e+00,2.119917368057761e+03,1.008865995083087e+05,
-5.034370120031915e-08,4.365751881388937e+00,1.460791721476888e-01,6.113265192388402e-06,5.835584028043857e-05,4.694803100574972e-04,1.349823458729904e-07,5.708444958428793e-05,1.235287750613757e-02,1.210438412112808e-08,1.184232015623345e-03,5.173029254164521e-11,2.741856265385216e-10,2.316893742206408e-11,1.096984808414118e-09,3.005806409487166e-10,8.740721472276947e-10,1.642451029944306e-09,3.579453711633499e-12,1.183573756127684e-11,1.260964854549794e-11,3.572576605816785e-03,2.343795944434331e-02,8.832581430435269e-11,9.114331482725519e-09,1.011718982703752e-10,3.397902106008018e-09,-2.440154917476587e-16,1.191840664164834e-15,3.022686844684491e-09,1.637431048720726e-09,2.651867537189979e-15,2.200468277696929e-12,-6.629189091057077e-16,8.896025279124391e-14,-8.531931953381823e-16,-3.413205145752063e-15,-3.222575079608056e-15,-3.451873616347719e-17,-1.843846418900879e-15,-1.008073999003228e-14,-3.105032474009914e-20,-2.508437059001474e-17,7.957005182636509e-14,1.769350664012109e-17,1.216382994574295e-18,5.932774419779624e-07,4.034904695714513e-06,1.814066687935167e-08,1.344631042376783e-08,8.221389907846968e-09,4.289922103831229e-13,-1.943751807005302e-16,-3.026718316259101e-15,-5.379582464842705e-15,-6.548588714946251e-15,-2.025216901500741e-15,-2.044863014881694e-15,1.047688167937696e-01,7.936026226632521e+03,0.000000000000000e+00,2.330782469001468e+03,1.013249842494797e+05,

4,63
3.052357630805238e-04,4.007629918291168e+00,8.373327256754902e-01,5.218913681729835e-05,4.486001560746352e-04,9.689989600399932e-04,1.239705790889473e-04,5.153549776233516e-04,1.352069569937637e-02,1.980663705363967e-05,1.827792572947116e-01,1.376814736072803e-06,6.256528651891323e-06,7.173476518681185e-07,2.338611187332268e-04,2.959539774940418e-04,2.066744310763320e-05,5.017032489082181e-04,1.742644073952933e-05,1.005952501615605e-06,7.856938555137566e-05,1.388251028173619e-02,2.203706152068156e-02,7.247677518851542e-07,5.796898339603231e-04,2.136210334338714e-05,4.272090471330086e-03,1.034781039651567e-04,5.065707393845411e-04,3.056830036939867e-05,1.005298032249301e-04,1.433212437753209e-07,3.032107157177051e-05,4.095963873061889e-05,1.091903080302709e-05,5.405205769049413e-05,2.911348048249767e-05,3.803412889130144e-05,3.228967152885515e-06,6.427673266730465e-04,1.738243201202733e-05,4.856124344838188e-06,1.097359328892780e-04,1.462980171520452e-05,5.723732040744804e-07,1.338846750033467e-08,2.454549959039299e-06,1.731688394943505e-05,2.813264228388858e-05,1.180171335094245e-05,1.434250523895003e-05,1.752358394703688e-06,4.557820301034574e-04,1.517344955733441e-05,5.259454909796789e-02,1.544964121040603e-03,1.328395021880400e-04,4.216316600223357e-04,6.019588922878013e-01,7.177462525818087e+04,0.000000000000000e+00,2.116337805215913e+03,1.020736828958511e+05,
1.551324767825791e-05,4.365413347593609e+00,1.491374753127424e-01,1.058857398089133e-05,1.028457126977595e-04,5.971879242250162e-04,1.349622482277585e-07,7.214026613196427e-05,1.235444748671745e-02,2.258110817553381e-08,1.675403214225791e-03,1.415832928534915e-10,5.454070774000437e-10,5.169209745662365e-11,1.939119660141416e-09,4.121003672535716e-10,1.937594126662847e-09,3.300187302946217e-09,7.157985959720434e-12,2.683745488233213e-11,2.399268505332457e-11,4.311651165761098e-03,2.343592047152767e-02,1.803440949817857e-10,1.612033705312581e-08,3.100877772136493e-10,7.402093491498819e-09,3.404184363844794e-13,5.939255677602180e-15,5.267363095804875e-09,2.537542486271406e-09,2.897073184775091e-14,9.133978464689074e-12,4.049648595917802e-13,4.415375719066451e-12,2.346963779104961e-13,8.482212458636269e-13,1.277249768877889e-12,2.188678433462202e-14,6.853173843359739e-13,2.522758413220663e-12,4.243730474240978e-17,2.577129588541128e-14,1.851624725052998e-13,8.738567572194602e-17,4.329496505336804e-18,1.599192211792297e-06,1.102617586789086e-05,3.066833645399747e-08,1.006113293730742e-07,6.358619183750146e-08,1.484277171109386e-12,1.087494239388168e-13,6.529074095334627e-13,3.961197057556733e-12,7.577955201208204e-12,5.212287958594190e-12,2.060940532329346e-12,1.069693419467723e-01,7.936017840154396e+03,0.000000000000000e+00,2.330589189726152e+03,1.013249948614892e+05,
2.251448462963041e-02,4.294405580269559e+00,1.592906965785526e-01,3.428003497679490e-05,2.986850707226028e-04,8.836288582441794e-04,2.103324711902706e-07,1.229669442662649e-04,1.237504277630196e-02,8.417807639368148e-08,2.913353625641271e-03,2.190658360730303e-10,5.910506603398093e-10,6.353058606106767e-11,2.003420215853124e-09,4.011524493041934e-10,8.850895182609408e-09,3.698790396556293e-09,7.680007366477351e-12,3.326511696700270e-11,2.546661231011770e-11,6.456542688334815e-03,2.303072050926356e-02,1.954753907378199e-10,1.645482208978928e-08,5.381690031470991e-10,8.597589014097907e-09,1.359694771164026e-12,2.445095526972060e-14,5.280645797023896e-09,2.517270549006913e-09,2.140678391065133e-13,2.131470940908018e-11,2.811327128080334e-12,2.639571392478904e-12,1.185430760161663e-12,2.690013164785770e-12,6.579175324413335e-12,1.101223780622244e-13,5.183109553138214e-12,4.170136517250342e-13,3.836477453748967e-16,2.585376915262185e-13,1.835316745871468e-13,4.644167725723436e-16,1.252812085548914e-17,2.536844664222092e-06,1.789049465512093e-05,3.069620398937597e-08,2.402007112739887e-06,1.644836326758477e-06,3.941542721794047e-12,5.224771336524613e-12,5.320393558509868e-14,1.427056425539660e-10,6.025125035692896e-11,1.826233739598205e-11,1.681233862455592e-11,1.141653276090755e-01,8.186021979891137e+03,0.000000000000000e+00,2.289407429666178e+03,1.018846533887333e+05,
5.660210401613977e-08,4.395055651521301e+00,1.469382901613374e-01,7.207935432898508e-06,6.950728669770229e-05,5.062943919126378e-04,1.367022372864092e-07,6.113279252870312e-05,1.235400500010535e-02,1.460073858847237e-08,1.325125597508639e-03,8.299139425042576e-11,3.995638596474873e-10,3.487275499400373e-11,1.535600950533616e-09,3.854001682681559e-10,1.133218181170653e-09,2.391495422845165e-09,5.233075126429542e-12,1.791178014963026e-11,1.811653420633077e-11,3.781377659086503e-03,2.360479717745581e-02,1.302550709425710e-10,1.280914999004543e-08,1.684708509302282e-10,5.102899830767084e-09,1.610897110733852e-13,2.360572303890109e-15,4.256295744956250e-09,2.229554104151335e-09,1.071441996641732e-14,4.055885200572947e-12,2.723319805543097e-13,2.847991644017991e-12,1.230127894210530e-13,5.443094885103281e-13,9.316159996312351e-13,1.068257827768774e-14,5.727616697788658e-13,2.686085380362104e-12,9.289083502905505e-18,6.924930763945137e-15,1.435487813289399e-13,3.992851011386129e-17,2.484494882455083e-18,9.471366769201281e-07,6.467504716283618e-06,2.525326202490534e-08,2.887871383336017e-08,1.782571467931386e-08,7.378855776697731e-13,3.358693889093633e-14,1.215988399483121e-12,5.549953574757232e-13,4.091648155553067e-12,2.632834982812657e-12,1.108739883330790e-12,1.053880123220973e-01,7.983388060831368e+03,0.000000000000000e+00,2.347051251582873e+03,1.013249994277028e+05,

