1
0
63
1
(4 0
((0,0) (7,127) (0,0))
((0,256) (7,383) (0,0))
((0,128) (7,255) (0,0))
((0,384) (7,511) (0,0))
)
4
FabOnDisk: SD_0_Old_MF_D_0003 0
FabOnDisk: SD_0_Old_MF_D_0001 0
FabOnDisk: SD_0_Old_MF_D_0002 0
FabOnDisk: SD_0_Old_MF_D_0000 0

4,63
-5.704465889798828e-04,7.743319116700438e-01,1.595283119971982e-01,0.000000000000000e+00,4.167422310123534e-25,2.760847581809866e-18,8.038781324258685e-13,2.667269431892567e-08,3.044231403122204e-10,3.170193555925533e-13,2.944328796951389e-03,0.000000000000000e+00,1.834700153678001e-30,1.461117323551944e-31,1.506757043147349e-14,3.271416783164956e-12,2.296841019448993e-25,2.387342127068098e-13,2.901061342288860e-20,0.000000000000000e+00,2.368959875911028e-14,4.934637976121189e-11,1.129687948218170e-12,0.000000000000000e+00,1.751717948682964e-13,1.653208051625830e-29,1.501658174708658e-12,2.615792670980253e-25,2.477499473489651e-14,2.555520015024221e-31,5.687177355345004e-15,1.000851273644134e-22,4.695613643122456e-28,1.128125713073984e-15,1.005940415871285e-21,3.174678262616215e-16,1.782013915817193e-16,4.111878527035897e-18,5.871151905717368e-32,2.718327082208242e-15,0.000000000000000e+00,0.000000000000000e+00,1.657348247457873e-17,1.711138175131103e-18,1.715652360073302e-19,3.072496181245744e-21,4.694465519734457e-19,1.511240120374874e-19,6.138599198068112e-18,1.416761410560125e-18,2.552787906009279e-18,0.000000000000000e+00,4.534560375743446e-16,0.000000000000000e+00,0.000000000000000e+00,0.000000000000000e+00,0.000000000000000e+00,0.000000000000000e+00,1.143382593614344e-01,3.133439167998244e+03,0.000000000000000e+00,4.430000336401490e+02,1.006676431186555e+05,
-1.095405834980341e-07,4.299275592109145e+00,1.469492522573372e-01,7.223035015636794e-06,6.965906515418855e-05,5.067696236825526e-04,1.327384211959021e-07,6.118716982123366e-05,1.234998538512660e-02,1.463530617522027e-08,1.326919470877718e-03,8.333275027561285e-11,4.007199452474508e-10,3.498859510999666e-11,1.539255883205855e-09,3.859018597868921e-10,1.136708408761455e-09,2.398447998454125e-09,5.248176917015974e-12,1.797163747066624e-11,1.816496634353181e-11,3.784083891562906e-03,2.303550212596235e-02,1.306464699157013e-10,1.284001123094012e-08,1.692390418068019e-10,5.119223205744605e-09,4.392597349083824e-14,1.503384667864844e-15,4.266479595597226e-09,2.233889581841117e-09,5.716088134175714e-16,4.079046928681739e-12,0.000000000000000e+00,0.000000000000000e+00,0.000000000000000e+00,0.000000000000000e+00,0.000000000000000e+00,0.000000000000000e+00,0.000000000000000e+00,0.000000000000000e+00,0.000000000000000e+00,0.000000000000000e+00,1.440932545354923e-13,4.019448150231700e-17,2.497935183776805e-18,9.509947717441129e-07,6.494181133291060e-06,2.531197601064880e-08,2.910644653193451e-08,1.796846669001892e-08,7.415675095156843e-13,0.000000000000000e+00,0.000000000000000e+00,0.000000000000000e+00,0.000000000000000e+00,0.000000000000000e+00,0.000000000000000e+00,1.053958985196507e-01,7.904121312922053e+03,0.000000000000000e+00,2.289897615991430e+03,1.013249608894481e+05,
-7.244168062508393e-03,4.020078817386469e+00,1.472702753358581e-01,1.063788558873228e-05,1.033259774107623e-04,5.983327669484940e-04,1.287674080373219e-07,7.228489988194105e-05,1.200952407818938e-02,2.270226831731333e-08,1.680004916949895e-03,1.421667269313957e-10,3.656922207718829e-10,4.811001990412518e-11,1.243018860786253e-09,1.748677046912708e-10,1.949512290870219e-09,2.595639858298619e-09,4.773312935461415e-12,2.582509646096339e-11,1.740205153345619e-11,4.318356962347977e-03,2.207903036557999e-02,1.145843444852505e-10,9.386336388963717e-09,3.116094723320404e-10,6.248047131349017e-09,8.003721277386687e-14,3.404050015650773e-15,2.448624487755233e-09,9.647833540028179e-10,2.409748903937287e-14,9.198821921526357e-12,3.985311624499200e-14,0.000000000000000e+00,0.000000000000000e+00,0.000000000000000e+00,0.000000000000000e+00,0.000000000000000e+00,0.000000000000000e+00,0.000000000000000e+00,0.000000000000000e+00,0.000000000000000e+00,4.713804640787852e-14,8.785180248221604e-17,3.120676578437945e-18,1.606074031016851e-06,1.107498346966293e-05,1.456180899317449e-08,1.019822970269312e-07,6.447252653107591e-08,1.478431965878218e-12,0.000000000000000e+00,0.000000000000000e+00,0.000000000000000e+00,0.000000000000000e+00,0.000000000000000e+00,0.000000000000000e+00,1.056075007686484e-01,4.592233059829843e+03,0.000000000000000e+00,2.119888666427521e+03,9.882742060597612e+04,
-1.131483777626638e-07,4.369753996232359e+00,1.460797506735652e-01,6.113856840138354e-06,5.836201230632907e-05,4.695016389803714e-04,1.349805238332602e-07,5.708665436890215e-05,1.235287879611086e-02,1.210576149935732e-08,1.184315803139062e-03,5.174207287348920e-11,2.742327719051866e-10,2.317320462164211e-11,1.096769757324157e-09,3.006215295048233e-10,8.741971509839596e-10,1.642742294502968e-09,3.580022430377524e-12,1.183784080261675e-11,1.261163351306883e-11,3.572687086263134e-03,2.343782582982197e-02,8.834228121248580e-11,9.115704732904943e-09,1.011970289002503e-10,3.397502522734184e-09,0.000000000000000e+00,2.092751491417053e-16,3.023173725386230e-09,1.637678704594356e-09,1.396962763083269e-15,2.201159195928151e-12,0.000000000000000e+00,1.748082465392671e-13,0.000000000000000e+00,0.000000000000000e+00,0.000000000000000e+00,0.000000000000000e+00,0.000000000000000e+00,0.000000000000000e+00,0.000000000000000e+00,0.000000000000000e+00,7.959653315116044e-14,1.770177129952127e-17,1.216880863642791e-18,5.934358778360238e-07,4.035992463030470e-06,1.814402858611567e-08,1.345232382503246e-08,8.225116330793960e-09,4.291405328085054e-13,0.000000000000000e+00,0.000000000000000e+00,0.000000000000000e+00,0.000000000000000e+00,0.000000000000000e+00,0.000000000000000e+00,1.047692415049619e-01,7.935777658949697e+03,0.000000000000000e+00,2.330768014810936e+03,1.013249858583824e+05,

4,63
2.684257021990744e-04,4.013830906496742e+00,8.373327234157443e-01,5.231779023609448e-05,4.484491540693423e-04,9.691903716300954e-04,1.238402395667214e-04,5.190150810103248e-04,1.353030028172685e-02,1.980895005975275e-05,1.827792567929339e-01,1.381583701600968e-06,6.265413574261192e-06,7.185289538781714e-07,2.342828845433916e-04,2.968307236748056e-04,2.068089070288888e-05,5.015465082484963e-04,1.739921674086412e-05,1.007923233591827e-06,7.853979597212772e-05,1.388695020534826e-02,2.205082162062694e-02,7.261249282244195e-07,5.802595503463175e-04,2.137645896456513e-05,4.273991966004674e-03,1.036446349173787e-04,5.074545806808362e-04,3.055715073295543e-05,1.002892698516985e-04,1.435817479115734e-07,3.029681596396480e-05,4.098637850960971e-05,1.089746454279747e-05,5.403019386747791e-05,2.910081566928679e-05,3.802452272780445e-05,3.232455169277524e-06,6.429715029570969e-04,1.732338650346428e-05,4.873014804165842e-06,1.096659694425180e-04,1.461440547667513e-05,5.715050907326285e-07,1.338264728158388e-08,2.456503648670959e-06,1.733067243720073e-05,2.813138361933990e-05,1.179422200242532e-05,1.431883913122639e-05,1.755969293303819e-06,4.552295302746290e-04,1.519317372455696e-05,5.259454895246016e-02,1.544820520348799e-03,1.329163186634741e-04,4.216302747039346e-04,6.019588906363410e-01,7.179438006702323e+04,0.000000000000000e+00,2.116300874154227e+03,1.021446965513814e+05,
1.048732875724325e-05,4.369415283192795e+00,1.491390485300972e-01,1.058920905387904e-05,1.028604758860030e-04,5.972236618354184e-04,1.349604201102536e-07,7.213881870535726e-05,1.235447300001909e-02,2.258571460689313e-08,1.675709348924232e-03,1.415674458992729e-10,5.453353098303937e-10,5.168607275422166e-11,1.938781103060012e-09,4.120433847244871e-10,1.937660271954358e-09,3.299820068967894e-09,7.157006494969101e-12,2.683445426044839e-11,2.399049878030420e-11,4.311505875013639e-03,2.343578570788161e-02,1.803203273015424e-10,1.611824349437452e-08,3.100821247535606e-10,7.401098021609155e-09,3.101340975627067e-13,5.619068333924011e-15,5.266861878650593e-09,2.537304974134773e-09,2.886681497556552e-14,9.135407161183324e-12,5.760639862643887e-13,3.872230650204055e-12,2.202367652406268e-13,7.986249859673499e-13,1.367926197761646e-12,1.584963827763519e-14,7.090934420743669e-13,2.612570217305119e-12,2.985501805191654e-17,2.185137292755932e-14,1.851212925537680e-13,8.737598070799657e-17,4.328638540960166e-18,1.599235397586737e-06,1.102652970682092e-05,3.066617569321039e-08,1.006422065626759e-07,6.360659577272658e-08,1.484381576683213e-12,9.620864656492994e-14,6.020716310039645e-13,3.624318461481138e-12,6.719630379751692e-12,4.874937774758503e-12,1.847902453246259e-12,1.069705118952041e-01,7.935765063309165e+03,0.000000000000000e+00,2.330574672989704e+03,1.013249932192715e+05,
2.259149295577370e-02,4.298386495567940e+00,1.593053701972136e-01,3.428813653199749e-05,2.990051031928172e-04,8.836686694760105e-04,2.103926660409769e-07,1.228708772118576e-04,1.259907871808048e-02,8.418565915746981e-08,2.915892717691336e-03,2.191971852467089e-10,5.969843495445059e-10,6.350379320616047e-11,2.036538675496814e-09,4.011068867074813e-10,8.854700495204132e-09,3.695320547809085e-09,7.853619615070969e-12,3.325527089635622e-11,2.627176815963032e-11,6.458946653227916e-03,2.329861283397444e-02,1.975486411417126e-10,1.673431232326946e-08,5.386235950265541e-10,8.591868589675618e-09,1.359099293684282e-12,4.197675576365133e-14,5.279776789696665e-09,2.516957998693013e-09,2.142958183299617e-13,2.132799020755530e-11,2.812834970454148e-12,4.699082243423527e-12,9.275549617887738e-13,1.136710812826358e-12,7.372577788093317e-13,1.150883835501084e-14,3.724034812922084e-13,5.209404272255289e-13,2.970204030332198e-17,4.054588194577874e-14,1.834726758104981e-13,4.591021314904649e-16,1.236962420885487e-17,2.539279438546441e-06,1.790783360169715e-05,3.069421166366313e-08,2.405209489302629e-06,1.647064613615331e-06,3.941438409684583e-12,3.177223691954849e-13,1.650762431596567e-13,3.218580850394922e-11,2.730144733468089e-12,1.447336322091359e-11,7.631133329070378e-13,1.141729608804533e-01,8.043105429639906e+03,0.000000000000000e+00,2.289381286646709e+03,1.037162474795291e+05,
1.201303448314821e-07,4.399072657000740e+00,1.469390632907738e-01,7.208902553961398e-06,6.951701638350949e-05,5.063246463280415e-04,1.367008716120060e-07,6.113625810603193e-05,1.235401654735853e-02,1.460300108051048e-08,1.325242651817513e-03,8.300393119085698e-11,3.995930998943655e-10,3.487625279599475e-11,1.535689773804793e-09,3.853972825395395e-10,1.133423738607993e-09,2.391709735657350e-09,5.233538630331202e-12,1.791382863201913e-11,1.811801462227777e-11,3.781546345636584e-03,2.360472456287375e-02,1.302665211694381e-10,1.280982472698438e-08,1.685018164500169e-10,5.103377298995343e-09,1.376475262587199e-13,2.368287442590584e-15,4.256511785313066e-09,2.229592203987500e-09,1.029913954483836e-14,4.056948105158210e-12,2.586867911467627e-13,5.068206629754107e-12,1.912872332762731e-13,6.494630565559014e-13,6.792046080742821e-13,7.346674302182575e-15,3.858533766420738e-13,2.079867149644144e-12,6.801312791542941e-18,5.798650745221261e-15,1.435518127215959e-13,3.993683353935726e-17,2.484814282013084e-18,9.472809290887709e-07,6.468512483877444e-06,2.525425465597540e-08,2.889040616109281e-08,1.783308204210269e-08,7.380429968543717e-13,4.855392923533977e-14,7.672398198707835e-13,2.933622024258206e-12,2.298503501990778e-12,1.392655621129812e-12,6.304800743622601e-13,1.053885763344598e-01,7.983177994160277e+03,0.000000000000000e+00,2.347040917365981e+03,1.013250054630343e+05,

