1
0
56
1
(4 0
((0,0) (7,127) (0,0))
((0,256) (7,383) (0,0))
((0,128) (7,255) (0,0))
((0,384) (7,511) (0,0))
)
4
FabOnDisk: SD_5_New_MF_D_0003 0
FabOnDisk: SD_5_New_MF_D_0001 0
FabOnDisk: SD_5_New_MF_D_0002 0
FabOnDisk: SD_5_New_MF_D_0000 0

4,56
-8.092743234902795e+00,-1.665566548307656e+01,-2.716571785345870e+01,-6.065128467592155e+00,-9.713821524026089e+00,-8.098804881542923e+00,-9.619967898631160e-01,-6.524256029436551e+02,-2.384300541079727e-01,-7.409461881696242e-01,-8.164969831330901e-02,-1.406548406388799e+01,-1.367297567196586e+01,-1.441329297261881e+00,-1.025619757284880e+01,-4.860419064759061e-01,-7.350669398070327e-02,-3.108610458178752e+00,-1.354144856280398e+02,1.311908451509102e-21,-7.505437793579191e-02,-4.572912917823741e+01,-1.727172397450492e+00,-1.917523538504204e+02,-8.151153367956326e+00,-2.745813161146339e+01,-4.098660123880646e+00,-2.890607976728531e+00,-9.779689847508898e-03,-1.954998836780493e+00,-1.793627841598185e+00,-8.525267937078806e-01,-3.578943837408579e+00,-2.058129660100267e+00,-3.018133849175212e+00,-2.277728013004267e-01,-3.287551582662270e+01,-6.641691074487246e-01,-3.883921147236294e-01,-8.413216849573823e+00,-7.717177737443431e-01,-1.450810199315906e-02,-5.614836287118621e-04,-8.316786814426270e-02,-1.446662015183097e-01,-2.076926687613987e+00,-6.874993909231118e-02,-2.954966514336683e-01,-1.469837451847847e-01,-2.455240782841572e+01,-5.186211180096152e-01,-5.637441345099497e+02,-8.584335401701730e+01,-8.608069267996125e+00,-2.388520796056792e+01,-1.872990651463624e-10,
-1.306679011673596e-02,-9.459575105046662e-02,-2.042614621085423e-01,2.310309407457064e-06,-3.038956273803513e-02,1.835680320514409e-01,-2.338000249769196e-05,-8.380038184558408e-01,-1.168001891741800e-07,-2.516863591966949e-07,-2.907838341398518e-08,-9.993679806908541e-07,-1.003864736565676e-07,-2.334758430000196e-06,-1.659287737950635e-06,-3.766564932144448e-09,-1.615733204187380e-08,-1.237831793122850e-08,-1.139415449266495e+00,7.834240610917277e-01,-9.493710931205170e-08,-7.227236999222416e-06,-3.599688046945265e-07,-6.185863201360796e-06,-3.420238796341705e-07,-1.064664246326865e-09,-2.200629534316017e-06,-8.559884266062617e-07,-4.689259435987857e-09,-1.453357854967946e-08,-2.425644968826806e-07,-3.413853900246613e-07,-3.318741716162771e-08,-1.003572580850951e-07,-1.891915915994322e-07,-4.002195472613092e-09,-1.676416246495981e-07,-8.027484456497956e-07,-8.510633600840809e-12,-7.922848993037215e-09,-1.010407934004794e-10,-8.428236357348261e-14,-2.851125404479596e-15,-1.229684972452226e-03,-8.745570589660880e-03,-1.066648922187376e-05,-2.656580284372033e-04,-1.720027491081763e-04,-3.443660884870338e-09,-5.290168370345818e-08,-3.069489366972377e-07,-9.503875489677535e-07,-6.309465148022921e-07,-7.609098601393862e-07,-1.712419080335000e-07,-1.144176420275755e-11,
-3.327537469132738e-01,-1.366697308647008e+00,-4.203207643248311e+00,-3.512081163997607e-03,-5.235625601589047e-01,-2.480282557997278e+00,-8.839805012503007e-04,-4.963948895480875e+00,-5.075075795295399e-06,-3.305639897248103e-06,-2.857092746808914e-06,-1.554325100331458e-05,-8.717289807551726e-08,-1.402992164238071e-04,-1.966135016207126e-05,-6.499886663579572e-08,-3.169752049197592e-07,-2.530245033199582e-07,-5.559675537250312e+00,1.297975630052290e+00,-4.578636294328562e-06,-1.119063569969395e-04,-1.074805798668168e-05,-1.081716603104052e-04,-3.066934951545989e-06,-3.227085038651879e-08,-1.694848190340811e-05,-1.404024191347344e-05,-2.469349725994910e-09,-3.563870530366766e-07,-1.164435059983422e-07,-1.485834368621938e-06,-1.110260506307875e-06,-1.545278786288645e-06,-2.859474952504209e-06,-6.036580344271522e-08,-1.315291863240975e-06,-9.079662609839393e-07,-4.085166403694728e-10,-3.020329745343972e-06,-2.965963681928957e-08,-1.264889803742158e-10,-3.269160906450045e-12,-1.221034704699322e-02,-2.000758086388009e-02,-2.160951337395899e-04,-2.423525289829107e-02,-1.690204975066587e-02,-6.880631242551188e-08,-1.176725390394885e-06,-2.567293709695901e-07,-1.935916596385389e-05,-9.058394955531533e-06,-1.244098711813115e-05,-2.554507589453995e-06,-3.173994400640368e-11,
-3.599052483613851e-03,-3.014183811361522e-02,-8.878881409309428e-02,1.299229080272881e-06,-1.098515069494259e-02,1.046872789375012e-01,-6.747809709213364e-06,-3.384799778737853e-01,-8.444634327815392e-08,-2.974449050945739e-07,-2.569011584574469e-08,-1.196753916728621e-06,-2.564635121952470e-07,-6.826565826051653e-07,-1.561279212340601e-06,-3.727852277844917e-09,-1.398715466038371e-08,-1.250397265870249e-08,-4.832146704684911e-01,2.791279368363102e-01,-8.687344433499887e-08,-7.962649185270950e-06,-1.509579700165418e-07,-4.488000984408219e-06,-3.610299728349474e-07,-3.781281491474175e-10,-3.509954906655710e-06,-1.210933337663463e-06,-1.540537060377477e-09,-4.642699373888184e-09,-1.266906465532142e-07,-1.835635592408885e-07,-1.561956480239463e-08,-8.873902137834125e-08,-8.742908031644234e-08,-1.098232955981074e-09,-6.650830266257323e-08,-5.483327128777434e-07,-1.328537969534970e-12,-7.617527342096398e-10,-1.086326660621599e-10,-5.118968937623130e-14,-2.553765474210312e-15,-7.309400231467731e-04,-5.057571636320406e-03,-1.231932590982851e-05,-4.454610662491910e-05,-2.794869125221324e-05,-8.596574520451753e-10,-1.422236383875201e-08,-4.252474663968478e-07,-3.615632474895834e-07,-1.824333534598775e-07,-1.362698748809356e-07,-5.023543138356196e-08,-8.599579381929345e-12,

4,56
5.973730623201096e+00,3.078306615403834e+01,4.621160291749272e+01,7.540148669153558e+00,1.258700636722245e+01,3.319240625306857e+02,5.996393983266658e-01,3.163191740875385e-12,5.908524287058787e-01,1.337363573998843e+00,1.555855305093612e-01,2.606673632917413e+01,1.678045038461736e+01,1.988620848814699e+00,1.544751352087534e+01,7.705121327540079e-01,1.319399097191473e-01,3.032465847345393e+00,4.587889738145287e+02,2.837608873056914e+02,1.625268575542919e-01,5.401547814782053e+01,3.770620458685581e+00,2.909480517093823e+02,1.137843879049305e+01,2.774777468034641e+01,8.221519493640258e+00,3.336703384739449e+00,1.710041355245900e-02,3.688701084977283e+00,2.503356068729225e+00,9.765009366293692e-01,3.903166695714932e+00,2.100648377170908e+00,3.761791654469713e+00,2.217090833727605e-01,3.196824970534870e+01,2.014390353055864e+00,6.527066018646380e-01,8.043038703108412e+00,1.193643577828247e+00,3.702253995726998e-02,9.249783708633488e-04,7.850435981520690e-02,2.918616032446773e-01,2.316986357566697e+00,4.492829396690219e-01,6.316510169299940e-01,2.006158511631507e-01,1.476543641486868e+01,1.586139610211814e+00,4.309650016206051e-01,8.877923935028414e+01,1.413586655764114e+01,2.483958675986651e+01,1.996509624291321e-10,
-3.627675544933929e-03,-3.036529611005986e-02,-8.931407676208299e-02,7.586080372956810e-06,-1.105751896164423e-02,5.054405777984134e-01,-6.790784340994452e-06,-3.405665744151307e-01,-6.500063559415603e-08,-1.129976796553707e-07,-1.978996225889805e-08,-3.130197633562221e-08,1.499131385178365e-07,-6.838353738216201e-07,-8.899782489177071e-07,-1.395395816991757e-09,-1.065492570655765e-08,-3.921038364849856e-09,-4.861483265550108e-01,1.824758581619619e+00,-4.150569115749372e-08,-7.373521853995682e-07,-1.433874210023576e-07,-1.895371905324300e-06,2.804953846583287e-07,5.609302549416530e-10,2.727823489430316e-07,6.402827715675010e-07,1.503191220472689e-09,-4.496585883041001e-09,5.539192187488052e-08,1.235742501301379e-06,8.837115282447363e-08,2.057416836029086e-07,3.246996889621002e-07,7.900620266876143e-09,2.497074501792537e-07,1.083574989670079e-06,1.815760294173246e-11,1.200860352995733e-08,6.468124215161109e-11,-5.074688266698064e-14,-1.760187650202436e-15,-7.338803379025612e-04,-5.078636905859777e-03,1.013643566510436e-06,-4.500044513944075e-05,-2.822461814827608e-05,8.400959871958443e-10,8.218084495218116e-08,6.371999966950814e-07,1.469938644731027e-06,2.655255531341203e-06,1.825799890002233e-06,7.206991350498473e-07,1.026378981805465e-11,
2.743259337785467e-01,1.105593179302072e+00,3.327164553626811e+00,4.425065719068245e-03,4.142828853829714e-01,4.468833351025495e+00,2.274303749181642e-03,-1.589038015576101e-01,5.789047457342789e-06,3.795680325834390e-06,3.658748250484640e-06,1.187955890512156e-05,1.054133381898925e-06,2.019887841868377e-04,1.883551429630911e-05,8.254444638844524e-08,2.793238578724940e-07,6.961408088162464e-07,-7.982125778337963e-01,8.785738723772354e+00,3.780853542120266e-06,1.102272892723678e-04,1.087225694672056e-05,6.110831218805481e-05,1.994494220730127e-06,2.700243150956109e-09,3.648992977563188e-05,2.386353714654926e-05,2.720654994683965e-09,5.131634547542659e-07,1.119975941642122e-07,3.138998216452783e-06,3.942595952462314e-07,4.692610744544186e-07,7.612107507607840e-07,2.415611291201516e-08,5.870776502508055e-07,7.305750455903831e-07,3.764525298500164e-10,1.417953917094762e-06,4.271838277189831e-10,8.146376424142295e-12,1.985735596983959e-13,5.748868698832718e-03,2.203688282575447e-02,2.653030713026739e-04,1.038294327923201e-02,9.236290887611829e-03,1.144964613648024e-07,6.123682041664632e-07,1.487688093497025e-07,2.665762053701011e-05,4.042124417523466e-06,6.076801760582995e-06,1.116640413213360e-06,3.242917046009097e-11,
-2.000363849800017e-03,-1.223871552811640e-02,-3.614676512706232e-02,6.399016946635142e-06,-5.997396973096344e-03,1.823629385077241e-01,-2.028702950102095e-06,-1.552378963766562e-01,-4.244429393747603e-08,-1.805555219082238e-07,-1.554831750487220e-08,-5.163460628870693e-07,-8.127098515140943e-08,-2.231440068205513e-07,-1.059367005693432e-06,-2.279086587923096e-09,-7.981875100479215e-09,-7.444008511083320e-09,-1.700534400340385e-01,7.787322926583634e-01,-6.028039079723332e-08,-5.656971186343654e-06,-8.179690917635188e-08,-2.071498580298626e-06,3.208285981996578e-07,3.200093893713775e-10,-1.888851142226928e-06,-7.912928400994339e-07,9.710868840763371e-10,-2.086333285668662e-09,4.246165169525693e-08,4.196221920298060e-07,3.205321198871147e-08,1.665725429077935e-07,3.217232524332737e-07,4.081757772182366e-09,2.115348320437011e-07,1.171550556974741e-06,3.654291884920316e-12,2.465473731163265e-09,-9.484127262345384e-11,-2.339406360517862e-14,-1.539735511248862e-15,-4.540826536981664e-04,-3.097852408131510e-03,-1.068826115730625e-05,-1.268420337576383e-05,-7.800007676979717e-06,-2.133369298586310e-10,1.532585026161135e-08,5.603469127346397e-07,6.084300268246336e-07,1.745808209733447e-06,1.038778294365499e-06,4.771928107395049e-07,9.637804443407560e-12,

