1
0
56
1
(4 0
((0,0) (7,127) (0,0))
((0,256) (7,383) (0,0))
((0,128) (7,255) (0,0))
((0,384) (7,511) (0,0))
)
4
FabOnDisk: SD_5_Old_MF_D_0003 0
FabOnDisk: SD_5_Old_MF_D_0001 0
FabOnDisk: SD_5_Old_MF_D_0002 0
FabOnDisk: SD_5_Old_MF_D_0000 0

4,56
-8.120228953516479e+00,-1.662812493503910e+01,-2.719094208065962e+01,-6.067882520780233e+00,-9.771404342807644e+00,-8.048858110733155e+00,-9.627297779623422e-01,-6.534103533174663e+02,-2.394158910863174e-01,-7.417684162222653e-01,-8.175343659158377e-02,-1.409044693669582e+01,-1.373188961648068e+01,-1.442360474071586e+00,-1.025716538437493e+01,-4.871064821243197e-01,-7.367892341592649e-02,-3.112531909164653e+00,-1.353890541815147e+02,1.300948308392774e-21,-7.521849653790605e-02,-4.578961924098085e+01,-1.728293531495151e+00,-1.920420416035554e+02,-8.183720493543113e+00,-2.754608662141759e+01,-4.094866900990362e+00,-2.886915882217790e+00,-9.809354715200932e-03,-1.956456403972708e+00,-1.797976700831511e+00,-8.514938109618791e-01,-3.581333483914777e+00,-2.059470583045711e+00,-3.018159651117063e+00,-2.283934431644684e-01,-3.293075328599719e+01,-6.786582111129021e-01,-3.908883776200872e-01,-8.416263125689362e+00,-7.720531789216689e-01,-1.453385157348727e-02,-5.620860819289530e-04,-8.311676922849963e-02,-1.442230187415395e-01,-2.079505498064270e+00,-6.922906033913828e-02,-2.954087058097972e-01,-1.477603684633902e-01,-2.454814768388153e+01,-5.594596483068834e-01,-5.657657504260159e+02,-8.601251371786746e+01,-8.620836958988480e+00,-2.393103788832241e+01,-1.297273399814003e-10,
-1.305653792856653e-02,-9.465381330932116e-02,-2.043900692763902e-01,2.309623995976217e-06,-3.034821802306906e-02,1.836471892203225e-01,-2.339428889980821e-05,-8.382723560286435e-01,-1.172611078994202e-07,-2.650097573640982e-07,-3.111587457008593e-08,-1.067997491452588e-06,-1.325411177922802e-07,-2.331499768263518e-06,-1.774624210479443e-06,-4.168620872614433e-09,-1.850883057845766e-08,-1.375051304891776e-08,-1.140800271843979e+00,7.837553444526489e-01,-9.735106280160718e-08,-7.506423953763586e-06,-3.477723228755271e-07,-6.191534625163502e-06,-3.783394444276660e-07,-1.127645619127436e-09,-2.287494777529065e-06,-9.424530859356648e-07,-3.936021276180410e-09,-1.419610043442028e-08,-2.466385778284646e-07,-3.479173523208808e-07,-3.447903862162906e-08,-1.093212766264959e-07,-1.719040866490289e-07,-4.665861223505785e-09,-2.365199255713053e-07,-8.385315377700960e-07,-8.088193478841496e-12,-8.033659949186194e-09,-1.041541123758795e-10,-8.409136401686673e-14,-2.829417637836481e-15,-1.229620460394657e-03,-8.745201821422239e-03,-1.066325288099903e-05,-2.658004918744952e-04,-1.720946088808782e-04,-2.568363868449218e-09,-3.768468521744099e-08,-3.081491395398567e-07,-7.451066090330678e-07,-1.050494685519972e-06,-1.382967017840498e-06,-2.775053822137429e-07,-1.091510215545100e-11,
-4.044660666340723e-01,-1.790429103282283e+00,-5.450586321239940e+00,-4.280771216845625e-03,-6.934501645432392e-01,-3.356848834483799e+00,-7.774502897772568e-04,-4.953056103369013e+00,-5.402492322711532e-06,-3.596028758663826e-06,-2.920861088335853e-06,-8.904471207526265e-06,-5.155851707407274e-07,-1.503745768323344e-04,-3.123196323986145e-05,-7.238621789287582e-08,-3.249229936772398e-07,-1.838187615701751e-07,-5.498553865880512e+00,9.446791894515698e-01,-5.362623372594969e-06,-1.367554665017069e-04,-1.100909479195676e-05,-4.874634195552047e-05,-1.231087645695221e-06,-2.698797577554878e-08,-9.403958762573122e-06,-1.236659169600367e-05,-2.231095992559562e-09,-3.243055843913817e-07,-1.087652381292101e-07,-2.597300671712688e-06,-8.556132117740340e-07,-1.329771027801031e-06,-3.715738018752226e-06,-9.547993383772252e-08,-2.642953522843788e-06,-6.207554139104033e-07,-6.396809777786436e-10,-4.323489395144937e-06,-2.937621719559636e-08,-1.212910326312977e-10,-3.115415884912246e-12,-1.365655948069000e-02,-1.995003793156747e-02,-2.935803304108172e-04,-2.423681103726394e-02,-1.690708922630459e-02,-1.743868952685652e-07,-2.791120483881543e-06,-2.036110469653049e-07,-2.339380240717549e-05,-3.542761452900062e-05,-8.615908604227352e-06,-9.994591000281746e-06,-3.410605131648481e-11,
-3.600732095741530e-03,-3.015701844331526e-02,-8.882711811532230e-02,1.295151807673658e-06,-1.099048221027140e-02,1.047373649134699e-01,-6.751508118062673e-06,-3.386368130771961e-01,-8.460232458905391e-08,-3.002958786868177e-07,-2.613318475282793e-08,-1.269790323799217e-06,-2.608717892575695e-07,-6.828673325742472e-07,-1.593525105562122e-06,-3.524987444542904e-09,-1.279537719472786e-08,-1.224860109698616e-08,-4.834441477007307e-01,2.792650542346450e-01,-8.286372192129480e-08,-8.252268715705799e-06,-1.497324450334330e-07,-3.962318218180165e-06,-3.259350283797800e-07,-6.170667208236948e-10,-3.519757088874167e-06,-1.272017925950315e-06,-2.965263376025414e-09,-4.626152561190737e-09,-2.490032587403841e-07,-2.299914899978985e-07,-1.690789583135749e-08,-1.037681480789854e-07,-1.019720865602099e-07,-1.358956095516140e-09,-7.932100161373035e-08,-5.667335504606322e-07,-1.423478387959581e-12,-7.375452748365207e-10,-1.059182041122587e-10,-5.124199941350775e-14,-2.557114760620484e-15,-7.310576003951067e-04,-5.058440364428072e-03,-1.232163556480440e-05,-4.457355294016954e-05,-2.796638580779813e-05,-8.604946916141667e-10,-1.427268453777636e-08,-4.209810288245398e-07,-3.701488620791181e-07,-2.891632639431735e-07,-1.700735603369306e-07,-8.157554022124155e-08,-9.683948087868544e-12,

4,56
5.993536618863863e+00,3.074243588645698e+01,4.623735716868818e+01,7.550188199356603e+00,1.258962937267220e+01,3.326442335754318e+02,5.977054716041673e-01,9.537257058590560e-12,5.930559821052946e-01,1.340007565772607e+00,1.558551052293156e-01,2.613567040834263e+01,1.685659808707199e+01,1.993110314569351e+00,1.548184419376679e+01,7.906107872531427e-01,1.322827044523439e-01,3.045541364291303e+00,4.592643096902008e+02,2.837642134319628e+02,1.626398489354419e-01,5.410656093442960e+01,3.778568820507743e+00,2.919253631387344e+02,1.139648754016899e+01,2.791968652956685e+01,8.219266904828693e+00,3.338419711148398e+00,1.716183130645986e-02,3.690839540862154e+00,2.513698649183558e+00,9.781925525613544e-01,3.908103909713057e+00,2.102907546719167e+00,3.767025149331775e+00,2.228041609576685e-01,3.209610448185407e+01,2.024859600259132e+00,6.513559461892876e-01,8.051822673628818e+00,1.195372377268245e+00,3.699616846614973e-02,9.248300840859065e-04,7.835168315409258e-02,2.918805475969289e-01,2.318373584290787e+00,4.494118057842744e-01,6.303880669853789e-01,2.016033103308436e-01,1.481680897307925e+01,1.562121651707685e+00,4.514600147464363e-01,8.896105369533436e+01,1.417235225341783e+01,2.488918418445915e+01,1.603011057227377e-10,
-3.629199811669267e-03,-3.038066017622759e-02,-8.935072497305276e-02,7.587919224386697e-06,-1.106274121510033e-02,5.050482919235376e-01,-6.794292508016799e-06,-3.407080964276809e-01,-6.465770401536080e-08,-1.154370593047914e-07,-1.974666537677697e-08,-2.100444152281161e-08,1.500574994784437e-07,-6.834444421098027e-07,-9.018611014493441e-07,-1.452377004530919e-09,-1.049724367131231e-08,-4.134810572327885e-09,-4.863574517785270e-01,1.826932236594080e+00,-4.237595152036273e-08,-7.771778747466868e-07,-1.376418368095442e-07,-2.298046003795478e-06,2.914887285188630e-07,3.752984147701283e-10,2.183494192931351e-07,6.243357959551182e-07,1.591540615729653e-09,-4.495504354407902e-09,4.841833301358417e-08,1.154947548981972e-06,8.227365398641789e-08,2.718328971871756e-07,5.410814993504464e-07,6.928490577347465e-09,3.892851378383729e-07,1.219030939521439e-06,1.526853143023107e-11,1.052972906669129e-08,6.423202316925186e-11,-5.122749972023994e-14,-1.765373321064670e-15,-7.339906835045980e-04,-5.079425778484408e-03,1.027219003621335e-06,-4.502632785194959e-05,-2.824096813218323e-05,5.506752947596145e-10,7.042945487976260e-08,7.192001832390073e-07,1.630429993470149e-06,2.676672316547767e-06,1.804722089967178e-06,7.428773400259019e-07,8.693878950083445e-12,
3.807057363287782e-01,1.364503291499466e+00,4.266250293119287e+00,4.936315607644153e-03,5.284305076573432e-01,5.697272673876739e+00,2.280914134996382e-03,1.074012221401706e-01,6.021018559568726e-06,5.527707915590849e-06,3.795920744804768e-06,1.572893139207882e-05,1.559148583028409e-06,2.032000612137288e-04,3.329812372132911e-05,7.774302120272511e-08,3.441890980167229e-07,7.226008011301673e-07,-5.736507437306866e-01,8.689699019852211e+00,4.535570393824065e-06,1.417935020833068e-04,1.018730404172021e-05,6.865740889078557e-05,2.219494717815912e-06,1.267273694355982e-08,2.340163082889053e-05,2.322540704974852e-05,1.771813704353670e-08,5.257972501572339e-07,9.136298613926430e-07,2.946616768214571e-06,3.349325215374126e-07,6.031392064572066e-07,7.893958398129927e-07,9.449969616681684e-08,2.031868064890097e-06,7.445351877499407e-07,8.621288520202618e-10,2.260771458964116e-06,5.723449340430999e-10,8.283178288267185e-12,2.058102638702357e-13,5.663212019660071e-03,2.204131196517956e-02,3.227957065824160e-04,1.104439540059082e-02,9.746928321225094e-03,1.390520754487433e-07,1.855505506947633e-06,1.338056176504074e-07,2.063404037988177e-05,5.902660198261225e-06,4.453122412046328e-06,1.686758383689577e-06,2.712852165132063e-11,
-2.000935096192330e-03,-1.224475141243619e-02,-3.615647994113415e-02,6.401529716497825e-06,-5.999948204560334e-03,1.824482776148966e-01,-2.028865699200794e-06,-1.553228578576341e-01,-4.246975981722385e-08,-1.805066905273788e-07,-1.561882279435638e-08,-5.110611180781643e-07,-8.315641238464344e-08,-2.238251778542731e-07,-1.051385036109219e-06,-2.209287928265534e-09,-7.783047810507152e-09,-7.478347170372014e-09,-1.701384699327146e-01,7.790962575735386e-01,-6.023095564291922e-08,-5.609156179653214e-06,-8.118227432668872e-08,-2.102900836310632e-06,3.349478332675890e-07,3.289595186856557e-10,-1.884428005898592e-06,-7.926520274282510e-07,1.233735240298227e-09,-2.053964815636997e-09,3.247263165282398e-08,7.212324589953515e-07,5.000442651463734e-08,2.170555584804645e-07,2.212625785162011e-07,2.819771321842596e-09,1.395521945557698e-07,9.208459803988599e-07,2.767527812823043e-12,1.994320030779179e-09,-9.488860018294434e-11,-2.348268689079619e-14,-1.546006375575103e-15,-4.542158539592490e-04,-3.098749137692263e-03,-1.068464854063747e-05,-1.268708286062108e-05,-7.801538889205973e-06,-1.254328963305482e-10,2.325617953561166e-08,4.993340046407048e-07,1.160294549619526e-06,7.554228353308929e-07,3.778214030986796e-07,2.080768783885856e-07,9.919537413694002e-12,

