1
0
63
1
(4 0
((0,0) (15,255) (0,0))
((0,768) (15,1023) (0,0))
((0,512) (15,767) (0,0))
((0,256) (15,511) (0,0))
)
4
FabOnDisk: SD_0_New_MF_D_0003 0
FabOnDisk: SD_0_New_MF_D_0000 0
FabOnDisk: SD_0_New_MF_D_0001 0
FabOnDisk: SD_0_New_MF_D_0002 0

4,63
-1.495933922549916e-06,1.538432901336677e+00,1.576257226006839e-01,2.545285081874727e-21,1.168863495491583e-19,1.020979721379233e-15,3.576287972141461e-10,2.241680255962616e-07,6.761467089692196e-08,1.460517563937294e-10,2.848951763685680e-03,0.000000000000000e+00,2.308050256939704e-25,1.548924064424353e-26,4.274932244458445e-12,1.131461171515837e-10,4.554942914602402e-21,3.756179882823224e-10,2.780874805661332e-15,5.279189864435792e-26,1.213994455986999e-11,2.210581097476829e-08,1.978783749534427e-09,2.108067855148502e-31,2.188420005423680e-10,1.008452444548323e-22,2.222170046489635e-09,0.000000000000000e+00,0.000000000000000e+00,6.836503079598736e-25,2.358276547148049e-11,1.092647580971008e-18,5.451545580714432e-21,2.129152383972645e-12,0.000000000000000e+00,0.000000000000000e+00,0.000000000000000e+00,0.000000000000000e+00,0.000000000000000e+00,0.000000000000000e+00,0.000000000000000e+00,0.000000000000000e+00,0.000000000000000e+00,4.652457048584769e-14,1.060475223893728e-16,2.918829246315804e-18,1.790113074824084e-14,5.804617596757439e-15,2.406199576094856e-13,5.593852941021592e-14,1.007926945617753e-13,1.376484926344539e-29,0.000000000000000e+00,0.000000000000000e+00,0.000000000000000e+00,0.000000000000000e+00,0.000000000000000e+00,0.000000000000000e+00,1.130787640542454e-01,3.540882678155903e+03,0.000000000000000e+00,4.430004639131079e+02,1.013199290171544e+05,
-1.009886341168039e-07,5.091428841179083e+00,1.460878863831405e-01,6.109909740516900e-06,5.833966664153168e-05,4.693746864656119e-04,1.349835999240117e-07,5.705623206507302e-05,1.235221358205741e-02,1.210348929230104e-08,1.184316439604069e-03,5.121422767724476e-11,2.715429579368713e-10,2.294227474606433e-11,1.086471193885887e-09,2.977446074145667e-10,8.722201627957396e-10,1.626883443452997e-09,3.544658802929704e-12,1.172044049138704e-11,1.249357319682733e-11,3.570211091994918e-03,2.344066543691658e-02,8.746082245531789e-11,9.027824438013482e-09,1.001816338145629e-10,3.365425146791453e-09,0.000000000000000e+00,0.000000000000000e+00,2.994348076688070e-09,1.622258392793486e-09,2.694857402557391e-15,2.179283256676946e-12,0.000000000000000e+00,8.155528119726327e-14,2.473034207858049e-17,0.000000000000000e+00,0.000000000000000e+00,0.000000000000000e+00,0.000000000000000e+00,0.000000000000000e+00,0.000000000000000e+00,0.000000000000000e+00,7.815990678783163e-14,1.737676005333408e-17,1.194648397650612e-18,5.875805106580341e-07,3.996221983662679e-06,1.796902057814179e-08,1.332037915863013e-08,8.144838617419753e-09,4.248658508408673e-13,0.000000000000000e+00,0.000000000000000e+00,0.000000000000000e+00,0.000000000000000e+00,5.978727293036226e-22,0.000000000000000e+00,1.047760719313458e-01,7.926155164492396e+03,0.000000000000000e+00,2.331074599631183e+03,1.013249970970223e+05,
-1.639291720251793e-07,5.022618095271154e+00,1.469269998732964e-01,7.193472049692157e-06,6.934870967080759e-05,5.058081801283288e-04,1.327153819379789e-07,6.108832198611433e-05,1.235467033370590e-02,1.456591710778937e-08,1.322954064496851e-03,8.140209118946860e-11,3.923714641438219e-10,3.422762980903689e-11,1.508464002819762e-09,3.791788898376473e-10,1.127173782099478e-09,2.348551508619517e-09,5.138116298316500e-12,1.757815559260713e-11,1.779301251269177e-11,3.778401171372668e-03,2.305536945783496e-02,1.279042151370078e-10,1.258626127864673e-08,1.651667245494690e-10,5.007981856302669e-09,0.000000000000000e+00,0.000000000000000e+00,4.181894487139603e-09,2.191663520668822e-09,4.085941828633810e-15,3.970347356148444e-12,0.000000000000000e+00,3.846355913838562e-13,0.000000000000000e+00,0.000000000000000e+00,0.000000000000000e+00,0.000000000000000e+00,0.000000000000000e+00,0.000000000000000e+00,0.000000000000000e+00,0.000000000000000e+00,1.387663240545290e-13,3.849255938106460e-17,2.398313336470072e-18,9.289647388282537e-07,6.343115153249968e-06,2.481284946820048e-08,2.822149952341854e-08,1.741804847386218e-08,7.226267661224304e-13,0.000000000000000e+00,0.000000000000000e+00,0.000000000000000e+00,0.000000000000000e+00,0.000000000000000e+00,0.000000000000000e+00,1.053803049587908e-01,7.836523528203027e+03,0.000000000000000e+00,2.291978230435595e+03,1.013249977147500e+05,
-1.157555551166829e-06,4.772754099656093e+00,1.490369500550529e-01,1.039356762451843e-05,1.009943612249421e-04,5.927770165912701e-04,1.327221510734430e-07,7.155168267910527e-05,1.233794267706786e-02,2.214302631271606e-08,1.659154740679586e-03,1.368165481730934e-10,4.179045410968143e-10,5.029199522191659e-11,1.396809663409278e-09,1.995529195207207e-10,1.884723539488011e-09,2.869807415187835e-09,5.494521490811656e-12,2.611027228777308e-11,1.943584594824675e-11,4.281335272239646e-03,2.216789308803064e-02,1.325232024146797e-10,1.077342947657622e-08,2.988877827355892e-10,6.885961701918778e-09,0.000000000000000e+00,0.000000000000000e+00,3.009408822343395e-09,1.198550556434761e-09,2.153724834494902e-14,8.734890895018847e-12,0.000000000000000e+00,0.000000000000000e+00,0.000000000000000e+00,0.000000000000000e+00,0.000000000000000e+00,0.000000000000000e+00,0.000000000000000e+00,0.000000000000000e+00,0.000000000000000e+00,0.000000000000000e+00,4.751562875366689e-14,8.288004765258392e-17,2.918671349560820e-18,1.547196684678838e-06,1.066321729567304e-05,1.799941093801904e-08,9.409502525736160e-08,5.940622606229904e-08,1.420908937211770e-12,0.000000000000000e+00,0.000000000000000e+00,0.000000000000000e+00,0.000000000000000e+00,0.000000000000000e+00,0.000000000000000e+00,1.068979940125386e-01,5.910353584868323e+03,0.000000000000000e+00,2.148526094841011e+03,1.013249797005981e+05,

4,63
1.136291204125649e-06,4.770457572842981e+00,8.373291207938386e-01,4.963477651740626e-05,4.513428797863391e-04,9.608558945103069e-04,1.187392531305285e-04,3.650532113452532e-04,1.294386709845316e-02,2.147638268014317e-05,1.827783827751432e-01,1.441562144526954e-06,6.557722882871555e-06,7.392154992825621e-07,2.347153776840622e-04,2.619090205661885e-04,2.018624355461801e-05,5.181113717991279e-04,1.479358112683845e-05,9.655020371981229e-07,6.787878241430010e-05,1.420671033752299e-02,2.216383651052492e-02,8.407095970474916e-07,6.338374282590814e-04,2.244184109111470e-05,4.614546559679980e-03,1.004569819340588e-04,4.598452788264689e-04,3.314777863114446e-05,1.157760233595606e-04,1.303495365623657e-07,3.227641025977324e-05,3.787356351749769e-05,1.269574274561727e-05,5.936945922501968e-05,3.207197839770760e-05,4.198841034917680e-05,3.105805495642135e-06,6.575669633368097e-04,1.061195154013221e-05,4.167030858576868e-06,1.173485239887203e-04,1.813085460476316e-05,6.535111481998429e-07,1.576741982290461e-08,2.493845810374017e-06,1.760671626579666e-05,3.064528249592187e-05,1.297763410100369e-05,1.674584094843052e-05,1.699411636557215e-06,4.557730026052635e-04,9.441498095111714e-06,5.259433876524477e-02,1.666606130905390e-03,1.448852383477751e-04,4.568327966357981e-04,6.019560788367017e-01,7.527257038417892e+04,0.000000000000000e+00,2.147188594821173e+03,1.013269340527495e+05,
1.006049569445122e-07,5.121108483117430e+00,1.469221892416741e-01,7.186860445663750e-06,6.928224640111507e-05,5.055995631803236e-04,1.366589497759156e-07,6.106446148978283e-05,1.235465947467771e-02,1.455079166520003e-08,1.322166117093228e-03,8.125973856989450e-11,3.919050158158468e-10,3.418330207433334e-11,1.507340927854665e-09,3.789322582194935e-10,1.125669631269090e-09,2.345762075136755e-09,5.132733140094806e-12,1.755720419462852e-11,1.777569077016738e-11,3.777213307335518e-03,2.360939943648969e-02,1.277238765158058e-10,1.257178105531421e-08,1.648278974167432e-10,5.002277572719954e-09,2.324438577628584e-13,2.840514016192758e-15,4.177083713236639e-09,2.189556165035926e-09,9.373058475716446e-15,3.960143489032938e-12,2.111663589619929e-13,1.064565554859496e-12,7.212817215861882e-14,3.299151435986837e-13,7.344353088925549e-13,1.224787320785150e-14,6.348968053849796e-13,4.097380792169005e-12,1.306288575724267e-17,7.435308148303032e-15,1.385072728148396e-13,3.837257821548899e-17,2.392144117968316e-18,9.272135631630621e-07,6.331015935542431e-06,2.478504552967636e-08,2.812146142581662e-08,1.735538131841195e-08,7.215031483571560e-13,1.306224753852354e-13,1.070177564732170e-12,5.293394437273875e-12,2.485793603864348e-12,8.741151809438253e-13,6.779650263313193e-13,1.053768434986888e-01,7.956515432016075e+03,0.000000000000000e+00,2.346952291177241e+03,1.013250027575926e+05,
1.550685396683942e-07,5.091267639072519e+00,1.490235656583679e-01,1.037152313129795e-05,1.007797917702178e-04,5.922568664835790e-04,1.349740142550798e-07,7.148590939822689e-05,1.235701413564008e-02,2.208917835221339e-08,1.657084242646447e-03,1.365550661023776e-10,5.325668318633740e-10,5.023199735475098e-11,1.900671078746695e-09,4.058494191389103e-10,1.879434918669820e-09,3.220316335384568e-09,6.991862320905797e-12,2.607967216397648e-11,2.349072450769652e-11,4.278280821820487e-03,2.343970872713403e-02,1.759683912769665e-10,1.581103253649697e-08,2.981926454149007e-10,7.208242978495815e-09,9.046075538332031e-13,6.081255674279286e-15,5.174065775552659e-09,2.498972457212525e-09,3.233878616588626e-14,8.706156106952930e-12,7.351578107581436e-13,2.048821156692369e-12,2.278336098008632e-13,6.670682046853144e-13,1.742781082489512e-12,4.268445382230019e-14,1.917911808381705e-12,5.852101001292327e-12,5.856797698255559e-17,3.151350031436942e-14,1.795163587373241e-13,8.265791058460844e-17,4.144962034096086e-18,1.543984862774066e-06,1.064049024747808e-05,3.014953595250776e-08,9.350737607454260e-08,5.902700057169859e-08,1.420516535959455e-12,3.675171904176553e-13,4.293991372592623e-12,6.684397805132919e-12,5.481843391180753e-12,1.915182115517184e-12,1.511265408540161e-12,1.068883614547591e-01,7.930602225969586e+03,0.000000000000000e+00,2.330983382353438e+03,1.013250040878043e+05,
8.813489873033946e-07,5.022200235697547e+00,1.575393011066845e-01,2.826781975271925e-05,2.622280094151679e-04,8.496164025229375e-04,1.887356581655144e-07,1.103960602862459e-04,1.235703771881266e-02,7.077577058610708e-08,2.838188970196928e-03,1.971326902445703e-10,5.612919278184063e-10,5.844367370358879e-11,1.938662825087507e-09,3.974109515036156e-10,6.772394915260668e-09,3.481844812865229e-09,7.358791426256743e-12,3.111471434477600e-11,2.450033017386551e-11,5.905249504472632e-03,2.305314538404361e-02,1.854967648455698e-10,1.601811429599849e-08,5.178548204855218e-10,8.121707439142118e-09,5.344719022434421e-12,3.281782978627945e-14,5.196528667577256e-09,2.487375483785280e-09,1.996799901175330e-13,2.209953006943518e-11,4.341284887413070e-12,5.506256750207358e-12,2.558958489869961e-12,2.268314727354763e-12,6.087096101706163e-12,4.168064588952855e-13,8.616439751350912e-12,1.117306303960400e-11,1.953580835979736e-15,7.367979370355590e-13,1.787261672714457e-13,1.170934057372551e-16,4.516443616420973e-18,2.492208579057088e-06,1.758997042582352e-05,3.023284663016502e-08,1.508165896552400e-06,1.023835599595115e-06,3.643612279971140e-12,5.833113390891025e-12,3.917919511452633e-12,1.089199044857598e-10,2.907543916759669e-11,1.844587428600348e-11,8.021234816441679e-12,1.130165915593371e-01,7.835454324812299e+03,0.000000000000000e+00,2.291734160178802e+03,1.013250166138439e+05,

