1
0
63
1
(4 0
((0,0) (15,255) (0,0))
((0,768) (15,1023) (0,0))
((0,512) (15,767) (0,0))
((0,256) (15,511) (0,0))
)
4
FabOnDisk: SD_0_Old_MF_D_0003 0
FabOnDisk: SD_0_Old_MF_D_0000 0
FabOnDisk: SD_0_Old_MF_D_0001 0
FabOnDisk: SD_0_Old_MF_D_0002 0

4,63
-8.533241776541585e-07,1.519159773088813e+00,1.576223429557951e-01,2.626593452497934e-21,1.234725371650259e-19,1.062628379118765e-15,3.732272598557098e-10,2.295932295218914e-07,7.035420270707388e-08,1.524443668004363e-10,2.848585254690162e-03,0.000000000000000e+00,2.500782489922007e-25,1.679190930260134e-26,4.452776622561209e-12,1.130814133890412e-10,4.837234121696020e-21,3.940574468636873e-10,2.942696747438215e-15,5.766318368964086e-26,1.213109274029280e-11,2.307064493494149e-08,2.076828951033619e-09,2.299436730789211e-31,2.293690595033189e-10,1.113156194332285e-22,2.330676186614753e-09,0.000000000000000e+00,0.000000000000000e+00,7.464024468054917e-25,2.483719852710087e-11,1.160382279238846e-18,5.985443410752626e-21,2.191243100106918e-12,0.000000000000000e+00,0.000000000000000e+00,0.000000000000000e+00,0.000000000000000e+00,0.000000000000000e+00,0.000000000000000e+00,0.000000000000000e+00,0.000000000000000e+00,0.000000000000000e+00,4.666678739989878e-14,1.062286693940385e-16,2.924540892866769e-18,1.901884661355070e-14,6.167222661006349e-15,2.556714064429809e-13,5.943932727369831e-14,1.071005981269702e-13,1.506914519269681e-29,0.000000000000000e+00,0.000000000000000e+00,0.000000000000000e+00,0.000000000000000e+00,0.000000000000000e+00,0.000000000000000e+00,1.130763449785531e-01,3.541553769327476e+03,0.000000000000000e+00,4.430004848059254e+02,1.013200805782214e+05,
-1.462725662062284e-07,5.071794649835851e+00,1.460878166935936e-01,6.109684524360740e-06,5.833754942587153e-05,4.693667447085806e-04,1.349834693078860e-07,5.705521757143500e-05,1.235220792743411e-02,1.210305370214794e-08,1.184294162577427e-03,5.121206331280748e-11,2.715375472014069e-10,2.294164530427890e-11,1.086458939153064e-09,2.977465363792143e-10,8.721759847049820e-10,1.626853505697749e-09,3.544582804749954e-12,1.172011138031704e-11,1.249341817189611e-11,3.570154111554100e-03,2.344067975309851e-02,8.745883965717394e-11,9.027736472816058e-09,1.001772672208021e-10,3.365349486342817e-09,0.000000000000000e+00,5.970550939434372e-17,2.994314668648736e-09,1.622253928821573e-09,2.668210029180086e-15,2.179153274322920e-12,0.000000000000000e+00,8.155550742180211e-14,0.000000000000000e+00,0.000000000000000e+00,0.000000000000000e+00,0.000000000000000e+00,0.000000000000000e+00,0.000000000000000e+00,0.000000000000000e+00,0.000000000000000e+00,7.816112039769798e-14,1.737626903339280e-17,1.194638230100250e-18,5.875613641770439e-07,3.996089450648783e-06,1.796892259558318e-08,1.331924494082832e-08,8.144135216175775e-09,4.248455193042019e-13,0.000000000000000e+00,0.000000000000000e+00,0.000000000000000e+00,0.000000000000000e+00,1.086266108829147e-21,0.000000000000000e+00,1.047760297399353e-01,7.926149561130572e+03,0.000000000000000e+00,2.331075476512050e+03,1.013249977336007e+05,
-1.170771167237973e-07,5.002987152531283e+00,1.469269481862729e-01,7.193424306425337e-06,6.934817164759042e-05,5.058066186182426e-04,1.327151940893820e-07,6.108818471937713e-05,1.235466937534773e-02,1.456578788608327e-08,1.322944152432666e-03,8.139994821794000e-11,3.923639495686901e-10,3.422711039463317e-11,1.508527272435329e-09,3.791670910868560e-10,1.127158413998030e-09,2.348490072103311e-09,5.138129219571901e-12,1.757821538962350e-11,1.779279290434498e-11,3.778385530070608e-03,2.305542377625279e-02,1.278951065546513e-10,1.258536254386955e-08,1.650931019108529e-10,5.005231538450622e-09,0.000000000000000e+00,1.660300587814340e-16,4.181767160911117e-09,2.191588043025530e-09,3.233964443926181e-15,3.968887358155660e-12,0.000000000000000e+00,3.602166613268186e-13,0.000000000000000e+00,0.000000000000000e+00,0.000000000000000e+00,0.000000000000000e+00,0.000000000000000e+00,0.000000000000000e+00,0.000000000000000e+00,0.000000000000000e+00,1.387561117129420e-13,3.848933218659551e-17,2.398120592423702e-18,9.289193936291863e-07,6.342804136347304e-06,2.481179479787487e-08,2.821971197914818e-08,1.741693620173852e-08,7.226000131963383e-13,0.000000000000000e+00,0.000000000000000e+00,0.000000000000000e+00,0.000000000000000e+00,0.000000000000000e+00,0.000000000000000e+00,1.053802674708069e-01,7.836526429208844e+03,0.000000000000000e+00,2.291983974703252e+03,1.013249968653518e+05,
-9.620161733250266e-07,4.753146760592781e+00,1.490366260467485e-01,1.039306777955089e-05,1.009893669433206e-04,5.927651197153858e-04,1.327219202882576e-07,7.155026103621469e-05,1.233804489497025e-02,2.214177132483719e-08,1.659102317680033e-03,1.368103717279759e-10,4.179606930268735e-10,5.028924193643751e-11,1.396938950331889e-09,1.995915640733741e-10,1.884591091419483e-09,2.870078590639449e-09,5.495299166979100e-12,2.610929476661307e-11,1.943696051276906e-11,4.281258000695511e-03,2.216756931335266e-02,1.325490853507064e-10,1.077503659779316e-08,2.988636639014181e-10,6.886219577577217e-09,0.000000000000000e+00,0.000000000000000e+00,3.009981911777903e-09,1.198764520412997e-09,0.000000000000000e+00,8.733946908383071e-12,0.000000000000000e+00,0.000000000000000e+00,0.000000000000000e+00,0.000000000000000e+00,0.000000000000000e+00,0.000000000000000e+00,0.000000000000000e+00,0.000000000000000e+00,0.000000000000000e+00,0.000000000000000e+00,4.759927061753068e-14,8.287016584840520e-17,2.923531973358334e-18,1.547078273081593e-06,1.066238738543319e-05,1.800196811176811e-08,9.407864853463370e-08,5.939569143400303e-08,1.421270910946930e-12,0.000000000000000e+00,0.000000000000000e+00,0.000000000000000e+00,0.000000000000000e+00,0.000000000000000e+00,0.000000000000000e+00,1.068977622046978e-01,5.914308417757112e+03,0.000000000000000e+00,2.148570084741122e+03,1.013249790551011e+05,

4,63
1.298816416016456e-06,4.750850146748162e+00,8.373290046596625e-01,4.963980563678064e-05,4.516439844568350e-04,9.610289553014584e-04,1.187719925131064e-04,3.644859754247996e-04,1.294442820684213e-02,2.147126235531785e-05,1.827783540024566e-01,1.440824173561093e-06,6.546980431623380e-06,7.392567300067166e-07,2.344774323518155e-04,2.616556457587993e-04,2.019872016291777e-05,5.180835403923035e-04,1.478534958925986e-05,9.646827280700467e-07,6.786117628055651e-05,1.420384527024665e-02,2.216348945064254e-02,8.405651586374030e-07,6.331000211986164e-04,2.243536375054853e-05,4.611940158374656e-03,1.006933019486405e-04,4.593884591432864e-04,3.315370870575820e-05,1.158013094357535e-04,1.305902737736069e-07,3.222751972318875e-05,3.786746052114189e-05,1.267705851810301e-05,5.940108408010212e-05,3.205184927942557e-05,4.196767811172103e-05,3.106099802115213e-06,6.571573574909613e-04,1.058845894711993e-05,4.176601979713356e-06,1.172804806237046e-04,1.806619574456854e-05,6.533815425322906e-07,1.571602458236819e-08,2.493713848342611e-06,1.760573984870390e-05,3.061152048521520e-05,1.297434079785541e-05,1.673825900731274e-05,1.701193264062854e-06,4.559071602324555e-04,9.442587520045049e-06,5.259433320425806e-02,1.669774585132910e-03,1.446066710275737e-04,4.574304745246141e-04,6.019559875945886e-01,7.526859379945442e+04,0.000000000000000e+00,2.147233479255934e+03,1.013268964944368e+05,
1.393467792349161e-07,5.101476865726125e+00,1.469221425846290e-01,7.186817415015450e-06,6.928175769428277e-05,5.055981486061922e-04,1.366591048347772e-07,6.106433911386997e-05,1.235465858135958e-02,1.455067438772587e-08,1.322156902915028e-03,8.125580639827491e-11,3.918878704805745e-10,3.418189883526494e-11,1.507305628572842e-09,3.789204887393559e-10,1.125651511047295e-09,2.345663018539197e-09,5.132556497224029e-12,1.755658388920521e-11,1.777502937671563e-11,3.777198568520562e-03,2.360946828664920e-02,1.277174553535054e-10,1.257116698834500e-08,1.648170872715054e-10,5.001874943680247e-09,2.866755134278673e-13,2.838577697061724e-15,4.176884860185888e-09,2.189459169201290e-09,9.232420171099096e-15,3.959842924526790e-12,2.038387144263898e-13,9.955667466099090e-13,8.253488697879755e-14,3.854942044975858e-13,8.119699506039178e-13,1.283517020858650e-14,6.633520954374863e-13,4.821764868964905e-12,1.385530220158225e-17,8.060201060481837e-15,1.384966576780611e-13,3.836928510025738e-17,2.391950500902277e-18,9.271703527220367e-07,6.330719635130497e-06,2.478403327998344e-08,2.811978028777255e-08,1.735433562278986e-08,7.214838548502461e-13,7.887542270087383e-14,5.591017369680248e-12,5.287238402849434e-12,2.411569055595395e-12,9.127508093185917e-13,6.569995128856219e-13,1.053768097765100e-01,7.956290875664202e+03,0.000000000000000e+00,2.346954238755930e+03,1.013250029674642e+05,
1.204456829811715e-07,5.071633629935477e+00,1.490232466054030e-01,1.037103130582175e-05,1.007748776996092e-04,5.922451371844339e-04,1.349738893830043e-07,7.148450722634409e-05,1.235701633735187e-02,2.208794475452241e-08,1.657032620188803e-03,1.365443951614716e-10,5.325406453280848e-10,5.022908482244059e-11,1.900586124219652e-09,4.058350591940814e-10,1.879301795613468e-09,3.220122570110053e-09,6.991427188950619e-12,2.607783473223519e-11,2.348921614588691e-11,4.278204586817141e-03,2.343972384394464e-02,1.759612853502000e-10,1.581053054253484e-08,2.981677657198109e-10,7.207747642924440e-09,7.619904357392323e-13,6.766913626477263e-15,5.173917070611581e-09,2.498868073774313e-09,3.342748527364893e-14,8.705125135740366e-12,8.658977051476984e-13,2.735699687256413e-12,3.515010607215385e-13,1.036918437005540e-12,2.251699844841548e-12,5.273381926096588e-14,2.212246900826394e-12,4.968125397673044e-12,7.098363507852800e-17,4.122349160734329e-14,1.795055311320569e-13,8.264847876157786e-17,4.144607168316287e-18,1.543867327190088e-06,1.063966664740505e-05,3.014853435698308e-08,9.349128027397861e-08,5.901665002743784e-08,1.420347304924651e-12,2.838744416358748e-13,2.095563600797699e-12,6.386091018287843e-12,6.650783188437446e-12,2.232992503645659e-12,1.836556567873296e-12,1.068881332186153e-01,7.930591485717659e+03,0.000000000000000e+00,2.330984344931871e+03,1.013250038969311e+05,
9.649799067532010e-07,5.002569437868129e+00,1.575360076243328e-01,2.826407607931314e-05,2.621884722955292e-04,8.495891612012880e-04,1.887059615958525e-07,1.103935865906213e-04,1.235704067389511e-02,7.076002206113764e-08,2.837828812937056e-03,1.966485884832937e-10,5.612624027724197e-10,5.843889995321388e-11,1.936962536359306e-09,3.974161639440536e-10,6.771079629233651e-09,3.481378990530896e-09,7.358270441724936e-12,3.081185160988521e-11,2.449912745308821e-11,5.904970573488795e-03,2.305320010416472e-02,1.854811554537604e-10,1.601634274817115e-08,5.178368526645174e-10,8.110674360774112e-09,4.248961979382659e-12,4.207568331495001e-14,5.196360024551494e-09,2.487328622085104e-09,1.800362728590077e-13,2.209652580715089e-11,3.573085474089125e-12,3.672095618317280e-12,2.025455036286262e-12,3.308275995615346e-12,1.182032421477508e-11,4.549279381815423e-13,1.106537283803734e-11,1.383230366072529e-11,2.283080822872947e-15,1.426451762859702e-12,1.787177839175026e-13,1.170848614172232e-16,4.516098272720965e-18,2.492056314610116e-06,1.758885058804518e-05,3.023202070552951e-08,1.507229237244813e-06,1.023182673019848e-06,3.642993673561415e-12,7.302482947985798e-12,1.764888936727928e-11,1.446649530108639e-10,8.133240150597775e-11,2.050978868342877e-11,2.260825200256947e-11,1.130142342041567e-01,7.835460073101893e+03,0.000000000000000e+00,2.291740001865799e+03,1.013250194267636e+05,

