1
0
56
1
(4 0
((0,0) (15,255) (0,0))
((0,768) (15,1023) (0,0))
((0,512) (15,767) (0,0))
((0,256) (15,511) (0,0))
)
4
FabOnDisk: SD_5_New_MF_D_0003 0
FabOnDisk: SD_5_New_MF_D_0000 0
FabOnDisk: SD_5_New_MF_D_0001 0
FabOnDisk: SD_5_New_MF_D_0002 0

4,56
-7.543380158045775e+00,-1.723821745227341e+01,-2.634214225648362e+01,-5.978298093426999e+00,-8.014861203633309e+00,-8.083323917816966e+00,-1.151467354520862e+00,-6.269748330780136e+02,-2.569876252156789e-01,-7.724230740737895e-01,-9.001399831318736e-02,-1.373047583221718e+01,-1.219874916355715e+01,-1.410028863968257e+00,-9.595524983975469e+00,-4.518120935072200e-01,-7.117986995483962e-02,-2.746829372589479e+00,-1.320904777581292e+02,1.985580753635641e-16,-9.502661588718915e-02,-4.847757485498410e+01,-1.852673593904404e+00,-2.024445042283091e+02,-7.404239981285670e+00,-2.406392204555699e+01,-4.598835100389357e+00,-2.882339740406268e+00,-8.998977582640738e-03,-2.017082084889819e+00,-1.583394101918422e+00,-9.472748916216787e-01,-3.793504952799539e+00,-2.221609912941352e+00,-3.216653374948948e+00,-2.182276728253838e-01,-3.272156702044865e+01,-4.625284635608674e-01,-3.093932602596671e-01,-8.641279568096666e+00,-9.020713869168648e-01,-1.514674628766835e-02,-6.117970583536438e-04,-8.222620426746625e-02,-1.686669287373359e-01,-2.134180780901890e+00,-7.129993960321865e-02,-3.998762697790764e-01,-1.331077785166397e-01,-2.452874892661878e+01,-4.558995618982507e-01,-5.997702988872145e+02,-9.055101763648027e+01,-9.694905376538934e+00,-2.479083898637723e+01,-3.726654540514573e-10,
-4.181723175975198e-03,-2.982429010428828e-02,-8.789475594407758e-02,6.059198456250713e-08,-1.100955589918065e-02,1.017436550127592e-01,-6.605997192832570e-06,-3.320648478806093e-01,-8.699327706990578e-08,-3.546551167298962e-07,-4.259348098621158e-08,-3.440441694594598e-06,-2.659284449476520e-07,-6.644258848694580e-07,-2.183227473321261e-06,-6.338992276608675e-09,-2.561761875125452e-08,-2.004868876589640e-08,-4.689526336573341e-01,2.459244441904121e-01,-8.508455085771094e-08,-8.255502587802383e-06,-2.586472482408447e-07,-1.032200808395268e-05,-5.557197572287550e-06,-3.740490906134043e-09,-3.689664749652304e-06,-1.256045226091953e-06,-9.192368779306081e-09,-6.133069237506625e-09,-8.041742928144233e-07,-1.359343220152475e-07,-2.877514792935764e-08,-1.643391075092878e-07,-2.551072110550045e-07,-6.568002627927321e-09,-5.073339757894020e-07,-6.317555884733312e-06,-1.014220948470406e-11,-3.719869179941625e-09,-1.017303019823201e-10,-4.944721530088977e-14,-2.490708758481841e-15,-7.156979802711170e-04,-4.949814686033857e-03,-1.285415075122638e-05,-4.274462095017758e-05,-2.680061529656268e-05,-1.696477667210131e-09,-7.133149387485318e-08,-2.348816410552623e-06,-3.814274257630637e-06,-7.176951535441900e-07,-2.594870674080958e-07,-1.992028078906880e-07,-3.262849712637461e-11,
-1.222216661110929e-02,-9.064359845741977e-02,-1.998830626717194e-01,3.506744882517048e-06,-2.855923401507979e-02,1.839198962726002e-01,-2.221938152257927e-05,-8.048019344551730e-01,-1.849470938189381e-07,-5.834258693566341e-07,-9.453898504007437e-08,-4.413338274128663e-06,-1.498337780659863e-07,-2.212883642909466e-06,-4.546002206398487e-06,-1.247444589322502e-08,-5.505202404451331e-08,-4.484005355747872e-08,-1.109994422552617e+00,7.580712657058402e-01,-1.090475897550630e-07,-8.302590691302672e-06,-5.971826765199328e-07,-2.046307133081759e-05,-4.999068442220925e-06,-6.718818390139500e-09,-2.159113730082617e-06,-8.906576662592899e-07,-3.446539197597667e-08,-1.794582206993730e-08,-2.480359326794581e-06,-1.087800322955497e-06,-1.028527170130130e-07,-3.833342740438031e-07,-9.692822514921224e-07,-3.539260831597248e-08,-1.531368847602588e-06,-9.073445104098448e-06,-8.360693503368752e-11,-4.164545139635100e-08,-1.006801136342209e-10,-8.107590956541042e-14,-2.713751798126068e-15,-1.189261249602579e-03,-8.443978169028563e-03,-1.071519019049639e-05,-2.405212244862072e-04,-1.554610074252319e-04,-5.941940943112572e-09,-2.379865833382352e-07,-3.302108840498925e-06,-5.097142235737599e-06,-4.067487098104648e-06,-8.990024751000873e-07,-1.129117620343902e-06,-3.475995880020122e-11,
-1.406973827929827e-01,-7.412290576076581e-01,-5.629943017209401e-01,-4.654633811565978e-04,-1.402968163782257e-01,4.811092585348072e-01,-2.549000163040467e-04,-3.733778892953392e+00,-7.903778447673023e-07,-1.962630634990101e-06,-5.741952256420405e-07,-4.500777016574781e-05,-3.494391741055947e-07,-2.608268155582058e-05,-1.538661197567673e-05,-6.038644981987156e-08,-3.796170742933704e-07,-2.063546147354472e-07,-4.302172239819578e+00,1.783984455196852e+00,-9.368098842540818e-08,-5.525072193630934e-06,-7.492066320810558e-06,-2.479549180548287e-04,-9.397175192351867e-06,-4.130658969688247e-08,-5.812283912527442e-07,3.007748546020756e-07,-1.289557523140749e-07,-1.912773280079047e-07,-6.345227712384943e-06,-2.219545032016320e-06,-2.538678514175082e-06,-6.517318173363921e-06,-4.052074793910895e-05,-1.215761037080674e-06,-3.192487596396243e-05,-1.670294764852100e-05,-3.803758704392890e-09,-2.677829451021683e-06,-1.008038755431274e-10,-7.395667356159018e-13,-1.751253783407610e-14,-1.404696568814344e-03,-1.035757740753068e-02,2.742572838567777e-07,-1.301547422298874e-02,-9.067847067289038e-03,-9.243369654599326e-07,-2.348546489351795e-05,-6.947509770057810e-06,-3.665923942784118e-04,-2.738195828637110e-04,-3.480746421075815e-05,-7.636280374680613e-05,-1.827755724548297e-10,

4,56
5.540652870300907e+00,2.981461185079959e+01,4.360367014613600e+01,7.386698802100609e+00,1.355864728284933e+01,3.115080655590590e+02,6.317498844669165e-01,-2.728922990358207e-10,6.369633659609930e-01,1.412448328155938e+00,1.608594251125706e-01,2.594013981984046e+01,1.552006253063630e+01,1.882796252563344e+00,1.567886419387020e+01,4.111959279097495e-01,1.315519534822138e-01,2.695389620847370e+00,4.612086326698139e+02,2.787449107362468e+02,2.068209455132010e-01,6.097787129777365e+01,3.883452837867944e+00,3.021579777149283e+02,1.266240181555689e+01,2.511708922943050e+01,8.684419262436656e+00,3.560996743370478e+00,1.521258394869066e-02,3.832423676676990e+00,2.332576781030157e+00,1.127994059718695e+00,3.967215645269684e+00,2.379401058360665e+00,3.891643990469023e+00,1.978025852740222e-01,3.512349683564786e+01,1.019637490205738e+00,5.329416568593196e-01,7.966019244844073e+00,1.501460588417680e+00,3.935973959936056e-02,1.034855157091982e-03,7.692814077994704e-02,3.943134172858761e-01,2.439042371007616e+00,4.816376667381041e-01,6.991684828708576e-01,1.751823037252438e-01,1.652508471083397e+01,7.264939421651464e-01,7.043652211739324e-02,9.124949015347919e+01,1.433626906476561e+01,2.557490734286965e+01,3.240643309254665e-10,
-1.791600911928330e-03,-1.130879789020971e-02,-3.105039096931856e-02,6.438390064872879e-06,-6.106051170682985e-03,1.833499040862397e-01,-1.633887474784630e-06,-1.521246894899633e-01,-3.816465049915471e-08,-1.456101845396417e-07,-9.101603952849650e-09,4.432234933117084e-07,-8.172701742700582e-08,-1.818689599083451e-07,-9.371187611420174e-07,-1.253520468284057e-09,-3.905519529117553e-09,-5.395684407956377e-09,-1.489957952076952e-01,7.559070889783033e-01,-5.655994991466489e-08,-4.955911225829442e-06,-4.606873050361633e-08,-1.687111575897390e-07,6.788588412304366e-07,1.226243872059439e-09,-1.685669511629943e-06,-7.681446056040599e-07,2.885443270603383e-09,-1.827361449978050e-09,7.234183177446104e-08,4.226649803478392e-07,9.329380895362817e-08,5.042052733161654e-07,1.124623561944911e-06,1.936493994633584e-08,1.210509825540273e-06,7.884114666283504e-06,2.440604161258617e-11,1.045976737070375e-08,-8.968022534216688e-11,-2.279811307993348e-14,-1.539080870056952e-15,-4.500421421497303e-04,-3.067050278804661e-03,-1.072339452566676e-05,-1.151589994332940e-05,-7.058435829942312e-06,3.163358071632996e-09,2.212927960927732e-07,7.599264161333399e-06,1.085889818497609e-05,4.283872723521701e-06,6.890669983477249e-07,1.188417649480367e-06,4.365934003214278e-11,
-3.763091114797077e-03,-2.992528048446174e-02,-8.812762840203066e-02,7.624914185790481e-06,-1.104504762282039e-02,4.788909316782485e-01,-6.630304096672875e-06,-3.330563795740678e-01,-5.775394162144695e-08,-3.127179881535087e-08,7.194952027308052e-09,2.232249526616559e-06,1.387090326757821e-07,-6.441624133612987e-07,-4.726907515047149e-07,7.432137804292615e-10,3.758725045199865e-09,1.853990174139236e-09,-4.703064797092320e-01,1.777268746056504e+00,-3.932501909546119e-08,-9.301507497262892e-07,-8.807675719272180e-08,3.840606486046409e-06,1.576659840072149e-06,2.577516297496349e-09,1.012859791019908e-07,5.397569692980316e-07,1.358655997936022e-08,-3.383684986733368e-09,1.857781454575619e-07,1.436667288504910e-06,3.397961777022267e-07,1.202246878473409e-06,3.271842520971743e-06,8.042495860148167e-08,3.597945729066859e-06,1.098856303151163e-05,1.139871596087421e-10,6.073783593454731e-08,5.134952711224115e-11,-4.909198401009904e-14,-1.868888005000652e-15,-7.170814296257963e-04,-4.959706020704135e-03,2.340242583702090e-07,-4.296237886539369e-05,-2.693894803691929e-05,1.508758295149320e-08,7.747648436755501e-07,8.219288872223336e-06,1.241491976939739e-05,1.059040433413139e-05,2.918356408314873e-06,2.936922810201831e-06,3.763767075781743e-11,
-1.229469346815329e-02,-9.112959173196068e-02,-2.005974429038858e-01,3.421590716765472e-06,-2.868990487859901e-02,2.826486182440183e+00,-2.235258993741330e-05,-8.080902105944470e-01,3.249009636322036e-06,1.096927765456165e-05,1.165714110541429e-06,7.910808601147587e-05,3.780637768411927e-06,-2.004098320765327e-06,7.103845834074950e-05,2.676713566472098e-07,1.286173902295265e-06,8.605745873838638e-07,-1.114218514344337e+00,6.811507486888587e+00,9.647284259468688e-07,8.478736620226537e-05,8.921599067400492e-06,3.477183707814614e-04,8.655961592431670e-06,3.327165250114585e-08,1.568631645239201e-05,6.243145888336292e-06,1.148791486529459e-07,4.704004002089685e-07,4.169870681631749e-06,3.563021788658184e-06,1.565407364592734e-06,3.427302525417772e-06,1.154070477872265e-05,4.858215798592295e-07,1.118168965432469e-05,2.480493018423803e-05,3.044660719938592e-09,1.518785724050803e-06,3.711046508928649e-10,1.677989002885710e-13,9.623284198754298e-15,7.652460514763411e-04,5.118647715895224e-03,6.218037266510174e-05,-2.427243919567653e-04,-1.569123288905130e-04,5.810908820330805e-07,1.251400256945466e-05,2.522292390554808e-05,2.700480762441522e-04,7.242207015616917e-05,1.260059800534068e-05,2.010218001952909e-05,2.087745532008967e-10,

