1
0
63
1
(4 0
((0,0) (7,127) (0,0))
((0,256) (7,383) (0,0))
((0,128) (7,255) (0,0))
((0,384) (7,511) (0,0))
)
4
FabOnDisk: SD_0_New_MF_D_0003 0
FabOnDisk: SD_0_New_MF_D_0001 0
FabOnDisk: SD_0_New_MF_D_0002 0
FabOnDisk: SD_0_New_MF_D_0000 0

4,63
-4.654779034259341e-05,7.778301908763348e-01,1.596353275197645e-01,0.000000000000000e+00,5.396768777651676e-25,2.971384981934527e-18,8.630829167846118e-13,2.732951336840369e-08,3.238586017790944e-10,3.405348152936948e-13,2.945901091142256e-03,0.000000000000000e+00,0.000000000000000e+00,0.000000000000000e+00,1.608891157102640e-14,3.492002772180980e-12,2.679093152100035e-25,2.610377315629595e-13,4.045344318801678e-20,0.000000000000000e+00,2.595076481621189e-14,5.298656779430485e-11,1.237296015310374e-12,5.117434728672482e-37,1.908693994470644e-13,2.009454987957425e-29,1.640416357114380e-12,0.000000000000000e+00,0.000000000000000e+00,3.052990838850294e-31,6.316876630263033e-15,1.301203670905267e-22,5.693413563587705e-28,0.000000000000000e+00,0.000000000000000e+00,0.000000000000000e+00,0.000000000000000e+00,0.000000000000000e+00,0.000000000000000e+00,0.000000000000000e+00,0.000000000000000e+00,0.000000000000000e+00,0.000000000000000e+00,1.979096650989480e-18,1.985568721016736e-19,2.830590167973987e-21,5.438780056079804e-19,1.751116940817548e-19,7.116020708950680e-18,1.642597936380569e-18,2.959710869000221e-18,0.000000000000000e+00,0.000000000000000e+00,0.000000000000000e+00,0.000000000000000e+00,0.000000000000000e+00,0.000000000000000e+00,0.000000000000000e+00,1.144121969140169e-01,3.362486297825820e+03,0.000000000000000e+00,4.430000021177787e+02,1.012837218635881e+05,
-1.410291239011062e-07,4.202647982869619e+00,1.469493258600851e-01,7.222274792269872e-06,6.965150346626767e-05,5.067438834262460e-04,1.327606459554119e-07,6.118426185881568e-05,1.235158460579049e-02,1.463400020730065e-08,1.326847790217466e-03,8.323010597911873e-11,4.002535885894003e-10,3.494680563136480e-11,1.537576775545496e-09,3.854996717069465e-10,1.136358405344556e-09,2.395679995307303e-09,5.242318138695305e-12,1.795121722550519e-11,1.814549359916180e-11,3.783906340667956e-03,2.303792476444842e-02,1.304919886230269e-10,1.282572765413657e-08,1.690314169116969e-10,5.113481563351919e-09,3.584309563145581e-14,1.049601084882557e-15,4.261698032947846e-09,2.231455737228156e-09,8.768154288424886e-15,4.074107350790531e-12,6.050977934429470e-14,0.000000000000000e+00,0.000000000000000e+00,0.000000000000000e+00,0.000000000000000e+00,0.000000000000000e+00,0.000000000000000e+00,0.000000000000000e+00,0.000000000000000e+00,0.000000000000000e+00,1.437740435981629e-13,4.010124059012866e-17,2.492281717694517e-18,9.498383595743532e-07,6.486281608670721e-06,2.528312813407847e-08,2.906798723895449e-08,1.794471721471789e-08,7.406021645787359e-13,0.000000000000000e+00,0.000000000000000e+00,0.000000000000000e+00,0.000000000000000e+00,0.000000000000000e+00,0.000000000000000e+00,1.053960222339198e-01,7.883914455162316e+03,0.000000000000000e+00,2.290013108986218e+03,1.013249931495532e+05,
-1.601379756089069e-06,3.930996927292958e+00,1.491617531206401e-01,1.061548407560319e-05,1.031627610469167e-04,5.979525943847070e-04,1.327834606813867e-07,7.219878766033785e-05,1.219585382414157e-02,2.266787322145787e-08,1.679512519615700e-03,1.416818542014690e-10,3.738935431072348e-10,4.854277884204770e-11,1.265111936099368e-09,1.777112495660603e-10,1.943348133392221e-09,2.648295989412872e-09,4.856625685328539e-12,2.599562166963503e-11,1.777526823047995e-11,4.313650037288849e-03,2.229236012926205e-02,1.170081683650062e-10,9.612149774991154e-09,3.105978983983494e-10,6.381273955448416e-09,0.000000000000000e+00,0.000000000000000e+00,2.537465586345426e-09,1.001881603698018e-09,2.715142322948991e-14,9.169443741051681e-12,2.491747573007147e-13,0.000000000000000e+00,0.000000000000000e+00,0.000000000000000e+00,0.000000000000000e+00,0.000000000000000e+00,0.000000000000000e+00,0.000000000000000e+00,0.000000000000000e+00,0.000000000000000e+00,5.305135135882569e-14,8.746946390462313e-17,3.375622837422270e-18,1.602073774655256e-06,1.104705233583806e-05,1.516187624054077e-08,1.014140886702674e-07,6.410873116837081e-08,1.488445046178876e-12,0.000000000000000e+00,0.000000000000000e+00,0.000000000000000e+00,0.000000000000000e+00,0.000000000000000e+00,0.000000000000000e+00,1.069870074946968e-01,4.184887364942168e+03,0.000000000000000e+00,2.121873994995177e+03,1.013249431930660e+05,
-1.449765836817056e-07,4.272992537403132e+00,1.460824623003658e-01,6.116502076697184e-06,5.839005397373617e-05,4.695973617379592e-04,1.349779906421152e-07,5.709617751951284e-05,1.235288295820320e-02,1.211208290736364e-08,1.184712787742627e-03,5.176456326773312e-11,2.742836872323377e-10,2.317950210655307e-11,1.097039663003531e-09,3.005551150544784e-10,8.746987666143790e-10,1.643005871343292e-09,3.580708514430249e-12,1.184125504136180e-11,1.261361399381979e-11,3.573203627415336e-03,2.343798034924512e-02,8.835944435619291e-11,9.116488506798580e-09,1.012550099810905e-10,3.399003696757734e-09,0.000000000000000e+00,4.981267992722077e-16,3.023475164740372e-09,1.637706011402700e-09,3.411231440353372e-15,2.203106738396866e-12,0.000000000000000e+00,4.717408857316832e-14,0.000000000000000e+00,0.000000000000000e+00,0.000000000000000e+00,0.000000000000000e+00,0.000000000000000e+00,0.000000000000000e+00,0.000000000000000e+00,0.000000000000000e+00,7.958976977376326e-14,1.771110638593930e-17,1.217185735854515e-18,5.937012257363228e-07,4.037845606437289e-06,1.814530558528621e-08,1.346954510895466e-08,8.235879554209220e-09,4.294379799700203e-13,0.000000000000000e+00,0.000000000000000e+00,0.000000000000000e+00,0.000000000000000e+00,0.000000000000000e+00,0.000000000000000e+00,1.047712496260668e-01,7.933797655005338e+03,0.000000000000000e+00,2.330768110144300e+03,1.013249937690182e+05,

4,63
4.593786499964883e-05,3.925458855127852e+00,8.373327843513303e-01,4.962467756616928e-05,4.618290175768164e-04,9.626536598314456e-04,1.213452106845019e-04,4.260617309097026e-04,1.313160484242502e-02,1.973640935629572e-05,1.827792699521675e-01,1.286730793212455e-06,6.123237566065825e-06,6.937577251875584e-07,2.261927827064283e-04,2.695146311933581e-04,2.046356666226726e-05,4.944668507347282e-04,1.615569637696866e-05,9.632317983335238e-07,7.153541194806934e-05,1.387077715768762e-02,2.227926911917206e-02,7.012630044975350e-07,5.686444029223643e-04,2.132937627254491e-05,4.265079577735202e-03,9.867598266178785e-05,4.605307336675681e-04,3.082313892224218e-05,1.060493008813317e-04,1.389498875150799e-07,3.132512577315458e-05,3.940864560698599e-05,1.114515392997983e-05,5.418550978496580e-05,2.918924468329657e-05,3.841981003398106e-05,3.083759919685566e-06,6.206373189676324e-04,1.222388502465925e-05,4.470148402644948e-06,1.096397121572169e-04,1.458578327572442e-05,5.829783677073321e-07,1.318834129940535e-08,2.495291622823539e-06,1.761860702764130e-05,2.792502999533837e-05,1.212545191011886e-05,1.527226789376256e-05,1.708854471900047e-06,4.292945451982246e-04,1.068725204359390e-05,5.259455276245466e-02,1.553584551341799e-03,1.345492642597089e-04,4.241444972158654e-04,6.019589339222047e-01,7.182184096170995e+04,0.000000000000000e+00,2.118181357725444e+03,1.013673179741514e+05,
1.281831148559066e-07,4.272653668680672e+00,1.491334970617552e-01,1.056748090586159e-05,1.026995008741991e-04,5.968462476300473e-04,1.349578654420234e-07,7.205601077169964e-05,1.235469245651664e-02,2.255172224581000e-08,1.675163306641097e-03,1.410966493022620e-10,5.442276729753696e-10,5.155740492242218e-11,1.935444376513747e-09,4.115452075108223e-10,1.931699086387726e-09,3.293093795661308e-09,7.143065927732767e-12,2.676947366261669e-11,2.395428788405806e-11,4.306991619509330e-03,2.343594638292552e-02,1.799371930287134e-10,1.609316913369244e-08,3.091465078169765e-10,7.386156383091435e-09,4.324419286189500e-13,7.051033799908863e-15,5.260365695814722e-09,2.534532951926774e-09,2.867460095687290e-14,9.106937891371431e-12,3.862780858306931e-13,2.879751427225125e-12,1.368348237249825e-13,4.071456441772282e-13,7.355072345947793e-13,8.420884088782372e-15,4.757047286705445e-13,1.711310867339136e-12,9.475577554164644e-18,7.172535051501460e-15,1.847336465378980e-13,8.699891806113809e-17,4.314021364572181e-18,1.595273967548109e-06,1.099887722678957e-05,3.063815690127470e-08,1.000895547221747e-07,6.325286831939214e-08,1.479561326379762e-12,4.874187869742752e-14,1.049461554266330e-13,2.397295850804910e-12,3.758903885440130e-12,3.796544494258029e-12,1.009773156917716e-12,1.069666793864451e-01,7.933742167677756e+03,0.000000000000000e+00,2.330574955053386e+03,1.013250132846746e+05,
1.406306091430928e-06,4.201764482905737e+00,1.593877008491406e-01,3.299444314013134e-05,2.923391470801109e-04,8.713133862127521e-04,2.061060294608216e-07,1.191459685624830e-04,1.235142823344503e-02,8.161200896273678e-08,2.910366049045885e-03,2.200410476539473e-10,5.838114551556136e-10,6.319824258950579e-11,1.975361462777416e-09,4.006827163634860e-10,8.509471684240694e-09,3.661573329102551e-09,7.598012138689953e-12,3.317469558096848e-11,2.515479294904644e-11,6.410800063524115e-03,2.303318972742218e-02,1.926208682343130e-10,1.627839472684475e-08,5.431748569728471e-10,8.533519496472822e-09,1.505378662882468e-12,2.515869024816436e-14,5.272817271105189e-09,2.515370696708576e-09,2.107114410157368e-13,2.163688451354185e-11,2.999104038889587e-12,8.049857724774663e-12,2.503488702171733e-12,2.712031781616329e-12,6.021778542866215e-12,2.658197265688308e-13,6.150885577793157e-12,1.127951243473484e-12,2.092703826745131e-15,7.364303974770656e-12,2.383942379831673e-13,6.940324255487353e-16,1.893302224310817e-17,2.563010317173452e-06,1.807985532165773e-05,3.067071049382572e-08,2.302821966423096e-06,1.577387040195067e-06,3.922695847705133e-12,5.515717636006247e-12,1.609756342600913e-13,1.248174435512011e-10,4.417466228508073e-11,2.496450101550289e-11,1.223136157636202e-11,1.142290928657042e-01,7.883607142299403e+03,0.000000000000000e+00,2.289498281070288e+03,1.013250825092768e+05,
1.633675966687813e-07,4.302326993691750e+00,1.469391467546046e-01,7.208172451471581e-06,6.950974602660502e-05,5.062998353264745e-04,1.366947486598226e-07,6.113346466250010e-05,1.235410065138199e-02,1.460175385764484e-08,1.325173818994479e-03,8.290024646844474e-11,3.991211079034549e-10,3.483413472662809e-11,1.533893833742411e-09,3.849632723162634e-10,1.133075566806313e-09,2.388854659522061e-09,5.227277864530028e-12,1.789214900164688e-11,1.809717966125107e-11,3.781375013744834e-03,2.360437195928762e-02,1.301084327166123e-10,1.279507875911487e-08,1.682929358908603e-10,5.097392001317085e-09,1.302293895924440e-13,2.351076617828202e-15,4.251585981238946e-09,2.227083620148936e-09,8.866416293665672e-15,4.051753525560820e-12,1.134699957883301e-13,1.369350829489644e-12,7.072422182808330e-14,3.235995508783016e-13,4.626765836889837e-13,5.788883423858275e-15,3.575299276692463e-13,1.711420066609507e-12,5.222270713847263e-18,4.065857416933167e-15,1.432317515550073e-13,3.984380888267716e-17,2.479164551098292e-18,9.461311660208612e-07,6.460659144496980e-06,2.522545172869317e-08,2.885245617265620e-08,1.780965195002866e-08,7.371210128052747e-13,5.225193150277724e-14,3.774314910059878e-13,3.937409231824007e-12,6.203550521712316e-12,4.856229697640591e-12,1.662071631197345e-12,1.053887064454110e-01,7.981914527294237e+03,0.000000000000000e+00,2.346991281368480e+03,1.013250099330380e+05,

