1
0
63
1
(4 0
((0,0) (7,127) (0,0))
((0,256) (7,383) (0,0))
((0,128) (7,255) (0,0))
((0,384) (7,511) (0,0))
)
4
FabOnDisk: SD_0_Old_MF_D_0003 0
FabOnDisk: SD_0_Old_MF_D_0001 0
FabOnDisk: SD_0_Old_MF_D_0002 0
FabOnDisk: SD_0_Old_MF_D_0000 0

4,63
-4.365009212661583e-05,7.815708450851264e-01,1.596204520646762e-01,0.000000000000000e+00,5.550020250975741e-25,2.979564041186559e-18,8.643743929984145e-13,2.732505269369579e-08,3.241889669445804e-10,3.410540653545386e-13,2.939780226739270e-03,0.000000000000000e+00,0.000000000000000e+00,0.000000000000000e+00,1.610899199390145e-14,3.496150880831481e-12,2.715409471515778e-25,2.617229558697177e-13,4.174938803060877e-20,0.000000000000000e+00,2.602218623527167e-14,5.306624752541790e-11,1.240686127100592e-12,5.143764980903717e-37,1.913261231021006e-13,2.023118546662821e-29,1.644619625532884e-12,0.000000000000000e+00,0.000000000000000e+00,3.073256813689013e-31,6.340608436337084e-15,1.341590318108805e-22,5.734596863692890e-28,0.000000000000000e+00,0.000000000000000e+00,0.000000000000000e+00,0.000000000000000e+00,0.000000000000000e+00,0.000000000000000e+00,0.000000000000000e+00,0.000000000000000e+00,0.000000000000000e+00,0.000000000000000e+00,1.993215377959078e-18,1.999845878417396e-19,2.854056076637010e-21,5.478405114285905e-19,1.763899061776557e-19,7.168238571122949e-18,1.654674172370972e-18,2.981470403697128e-18,0.000000000000000e+00,0.000000000000000e+00,0.000000000000000e+00,0.000000000000000e+00,0.000000000000000e+00,0.000000000000000e+00,0.000000000000000e+00,1.143981237137735e-01,3.359481859302366e+03,0.000000000000000e+00,4.430000021247699e+02,1.012934537663084e+05,
-1.421846968622885e-07,4.207608235937355e+00,1.469503400412369e-01,7.223579717371515e-06,6.966462686134109e-05,5.067847254879999e-04,1.327614317855285e-07,6.118894073965359e-05,1.235172721891228e-02,1.463703281026977e-08,1.327004619765986e-03,8.325219776558874e-11,4.003180386878022e-10,3.495371818577247e-11,1.537739281481490e-09,3.854987153947987e-10,1.136643820831023e-09,2.396055355341392e-09,5.243116377735084e-12,1.795474517076305e-11,1.814792446294200e-11,3.784135931710545e-03,2.303774898660819e-02,1.305139642859515e-10,1.282728853332207e-08,1.690812549060399e-10,5.114077736554694e-09,4.877945688469881e-14,1.325722304981218e-15,4.262213377539359e-09,2.231634752397458e-09,8.521749755794218e-15,4.075739755114304e-12,3.253779501329431e-14,0.000000000000000e+00,0.000000000000000e+00,0.000000000000000e+00,0.000000000000000e+00,0.000000000000000e+00,0.000000000000000e+00,0.000000000000000e+00,0.000000000000000e+00,0.000000000000000e+00,1.437902476617627e-13,4.011580066763284e-17,2.492913116989171e-18,9.500634235774559e-07,6.487848587943406e-06,2.528528701569143e-08,2.908464740221952e-08,1.795520096503929e-08,7.408640469287756e-13,0.000000000000000e+00,0.000000000000000e+00,0.000000000000000e+00,0.000000000000000e+00,0.000000000000000e+00,0.000000000000000e+00,1.053967594216697e-01,7.881479798983557e+03,0.000000000000000e+00,2.289976891688632e+03,1.013249943662167e+05,
-8.706583438988702e-07,3.935766000367088e+00,1.491638325192031e-01,1.061764128916651e-05,1.031878251309241e-04,5.980120484030370e-04,1.327864591179654e-07,7.220353496797077e-05,1.219553151620244e-02,2.267490404399836e-08,1.679838799413990e-03,1.416979955668365e-10,3.749975228732321e-10,4.868667446904950e-11,1.269076587691741e-09,1.783898122716214e-10,1.943848770256211e-09,2.655711502149999e-09,4.870333738488562e-12,2.607311090325960e-11,1.781792358801222e-11,4.313822806384380e-03,2.229104043294244e-02,1.173773618717675e-10,9.639783891322632e-09,3.107682094448731e-10,6.397492278707266e-09,1.929004591001199e-14,2.498624234258785e-15,2.542897781652457e-09,1.003410476451619e-09,2.846820553845226e-14,9.175771163697920e-12,2.211651585073224e-13,0.000000000000000e+00,0.000000000000000e+00,0.000000000000000e+00,0.000000000000000e+00,0.000000000000000e+00,0.000000000000000e+00,0.000000000000000e+00,0.000000000000000e+00,0.000000000000000e+00,5.309517283626377e-14,8.747319983713817e-17,3.383491263984417e-18,1.602269226618803e-06,1.104848603042456e-05,1.517774512499790e-08,1.014783870043393e-07,6.415068038703100e-08,1.475188130808618e-12,0.000000000000000e+00,0.000000000000000e+00,0.000000000000000e+00,0.000000000000000e+00,0.000000000000000e+00,0.000000000000000e+00,1.069885202251937e-01,4.184179139480430e+03,0.000000000000000e+00,2.122028713558956e+03,1.013249846763238e+05,
-7.508484095297250e-08,4.277991498250075e+00,1.460831362645476e-01,6.117231935374916e-06,5.839762093588382e-05,4.696235259995833e-04,1.349757295708285e-07,5.709890061110547e-05,1.235288150091304e-02,1.211376315428084e-08,1.184814428235321e-03,5.178265099240605e-11,2.743606511795816e-10,2.318649119359140e-11,1.097464459986798e-09,3.006072247391101e-10,8.748586790177762e-10,1.643454248990735e-09,3.581689065803481e-12,1.184476268058611e-11,1.261694019024992e-11,3.573338878421506e-03,2.343779788660141e-02,8.838599376845795e-11,9.118867589781874e-09,1.012931575256982e-10,3.400481569977502e-09,0.000000000000000e+00,1.020762056645170e-15,3.024281265292314e-09,1.638104682188021e-09,3.620719387964811e-15,2.204113459023020e-12,0.000000000000000e+00,0.000000000000000e+00,0.000000000000000e+00,0.000000000000000e+00,0.000000000000000e+00,0.000000000000000e+00,0.000000000000000e+00,0.000000000000000e+00,0.000000000000000e+00,0.000000000000000e+00,7.962512869262363e-14,1.772188667135038e-17,1.217834972090225e-18,5.939037176791834e-07,4.039235155798013e-06,1.814967838798386e-08,1.347709616628614e-08,8.240556667979610e-09,4.295915259101568e-13,0.000000000000000e+00,0.000000000000000e+00,0.000000000000000e+00,0.000000000000000e+00,0.000000000000000e+00,0.000000000000000e+00,1.047717436324848e-01,7.933572122800213e+03,0.000000000000000e+00,2.330749190004493e+03,1.013249942467674e+05,

4,63
4.471282128777165e-05,3.930231686477067e+00,8.373327844100694e-01,4.965360742629064e-05,4.615081129844416e-04,9.624657359689903e-04,1.212998916344298e-04,4.262395334702909e-04,1.313126727875804e-02,1.972846076428585e-05,1.827792699659693e-01,1.289229755383472e-06,6.127644134430678e-06,6.944427011169738e-07,2.263749247337208e-04,2.696886058100954e-04,2.046759220332096e-05,4.944601866781034e-04,1.615011003346088e-05,9.635616908434478e-07,7.151519294206180e-05,1.387606894063442e-02,2.227796553698808e-02,7.023476120032986e-07,5.691671906911561e-04,2.134215837897056e-05,4.267449076205802e-03,9.878968719770140e-05,4.608946402296194e-04,3.084652186739790e-05,1.060515612014711e-04,1.389475464030290e-07,3.132873057395643e-05,3.941466423547951e-05,1.115319347950599e-05,5.420131979634117e-05,2.920056454920071e-05,3.843423133081086e-05,3.083614223282062e-06,6.207463183611249e-04,1.221875324085284e-05,4.471244497918691e-06,1.096576444541872e-04,1.462001604439406e-05,5.841112829122478e-07,1.321840835947581e-08,2.497725103825332e-06,1.763558003126151e-05,2.793239819149980e-05,1.212309906491153e-05,1.526378661512289e-05,1.708402551294147e-06,4.290126747474177e-04,1.068641982005072e-05,5.259455276654763e-02,1.553608429546965e-03,1.345904881050464e-04,4.241447909871828e-04,6.019589339670844e-01,7.183646426307620e+04,0.000000000000000e+00,2.118340788482173e+03,1.013570126691576e+05,
1.506993857725433e-07,4.277652473846735e+00,1.491355732096294e-01,1.056966567377612e-05,1.027244946654193e-04,5.969057163148718e-04,1.349555995924955e-07,7.206098855459434e-05,1.235471921371615e-02,2.255870447708833e-08,1.675483501231367e-03,1.411020175637104e-10,5.441894235152052e-10,5.155613197150712e-11,1.935238411824094e-09,4.114900439829560e-10,1.932170730934463e-09,3.292889627862332e-09,7.142610432683069e-12,2.676940434567672e-11,2.395319380384762e-11,4.307178370956650e-03,2.343576396397693e-02,1.799219355525194e-10,1.609142386257969e-08,3.091930580744869e-10,7.386180251867614e-09,4.186380212316829e-13,6.843047727679609e-15,5.259761649327247e-09,2.534153628808088e-09,2.869897472234081e-14,9.109867786358096e-12,3.612640613624285e-13,2.956697179212422e-12,1.840306889972909e-13,4.340080658541140e-13,5.005368553347146e-13,7.345629725423917e-15,3.897764475282777e-13,8.626654598274997e-13,8.522272832677920e-18,7.878902396231538e-15,1.846885961388735e-13,8.700365529043808e-17,4.313641119580289e-18,1.595470703627699e-06,1.100031911789224e-05,3.063562166097342e-08,1.001533082253433e-07,6.329443639245378e-08,1.479977765574869e-12,5.843168669759863e-14,4.732865484599886e-14,2.846746517531651e-12,2.418167156095039e-12,2.875556524696575e-12,6.474002460339022e-13,1.069681883624799e-01,7.933511924937687e+03,0.000000000000000e+00,2.330555932546012e+03,1.013250125523661e+05,
1.296752038570563e-06,4.206724374464715e+00,1.593732697149384e-01,3.301458115582752e-05,2.920904355377887e-04,8.710380704357281e-04,2.058115768804585e-07,1.192780405640676e-04,1.235157565058152e-02,8.151847989116337e-08,2.904449200111292e-03,2.201074796879522e-10,5.838363640168050e-10,6.315257023928463e-11,1.976733509045312e-09,4.006380448703798e-10,8.523081610527302e-09,3.657225555108318e-09,7.605643264064418e-12,3.311140569392881e-11,2.519246909633426e-11,6.418320126686639e-03,2.303301905696723e-02,1.924428436670307e-10,1.627955222992952e-08,5.472127477259278e-10,8.524789758130908e-09,1.860781598329943e-12,2.566746805387680e-14,5.272140638824878e-09,2.514848419893587e-09,2.104269164273851e-13,2.162106159127564e-11,2.782428985411736e-12,2.062209201062643e-11,4.770775629435886e-12,4.689129659463887e-12,7.429630213440351e-12,4.244053828018222e-13,9.519084707087333e-12,2.885677773956259e-12,3.035649727641382e-15,1.394675707522022e-11,2.350439156666491e-13,6.841479536776115e-16,1.865889664095984e-17,2.565221299723584e-06,1.809523307054367e-05,3.066821991689643e-08,2.302922612989660e-06,1.577358249200494e-06,4.023890528266274e-12,7.565248165044181e-12,1.263900310356936e-13,9.412523209000801e-11,5.806500609073342e-11,4.466027908652278e-11,1.620803341648630e-11,1.142154277157408e-01,7.881097869407836e+03,0.000000000000000e+00,2.289461860910787e+03,1.013250798426242e+05,
6.681995925574404e-08,4.307345045132233e+00,1.469401523291354e-01,7.209469983326326e-06,6.952279525919804e-05,5.063405077306035e-04,1.366931072400055e-07,6.113812276420265e-05,1.235411141426447e-02,1.460476710059837e-08,1.325329885682278e-03,8.292063653388085e-11,3.991777661373617e-10,3.484032594273040e-11,1.534046552839459e-09,3.849670482665555e-10,1.133356677481715e-09,2.389198575179298e-09,5.228024139898306e-12,1.789540959280334e-11,1.809950800888514e-11,3.781603689928301e-03,2.360427762766014e-02,1.301281783405491e-10,1.279639458870573e-08,1.683404340659412e-10,5.098260897828443e-09,1.301868620079943e-13,2.349777766380638e-15,4.252013530489316e-09,2.227226605091756e-09,8.879072359736816e-15,4.053325437376962e-12,1.153795773450030e-13,2.054805887136831e-12,1.121673291637412e-13,4.598524287658679e-13,5.519526647211910e-13,6.967987059495388e-15,4.039219812782741e-13,1.772761308798534e-12,6.512656263805574e-18,4.590170235433343e-15,1.432468437348247e-13,3.985794083459472e-17,2.479775612913386e-18,9.463553811248674e-07,6.462219977708123e-06,2.522761998034833e-08,2.886894769809522e-08,1.782002788408495e-08,7.373568871123684e-13,3.413082538260056e-14,1.346253447404615e-13,2.063185286583590e-12,5.121768633893936e-12,4.274840216172179e-12,1.374448791502296e-12,1.053894373752204e-01,7.981696029752118e+03,0.000000000000000e+00,2.346978843619612e+03,1.013250076147902e+05,

