1
0
56
1
(4 0
((0,0) (7,127) (0,0))
((0,256) (7,383) (0,0))
((0,128) (7,255) (0,0))
((0,384) (7,511) (0,0))
)
4
FabOnDisk: SD_5_Old_MF_D_0003 0
FabOnDisk: SD_5_Old_MF_D_0001 0
FabOnDisk: SD_5_Old_MF_D_0002 0
FabOnDisk: SD_5_Old_MF_D_0000 0

4,56
-7.522733500287491e+00,-1.734171765802769e+01,-2.685323677992904e+01,-6.018810470878550e+00,-8.678046476649870e+00,-8.299661408790099e+00,-9.922467458810189e-01,-6.293380571777994e+02,-2.206252173185795e-01,-7.083444852911761e-01,-7.685030373032889e-02,-1.341457728602366e+01,-1.246989730001952e+01,-1.429878718047207e+00,-9.988611784149551e+00,-4.449408113141161e-01,-6.974104197833504e-02,-2.775688108506013e+00,-1.345418373715648e+02,1.550550058230650e-21,-7.249656897085137e-02,-4.399799102756166e+01,-1.645974501520029e+00,-1.884157315674520e+02,-7.677039079493790e+00,-2.462259774954450e+01,-4.007544753568712e+00,-2.934755016833331e+00,-8.826189471293086e-03,-1.935406365503306e+00,-1.678282533243758e+00,-8.428766084798458e-01,-3.494656956421309e+00,-2.017550437463089e+00,-2.864652338597355e+00,-2.045216929103064e-01,-3.151579095681993e+01,-5.602309365877397e-01,-3.353556543005271e-01,-8.163362252420553e+00,-7.387997259821922e-01,-1.382287561978339e-02,-5.309350171064058e-04,-7.955178649095739e-02,-1.425583932478180e-01,-1.977790846022922e+00,-6.583100995635759e-02,-2.883628618039657e-01,-1.267787343709982e-01,-2.285333827575704e+01,-4.561170384387897e-01,-5.591848574956424e+02,-8.418784785262314e+01,-8.472446468277530e+00,-2.335873616577250e+01,-4.595079872160568e-11,
-1.291891116714188e-02,-9.463654898013033e-02,-2.048612856474333e-01,2.480556935487583e-06,-2.996854528708483e-02,1.837005738272164e-01,-2.336100081096021e-05,-8.359919275267232e-01,-1.129025249282211e-07,-2.465302637529519e-07,-2.853203935827700e-08,-8.774915011151865e-07,-9.627742436293661e-08,-2.303623656315099e-06,-1.590319588515415e-06,-3.647428486289229e-09,-1.526056048430093e-08,-1.179653388006948e-08,-1.144485831716152e+00,7.842535036246097e-01,-8.150133061104266e-08,-6.484337882310241e-06,-3.116571273199313e-07,-4.837263161505646e-06,-1.069638833924642e-07,-5.551691786203077e-10,-2.107379397789344e-06,-8.849823760603255e-07,-1.996584614402868e-09,-1.316488001924142e-08,-5.618659623392504e-08,-2.912615358609125e-07,-3.347984904438277e-08,-1.260655197005711e-07,-1.306992635425772e-07,-8.686483262823042e-09,-2.543618554019571e-07,-6.052656559644785e-07,-1.870070747226478e-11,-1.294814296916431e-08,-1.026039704205194e-10,-8.369233103575764e-14,-2.813256894107773e-15,-1.226418539070648e-03,-8.722147608432542e-03,-1.064411033847440e-05,-2.644121864606186e-04,-1.712062882928080e-04,-4.258293139867325e-09,-1.136762681838948e-07,-1.993970835808592e-07,-1.957430546318751e-06,-8.604498330996413e-07,-9.824340842892413e-07,-2.556465205535879e-07,-9.584999460798826e-12,
-1.830204652097798e-01,-9.274484176500637e-01,-5.528746395970874e-01,-7.003460714815804e-04,-1.271485388051735e-01,5.057714147059410e-01,-3.386406190439199e-04,-4.675267115632366e+00,-2.057376705359426e-07,-1.544966800146212e-07,-8.019455494126009e-08,-8.013419757927818e-06,1.385271695116907e-07,-3.696690887080422e-05,-2.822958379303676e-06,-9.233757303988925e-09,-1.003617196867341e-07,-5.215308314455956e-08,-5.864330594246158e+00,1.845975029715552e+00,-4.443688158981463e-08,-9.301221404798397e-07,-1.666270201332479e-06,-4.090149628540397e-05,-4.976555834468697e-07,-2.886455378957623e-09,1.926678219359520e-07,6.085162031074258e-07,-4.916262887075655e-09,-7.455319228174723e-08,-1.616253352261355e-07,-3.208895118617625e-06,-1.535635819802382e-06,-2.212977673046239e-06,-4.668570240233354e-06,-1.926289974661104e-07,-4.771881006564028e-06,-1.253374949435767e-06,-8.411812826438359e-10,-2.401490242396567e-06,-4.855628753845964e-08,-1.425802836610336e-10,-4.115142807837941e-12,-1.450385969635609e-03,-1.072636933288042e-02,1.212544700987619e-06,-2.229708541870899e-02,-1.558895277278431e-02,-2.049049035264876e-07,-3.751208807151626e-06,-2.416219958905464e-07,-3.604125882166590e-05,-3.686750831182188e-05,-1.788010421721456e-05,-1.052447845942169e-05,-2.341438154473963e-11,
-3.599398501051411e-03,-3.017083258000575e-02,-8.886829676850178e-02,1.426740264600279e-06,-1.099662676746689e-02,1.050571353681816e-01,-6.751080049506176e-06,-3.388205351181350e-01,-8.503537768723192e-08,-3.025827315917130e-07,-2.623624510756397e-08,-1.240372374577299e-06,-2.555424352019048e-07,-6.835665612042351e-07,-1.538973717773382e-06,-3.586557451094791e-09,-1.361118048472535e-08,-1.201421096838587e-08,-4.837880350060162e-01,2.814018221785969e-01,-8.295013927008706e-08,-8.014051990641560e-06,-1.486720428365336e-07,-4.978093800282734e-06,-1.840378810550317e-07,-4.032178102381158e-10,-3.506878126827009e-06,-1.266567693350521e-06,-8.356549328007723e-10,-4.597432221743441e-09,-5.332884100677929e-08,-7.740649319384829e-08,-4.094521992493620e-09,-2.727608569437055e-08,-2.451856914904307e-08,-9.709490198731159e-10,-4.910490957784836e-08,-4.692619794708852e-07,-1.193014740311363e-12,-5.982020763550629e-10,-1.094180705326862e-10,-5.111480808202625e-14,-2.549144662690033e-15,-7.303584403922499e-04,-5.053707008818875e-03,-1.227842887093691e-05,-4.455052644098024e-05,-2.794585514292158e-05,-8.414353811484484e-10,-6.306857818124677e-09,-3.327087960036396e-07,-3.581449002754311e-07,-2.165148876539815e-07,-2.131904062523785e-07,-6.087334187061878e-08,-8.474304591388204e-12,

4,56
5.575663454304171e+00,3.143788120518825e+01,4.477601619939470e+01,7.455146646819767e+00,1.241807868398907e+01,3.161886805392706e+02,5.891286985067914e-01,7.300159568947968e-12,5.434230345384711e-01,1.292216105161133e+00,1.480983394663350e-01,2.427232768797189e+01,1.533203077652012e+01,1.859015258428824e+00,1.510563763873275e+01,4.698361352062759e-01,1.280535206525620e-01,2.933986885785462e+00,4.443121810456971e+02,2.803269889855708e+02,1.495564003503936e-01,5.076297831161671e+01,3.660694795158715e+00,2.864589528856778e+02,1.138437379198004e+01,2.592231744256403e+01,8.082855816255748e+00,3.348193580833351e+00,1.618238916749628e-02,3.601531690087409e+00,2.463514703405830e+00,9.706255218454506e-01,3.714416535980644e+00,2.017725287990609e+00,3.560665394804533e+00,2.161301176033989e-01,3.215621499363373e+01,1.152229192060639e+00,5.827152765536745e-01,7.954804773308969e+00,1.121051928404504e+00,3.474703334178905e-02,8.535729531294281e-04,7.551005654074545e-02,2.797421312501884e-01,2.186181805869923e+00,4.444431904941493e-01,6.398169260626693e-01,1.896886375753956e-01,1.541894665137927e+01,8.674835094853841e-01,1.600585362527051e-01,8.648045890983423e+01,1.379862101642671e+01,2.417472349547310e+01,9.796963240660261e-11,
-3.627797803827993e-03,-3.039274011498736e-02,-8.938840761198184e-02,7.550883985515874e-06,-1.106846653848522e-02,5.006488833641214e-01,-6.803726910129687e-06,-3.408830030512635e-01,-6.520585278550005e-08,-1.108662779689527e-07,-1.996614380255020e-08,1.344361241259510e-07,1.507246328593342e-07,-6.837349844575027e-07,-8.546449296990980e-07,-1.349276067236788e-09,-9.983404653173607e-09,-3.558495659925686e-09,-4.866864216188984e-01,1.832628271425804e+00,-4.231276875368771e-08,-7.747133678126850e-07,-1.473211208797314e-07,-3.823224354295352e-07,8.245093551635824e-08,8.873454926002961e-10,2.289603394232626e-07,6.269599058770755e-07,1.141047525772098e-09,-4.469960172745100e-09,3.803447894624938e-08,1.015867827892518e-06,6.032620775651119e-08,1.377317426279232e-07,2.152717665027906e-07,4.406709389074214e-09,2.234253313601830e-07,6.526855758632248e-07,1.212163207967722e-11,1.395848267616102e-08,6.302730099529875e-11,-5.097922504904376e-14,-1.792391632047951e-15,-7.332867953064836e-04,-5.074596586894652e-03,1.040368878760245e-06,-4.501750703006293e-05,-2.824307921075023e-05,-4.862345813409702e-10,5.250681131806943e-08,1.856384060674911e-07,8.950663959477604e-07,9.446452855339296e-07,1.207861443774958e-06,2.630160407522392e-07,8.092804204551385e-12,
-1.309375002742582e-02,-9.568435778290826e-02,-2.063248339468503e-01,2.258310888914150e-06,-3.027401786131942e-02,3.038952500014578e+00,-2.364909911419997e-05,-8.430401917812907e-01,9.414886858947250e-07,2.607844097913441e-06,3.429699257392858e-07,2.085113890013317e-05,1.175392136484033e-06,-2.259285962574510e-06,1.764009694798741e-05,5.189232938053005e-08,2.535054023418917e-07,1.776919452997827e-07,-1.152878128664762e+00,9.264695858411670e+00,5.285316145265245e-07,4.032440023477241e-05,2.198748139185842e-06,7.907954797328317e-05,4.004734501968253e-07,1.204664943248979e-08,1.353199726065720e-05,4.766199476621117e-06,8.095741599480610e-09,7.002458663336097e-08,2.577551584952760e-07,5.105759231005604e-06,1.103614283954985e-06,1.029658192661998e-06,2.539036665431441e-06,1.373272410234453e-07,3.471237134821418e-06,9.772816953977340e-07,1.180100409773694e-09,5.030546594828792e-06,3.987232239117387e-10,2.626848037660463e-13,1.198356615914992e-14,2.610432615694051e-03,1.914570701082804e-02,6.734719361355560e-05,-2.694396673256077e-04,-1.741923564345135e-04,1.931649140205874e-07,3.058797386872540e-06,1.750556207074814e-07,4.070694206728388e-05,2.107412086393436e-05,9.340261127945492e-06,5.855948191222824e-06,2.562527967597816e-11,
-2.005079649939743e-03,-1.235001610423060e-02,-3.661790781490974e-02,6.376226282941883e-06,-6.037334906737544e-03,1.825080634710823e-01,-2.064814935796997e-06,-1.558972956994369e-01,-4.319439239886735e-08,-1.853918395638734e-07,-1.667758949809432e-08,-5.792255028717601e-07,-8.680836253239175e-08,-2.248931262092113e-07,-1.105117987588442e-06,-2.425004185995798e-09,-8.555962469601412e-09,-7.914954759300390e-09,-1.714921908939134e-01,7.796182158459490e-01,-6.113772569653978e-08,-5.654793321838012e-06,-8.633275601773544e-08,-2.438382450947646e-06,1.543459177933317e-07,1.716417349484382e-10,-1.877563851474627e-06,-8.019702925922624e-07,4.061394184509959e-10,-2.157889444614238e-09,9.636807348610799e-09,6.829876034847535e-07,4.132882544257900e-08,1.838799430402687e-07,2.931563970262361e-07,4.240284709817741e-09,1.971583750908505e-07,7.767076018161109e-07,5.186543934241813e-12,3.025776735972858e-09,-9.498175169423269e-11,-2.355930655497422e-14,-1.547175143302828e-15,-4.545398466881067e-04,-3.101312587308290e-03,-1.066762397722933e-05,-1.279771048195362e-05,-7.873531966951984e-06,-2.865016065837421e-10,1.301531606002346e-08,3.338550794215739e-07,6.555896129385822e-07,1.244551341045355e-06,1.019207234020099e-06,3.333435078164530e-07,8.490735892152657e-12,

