1
0
56
1
(4 0
((0,0) (7,127) (0,0))
((0,256) (7,383) (0,0))
((0,128) (7,255) (0,0))
((0,384) (7,511) (0,0))
)
4
FabOnDisk: SD_5_New_MF_D_0003 0
FabOnDisk: SD_5_New_MF_D_0001 0
FabOnDisk: SD_5_New_MF_D_0002 0
FabOnDisk: SD_5_New_MF_D_0000 0

4,56
-7.513873296689559e+00,-1.733849490899434e+01,-2.685964113404166e+01,-6.020709840693480e+00,-8.674850966515903e+00,-8.293035310662310e+00,-9.944336825281292e-01,-6.290607419517127e+02,-2.204821767609355e-01,-7.079605028539662e-01,-7.673578565067433e-02,-1.340328512165985e+01,-1.246576179554714e+01,-1.430269756548457e+00,-9.986199343259051e+00,-4.442558827760784e-01,-6.973536303937135e-02,-2.778095605828106e+00,-1.345166483907166e+02,1.517773026458237e-21,-7.252051375612098e-02,-4.396527193765780e+01,-1.641968144821878e+00,-1.884157461465852e+02,-7.676031637373948e+00,-2.459657655023416e+01,-4.004031643231488e+00,-2.935995988241700e+00,-8.811375448796809e-03,-1.934218944030871e+00,-1.677249242029905e+00,-8.423524958331622e-01,-3.494405328507550e+00,-2.017552849658275e+00,-2.859957113563828e+00,-2.042446883691094e-01,-3.150637898391303e+01,-5.592518102742615e-01,-3.354207181457753e-01,-8.160172416924032e+00,-7.369345525024191e-01,-1.381516712257647e-02,-5.295485532785455e-04,-7.961015805403963e-02,-1.420655582685024e-01,-1.977557561397739e+00,-6.582652756192610e-02,-2.875764682210080e-01,-1.266446906218965e-01,-2.280395903753407e+01,-4.545466188452879e-01,-5.594846877326364e+02,-8.423517451962422e+01,-8.476801425958977e+00,-2.336805711558146e+01,-5.647393663821276e-11,
-1.292205740545573e-02,-9.455572094369318e-02,-2.046975152199654e-01,2.489043487872062e-06,-2.998269343583016e-02,1.835940504882131e-01,-2.333956861175390e-05,-8.355491527177137e-01,-1.128098649217420e-07,-2.463307009965297e-07,-2.801842157422457e-08,-1.015855524325683e-06,-9.927184389785215e-08,-2.302165550123150e-06,-1.555464869209210e-06,-3.593709039526360e-09,-1.557255838899673e-08,-1.182898018088006e-08,-1.143202791936857e+00,7.838050538530797e-01,-8.451112985317698e-08,-6.253698682144844e-06,-3.106506802590655e-07,-4.568980022985772e-06,-1.019708667574321e-07,-4.889615562083492e-10,-2.046536857398118e-06,-8.532985854253099e-07,-1.070714332578054e-09,-1.323444165334635e-08,-4.524001148884896e-08,-1.865205569338026e-07,-1.651165975866975e-08,-6.102181023270217e-08,-1.281378073375364e-07,-7.603535692584373e-09,-1.987709232570485e-07,-6.673194270027119e-07,-1.650301665110609e-11,-1.165723758297391e-08,-1.015496207807564e-10,-8.422206121878109e-14,-2.851653470518387e-15,-1.226351544362034e-03,-8.721510691804709e-03,-1.064845578317818e-05,-2.641226160909207e-04,-1.710154377633078e-04,-4.372758144905341e-09,-1.053994065452164e-07,-2.196946716171906e-07,-1.986409116571980e-06,-7.821457154856838e-07,-4.425234512928734e-07,-2.350483147235950e-07,-9.492850949754938e-12,
-1.829811808136033e-01,-9.277342316580764e-01,-5.520811816323118e-01,-7.017019338668329e-04,-1.274894728882865e-01,5.058489850262389e-01,-3.390254800384343e-04,-4.679696663828365e+00,-3.353039564832585e-07,-2.985107564166183e-07,-7.913250859315376e-08,-6.646888805702810e-06,1.259855975703266e-07,-3.690459577800720e-05,-4.104656010251465e-06,-1.126507559924489e-08,-7.789487551491713e-08,-4.137408204069861e-08,-5.866624185037051e+00,1.843916326822994e+00,-4.320377538168110e-08,-7.956268960043602e-07,-1.537649112352877e-06,-3.869450111953100e-05,-1.254774262024211e-06,-5.300462264462765e-09,2.013430217333001e-07,6.057673505662576e-07,-6.227069882084652e-09,-5.187349887542212e-08,-1.980946020480731e-07,-2.028135545491608e-06,-1.025463771598079e-06,-1.498029749532527e-06,-3.509631800175346e-06,-1.422714169443677e-07,-3.742051008045887e-06,-1.143443041370279e-06,-7.013831925764599e-10,-6.340590250702511e-06,-4.936797934593211e-08,-1.472037587321251e-10,-4.222202052459802e-12,-1.451720878030359e-03,-1.073746610665223e-02,1.209756504885326e-06,-2.230395571992737e-02,-1.559436130050915e-02,-1.408937090361064e-07,-3.218160788309782e-06,-2.121329729974228e-07,-2.984689682431075e-05,-2.362224646406420e-05,-1.315331373155228e-05,-6.836587508978370e-06,-2.581801439305309e-11,
-3.597098184855426e-03,-3.015015116646335e-02,-8.881856345334618e-02,1.429649230267373e-06,-1.098979650859977e-02,1.049981561883284e-01,-6.745952718029292e-06,-3.386217391356300e-01,-8.449857111684478e-08,-3.006214556076250e-07,-2.607883065507709e-08,-1.252184666699055e-06,-2.557349844639870e-07,-6.831265494986068e-07,-1.421227342030261e-06,-3.332422424684802e-09,-1.252859691665645e-08,-1.117320857041837e-08,-4.834982047510519e-01,2.812952989764488e-01,-8.603192633908152e-08,-7.949132847407550e-06,-1.567651630511900e-07,-4.845294505638078e-06,-1.692867738674540e-07,-6.301769267401544e-10,-3.504738887164269e-06,-1.213606268346749e-06,-5.782399263836670e-10,-4.604438436822502e-09,-4.419223831488061e-08,-1.545372724537065e-07,-4.968207222517302e-09,-3.212607238731701e-08,-3.793569558097111e-08,-1.062664375909951e-09,-5.592791382398498e-08,-5.827502930307413e-07,-1.291759985833107e-12,-6.343181604568696e-10,-1.102200855840091e-10,-5.111285243217114e-14,-2.551245908922613e-15,-7.301798945223462e-04,-5.052410391503331e-03,-1.227388586512937e-05,-4.451191492895541e-05,-2.792119173719330e-05,-8.462837297193260e-10,-6.775275159108591e-09,-3.142601628388055e-07,-3.956727269457853e-07,-2.443993588817106e-07,-2.352288472357801e-07,-6.517025126562864e-08,-9.491268881944848e-12,

4,56
5.572224229095157e+00,3.145633227043682e+01,4.477500881302910e+01,7.453909502612997e+00,1.240622950851814e+01,3.160482223403325e+02,5.888517846467819e-01,5.237281462528690e-12,5.427855160190680e-01,1.291089228816984e+00,1.478385460098137e-01,2.423580113338776e+01,1.530725980172385e+01,1.856461891004063e+00,1.510404435754661e+01,4.696414942428937e-01,1.280429464457108e-01,2.932536463489643e+00,4.440011065062803e+02,2.802210261442315e+02,1.496150810387527e-01,5.064687784895425e+01,3.658786924952110e+00,2.865114634595066e+02,1.141454303826269e+01,2.590361870940565e+01,8.073372425091200e+00,3.350875533451611e+00,1.617190424664964e-02,3.597192121964126e+00,2.466054915838635e+00,9.708176894092245e-01,3.708784616299256e+00,2.019452726049582e+00,3.554108874783164e+00,2.162355864360522e-01,3.218298307375955e+01,1.151459613411108e+00,5.823013059048272e-01,7.956463133354423e+00,1.117267553247395e+00,3.465197330446214e-02,8.512798942828703e-04,7.530464884993006e-02,2.790562039459737e-01,2.181385044940132e+00,4.445553500165276e-01,6.394072010020695e-01,1.895642910968182e-01,1.542207339616854e+01,8.672185968524361e-01,1.479748675394108e-01,8.631918011421183e+01,1.379937279229485e+01,2.412905162346278e+01,5.326228347257711e-11,
-3.625494107026805e-03,-3.037247754170325e-02,-8.934047583721053e-02,7.550976750225157e-06,-1.106181756984114e-02,5.007146815045141e-01,-6.798711209653328e-06,-3.406885855392650e-01,-6.576410027350633e-08,-1.110432868375130e-07,-2.040117323736356e-08,7.612014249769227e-08,1.503477899954355e-07,-6.832552156949976e-07,-8.585364700717912e-07,-1.411107195357999e-09,-9.902520229862790e-09,-3.618766367641120e-09,-4.864042756148148e-01,1.830606938047202e+00,-4.146115317629733e-08,-7.560229906799699e-07,-1.470364114896797e-07,-3.914733087427468e-07,8.846926078341925e-08,8.301032501902318e-10,2.636861360609795e-07,6.335682140749356e-07,1.892209877669109e-09,-4.507947731633648e-09,4.498649457962844e-08,9.459876975425658e-07,5.680066329053102e-08,1.483506513203180e-07,2.597081629940695e-07,4.101903195006693e-09,1.956047099693254e-07,8.477371400948774e-07,1.170838684556671e-11,1.353728199446556e-08,6.342709911483727e-11,-5.094744480747861e-14,-1.782161395629365e-15,-7.331122681626015e-04,-5.073330848592971e-03,1.022795125970593e-06,-4.497923554646781e-05,-2.821857650009597e-05,-4.586496553745488e-10,7.250416983152793e-08,1.725464889159814e-07,1.293361028345581e-06,1.363085322427157e-06,1.510596167710937e-06,3.623115676353635e-07,9.810041667890346e-12,
-1.309707596898667e-02,-9.560203994317912e-02,-2.061575904867731e-01,2.262538592199609e-06,-3.028922355194220e-02,3.041446290387784e+00,-2.362752485746290e-05,-8.425992985780051e-01,6.368724576947924e-07,1.757556409886555e-06,2.275583105478638e-07,1.416149116284116e-05,1.098057315040232e-06,-2.301040339504327e-06,9.979641986277097e-06,2.680167953787041e-08,1.335761171169518e-07,8.165922607751884e-08,-1.151570401916951e+00,9.268197100271925e+00,5.299224662466494e-07,3.978874239096020e-05,1.324150522530170e-06,4.961815336127984e-05,3.550616785846734e-07,1.059198141545972e-08,1.264914530959969e-05,4.681308440599376e-06,1.068655644508529e-08,2.905105732673110e-08,3.489322967113102e-07,2.524278361354851e-06,7.647160844441287e-07,9.685698041022361e-07,2.215290000211335e-06,1.035903671183272e-07,2.450995574072674e-06,1.308887123450751e-06,7.762338128990373e-10,3.355465793517665e-06,4.116736605613517e-10,2.508592026971893e-13,1.241752198939700e-14,2.614834559404276e-03,1.917974534732489e-02,6.732473879115902e-05,-2.691468111524604e-04,-1.739666468599097e-04,1.488003158978626e-07,2.261008622905427e-06,1.721315592601568e-07,4.794457300771758e-05,1.560310609237729e-05,7.608897250731293e-06,4.331530574197778e-06,2.616906691343956e-11,
-2.004344502666547e-03,-1.234383520586793e-02,-3.661237531532251e-02,6.374174955369450e-06,-6.033865191093037e-03,1.823987343242550e-01,-2.064536586211681e-06,-1.558027295790237e-01,-4.319157870830460e-08,-1.854085629653639e-07,-1.667763534332344e-08,-4.861659556016012e-07,-8.089989621257647e-08,-2.260113000725013e-07,-1.076636371415358e-06,-2.271327417215952e-09,-8.384496048240887e-09,-7.326018132911628e-09,-1.714272244316649e-01,7.791576792525795e-01,-6.113249109315450e-08,-5.668979768333713e-06,-8.631220235909306e-08,-2.438591794189327e-06,1.480731861953613e-07,1.412606202876507e-10,-1.888450902274081e-06,-7.992580872151221e-07,4.292581148340038e-10,-2.156480212194207e-09,8.426683522819746e-09,3.996835810061251e-07,2.307083551080800e-08,1.290158234180724e-07,2.614387137152934e-07,3.287087476668253e-09,1.722175487935164e-07,7.781516602726958e-07,3.585583121581063e-12,2.041620092915836e-09,-9.496636907889273e-11,-2.357722771941278e-14,-1.548402290633444e-15,-4.543768044722250e-04,-3.100196512613602e-03,-1.067164866507811e-05,-1.279234704672879e-05,-7.870258412811485e-06,-2.024665956215745e-10,2.111743930340533e-08,3.113402309155742e-07,1.550923424650194e-06,1.610793279976088e-06,1.257347042196463e-06,4.363049990206600e-07,8.507194948492725e-12,

