1
0
63
1
(4 0
((0,176) (15,223) (0,0))
((0,288) (15,351) (0,0))
((0,224) (15,287) (0,0))
((0,352) (15,415) (0,0))
)
4
FabOnDisk: SD_0_Old_MF_D_0003 0
FabOnDisk: SD_0_Old_MF_D_0001 0
FabOnDisk: SD_0_Old_MF_D_0002 0
FabOnDisk: SD_0_Old_MF_D_0000 0

4,63
-2.342135746176668e-02,1.983400287010326e+00,1.643475071444688e-01,1.776317252992057e-06,1.412171467435636e-06,2.757062211783368e-05,3.022470977465057e-07,1.341794276694925e-04,1.132921755988236e-02,1.238070179985121e-07,3.596468687666524e-03,1.314812034928457e-10,2.209350845363876e-10,3.226018502356476e-11,7.597727022832475e-10,1.053013409273392e-10,1.359991445983937e-08,1.747750052370635e-09,2.821805200066508e-12,1.727325596200772e-11,1.187439944518582e-11,7.486456043178041e-03,4.101314406475753e-03,7.355654283629746e-11,5.797306366739360e-09,2.974330799775857e-10,2.866906745624659e-09,0.000000000000000e+00,0.000000000000000e+00,1.393978020217306e-09,5.620838178241046e-10,1.677762389121769e-13,1.577647357221817e-11,1.451776290478064e-12,0.000000000000000e+00,0.000000000000000e+00,0.000000000000000e+00,0.000000000000000e+00,0.000000000000000e+00,0.000000000000000e+00,0.000000000000000e+00,0.000000000000000e+00,0.000000000000000e+00,1.760563374445421e-09,9.732579485640063e-12,2.209245817269664e-13,6.162287448615274e-07,6.634586323184917e-07,3.844658848433381e-09,3.983469397060867e-06,3.962900698553827e-06,0.000000000000000e+00,0.000000000000000e+00,0.000000000000000e+00,0.000000000000000e+00,0.000000000000000e+00,0.000000000000000e+00,0.000000000000000e+00,1.178626587234905e-01,3.600328482727776e+03,0.000000000000000e+00,1.023685453103659e+03,9.994309369267314e+04,
-2.092985160679993e-07,4.197480259162463e+00,1.529172189565648e-01,1.806248695445133e-05,1.692298419358773e-04,7.255297213191438e-04,1.420078815234414e-07,9.199537683657890e-05,1.220488776581991e-02,4.061722702273257e-08,2.171526569765864e-03,1.991424977209489e-10,4.995960873579722e-10,5.978933129611855e-11,1.656598039032380e-09,2.464722392197513e-10,3.918877032712649e-09,3.316922002735394e-09,6.418057646460711e-12,3.155725115881399e-11,2.206732496717239e-11,5.228960727008717e-03,2.238699313822401e-02,1.613915805989111e-10,1.302373424368529e-08,4.759053246253363e-10,7.882162228981738e-09,7.120559241292487e-13,1.258524383178768e-14,3.608575130022348e-09,1.419214038193238e-09,8.934986465461098e-14,1.695585211993346e-11,1.080304817556790e-12,4.629721254491178e-14,1.283864586129725e-14,9.982541168214755e-15,1.207578858027211e-14,0.000000000000000e+00,2.251409133605988e-17,0.000000000000000e+00,0.000000000000000e+00,7.171061291033802e-16,6.960237612110328e-14,1.251992592556192e-16,3.887537704829595e-18,2.267424672209937e-06,1.585041667513316e-05,2.077311633706828e-08,4.343607334982955e-07,2.847614973197132e-07,2.686696452828691e-12,4.925486762235826e-15,0.000000000000000e+00,0.000000000000000e+00,0.000000000000000e+00,0.000000000000000e+00,0.000000000000000e+00,1.096460916845266e-01,5.643905723297228e+03,0.000000000000000e+00,2.170024265667904e+03,1.013249939822122e+05,
-2.591056749785960e-07,4.014074052632105e+00,1.562689488475834e-01,2.623824183062195e-05,2.313791994680542e-04,8.077636631194714e-04,1.655004801378925e-07,1.099433142942623e-04,1.218989368846185e-02,6.005458819688765e-08,2.481258420354812e-03,1.330111586292177e-10,2.258073080164820e-10,3.278607324712005e-11,7.951090587840940e-10,1.058680174945862e-10,6.456822048874602e-09,1.776238272524647e-09,2.943148852005820e-12,1.773276470730930e-11,1.218472449253762e-11,6.061616992608741e-03,2.158737974352494e-02,7.229484866150716e-11,5.888546069882177e-09,3.924177915136562e-10,4.158189530027561e-09,1.141121974446395e-12,0.000000000000000e+00,1.420350314927894e-09,5.883821441081622e-10,1.613078837091458e-13,1.851813894922929e-11,2.056348087418162e-12,0.000000000000000e+00,0.000000000000000e+00,0.000000000000000e+00,0.000000000000000e+00,0.000000000000000e+00,0.000000000000000e+00,0.000000000000000e+00,0.000000000000000e+00,0.000000000000000e+00,5.539733318537077e-14,1.260965660021494e-16,3.547063732184320e-18,2.103877796025490e-06,1.472300003174483e-05,8.539195665738305e-09,1.192453951525907e-06,8.027986808007714e-07,3.621828008676566e-12,3.027773929222112e-15,0.000000000000000e+00,0.000000000000000e+00,0.000000000000000e+00,0.000000000000000e+00,0.000000000000000e+00,1.119397169145464e-01,3.329057161284133e+03,0.000000000000000e+00,2.050229804088357e+03,1.013248176520967e+05,
-2.718786916007332e-02,4.289591792791181e+00,1.497765686922001e-01,1.389671881371525e-05,1.342186493357043e-04,6.647711024252111e-04,1.342521267890710e-07,8.125688306084078e-05,1.220893866010628e-02,3.079465545759171e-08,1.948994789650515e-03,1.728830886588344e-10,5.631093246441951e-10,5.759002217358438e-11,1.879308524857185e-09,3.115332207520372e-10,2.765857609920560e-09,3.491934991296657e-09,7.323531563631665e-12,3.010005479005093e-11,2.432958105066218e-11,4.726262964117934e-03,2.248769419502263e-02,1.851710312246682e-10,1.523013676224537e-08,3.995277283531535e-10,8.053157015477836e-09,4.582465474077079e-13,8.640059691605949e-15,4.617635095696699e-09,1.940174564877870e-09,5.368009754498351e-14,1.327383734044693e-11,6.301132137764060e-13,9.733348133590355e-14,0.000000000000000e+00,0.000000000000000e+00,0.000000000000000e+00,0.000000000000000e+00,0.000000000000000e+00,0.000000000000000e+00,0.000000000000000e+00,0.000000000000000e+00,1.200573987258722e-13,1.099109156109054e-16,4.550791552093647e-18,1.968749340533633e-06,1.367234766541269e-05,2.660603514195129e-08,2.159503189938975e-07,1.390382287069967e-07,2.069847498947053e-12,0.000000000000000e+00,0.000000000000000e+00,0.000000000000000e+00,0.000000000000000e+00,0.000000000000000e+00,0.000000000000000e+00,1.074285694519556e-01,7.337247131570581e+03,0.000000000000000e+00,2.224225669697380e+03,1.002830842963828e+05,

4,63
2.343464280459347e-02,4.009566503560057e+00,3.457046142439694e-01,5.036749686986204e-05,4.541726857349806e-04,9.581457260744111e-04,1.219853098592771e-04,3.609075673397540e-04,1.313309341667883e-02,1.665391885678392e-05,5.501834213143340e-02,1.345726397363240e-06,6.268987149136651e-06,7.100191036342149e-07,2.346017505101527e-04,2.882939070207371e-04,2.052681982668438e-05,5.122682502378809e-04,1.398870829872115e-05,9.842250651792015e-07,7.706866323981091e-05,1.402615888694259e-02,2.152571459018053e-02,7.435904959015904e-07,5.856418646963614e-04,2.150698077453081e-05,4.383640934909097e-03,1.230160113338135e-04,5.204714761504151e-04,3.113057790993561e-05,1.056548633132779e-04,1.408888492451579e-07,3.123990323010380e-05,4.139839215910898e-05,1.140704733709349e-05,5.517792756376613e-05,2.966733502708204e-05,3.874102881854675e-05,3.237730458635690e-06,6.526233138860152e-04,1.619575464268477e-05,5.969602961408386e-06,1.124998780414626e-04,1.557291867030238e-05,6.235561452283250e-07,1.416160290744065e-08,2.076536382064107e-06,1.452565951070626e-05,2.853148486871871e-05,1.210685373644353e-05,1.525498897874881e-05,1.881105299904928e-06,4.635390203937303e-04,1.599127747492190e-05,1.250537301908061e-02,1.598947554247119e-03,1.353935948493384e-04,4.397226105837318e-04,2.420126648692160e-01,7.249674305308539e+04,0.000000000000000e+00,2.047147222432199e+03,1.027061459900629e+05,
2.431401852874605e-07,4.288467525320904e+00,1.561951728832217e-01,2.605524265719616e-05,2.299642691519705e-04,8.061271008920877e-04,1.647684338681935e-07,1.096011490664752e-04,1.229216156401061e-02,5.958324929226212e-08,2.473681520931753e-03,2.198666438713753e-10,5.628291017765550e-10,6.174816609276036e-11,1.877835978434795e-09,3.107836736332931e-10,6.398656793342561e-09,3.553570459275329e-09,7.318575867275113e-12,3.246511301135769e-11,2.435319125273262e-11,6.046845554235052e-03,2.255457834143688e-02,1.850518762555323e-10,1.521311941792115e-08,5.488920438122836e-10,8.314662425204261e-09,1.133290021282940e-12,1.999630731193006e-14,4.607598121195726e-09,1.933872153840102e-09,1.597923279529901e-13,2.077264646037833e-11,2.035012900179064e-12,1.141918221924138e-13,1.988199661670404e-14,1.797764622602035e-14,2.827639194288915e-14,2.628312656183128e-16,8.359480431227486e-15,1.955640292767397e-15,9.834768915091205e-19,2.568840407353608e-15,1.194273583795152e-13,1.335465856765272e-16,4.570855591556660e-18,2.578678575735389e-06,1.816773430588722e-05,2.654413452167280e-08,1.169796751518360e-06,7.871470237056019e-07,3.606465811560696e-12,1.472438082092784e-14,6.761814366855127e-16,1.277501987939909e-13,9.202027012719488e-14,1.043358906370114e-13,2.385631731965267e-14,1.118880263863081e-01,7.323375552340131e+03,0.000000000000000e+00,2.223592819022247e+03,1.013250232713631e+05,
3.051019350181800e-07,4.195602153786339e+00,1.641399562842981e-01,4.500456616014009e-05,3.901574826211608e-04,9.421313011089087e-04,2.971598365741927e-07,1.338948158809672e-04,1.231983962499203e-02,1.219177204829637e-07,3.558236403944734e-03,2.194119103004101e-10,4.972461773878339e-10,5.963646480707600e-11,1.649186409283221e-09,2.449460048012839e-10,1.336554220532806e-08,3.305610234974665e-09,6.387350646420830e-12,3.148295160812324e-11,2.198636748797043e-11,7.431288373262811e-03,2.238415653214435e-02,1.605482836665822e-10,1.295597066045560e-08,5.506139745748378e-10,7.858110561594054e-09,1.487984039869200e-12,2.604516626676476e-14,3.583580020350097e-09,1.408340759566637e-09,2.465220021471209e-13,2.149520785462881e-11,3.421343971085998e-12,8.696258107938957e-14,5.878382616517620e-14,4.913522127839810e-14,8.200233206460323e-14,1.126891241154270e-15,2.183141703808950e-14,9.852319556195338e-16,5.944360832872682e-18,1.955335039500609e-14,1.318805850008997e-09,7.126382113970395e-12,1.628821632099552e-13,2.601522692853605e-06,1.835689132974704e-05,2.063633956237392e-08,5.549236004512335e-06,3.846455797503586e-06,4.081014022708719e-12,2.251834364810327e-14,1.787185674194060e-16,1.836616875719662e-13,1.856355774965987e-13,4.447204995090543e-13,4.907200427815928e-14,1.177053434492357e-01,5.604600520598188e+03,0.000000000000000e+00,2.168856663249901e+03,1.013250101142909e+05,
2.556337294304274e-02,4.351374925626816e+00,1.528798211282710e-01,1.797544573353662e-05,1.685472286946498e-04,7.244713123283638e-04,1.418460944370225e-07,9.177790684377687e-05,1.245473641262542e-02,4.041851965259539e-08,2.167943747533747e-03,1.986743503970843e-10,5.752708737365147e-10,6.075820675901750e-11,1.954862874497032e-09,3.557356329089826e-10,3.893363328725649e-09,3.557576643014179e-09,7.550443224467298e-12,3.187769954957483e-11,2.516721210496815e-11,5.218547323519623e-03,2.294088272578913e-02,1.902634683128321e-10,1.605575986572127e-08,4.745695886060966e-10,8.298161846940881e-09,7.084886978402498e-13,1.251227914013545e-14,5.085345392886553e-09,2.271106538051540e-09,8.859108532123387e-14,1.689368412746643e-11,1.070684419553473e-12,2.871195319426655e-13,5.659394220078193e-14,1.019409938078688e-13,2.758399869315846e-13,1.132366745636465e-14,4.216610387184926e-13,1.664252655856012e-12,2.411134294309431e-17,1.220658550489053e-14,1.551807571986052e-13,1.249418995188828e-16,4.728945877487770e-18,2.262205987201739e-06,1.581210448381158e-05,2.948495635852256e-08,4.288207800450499e-07,2.810357078677265e-07,2.674729356395193e-12,1.176341476792905e-13,4.197902649812472e-13,3.272934491706851e-12,2.129663128821781e-12,1.019286185717918e-12,5.894285619136081e-13,1.096205888212114e-01,7.948437314984012e+03,0.000000000000000e+00,2.256897189311533e+03,1.023200204173879e+05,

