1
0
63
1
(4 0
((0,176) (15,223) (0,0))
((0,288) (15,351) (0,0))
((0,224) (15,287) (0,0))
((0,352) (15,415) (0,0))
)
4
FabOnDisk: SD_0_New_MF_D_0003 0
FabOnDisk: SD_0_New_MF_D_0001 0
FabOnDisk: SD_0_New_MF_D_0002 0
FabOnDisk: SD_0_New_MF_D_0000 0

4,63
-1.152544027407829e-02,2.011519174781143e+00,1.643619228833759e-01,5.557321214643446e-07,1.213453422039770e-06,2.488932711642936e-05,3.026544651027018e-07,1.341232286568685e-04,1.144758214376166e-02,1.239441710226459e-07,3.601271178911574e-03,1.312970029411259e-10,2.207138612553229e-10,3.222473604423044e-11,7.599425941646595e-10,1.054623196227912e-10,1.359759062835698e-08,1.746116735524388e-09,2.816688365813473e-12,1.726433100751799e-11,1.186373154323944e-11,7.483746816731174e-03,4.137252996369552e-03,7.348218915541143e-11,5.788950090463294e-09,2.978534733990864e-10,2.873506910155656e-09,3.172570154275573e-14,4.421260724305026e-15,1.392321459024689e-09,5.616976491849378e-10,1.700753096874279e-13,1.567734258439297e-11,1.525257517925177e-12,-1.409872885727761e-15,-6.641185276880940e-15,-3.206209583228190e-15,-2.527390618539409e-13,-1.972472471706902e-14,-6.127454993470875e-13,-1.159098761383617e-16,9.895860849492107e-18,-4.113034263508814e-13,1.773632752747372e-09,9.813623879492465e-12,2.226427850303436e-13,6.161993436905811e-07,6.748115717622039e-07,3.839962268823006e-09,4.010423512389447e-06,3.966731629711942e-06,-1.353922740427149e-15,-5.128406576051474e-13,-4.377592438880399e-17,-1.993245668417344e-10,-4.155508625899164e-13,-8.476861419701971e-14,-1.812307636513070e-13,1.178750984753886e-01,3.605319974832789e+03,0.000000000000000e+00,1.022758185057467e+03,1.010370540938257e+05,
-1.883285947324898e-07,4.198206932277593e+00,1.529154550949341e-01,1.806626096484356e-05,1.691801643105491e-04,7.254142125930817e-04,1.419433636881833e-07,9.202631877206739e-05,1.220447134398274e-02,4.060114811676991e-08,2.170003212942125e-03,1.993367952081447e-10,4.996020454498806e-10,5.979013834820182e-11,1.656629022448108e-09,2.464829457246691e-10,3.921344178038978e-09,3.317014071474510e-09,6.417728960991781e-12,3.155755861134015e-11,2.206781561051269e-11,5.231368274463133e-03,2.238804925890652e-02,1.613902306126340e-10,1.302424579631575e-08,4.761322810536728e-10,7.882385788934555e-09,7.127708350304207e-13,1.259511462946533e-14,3.608267506669513e-09,1.419030887022813e-09,8.934882053362164e-14,1.695121373914816e-11,1.080309255212787e-12,4.620676322730132e-14,1.147522141248029e-14,9.123470348899550e-15,1.136395902933001e-14,8.574399129156526e-18,2.149462504079590e-16,-2.704106334483035e-17,0.000000000000000e+00,6.818547489997101e-16,6.960306050337191e-14,1.253752311921620e-16,3.888426659221554e-18,2.268097343976323e-06,1.585505708144897e-05,2.077013838459492e-08,4.344714210566024e-07,2.848300890945818e-07,2.687741748585162e-12,5.006747911720893e-15,-2.127956349971499e-18,-2.004397847343551e-15,-8.770326369871206e-16,-2.342376411355576e-17,-2.451681464569999e-16,1.096436885576194e-01,5.634802311246704e+03,0.000000000000000e+00,2.169994753601216e+03,1.013249770321079e+05,
-2.847384998500074e-07,4.014670919383816e+00,1.562715888992266e-01,2.624149038113654e-05,2.313770431289090e-04,8.077248403827890e-04,1.654905509100755e-07,1.099531401777520e-04,1.219002777179350e-02,6.005672980561381e-08,2.480932523202136e-03,1.327642156834229e-10,2.254251381378494e-10,3.273614231312402e-11,7.941152993327708e-10,1.059205447402716e-10,6.458705662230295e-09,1.773926202216275e-09,2.938206740066890e-12,1.771024950238809e-11,1.217009135791735e-11,6.062620966370449e-03,2.158599603540326e-02,7.217550407829699e-11,5.877929196110448e-09,3.918575698800784e-10,4.150951343205512e-09,1.141384423898407e-12,6.833961058020453e-16,1.418138641238172e-09,5.876799734116986e-10,1.613104300297803e-13,1.851467404629251e-11,2.056653459845701e-12,-7.629940576067270e-17,1.666870437720137e-18,2.054409005045056e-18,0.000000000000000e+00,-2.086068213819146e-19,1.717400521825989e-16,-7.177572416313279e-18,4.101557181745110e-21,1.044134801397073e-16,5.536917883797457e-14,1.260493929988407e-16,3.545518633605470e-18,2.101637077035197e-06,1.470708172227027e-05,8.525745139282663e-09,1.192943347114799e-06,8.031399769281254e-07,3.622052012871108e-12,3.157691491793136e-15,-3.426223015104952e-18,-1.235356250706491e-16,-1.605903516521845e-17,-3.278040111714689e-17,-4.607853763594230e-18,1.119410608625151e-01,3.331496337776430e+03,0.000000000000000e+00,2.050051810555158e+03,1.013247899049375e+05,
-1.224656019559722e-02,4.290249259390290e+00,1.506647581450383e-01,1.389779357747076e-05,1.342104131441367e-04,6.647547863592128e-04,1.353877284026910e-07,8.126616271252346e-05,1.228397155909608e-02,3.079123146515311e-08,1.948648399815987e-03,1.729229369724135e-10,5.635364590538555e-10,5.759971404801128e-11,1.880766514773602e-09,3.118173588438150e-10,2.766361371731742e-09,3.510850325933699e-09,7.328165572852262e-12,3.010391032378775e-11,2.437941282978283e-11,4.726887018801814e-03,2.255825993131057e-02,1.853176347272783e-10,1.524194963796107e-08,3.995510863501092e-10,8.075982325268495e-09,4.603275370225513e-13,8.411563344229594e-15,4.619972343911832e-09,1.940994309818767e-09,5.351912248712145e-14,1.327210990754868e-11,6.229006163965015e-13,0.000000000000000e+00,0.000000000000000e+00,0.000000000000000e+00,0.000000000000000e+00,-3.546127825159343e-17,-7.820000935154790e-16,-5.382801900971197e-15,-1.771365152252251e-19,0.000000000000000e+00,1.202127758174059e-13,1.099419113146713e-16,4.580270218857562e-18,1.968864934134277e-06,1.367308507386156e-05,2.661296191837393e-08,2.159500796177508e-07,1.390364597601485e-07,2.069962592661538e-12,0.000000000000000e+00,-2.577697475155427e-15,-2.336685906333304e-14,-3.926148933201658e-16,0.000000000000000e+00,-1.338337291917215e-16,1.080657417614312e-01,7.333990173436825e+03,0.000000000000000e+00,2.224253456336970e+03,1.008992567126499e+05,

4,63
1.141846597212053e-02,4.010155912386740e+00,3.444200630935172e-01,5.036478013464182e-05,4.543353328406177e-04,9.583213234834808e-04,1.213033953326016e-04,3.565151477036846e-04,1.313463007010941e-02,1.667433827114460e-05,5.489364282586920e-02,1.345020214521765e-06,6.270466159289545e-06,7.097303525523621e-07,2.346593232915378e-04,2.886389148782431e-04,2.048896921825919e-05,5.127667793546106e-04,1.415691550452498e-05,9.848528279512222e-07,7.709642524716716e-05,1.402474306982936e-02,2.152418543514183e-02,7.426132264243485e-07,5.856332923356774e-04,2.146795301843433e-05,4.388791369431295e-03,1.134705285754936e-04,5.179722609725244e-04,3.111031707581140e-05,1.055071157031358e-04,1.407649041187500e-07,3.144646422532825e-05,4.167302012062620e-05,1.141079804475224e-05,5.525784498785893e-05,2.970039708786498e-05,3.882589992061708e-05,3.215148994450102e-06,6.555920374554111e-04,1.181671926650861e-05,5.562812420857311e-06,1.125809009705728e-04,1.556103786563777e-05,6.215430937146847e-07,1.415155940664726e-08,2.074274098165475e-06,1.450960878249001e-05,2.861125987788094e-05,1.210657247107761e-05,1.525416108714772e-05,1.807630944600662e-06,4.593966380003241e-04,1.232607246739087e-05,1.258197922127986e-02,1.604046070156055e-03,1.353474578819737e-04,4.391191541472098e-04,2.411364470361116e-01,7.248948127707155e+04,0.000000000000000e+00,2.046966364106987e+03,1.018670549651057e+05,
1.882733643228496e-07,4.289125897774116e+00,1.561976632383148e-01,2.605853230716600e-05,2.299590144565734e-04,8.060834716932169e-04,1.647553634969160e-07,1.096119774377792e-04,1.229131318392890e-02,5.958430682448858e-08,2.473294351263240e-03,2.199348152246723e-10,5.632606018175479e-10,6.179567367503253e-11,1.879306467223353e-09,3.110694979715649e-10,6.400618255221788e-09,3.556070487716558e-09,7.323259771520255e-12,3.248750352376963e-11,2.436685898516095e-11,6.047926312317523e-03,2.255530521074579e-02,1.851998545869004e-10,1.522505119571035e-08,5.489067644943492e-10,8.320588979406196e-09,1.133548957046706e-12,2.000229653752850e-14,4.609955560254773e-09,1.934698992505089e-09,1.597999921780913e-13,2.076956886734991e-11,2.035467790580081e-12,1.089124814976633e-13,1.788249024315126e-14,1.582941004753259e-14,2.520417745636100e-14,2.520796527920266e-16,8.049337459256325e-15,4.314360977404081e-16,9.151522449729740e-19,2.414904230542383e-15,1.195842261625841e-13,1.337116779590277e-16,4.577897570365920e-18,2.578697983050330e-06,1.816793864924493e-05,2.655119716506640e-08,1.170279227337658e-06,7.874825953077626e-07,3.606753891255551e-12,1.477354906307525e-14,2.118387640645952e-16,1.225651513203659e-13,8.469586877952821e-14,7.905793282584659e-14,2.198310980624617e-14,1.118892199268311e-01,7.319943214252414e+03,0.000000000000000e+00,2.223620618985681e+03,1.013250212101052e+05,
2.161296517875610e-07,4.196329373802304e+00,1.641542036116904e-01,4.500758705714575e-05,3.904646232934695e-04,9.423678643138316e-04,2.975555035282988e-07,1.338390073029123e-04,1.232074072663314e-02,1.220518721553107e-07,3.562955245638252e-03,2.194270091974375e-10,4.972337026125395e-10,5.963516089883792e-11,1.649156624874295e-09,2.449464247249153e-10,1.336301932340243e-08,3.305593385971254e-09,6.386814838217580e-12,3.148221434778688e-11,2.198622719757791e-11,7.428518583266847e-03,2.238519633150867e-02,1.605405829639463e-10,1.295598537112960e-08,5.505193147848552e-10,7.858085757049329e-09,1.485960726015654e-12,2.605094841342855e-14,3.583166116487989e-09,1.408121965276827e-09,2.464823041582409e-13,2.149395283912983e-11,3.421269904251461e-12,5.869260404216762e-14,4.102770019772789e-14,3.424906441512987e-14,5.634763556117940e-14,8.543894543163565e-16,2.328372945838238e-14,2.181479055889016e-16,8.336879722217371e-18,1.391637966025055e-14,1.328713026391030e-09,7.186286006910905e-12,1.641619467289450e-13,2.600818691617197e-06,1.835171739967690e-05,2.063292987662042e-08,5.554327361087323e-06,3.850123222786801e-06,4.078396713455223e-12,3.129179542122829e-14,3.883915971347293e-16,3.025661243476896e-13,1.173351324972742e-13,2.875566548739182e-13,3.103844218689177e-14,1.177176423128421e-01,5.595589004835319e+03,0.000000000000000e+00,2.168825269640687e+03,1.013250043241334e+05,
1.253603614695268e-02,4.348241927311094e+00,1.528780519856379e-01,1.797919080787972e-05,1.684983370213743e-04,7.243574329185258e-04,1.417823109902485e-07,9.180859681431445e-05,1.239165459801495e-02,4.040266333526437e-08,2.166436460726036e-03,1.988658736663409e-10,5.727612219800432e-10,6.080377049123405e-11,1.946975336022646e-09,3.558172598203484e-10,3.895794895755409e-09,3.556030519736477e-09,7.505210519205843e-12,3.189960550094420e-11,2.495522693134683e-11,5.220929733944926e-03,2.282812242762448e-02,1.894100698312529e-10,1.601639922750199e-08,4.747924561205312e-10,8.303222483456169e-09,7.090049554212476e-13,1.252236942939034e-14,5.085962479538469e-09,2.271334806324056e-09,8.859957277053672e-14,1.688905242603723e-11,1.071008771188435e-12,2.651973963347531e-13,5.716399545958875e-14,1.047866748401939e-13,1.929204697472354e-13,1.625470498460221e-15,2.441799499822871e-14,5.301182033195598e-14,2.757421920469008e-18,6.745947756768213e-15,1.552228895543519e-13,1.251149215075421e-16,4.688436307663551e-18,2.262863681715137e-06,1.581663959069544e-05,2.948680633819703e-08,4.289273321178801e-07,2.811016510281267e-07,2.675746395259107e-12,6.610125817556750e-14,2.090682091256088e-14,1.704130276922638e-12,1.808569790129637e-12,9.944370656214277e-13,4.978122669743710e-13,1.096181999891327e-01,7.847178668293181e+03,0.000000000000000e+00,2.256912970231114e+03,1.018001034189766e+05,

