1
0
56
1
(4 0
((0,176) (15,223) (0,0))
((0,288) (15,351) (0,0))
((0,224) (15,287) (0,0))
((0,352) (15,415) (0,0))
)
4
FabOnDisk: SD_5_Old_MF_D_0003 0
FabOnDisk: SD_5_Old_MF_D_0001 0
FabOnDisk: SD_5_Old_MF_D_0002 0
FabOnDisk: SD_5_Old_MF_D_0000 0

4,56
-7.887827064191683e+00,-1.760338280833450e+01,-2.677856815393438e+01,-6.179799038742961e+00,-8.837354491795807e+00,-8.511498947641199e+00,-1.106119528447006e+00,-6.346105165146880e+02,-2.465266638299712e-01,-7.410971158023274e-01,-8.490879318525950e-02,-1.384331919898109e+01,-1.320018582509400e+01,-1.473702561260030e+00,-1.012384402209667e+01,-5.001529778582758e-01,-7.383086949809420e-02,-3.118050949055851e+00,-1.357718170769955e+02,5.423245874936534e+00,-8.288591959235912e-02,-4.582073179061825e+01,-1.806395972827105e+00,-1.960296106889999e+02,-7.880932346259191e+00,-2.662984745259469e+01,-4.353733981579330e+00,-2.933686500851521e+00,-9.595056195737856e-03,-1.991014887023600e+00,-1.722481718924851e+00,-8.700999436612822e-01,-3.620994603015078e+00,-2.103594912538500e+00,-3.037539356836060e+00,-2.208019211798737e-01,-3.235571259984383e+01,-1.126616458148730e+00,-3.762241915432963e-01,-8.306093110623602e+00,-7.964131568288130e-01,-1.496589357960378e-02,-5.832033950275827e-04,-8.285520585160658e-02,-1.521598203956944e-01,-2.022862311112608e+00,-6.588064303979742e-02,-3.245663926635028e-01,-1.350332874223003e-01,-2.417891868782739e+01,-1.005416900224615e+00,-5.618003676192503e+02,-8.610806076285513e+01,-9.096195732381336e+00,-2.392613224675103e+01,-2.451088221278042e-10,
-1.154727041419239e-01,-5.935169465769550e-01,-5.414686877876244e-01,-3.158367664761615e-04,-1.129906244526468e-01,1.393794795386154e+00,-1.893746874661992e-04,-3.075715144508901e+00,-5.132732327743847e-08,4.411486157161370e-07,1.672753224608631e-08,1.546946063591518e-06,4.731770089672685e-07,-2.116794322393166e-05,1.855438754434003e-06,5.552022360102287e-09,6.575284748299643e-09,1.541255581401063e-08,-3.599039987405611e+00,3.735933461656745e+00,1.567354916174370e-07,1.512357478814087e-05,-3.301848140471058e-07,3.105995123806493e-06,-3.779729021136029e-08,-1.177005331394190e-10,6.011440910858002e-06,3.070782222767409e-06,-5.784225161966958e-10,-2.401046219183149e-08,-1.054662640293455e-08,-4.826090326671545e-09,-3.215944336810962e-09,-5.127874036046202e-09,-6.553446563124246e-09,-2.320930645410835e-10,-7.419443466903853e-09,-4.445023962615585e-07,-6.385121092393500e-12,-6.975381747790983e-09,3.335806169735141e-10,1.528495809820997e-14,5.396239432963540e-15,-1.356209511537756e-03,-1.022093233948133e-02,3.056736715093812e-05,-8.824035366421951e-03,-6.113336607888081e-03,-5.067669272811046e-09,-9.531057263075590e-09,-1.547982444459597e-07,-4.671536164143971e-07,-3.255792255394373e-08,-1.798565721401435e-08,-8.909204379410124e-09,-1.795241733049124e-11,
-2.035872628676951e-01,-1.209837724173377e+00,-5.608521840244727e-01,-2.086475241183335e-03,-1.235337454693466e-01,-1.523271699160804e+00,-6.569796943769903e-04,-1.428249161464895e+01,-2.562280907815378e-06,-2.238766131734634e-06,-2.802514616417762e-07,3.834397883784337e-06,6.958850354158882e-07,-1.053256534705395e-04,-1.081519790614476e-05,1.463282146577098e-08,-9.627544335243879e-08,4.092093792086264e-08,-2.873563715724124e+01,5.761128745733188e+00,-2.768368682225548e-06,-4.130978923096503e-05,1.580040158311464e-07,1.331262792339968e-05,-1.239197775308466e-08,-8.688680183586489e-11,-1.783702750328948e-05,1.750884522632184e-07,-3.029007114386596e-09,-1.090561783469492e-08,-9.960905899260941e-09,-6.526163540960210e-09,-4.225033982953822e-09,-4.742322779708962e-09,-1.151681963927250e-08,-6.286815181828555e-09,-1.143748904560093e-08,-1.148944349304050e-08,-2.480672449563169e-10,-4.298063505260809e-09,-3.596320863986079e-04,-2.188882023720455e-06,-4.830976921500148e-08,-1.474046624045668e-04,-1.696388682718558e-03,5.506609111698709e-05,-5.926986379624721e-02,-4.238910209119366e-02,-4.684396533708300e-09,-7.672963458094769e-09,-3.668747062253434e-09,-1.937452376096854e-07,-4.271393590622660e-08,-5.356370709975840e-08,-1.189292573705574e-08,-2.293987222401483e-11,
-1.049950263161350e-01,-7.185770038928245e-01,-1.353882560273895e+00,-1.543339959679227e-03,-2.188971441746059e-01,1.422657246581593e-01,-3.385956029594897e-04,-1.934479785631624e+00,-2.869866342993486e-06,-3.082351298542934e-07,-4.773714056837588e-07,-3.826442005094747e-06,1.518747583911932e-07,-5.687422347025799e-05,-2.158381447004464e-06,-1.823801099484834e-08,-9.970211097102465e-08,-8.119028695222560e-08,-2.332575695953034e+00,2.658628193708410e+00,-9.995752313200685e-07,-3.069719553119174e-05,-5.415619400231931e-06,-3.429085744348251e-05,-1.896582369930775e-07,-3.513586860422201e-10,-1.062976003439207e-05,-3.608605511047681e-06,-1.698352617574639e-09,-1.141863639809578e-07,-6.567506366369097e-08,-3.695143082849855e-08,-1.646726790099206e-08,-2.838160400670361e-08,-3.870911607368741e-08,-1.831507689402059e-09,-5.181956510546657e-08,-1.524533528645119e-06,-7.954340828617490e-12,-1.983530344727962e-08,1.843827665669702e-10,-2.250910847872999e-12,-4.363336013954090e-14,-3.707657550874059e-03,-1.315921085004751e-02,-5.256682742760090e-05,-4.912921316080713e-03,-4.124940793416944e-03,-3.585497609019143e-08,-2.978582636308540e-08,-6.195227786403357e-07,-1.509764433800395e-06,-2.166148403810409e-07,-3.538796581025155e-07,-6.004970603163054e-08,-3.267075499024941e-11,

4,56
5.670349268773649e+00,3.158110342243210e+01,4.517498709261099e+01,7.466392278929565e+00,1.274492920565423e+01,3.189006260635919e+02,6.195830471833020e-01,-1.519324220657658e+01,5.952205314373580e-01,1.347160245528968e+00,1.533189647926238e-01,2.449002711535297e+01,1.620603881401498e+01,2.013199477551997e+00,1.635108511435906e+01,1.899731908588171e-01,1.395350219461700e-01,3.247691000778435e+00,4.576220208914623e+02,2.831983005232378e+02,1.834329005289225e-01,5.585015270682266e+01,3.863963786755352e+00,2.773971029142438e+02,1.978741912957057e+01,3.123614039795969e+01,8.301462526847573e+00,3.224444771014404e+00,1.689463692274061e-02,3.563008273639666e+00,2.613989302032731e+00,1.013649479076553e+00,3.826907885954342e+00,2.233726862290602e+00,3.602498082005142e+00,1.950919842843531e-01,3.375455898382130e+01,5.694303134380377e+00,1.294085746429156e+00,7.945345244950579e+00,1.225888819947636e+00,3.754017181502189e-02,9.265599036820265e-04,7.402629868467502e-02,3.091229611766289e-01,2.344608060930196e+00,4.565474410616409e-01,6.474259446777163e-01,2.641987942612526e-01,2.108369690221831e+01,6.214567156091665e+00,8.831280983790415e-02,8.692076544445752e+01,1.364394271150192e+01,2.431789704795191e+01,2.310258651050390e-10,
-5.125336486906415e-02,-2.953982351735375e-01,-3.953789414770071e-01,-9.381625637719273e-05,-7.976875513060472e-02,2.345333461821266e+00,-8.583031808146780e-05,-1.946738140748235e+00,3.030474605265762e-07,1.229089370754829e-06,9.930637925642258e-08,3.799323606354055e-06,6.940324609721274e-07,-8.833101590405235e-06,6.001998912566894e-06,1.452382040841523e-08,4.502418811967919e-08,4.051574050404323e-08,-2.345859642587000e+00,5.710466931484739e+00,4.041565923502390e-07,3.201453726422883e-05,1.353822542091924e-07,1.311597662697713e-05,2.767973010431664e-08,2.500032894612340e-11,1.132514834225594e-05,4.320727671780778e-06,-2.602754641166159e-10,-1.138726133709229e-08,-2.286587129507581e-09,2.410363519937497e-08,1.659718680273630e-08,2.128148630081414e-08,5.478514187522916e-08,1.053881421878814e-09,3.831890775653286e-08,4.333085853457130e-07,6.381955707443690e-12,7.727628497013124e-09,3.970226701227774e-10,2.176225588222812e-13,1.201367687206219e-14,-1.945875048231412e-04,-2.045635980128784e-03,5.463514087203738e-05,-2.186312271189605e-03,-1.477762902081123e-03,-3.315591078593529e-09,3.510317064433380e-08,1.556085712461999e-07,5.267525016512559e-07,3.839058853482906e-07,2.866226861722064e-07,1.071227097089317e-07,1.787703318711920e-11,
-3.351904741522931e-02,-6.012698247378770e-01,3.539649471186153e-01,-3.236317611234951e-04,1.860853935998632e-01,3.021838411872348e+00,-1.928220508284399e-04,-3.104425717826903e+00,9.990987707422548e-07,1.886904754156227e-06,2.385358244672755e-07,1.012855006111279e-05,8.741097029511175e-06,-2.152841230077762e-05,1.143345013089913e-05,3.567869169285321e-08,1.201580359134678e-07,3.691980225237407e-07,-3.631283789020445e+00,4.518845571220153e+01,6.050321396824427e-07,4.556245609651981e-05,3.996931697218992e-06,7.319394819334464e-05,2.279247530883365e-07,1.199561787225865e-06,1.336402274045759e-05,4.632118274563426e-06,6.256499086900640e-09,2.321674149388262e-07,2.041217509520406e-07,4.389909846172429e-08,1.732954618436568e-07,7.555373599898658e-08,4.733758175427361e-08,7.743327300134741e-10,6.405059754620669e-07,6.191808398194603e-09,1.936384130472065e-09,2.293517320598224e-07,3.732705175072018e-10,2.165196022105641e-13,1.181493071116150e-14,1.092829371532952e-02,7.733468250239438e-02,7.389853945603588e-05,-9.061614171845827e-03,-6.280908270843470e-03,1.583494750578686e-08,6.016820464958894e-08,1.122066392182612e-09,2.268852618808570e-07,1.374395185285925e-07,3.038551858458075e-07,4.119416085321277e-08,2.143307753499357e-11,
7.030796328196898e-02,1.874131139546584e-01,4.822425128535883e-01,1.322959333483262e-03,6.170803811853154e-02,2.058009952570558e+00,3.878005945642606e-04,-1.021787675915856e+00,1.884710582703360e-06,6.497009955184476e-07,3.526728577547108e-07,4.200740513339525e-06,6.508688116699442e-07,3.666142320639831e-05,3.134078062824781e-06,2.137590036470878e-08,6.555569336570203e-08,1.047927066262994e-07,-1.663907677040449e+00,3.714945901629045e+00,8.971562578017295e-07,3.461224268901008e-05,3.212490235244391e-06,2.438573102751637e-05,9.083247147078433e-08,2.027199908019775e-10,2.467521884369524e-05,1.077021228279998e-05,6.479035474438090e-10,8.303474815473635e-08,5.364716632849783e-09,1.050992330610202e-07,5.100803948757914e-08,1.032318866155095e-07,2.455476153537481e-07,9.949699599320278e-09,3.510446866160850e-07,1.393136914221272e-06,2.323136454081565e-11,2.114419484085276e-08,3.317713457265058e-10,1.615962886175044e-12,3.423286375786048e-14,2.003606166273483e-03,-6.702392450405298e-03,1.148465899467388e-04,1.598969755856703e-03,1.778862391208641e-03,2.524773315763448e-08,8.327781855828169e-08,3.986160465085176e-07,2.565432271231018e-06,1.886153655922818e-06,1.152241368527365e-06,5.206278136677082e-07,4.115463525522500e-11,

