1
0
56
1
(4 0
((0,176) (15,223) (0,0))
((0,288) (15,351) (0,0))
((0,224) (15,287) (0,0))
((0,352) (15,415) (0,0))
)
4
FabOnDisk: SD_5_New_MF_D_0003 0
FabOnDisk: SD_5_New_MF_D_0001 0
FabOnDisk: SD_5_New_MF_D_0002 0
FabOnDisk: SD_5_New_MF_D_0000 0

4,56
-7.788197612413155e+00,-1.760568524563326e+01,-2.708025219563799e+01,-6.170592709747399e+00,-8.835794208980277e+00,-8.508726698306859e+00,-1.106993659149784e+00,-6.346857266026088e+02,-2.457610461051656e-01,-7.427125682492418e-01,-8.497612701084740e-02,-1.385017676748693e+01,-1.322342594547854e+01,-1.470433410802116e+00,-1.013837397976337e+01,-4.965562226009270e-01,-7.375017804717446e-02,-3.126744859377819e+00,-1.357918583968288e+02,5.559105764946871e+00,-8.290138528182407e-02,-4.583399736958028e+01,-1.805351578746447e+00,-1.958400027835680e+02,-8.216664677517617e+00,-2.677168208047917e+01,-4.359673645752610e+00,-2.937647467176326e+00,-9.587535131747498e-03,-1.983126981978010e+00,-1.725718164994187e+00,-8.705081076221061e-01,-3.628410710924604e+00,-2.107897507892280e+00,-3.045500574680000e+00,-2.207680438119354e-01,-3.242951179384846e+01,-2.385711481522327e+00,-3.997165331449919e-01,-8.305744683427227e+00,-7.964256937009939e-01,-1.489155529559374e-02,-5.822835866663003e-04,-8.294269072962428e-02,-1.532815667738028e-01,-2.025731685346773e+00,-6.584674081474221e-02,-3.236901845898116e-01,-1.362075855994958e-01,-2.421531852737368e+01,-2.547122534559318e+00,-5.485601376764022e+02,-8.621594350353351e+01,-9.082523476054595e+00,-2.394836093850697e+01,-1.916475866892142e-10,
-1.154694512156768e-01,-5.938721603021804e-01,-5.417235480574298e-01,-3.160546537166282e-04,-1.128255378401422e-01,1.392892756699515e+00,-1.894636092280991e-04,-3.075411368922361e+00,-5.127979099779196e-08,4.432235023200215e-07,1.680340675804844e-08,1.555159273350367e-06,4.750518101940484e-07,-2.117742693601947e-05,1.869300570292799e-06,5.574445919493394e-09,6.614568784207435e-09,1.554086284551133e-08,-3.601676673639746e+00,3.737632269518452e+00,1.570325791599878e-07,1.515957052861521e-05,-3.302521884903688e-07,3.140482048249101e-06,-3.684645237228939e-08,-1.193832693908327e-10,6.022615545461726e-06,3.073165978653989e-06,-5.796814072698005e-10,-2.399807461005846e-08,-1.061503645923187e-08,-5.716305463404912e-09,-2.701492642686514e-09,-4.561863391889071e-09,-5.577609336182341e-09,-1.931268392593557e-10,-6.448606910095731e-09,-4.278626085187319e-07,-5.846012049577442e-12,-6.439679953296498e-09,3.341166267494560e-10,1.528224289379402e-14,5.406486016142999e-15,-1.356871180471491e-03,-1.022582276958939e-02,3.058169189803535e-05,-8.828363210419746e-03,-6.116446608480777e-03,-5.047395827811830e-09,-8.732820400853885e-09,-1.459081269076487e-07,-4.335949168330850e-07,-3.053909046442474e-08,-9.828441586742860e-09,-8.336058194143136e-09,-1.910904767754573e-11,
-2.036211457775723e-01,-1.209314331910171e+00,-5.607367637394540e-01,-2.089794986410194e-03,-1.235573070194618e-01,-1.528999760888728e+00,-6.573701924924570e-04,-1.431229472651443e+01,-2.722110375232519e-06,-2.145022498535168e-06,-2.819444946054666e-07,3.832550309834044e-06,6.952851568928208e-07,-1.055064316386824e-04,-9.696267707347186e-06,1.462524412025821e-08,-9.032570484696447e-08,4.090900979635171e-08,-2.878449739128713e+01,5.765293697502534e+00,-2.790645875354177e-06,-4.222759108739570e-05,1.581872997230975e-07,1.331084495705679e-05,-1.176632335405579e-08,-7.962150391910265e-11,-1.793428234823576e-05,1.440760216703293e-07,-3.040066624802290e-09,-1.087956624720389e-08,-9.346256887771070e-09,-5.981559594598715e-09,-3.094220460989017e-09,-3.511925799553081e-09,-9.870597416925843e-09,-5.839082415035929e-09,-9.967656601955543e-09,-1.171123887674464e-08,-3.134563243104107e-11,-3.552839639842919e-09,-3.622655722604563e-04,-2.207691492367617e-06,-4.868692823972893e-08,-1.465121155546787e-04,-1.689087530739884e-03,5.505729380927474e-05,-5.930154459408356e-02,-4.240714291688610e-02,-4.663354684197910e-09,-7.489905572897013e-09,-2.046159579842481e-09,-1.812078424772062e-07,-3.335882477934151e-08,-5.368262568882196e-08,-8.821870110333952e-09,-2.574385149500813e-11,
-8.622374271197006e-02,-6.164104716501534e-01,-1.023550996239349e+00,-1.215092472076488e-03,-1.723935591578171e-01,4.381913807249447e-01,-2.357567170762126e-04,-1.934019667097334e+00,-2.666440995204714e-06,-2.528853218006775e-07,-4.249880016548682e-07,-2.633031811284460e-06,1.410042301715719e-07,-4.851001688090618e-05,-2.548658525580000e-06,-1.224722753924628e-08,-6.047846701167904e-08,-7.219144087340981e-08,-2.333621062735623e+00,2.652618530389375e+00,-7.130422018274407e-07,-2.030599698953657e-05,-5.499136252956530e-06,-3.069960622731545e-05,-1.765691620139983e-07,-2.709708433762440e-10,-1.312784000269253e-05,-3.169222847148366e-06,-1.168663977122223e-09,-9.018508574383588e-08,-2.451994984453039e-08,-7.265973815470153e-08,-2.040498800475854e-08,-3.112933836983136e-08,-5.104064941561610e-08,-2.045305766127015e-09,-7.477707488405887e-08,-1.445440990991126e-06,-6.783978013606666e-12,-1.809372648844216e-08,1.854666101724978e-10,-1.914410422464256e-12,-2.874210597898951e-14,-3.519298521449424e-03,-1.271292455392405e-02,-2.674108745665667e-05,-4.174530119822905e-03,-3.775818229583210e-03,-3.105238198448155e-08,-3.989579622263224e-08,-5.818528489950740e-07,-1.318012524521841e-06,-4.087542047946678e-07,-3.376628400514908e-07,-1.176367759912091e-07,-5.053379936725833e-11,

4,56
5.658875132774121e+00,3.166793258426541e+01,4.524681930758326e+01,7.747026563111175e+00,1.276524118647624e+01,3.189468470811166e+02,6.383252642926103e-01,-1.522566456387625e+01,5.951310358222857e-01,1.348172636624839e+00,1.530239891079379e-01,2.383086716703152e+01,1.621689691407089e+01,1.929180642181068e+00,1.729937534437548e+01,1.811687784728100e-01,1.380890589279445e-01,3.369568991324822e+00,4.577545276000972e+02,2.831493791194981e+02,1.832429750701303e-01,5.586115953141693e+01,3.834401031949558e+00,2.751114058089380e+02,1.480508487149664e+01,3.183020760265372e+01,8.284908045969379e+00,3.381916761054640e+00,1.645704051180333e-02,3.772258220105439e+00,2.634854196769565e+00,1.013697061962320e+00,3.846166624190368e+00,2.240500823417269e+00,3.661765648840048e+00,1.734960661766588e-01,3.285527866950750e+01,2.971615368300985e+00,8.587249131719080e-01,7.965029651286417e+00,1.226733341457989e+00,3.542372944097424e-02,9.271333997812568e-04,7.536927702018981e-02,3.083436982565351e-01,2.363760487182439e+00,4.566012237867353e-01,6.481283770914101e-01,1.417753916537045e-01,1.921296721118406e+01,3.470270144166949e+00,3.904494942500707e-02,8.299256671092786e+01,1.358148962805633e+01,2.321819401047577e+01,2.444338065288321e-10,
-5.124023899426742e-02,-2.954155187272618e-01,-3.955998995205904e-01,-9.381634317618667e-05,-7.966789070534142e-02,2.343966590654607e+00,-8.580845862894831e-05,-1.946293845621310e+00,3.034058050073609e-07,1.228406024992802e-06,9.928855993194186e-08,3.797389221571679e-06,6.934356202605701e-07,-8.840904669783256e-06,5.999419594903125e-06,1.451312304033807e-08,4.498629313838253e-08,4.050417698625218e-08,-2.346925539632063e+00,5.714608764949852e+00,4.039511778050980e-07,3.199836001017604e-05,1.357414072626983e-07,1.311235638866530e-05,2.697739584781870e-08,2.668109481801055e-11,1.132077282397639e-05,4.318834779349544e-06,-2.632088942184472e-10,-1.135781440867830e-08,-2.386556075291698e-09,2.423563512993399e-08,1.633889287634919e-08,2.077210255515224e-08,5.359126135206077e-08,1.036726749761176e-09,3.830822797383100e-08,4.198078668953158e-07,6.085548840838703e-12,7.239346921107671e-09,3.970824746528759e-10,2.170749772233334e-13,1.199886234536375e-14,-1.937559707052646e-04,-2.038858191066097e-03,5.462674648891829e-05,-2.186986883638482e-03,-1.478190513104578e-03,-3.295175438109477e-09,3.570905769604058e-08,1.498558805476076e-07,5.394253292866176e-07,3.832781804971377e-07,2.812067733460463e-07,1.069213711869286e-07,1.757846646022188e-11,
-3.310641260483943e-02,-6.016348205726161e-01,3.591675837844395e-01,-3.238155215311228e-04,1.860051718335841e-01,3.022712684186567e+00,-1.929013434013440e-04,-3.104184052321627e+00,9.955541978806581e-07,1.882654577545295e-06,2.385012946521593e-07,9.477572415222604e-06,8.611751911919771e-06,-2.153724379532391e-05,1.144195035189056e-05,4.460451227384458e-08,1.206365898326886e-07,3.956595586343756e-07,-3.633936063686412e+00,4.526518108441556e+01,6.039248569343256e-07,4.548695917278481e-05,3.922739600226720e-06,7.251301527296687e-05,1.806653032052335e-07,1.227413183268865e-06,1.334151008381979e-05,4.627054624332343e-06,5.776264341458824e-09,2.432289470847953e-07,2.092098734654659e-07,3.014518847162919e-08,1.701371449492461e-07,7.485710326293464e-08,3.756016264730468e-08,9.627057314761523e-10,6.334972066107126e-07,1.108617856611330e-08,4.353510716969137e-09,2.309569562927810e-07,3.727133647486083e-10,2.157590585242008e-13,1.179070768345010e-14,1.093477415524385e-02,7.739542370426307e-02,7.385429617796868e-05,-9.066064487114073e-03,-6.284066789585889e-03,1.658211765336116e-08,6.151886816424766e-08,4.064353302265467e-09,3.867968756482862e-07,1.173267613954915e-07,2.196833967245128e-07,4.093748846542141e-08,1.977529251462329e-11,
4.661260017536240e-02,1.078296715445463e-01,2.224527198644131e-01,1.033720955965588e-03,2.525660482681918e-02,1.678724971368169e+00,2.487953829029209e-04,-1.107754062241909e+00,1.750872122918600e-06,6.313904290578268e-07,3.178404281706835e-07,3.319616920420453e-06,6.425042015877139e-07,2.845925239105267e-05,3.725595997458738e-06,1.471086144734227e-08,3.671169065499325e-08,1.080146027603467e-07,-1.659704241275254e+00,3.716612774821645e+00,6.993273678506757e-07,2.718781478044810e-05,3.358036711551329e-06,2.221786415544212e-05,8.669712880136345e-08,2.166041579869283e-10,2.770547774278125e-05,9.916902153445748e-06,5.343503326913889e-10,5.245827018580953e-08,7.841325321756744e-09,9.855481491159810e-08,4.992950193914744e-08,8.262638844602503e-08,1.316166764261749e-07,4.065434101404647e-09,2.154343669033662e-07,1.375299019442349e-06,1.025973408751964e-11,2.559081076612163e-08,3.323040804559925e-10,1.247097195998077e-12,2.115917363524168e-14,1.676016407996051e-03,-7.224533329589986e-03,7.834288801513705e-05,1.188630742587528e-03,1.566121965070567e-03,1.939614305149472e-08,7.561530002356079e-08,3.790925847297240e-07,2.157382214272034e-06,1.445029183552298e-06,8.613895897262222e-07,3.981021588913210e-07,5.218225851422176e-11,

