0.000000000000000000e+00 9.999999979388463078e-01
5.012531328320801727e-02 9.999999993631762951e-01
1.002506265664160345e-01 9.999999986930389051e-01
1.503759398496240518e-01 9.999999979586041698e-01
2.005012531328320691e-01 9.999999971274374788e-01
2.506265664160400863e-01 9.999999961652193958e-01
3.007518796992481036e-01 9.999999950349114375e-01
3.508771929824561209e-01 9.999999936961670999e-01
4.010025062656641381e-01 9.999999921043905005e-01
4.511278195488721554e-01 9.999999902100208393e-01
5.012531328320801727e-01 9.999999879575562911e-01
5.513784461152881899e-01 9.999999852843725057e-01
6.015037593984962072e-01 9.999999821197409489e-01
6.516290726817042245e-01 9.999999783833357636e-01
7.017543859649122417e-01 9.999999739838609791e-01
7.518796992481202590e-01 9.999999688172508394e-01
8.020050125313282763e-01 9.999999627648940015e-01
8.521303258145362935e-01 9.999999556912805287e-01
9.022556390977443108e-01 9.999999474416901846e-01
9.523809523809523281e-01 9.999999378392996352e-01
1.002506265664160345e+00 9.999999266819746824e-01
1.052631578947368363e+00 9.999999137386359482e-01
1.102756892230576380e+00 9.999998987450600119e-01
1.152882205513784397e+00 9.999998813991752833e-01
1.203007518796992414e+00 9.999998613555700633e-01
1.253132832080200432e+00 9.999998382192647473e-01
1.303258145363408449e+00 9.999998115387090936e-01
1.353383458646616466e+00 9.999997807976334085e-01
1.403508771929824483e+00 9.999997454057505397e-01
1.453634085213032501e+00 9.999997046882538321e-01
1.503759398496240518e+00 9.999996578736657371e-01
1.553884711779448535e+00 9.999996040800127606e-01
1.604010025062656553e+00 9.999995422990483052e-01
1.654135338345864570e+00 9.999994713781927835e-01
1.704260651629072587e+00 9.999993899997728919e-01
1.754385964912280604e+00 9.999992966574099418e-01
1.804511278195488622e+00 9.999991896289870397e-01
1.854636591478696639e+00 9.999990669457099468e-01
1.904761904761904656e+00 9.999989263566509967e-01
1.954887218045112673e+00 9.999987652882006417e-01
2.005012531328320691e+00 9.999985807978100105e-01
2.055137844611528486e+00 9.999983695207376178e-01
2.105263157894736725e+00 9.999981276094830340e-01
2.155388471177944965e+00 9.999978506641140630e-01
2.205513784461152760e+00 9.999975336526670810e-01
2.255639097744360555e+00 9.999971708200539044e-01
2.305764411027568794e+00 9.999967555835802546e-01
2.355889724310777034e+00 9.999962804135029693e-01
2.406015037593984829e+00 9.999957366961130800e-01
2.456140350877192624e+00 9.999951145768927185e-01
2.506265664160400863e+00 9.999944027809828384e-01
2.556390977443609103e+00 9.999935884075078496e-01
2.606516290726816898e+00 9.999926566937118455e-01
2.656641604010024693e+00 9.999915907450843688e-01
2.706766917293232932e+00 9.999903712259988753e-01
2.756892230576441172e+00 9.999889760050196807e-01
2.807017543859648967e+00 9.999873797487895954e-01
2.857142857142856762e+00 9.999855534563636406e-01
2.907268170426065002e+00 9.999834639255367197e-01
2.957393483709273241e+00 9.999810731414486842e-01
3.007518796992481036e+00 9.999783375751730707e-01
3.057644110275688831e+00 9.999752073804065722e-01
3.107769423558897071e+00 9.999716254720021347e-01
3.157894736842105310e+00 9.999675264700147448e-01
3.208020050125313105e+00 9.999628354886467285e-01
3.258145363408520900e+00 9.999574667482433732e-01
3.308270676691729140e+00 9.999513219834368360e-01
3.358395989974937379e+00 9.999442886182110524e-01
3.408521303258145174e+00 9.999362376732088276e-01
3.458646616541352969e+00 9.999270213662979634e-01
3.508771929824561209e+00 9.999164703610800009e-01
3.558897243107769448e+00 9.999043906118986191e-01
3.609022556390977243e+00 9.998905597459348815e-01
3.659147869674185038e+00 9.998747229149489435e-01
3.709273182957393278e+00 9.998565880381917736e-01
3.759398496240601517e+00 9.998358203481563233e-01
3.809523809523809312e+00 9.998120361366582554e-01
3.859649122807017108e+00 9.997847955843455203e-01
3.909774436090225347e+00 9.997535945403674962e-01
3.959899749373433586e+00 9.997178550982959155e-01
4.010025062656641381e+00 9.996769147941675371e-01
4.060150375939849177e+00 9.996300142255770682e-01
4.110275689223056972e+00 9.995762828638743436e-01
4.160401002506265655e+00 9.995147227980355487e-01
4.210526315789473450e+00 9.994441901122214089e-01
4.260651629072681246e+00 9.993633735581626265e-01
4.310776942355889929e+00 9.992707701352342431e-01
4.360902255639097724e+00 9.991646571396249898e-01
4.411027568922305520e+00 9.990430601830408985e-01
4.461152882205513315e+00 9.989037166162815229e-01
4.511278195488721110e+00 9.987440337179172012e-01
4.561403508771929793e+00 9.985610409269529697e-01
4.611528822055137589e+00 9.983513353071131746e-01
4.661654135338345384e+00 9.981110193333595504e-01
4.711779448621554067e+00 9.978356299824253650e-01
4.761904761904761862e+00 9.975200579977538951e-01
4.812030075187969658e+00 9.971584560777602135e-01
4.862155388471177453e+00 9.967441346152474679e-01
4.912280701754385248e+00 9.962694434929404430e-01
4.962406015037593932e+00 9.957256383244690312e-01
5.012531328320801727e+00 9.951027294286182157e-01
5.062656641604009522e+00 9.943893117467462739e-01
5.112781954887218205e+00 9.935723738761751411e-01
5.162907268170426001e+00 9.926370844124847714e-01
5.213032581453633796e+00 9.915665538992105565e-01
5.263157894736841591e+00 9.903415709046060611e-01
5.313283208020049386e+00 9.889403111257923928e-01
5.363408521303258070e+00 9.873380190108562715e-01
5.413533834586465865e+00 9.855066622534705001e-01
5.463659147869673660e+00 9.834145607296976843e-01
5.513784461152882344e+00 9.810259930997229372e-01
5.563909774436090139e+00 9.783007864909948337e-01
5.614035087719297934e+00 9.751938975236245088e-01
5.664160401002505729e+00 9.716549965429565061e-01
5.714285714285713524e+00 9.676280713948154366e-01
5.764411027568922208e+00 9.630510724913133869e-01
5.814536340852130003e+00 9.578556273038800750e-01
5.864661654135337798e+00 9.519668597343180494e-01
5.914786967418546482e+00 9.453033578920082558e-01
5.964912280701754277e+00 9.377773423176224421e-01
6.015037593984962072e+00 9.292950951011567096e-01
6.065162907268169867e+00 9.197577178521313401e-01
6.115288220551377663e+00 9.090622920019638675e-01
6.165413533834586346e+00 8.971035170663004266e-01
6.215538847117794141e+00 8.837758996027945679e-01
6.265664160401001936e+00 8.689765557937363383e-01
6.315789473684210620e+00 8.526086719322357732e-01
6.365914786967418415e+00 8.345856377716022179e-01
6.416040100250626210e+00 8.148358262118103879e-01
6.466165413533834005e+00 7.933079379699727873e-01
6.516290726817041801e+00 7.699767601846411180e-01
6.566416040100250484e+00 7.448490990571938752e-01
6.616541353383458279e+00 7.179695266004486598e-01
6.666666666666666075e+00 6.894254064495026757e-01
6.716791979949874758e+00 6.593504138196236708e-01
6.766917293233082553e+00 6.279255037482969204e-01
6.817042606516290348e+00 5.953762995273629288e-01
6.867167919799498144e+00 5.619666331600523534e-01
6.917293233082705939e+00 5.279893889151897612e-01
6.967418546365914622e+00 4.937564739835421102e-01
7.017543859649122417e+00 4.595884459442904912e-01
7.067669172932330213e+00 4.258028826877726103e-01
7.117794486215538896e+00 3.927017530359818154e-01
7.167919799498746691e+00 3.605602684940030223e-01
7.218045112781954487e+00 3.296193142979234048e-01
7.268170426065162282e+00 3.000811926065518054e-01
7.318295739348370077e+00 2.721072924196782372e-01
7.368421052631578760e+00 2.458169840737586265e-01
7.418546365914786556e+00 2.212878841841365574e-01
7.468671679197994351e+00 1.985577687550430792e-01
7.518796992481203034e+00 1.776280960034414269e-01
7.568922305764410829e+00 1.584687788819191256e-01
7.619047619047618625e+00 1.410236946201751107e-01
7.669172932330826420e+00 1.252164194429308819e-01
7.719298245614034215e+00 1.109557657758521165e-01
7.769423558897242899e+00 9.814082187266788548e-02
7.819548872180450694e+00 8.666531555681657173e-02
7.869674185463658489e+00 7.642122673077979267e-02
7.919799498746867172e+00 6.730165058935436151e-02
7.969924812030074968e+00 5.920296504813549188e-02
8.020050125313282763e+00 5.202638542914277825e-02
8.070175438596491446e+00 4.567900205153568177e-02
8.120300751879698353e+00 4.007439719992592075e-02
8.170426065162907037e+00 3.513293139857157077e-02
8.220551378446113944e+00 3.078177840713959557e-02
8.270676691729322627e+00 2.695477627480383914e-02
8.320802005012531311e+00 2.359214970203306339e-02
8.370927318295738218e+00 2.064014777494819000e-02
8.421052631578946901e+00 1.805063131094211681e-02
8.471177944862155584e+00 1.578063574025832111e-02
8.521303258145362491e+00 1.379192861755222134e-02
8.571428571428571175e+00 1.205057538032940426e-02
8.621553884711779858e+00 1.052652267256888596e-02
8.671679197994986765e+00 9.193205244852018301e-03
8.721804511278195449e+00 8.027179948496073955e-03
8.771929824561402356e+00 7.007788500081693107e-03
8.822055137844611039e+00 6.116849366285742780e-03
8.872180451127819723e+00 5.338378191619994571e-03
8.922305764411026630e+00 4.658335569207600751e-03
8.972431077694235313e+00 4.064400561460937769e-03
9.022556390977442220e+00 3.545768153698438015e-03
9.072681704260650903e+00 3.092968722817922029e-03
9.122807017543859587e+00 2.697707589317992552e-03
9.172932330827066494e+00 2.352722767023877372e-03
9.223057644110275177e+00 2.051659110417469820e-03
9.273182957393483861e+00 1.788957169369958687e-03
9.323308270676690768e+00 1.559755184323547870e-03
9.373433583959899451e+00 1.359802783678491040e-03
9.423558897243108134e+00 1.185385073792603276e-03
9.473684210526315042e+00 1.033255936887134997e-03
9.523809523809523725e+00 9.005794708195303741e-04
9.573934837092730632e+00 7.848786157244488871e-04
9.624060150375939315e+00 6.839901151554881069e-04
9.674185463659147999e+00 5.960250533337696109e-04
9.724310776942354906e+00 5.193342955030328355e-04
9.774436090225563589e+00 4.524782355071481528e-04
9.824561403508770496e+00 3.942003239962954910e-04
9.874686716791979180e+00 3.434039126644982754e-04
9.924812030075187863e+00 2.991320051959152262e-04
9.974937343358394770e+00 2.605495547334239661e-04
1.002506265664160345e+01 2.269279912528126110e-04
1.007518796992481214e+01 1.976317007774084115e-04
1.012531328320801904e+01 1.721062124174905475e-04
1.017543859649122773e+01 1.498678792447121193e-04
1.022556390977443641e+01 1.304948654546458974e-04
1.027568922305764332e+01 1.136192755307207682e-04
1.032581453634085200e+01 9.892028156294409736e-05
1.037593984962405891e+01 8.611812282436316569e-05
1.042606516290726759e+01 7.496886744502282600e-05
1.047619047619047628e+01 6.525983984762995119e-05
1.052631578947368318e+01 5.680562968355808520e-05
1.057644110275689187e+01 4.944460862434250963e-05
1.062656641604009877e+01 4.303589062941057773e-05
1.067669172932330746e+01 3.745667943438015153e-05
1.072681704260651614e+01 3.259995410610230186e-05
1.077694235588972305e+01 2.837244972362496344e-05
1.082706766917293173e+01 2.469289567659637083e-05
1.087719298245614041e+01 2.149047882174890211e-05
1.092731829573934732e+01 1.870350288900221366e-05
1.097744360902255600e+01 1.627821915618341385e-05
1.102756892230576469e+01 1.416780658084130854e-05
1.107769423558897159e+01 1.233148234662012354e-05
1.112781954887218028e+01 1.073372620040734280e-05
1.117794486215538718e+01 9.343604069098793727e-06
1.122807017543859587e+01 8.134178289837532940e-06
1.127819548872180455e+01 7.081993398756333613e-06
1.132832080200501146e+01 6.166627830118316858e-06
1.137844611528822014e+01 5.370303106073570850e-06
1.142857142857142705e+01 4.677543169657211067e-06
1.147869674185463573e+01 4.074877449848026075e-06
1.152882205513784442e+01 3.550582064737456626e-06
1.157894736842105132e+01 3.094454282207260221e-06
1.162907268170426001e+01 2.697615980138117365e-06
1.167919799498746869e+01 2.352342391590575138e-06
1.172932330827067560e+01 2.051912894649419920e-06
1.177944862155388428e+01 1.790481020496077786e-06
1.182957393483709296e+01 1.562961214432339193e-06
1.187969924812029987e+01 1.364930199719669276e-06
1.192982456140350855e+01 1.192541069074277613e-06
1.197994987468671546e+01 1.042448468568723142e-06
1.203007518796992414e+01 9.117434480051303173e-07
1.208020050125313283e+01 7.978967344253513876e-07
1.213032581453633973e+01 6.987093447192142896e-07
1.218045112781954842e+01 6.122695922423055983e-07
1.223057644110275533e+01 5.369156635568604866e-07
1.228070175438596401e+01 4.712030471203522902e-07
1.233082706766917269e+01 4.138761879418376755e-07
1.238095238095237960e+01 3.638438226301986024e-07
1.243107769423558828e+01 3.201575193718898447e-07
1.248120300751879697e+01 2.819930085156961098e-07
1.253132832080200387e+01 2.486339427484353769e-07
1.258145363408521256e+01 2.194577723239561670e-07
1.263157894736842124e+01 1.939234613254400509e-07
1.268170426065162815e+01 1.715608062629795842e-07
1.273182957393483683e+01 1.519611490966916741e-07
1.278195488721804374e+01 1.347693036108538188e-07
1.283208020050125242e+01 1.196765374524399305e-07
1.288220551378446110e+01 1.064144725282903935e-07
1.293233082706766801e+01 9.474978422887983859e-08
1.298245614035087669e+01 8.447959519716212474e-08
1.303258145363408360e+01 7.542747405921165612e-08
1.308270676691729228e+01 6.743995791066720060e-08
1.313283208020050097e+01 6.038353305104509718e-08
1.318295739348370788e+01 5.414201169893029808e-08
1.323308270676691656e+01 4.861425485926333141e-08
1.328320802005012524e+01 4.371219338270369313e-08
1.333333333333333215e+01 3.935911072522688694e-08
1.338345864661654083e+01 3.548815208158423687e-08
1.343358395989974952e+01 3.204102960643142027e-08
1.348370927318295642e+01 2.896689924859187297e-08
1.353383458646616511e+01 2.622138430962379852e-08
1.358395989974937201e+01 2.376573016903565105e-08
1.363408521303258070e+01 2.156606816649097749e-08
1.368421052631578938e+01 1.959277867623786982e-08
1.373433583959899629e+01 1.781993740361132496e-08
1.378446115288220497e+01 1.622483501487951515e-08
1.383458646616541188e+01 1.478755987735507722e-08
1.388471177944862056e+01 1.349063735538992463e-08
1.393483709273182924e+01 1.231871453865665074e-08
1.398496240601503615e+01 1.125828699969658300e-08
1.403508771929824483e+01 1.029746481897323569e-08
1.408521303258145352e+01 9.425763569311144571e-09
1.413533834586466043e+01 8.633928002163007785e-09
1.418546365914786911e+01 7.913776395047532809e-09
1.423558897243107779e+01 7.258065810795475285e-09
1.428571428571428470e+01 6.660374988404139806e-09
1.433583959899749338e+01 6.115002523367215012e-09
1.438596491228070029e+01 5.616878306642925394e-09
1.443609022556390897e+01 5.161486461557109681e-09
1.448621553884711766e+01 4.744798252365873713e-09
1.453634085213032456e+01 4.363213641554735957e-09
1.458646616541353325e+01 4.013510349367674847e-09
1.463659147869674015e+01 3.692799422015407580e-09
1.468671679197994884e+01 3.398486447685841078e-09
1.473684210526315752e+01 3.128237674453027262e-09
1.478696741854636443e+01 2.879950383864226968e-09
1.483709273182957311e+01 2.651726960364993451e-09
1.488721804511278179e+01 2.441852171561681582e-09
1.493734335839598870e+01 2.248773239163568861e-09
1.498746867167919739e+01 2.071082336609887039e-09
1.503759398496240607e+01 1.907501198021423110e-09
1.508771929824561298e+01 1.756867565240548426e-09
1.513784461152882166e+01 1.618123236181617402e-09
1.518796992481202857e+01 1.490303509281224338e-09
1.523809523809523725e+01 1.372527846166844372e-09
1.528822055137844593e+01 1.263991598299527994e-09
1.533834586466165284e+01 1.163958663821937156e-09
1.538847117794486152e+01 1.071754958545084754e-09
1.543859649122806843e+01 9.867626003350329780e-10
1.548872180451127711e+01 9.084147194192889189e-10
1.553884711779448580e+01 8.361908186076620035e-10
1.558897243107769270e+01 7.696126173499408752e-10
1.563909774436090139e+01 7.082403221456068392e-10
1.568922305764411007e+01 6.516692732581875459e-10
1.573934837092731698e+01 5.995269241226007858e-10
1.578947368421052566e+01 5.514701154086434092e-10
1.583959899749373434e+01 5.071826105301267626e-10
1.588972431077694125e+01 4.663728635701387537e-10
1.593984962406014994e+01 4.287719942172903274e-10
1.598997493734335684e+01 3.941319474484356318e-10
1.604010025062656553e+01 3.622238184197618857e-10
1.609022556390977243e+01 3.328363253922953452e-10
1.614035087719298289e+01 3.057744155730617234e-10
1.619047619047618980e+01 2.808579905384049748e-10
1.624060150375939671e+01 2.579207394595260946e-10
1.629072681704260717e+01 2.368090697030862337e-10
1.634085213032581407e+01 2.173811255584953922e-10
1.639097744360902098e+01 1.995058868733665598e-10
1.644110275689222789e+01 1.830623402770564100e-10
1.649122807017543835e+01 1.679387164597684904e-10
1.654135338345864525e+01 1.540317876641093358e-10
1.659147869674185216e+01 1.412462201514789157e-10
1.664160401002506262e+01 1.294939769381172211e-10
1.669172932330826953e+01 1.186937665645514874e-10
1.674185463659147644e+01 1.087705340762744156e-10
1.679197994987468689e+01 9.965499075973315646e-11
1.684210526315789380e+01 9.128317950215298040e-11
1.689223057644110071e+01 8.359607293228861283e-11
1.694235588972431117e+01 7.653920175579117654e-11
1.699248120300751808e+01 7.006231092816079636e-11
1.704260651629072498e+01 6.411904151310993368e-11
1.709273182957393544e+01 5.866663625817578651e-11
1.714285714285714235e+01 5.366566708445394517e-11
1.719298245614034926e+01 4.907978283632969891e-11
1.724310776942355972e+01 4.487547577151719574e-11
1.729323308270676662e+01 4.102186539336669825e-11
1.734335839598997353e+01 3.749049833791109432e-11
1.739348370927318044e+01 3.425516312841044487e-11
1.744360902255639090e+01 3.129171870173612562e-11
1.749373433583959780e+01 2.857793569438367673e-11
1.754385964912280471e+01 2.609334955229112897e-11
1.759398496240601517e+01 2.381912459866724746e-11
1.764411027568922208e+01 2.173792825827838666e-11
1.769423558897242899e+01 1.983381469567125659e-11
1.774436090225563945e+01 1.809211717923935622e-11
1.779448621553884635e+01 1.649934853311735511e-11
1.784461152882205326e+01 1.504310908520121740e-11
1.789473684210526372e+01 1.371200156230151404e-11
1.794486215538847063e+01 1.249555242299723356e-11
1.799498746867167753e+01 1.138413915535778970e-11
1.804511278195488444e+01 1.036892310059725912e-11
1.809523809523809490e+01 9.441787395154559758e-12
1.814536340852130181e+01 8.595279652866400850e-12
1.819548872180450871e+01 7.822559035929152908e-12
1.824561403508771917e+01 7.117347388471571559e-12
1.829573934837092608e+01 6.473884129892960161e-12
1.834586466165413299e+01 5.886884626761273408e-12
1.839598997493734345e+01 5.351501782211836150e-12
1.844611528822055035e+01 4.863290600468981835e-12
1.849624060150375726e+01 4.418175501490425467e-12
1.854636591478696772e+01 4.012420176868065923e-12
1.859649122807017463e+01 3.642599793102974246e-12
1.864661654135338154e+01 3.305575362304687921e-12
1.869674185463659200e+01 2.998470113272969092e-12
1.874686716791979890e+01 2.718647707926010114e-12
1.879699248120300581e+01 2.463692159162130351e-12
1.884711779448621627e+01 2.231389316557719403e-12
1.889724310776942318e+01 2.019709795870275720e-12
1.894736842105263008e+01 1.826793237161801052e-12
1.899749373433583699e+01 1.650933784553560928e-12
1.904761904761904745e+01 1.490566688190298463e-12
1.909774436090225436e+01 1.344255935979627339e-12
1.914786967418546126e+01 1.210682829117300447e-12
1.919799498746867172e+01 1.088635421332639096e-12
1.924812030075187863e+01 9.769987472370356695e-13
1.929824561403508554e+01 8.747457701457834394e-13
1.934837092731829600e+01 7.809289843018360211e-13
1.939849624060150290e+01 6.946726105796885970e-13
1.944862155388470981e+01 6.151653285107055976e-13
1.949874686716792027e+01 5.416534908626541951e-13
1.954887218045112718e+01 4.734347700445699294e-13
1.959899749373433409e+01 4.098521883075692690e-13
1.964912280701754099e+01 3.502884860803156804e-13
1.969924812030075145e+01 2.941607848293907265e-13
1.974937343358395836e+01 2.409155025721252584e-13
1.979949874686716527e+01 1.900234815999001985e-13
1.984962406015037573e+01 1.409752890955582730e-13
1.989974937343358263e+01 9.327665214802970275e-14
1.994987468671678954e+01 4.644398917965459895e-14
2.000000000000000000e+01 0.000000000000000000e+00
