1
0
63
1
(4 0
((0,0) (15,255) (0,0))
((0,768) (15,1023) (0,0))
((0,512) (15,767) (0,0))
((0,256) (15,511) (0,0))
)
4
FabOnDisk: SD_0_New_MF_D_0003 0
FabOnDisk: SD_0_New_MF_D_0000 0
FabOnDisk: SD_0_New_MF_D_0001 0
FabOnDisk: SD_0_New_MF_D_0002 0

4,63
-3.184059039074983e-06,2.016051624010760e+00,1.584659007007999e-01,4.784555732447730e-24,2.183931021397784e-22,1.068682695340859e-17,2.576859124027099e-12,2.455682852224508e-08,7.751522640926987e-10,1.028209043630301e-12,2.889406344690326e-03,0.000000000000000e+00,2.385586046353020e-29,1.584257190125222e-30,4.173081089029526e-14,9.073780106873937e-12,2.662675726670219e-24,1.166817580496430e-12,2.576341408220662e-18,1.599646274436672e-30,1.204838559131988e-13,1.585633321148416e-10,5.723579418030009e-12,8.000341760481574e-36,7.926643385914833e-13,5.594724946153743e-28,0.000000000000000e+00,0.000000000000000e+00,0.000000000000000e+00,1.365429876772421e-29,3.842086356683089e-14,0.000000000000000e+00,8.083282579431355e-26,0.000000000000000e+00,0.000000000000000e+00,0.000000000000000e+00,0.000000000000000e+00,0.000000000000000e+00,0.000000000000000e+00,0.000000000000000e+00,0.000000000000000e+00,0.000000000000000e+00,0.000000000000000e+00,2.335487750533528e-17,2.364497592185529e-18,3.486007625614560e-20,6.575752149201356e-18,2.121810470228178e-18,8.675303856779508e-17,2.006907225069225e-17,3.616140613418229e-17,0.000000000000000e+00,0.000000000000000e+00,0.000000000000000e+00,0.000000000000000e+00,0.000000000000000e+00,0.000000000000000e+00,0.000000000000000e+00,1.136368143459455e-01,3.743498607509492e+03,0.000000000000000e+00,4.430000042425604e+02,1.013002985983147e+05,
-1.779263699899679e-09,5.591232397923994e+00,1.461006952969839e-01,6.131544743788401e-06,5.855178784621744e-05,4.701368945894320e-04,1.349353103864234e-07,5.714651539701958e-05,1.235263479641254e-02,1.214908109139757e-08,1.187000079403587e-03,5.193298864207755e-11,2.747819769017553e-10,2.323202064440769e-11,1.098498577128412e-09,3.004996663093989e-10,8.775011865816554e-10,1.646092515081970e-09,3.587381882889050e-12,1.186967229910950e-11,1.263683971594610e-11,3.575368036166385e-03,2.343473863952747e-02,8.852936200258954e-11,9.127916763545193e-09,1.016443737659096e-10,3.407321602606317e-09,7.042048583685221e-14,1.273586190601279e-15,3.027781724122082e-09,1.639221315667445e-09,4.191883221111262e-15,2.215586098462201e-12,4.988360919747070e-14,8.278321796185700e-14,1.607539589415459e-15,3.222445641960544e-15,2.831124031504764e-15,9.872464963291718e-19,4.568577682656625e-17,1.714857223133541e-20,8.087068723531049e-22,2.179853712099685e-17,7.969442103965669e-14,1.779829252503675e-17,1.221164571542664e-18,5.955599673729891e-07,4.050787884506134e-06,1.816296546362562e-08,1.357921558899816e-08,8.304474949134833e-09,4.313111448206335e-13,7.109930158981308e-16,1.162501128054107e-24,0.000000000000000e+00,5.831408348559660e-33,9.155128603691353e-33,2.035496268757743e-28,1.047850157492660e-01,7.929603250051487e+03,0.000000000000000e+00,2.330498567425192e+03,1.013249981326443e+05,
-1.079415449695164e-09,5.520695307763137e+00,1.469580142645582e-01,7.234262189505832e-06,6.976448583358807e-05,5.071011898026133e-04,1.327279155528504e-07,6.123167847222665e-05,1.235464917499291e-02,1.466086539710754e-08,1.328077015053893e-03,8.270632849967946e-11,3.973611308967767e-10,3.470513277577789e-11,1.525935195673021e-09,3.822788152836286e-10,1.137484286989924e-09,2.378474728642863e-09,5.204577286190742e-12,1.782855250639609e-11,1.801306879025985e-11,3.785985276852377e-03,2.303894463089584e-02,1.295562515880401e-10,1.272893178856285e-08,1.680152795974237e-10,5.077887146779817e-09,1.296113876944203e-13,2.352700440406159e-15,4.229187752583644e-09,2.213715125695383e-09,8.897334356679272e-15,4.052889498902712e-12,1.056132198819339e-13,1.273182175912816e-13,3.292678215910276e-15,5.484583910664296e-15,4.917518706822603e-15,2.413260358088240e-18,1.024338652290968e-16,3.750112175482412e-20,2.235448605396573e-21,5.039121552708106e-17,1.414703825502653e-13,3.954932674944303e-17,2.455709811778460e-18,9.436535604055758e-07,6.444324519744435e-06,2.508512072003686e-08,2.896764370848656e-08,1.788459664235610e-08,7.364386076004085e-13,1.285747542932744e-15,2.073246248397054e-24,0.000000000000000e+00,0.000000000000000e+00,0.000000000000000e+00,0.000000000000000e+00,1.054025943150275e-01,7.827563728455143e+03,0.000000000000000e+00,2.290063205414559e+03,1.013249982264328e+05,
-1.612923905281835e-09,5.252675750912864e+00,1.491438309106019e-01,1.056559220490652e-05,1.026843227102859e-04,5.968227008437959e-04,1.327555516677097e-07,7.205316862668265e-05,1.226464194458460e-02,2.256779540980329e-08,1.675722011444216e-03,1.395281377389271e-10,4.004675434960059e-10,5.080427687620702e-11,1.344899590402625e-09,1.899963450798087e-10,1.927878934133256e-09,2.789146802565766e-09,5.237509457190511e-12,2.648800702204452e-11,1.876702585735501e-11,4.305336510830116e-03,2.222719275675012e-02,1.263521094983547e-10,1.028988126732913e-08,3.059103442657290e-10,6.704918982483295e-09,3.053508588079547e-13,5.513144994456808e-15,2.804700357508528e-09,1.111286994315401e-09,2.816228251396040e-14,9.015327777116889e-12,3.327031288369527e-13,2.527936372568830e-14,7.471714500119862e-15,7.636846744548510e-15,8.946987772494377e-15,9.785920816014628e-18,3.431576725815944e-16,0.000000000000000e+00,1.221031127702735e-20,1.828495742618784e-16,4.812812716794665e-14,8.524218556863668e-17,2.997114102648204e-18,1.578445904678647e-06,1.088331487418906e-05,1.677418114551862e-08,9.918852634485474e-08,6.269049316542423e-08,1.464564375984454e-12,2.917566837573934e-15,0.000000000000000e+00,0.000000000000000e+00,0.000000000000000e+00,0.000000000000000e+00,0.000000000000000e+00,1.069747123968601e-01,5.352048034213036e+03,0.000000000000000e+00,2.136490792432249e+03,1.013249797394407e+05,

4,63
3.400893399962822e-06,5.249997626548035e+00,8.373328207742783e-01,5.073075485613311e-05,4.314370981219563e-04,9.453140412913194e-04,1.173800379792168e-04,4.148093651822969e-04,1.302866656325676e-02,2.076211138286224e-05,1.827792783162320e-01,1.496339638418246e-06,6.605769757073169e-06,7.468645054842148e-07,2.360181891525772e-04,2.749989856677715e-04,2.027306758837964e-05,5.081300710927117e-04,1.499905913097264e-05,9.809589951790242e-07,6.913169816459515e-05,1.439281700778459e-02,2.222433227582245e-02,8.509864957942809e-07,6.359991548756103e-04,2.224952117641356e-05,4.527528856041319e-03,1.019160101502664e-04,4.720838779419990e-04,3.291469802103490e-05,1.104660161460461e-04,1.334146878238740e-07,3.161840700245953e-05,3.817267837332674e-05,1.220014555022423e-05,5.739423680385037e-05,3.092478234030715e-05,4.020030873765488e-05,3.122228516258307e-06,6.388690746877409e-04,1.082466697426153e-05,4.365483855948463e-06,1.128281675520782e-04,1.881088976668653e-05,7.134317285091488e-07,1.715723800978742e-08,2.527417501792835e-06,1.784828341975628e-05,2.934334501030613e-05,1.254594058668496e-05,1.602485376002955e-05,1.715125015126357e-06,4.309187763961801e-04,9.646428002723031e-06,5.259455525971421e-02,1.584506873891788e-03,1.395380870080356e-04,4.345299666762499e-04,6.019589616796513e-01,7.393483825827372e+04,0.000000000000000e+00,2.135065435672132e+03,1.013361158814642e+05,
1.432553434896536e-09,5.621148480750457e+00,1.469528800089848e-01,7.227236944286875e-06,6.969378234400053e-05,5.068803047643933e-04,1.366416421488695e-07,6.120647170396626e-05,1.235463975752329e-02,1.464474324434830e-08,1.327239745829930e-03,8.254152214138394e-11,3.967937911461995e-10,3.464878999996153e-11,1.524096449840514e-09,3.820103884261244e-10,1.135847285624088e-09,2.375061291681772e-09,5.197066070922758e-12,1.779905453036438e-11,1.798886066359907e-11,3.784728774758526e-03,2.360385310249487e-02,1.293639804474300e-10,1.271348889087326e-08,1.676470520069375e-10,5.069821749261523e-09,1.292446594376278e-13,2.346024720284441e-15,4.224082542272905e-09,2.211507101156282e-09,8.864981096675266e-15,4.041738415500668e-12,1.052308216801899e-13,1.271395155801716e-13,3.282465690534957e-15,5.472746659702091e-15,4.905963035100255e-15,2.402764032706017e-18,1.020393698836936e-16,3.736533952967306e-20,2.224105841087042e-21,5.018765867335665e-17,1.412022948206758e-13,3.942203709875753e-17,2.449228345862935e-18,9.418146665857971e-07,6.431613419008050e-06,2.505654225182448e-08,2.886022791683115e-08,1.781726873110684e-08,7.346791434516964e-13,1.282238678698958e-15,2.067839480838106e-24,1.080697973448920e-30,3.370900444790771e-31,4.491458560835397e-31,5.310086470314717e-28,1.053989000268729e-01,7.967437745521689e+03,0.000000000000000e+00,2.346676500859473e+03,1.013250011273228e+05,
1.093541570939033e-09,5.591062634270854e+00,1.491297718018121e-01,1.054234683580211e-05,1.024582297759734e-04,5.962814498869574e-04,1.349251616771205e-07,7.198453292039136e-05,1.235647562727918e-02,2.251077790246999e-08,1.673556390752559e-03,1.392384849658732e-10,5.379546850567504e-10,5.092875328193724e-11,1.914279160526728e-09,4.075678770098076e-10,1.922225971274520e-09,3.255401869241467e-09,7.061827539719200e-12,2.645169583213654e-11,2.370528144417416e-11,4.302153366433394e-03,2.343373686225947e-02,1.777973400771321e-10,1.592003813996781e-08,3.051381613679729e-10,7.300877663250704e-09,3.041059726698146e-13,5.491064666212167e-15,5.203529957885318e-09,2.507771231015130e-09,2.800280215266623e-14,8.982924944000896e-12,3.308202809383655e-13,1.491805691965535e-13,7.447386995126849e-15,9.049711854302435e-15,8.926844510560107e-15,9.717140068574678e-18,3.411167759068676e-16,1.154517149035577e-19,1.210231833769412e-20,1.816689014791087e-16,1.808554170944243e-13,8.501377776817210e-17,4.221561815670854e-18,1.575131193037364e-06,1.085983115393846e-05,3.031215241659890e-08,9.854897066495655e-08,6.227720956547562e-08,1.460010829812793e-12,2.906306235242351e-15,4.397972311144436e-24,1.280468566187097e-25,4.675386579664015e-25,4.284914745606221e-25,1.258401849284741e-25,1.069645959329624e-01,7.929880072305265e+03,0.000000000000000e+00,2.330401489581932e+03,1.013250003685151e+05,
1.671877505931386e-09,5.520256534752412e+00,1.583730018484826e-01,3.044810573645180e-05,2.769822391247565e-04,8.615081748333190e-04,1.966540749264836e-07,1.144337208570330e-04,1.235642980556855e-02,7.578409727128902e-08,2.880598180153682e-03,1.966856103789417e-10,5.641662114429829e-10,5.870273777840072e-11,1.942074790207212e-09,3.970246237033981e-10,7.528375366475366e-09,3.490550733051106e-09,7.395107475553885e-12,3.092495568994180e-11,2.461035450859493e-11,6.121171229479434e-03,2.303665544101247e-02,1.864591034766341e-10,1.608482605449142e-08,5.224602810471023e-10,8.113560394177077e-09,1.240881062237860e-12,2.182405276240394e-14,5.217438350888715e-09,2.490978104842806e-09,1.962423669438688e-13,2.218903752344250e-11,2.511297431156548e-12,1.456222776320050e-13,1.202717679703861e-14,1.049411760597336e-14,1.218623020420611e-14,1.380488830393043e-16,2.989873836559698e-15,9.058418343491294e-18,4.891377059905470e-19,2.432316772792743e-15,1.795128986583876e-13,1.403300746986951e-16,4.560701771872152e-18,2.526383583246614e-06,1.784036286684143e-05,3.035703760434328e-08,1.852382453519314e-06,1.263088040118636e-06,3.808676195590949e-12,1.038770883721940e-14,4.134048951340468e-18,6.478260377556336e-17,9.346669921204452e-17,4.333300256930611e-17,2.570540253074498e-17,1.135722199219005e-01,7.826304052376196e+03,0.000000000000000e+00,2.289807693810137e+03,1.013250016572744e+05,

