1
0
63
1
(4 0
((0,0) (15,255) (0,0))
((0,768) (15,1023) (0,0))
((0,512) (15,767) (0,0))
((0,256) (15,511) (0,0))
)
4
FabOnDisk: SD_0_Old_MF_D_0003 0
FabOnDisk: SD_0_Old_MF_D_0000 0
FabOnDisk: SD_0_Old_MF_D_0001 0
FabOnDisk: SD_0_Old_MF_D_0002 0

4,63
-3.243508877958284e-06,2.024588551496980e+00,1.584578532795452e-01,5.106980038959854e-24,2.334115050151529e-22,1.117421440411993e-17,2.700255286833583e-12,2.499777512549652e-08,8.080585670155402e-10,1.077728725373884e-12,2.890707566068278e-03,0.000000000000000e+00,2.606336074969997e-29,1.730151807829634e-30,4.358058480195048e-14,9.477239438957593e-12,2.876291322986178e-24,1.234473326824271e-12,2.776145229784376e-18,1.771304071948507e-30,1.275859045670633e-13,1.661648493072821e-10,6.060429759741253e-12,8.836520227536937e-36,8.371470438480289e-13,6.304579589920475e-28,0.000000000000000e+00,0.000000000000000e+00,0.000000000000000e+00,1.525507231289901e-29,4.095355479389541e-14,0.000000000000000e+00,9.194865257675515e-26,0.000000000000000e+00,0.000000000000000e+00,0.000000000000000e+00,0.000000000000000e+00,0.000000000000000e+00,0.000000000000000e+00,0.000000000000000e+00,0.000000000000000e+00,0.000000000000000e+00,0.000000000000000e+00,2.531787074102500e-17,2.563853445760454e-18,3.780806081853976e-20,7.133047499133866e-18,2.301767824635055e-18,9.412618135168625e-17,2.177601204384371e-17,3.923705120227704e-17,0.000000000000000e+00,0.000000000000000e+00,0.000000000000000e+00,0.000000000000000e+00,0.000000000000000e+00,0.000000000000000e+00,0.000000000000000e+00,1.136329740803386e-01,3.748715293640562e+03,0.000000000000000e+00,4.430000044075362e+02,1.013044773412033e+05,
-1.248085502259340e-09,5.599746389462100e+00,1.461005660635852e-01,6.131329905706046e-06,5.854967838371849e-05,4.701293131935742e-04,1.349361452228139e-07,5.714561348911485e-05,1.235263173303396e-02,1.214862826667150e-08,1.186974156192883e-03,5.192378268061580e-11,2.747389083467708e-10,2.322822129581298e-11,1.098335971827320e-09,3.004606802621360e-10,8.774454375009497e-10,1.645836925096464e-09,3.586815984336566e-12,1.186772033971052e-11,1.263491945130202e-11,3.575320944092394e-03,2.343482348996957e-02,8.851515643204635e-11,9.126554238346313e-09,1.016255957526710e-10,3.406765953130629e-09,7.040600912632757e-14,1.273322756668227e-15,3.027329903762799e-09,1.638987062886749e-09,4.190894974579290e-15,2.215133758075812e-12,4.987195310568581e-14,8.276564394187177e-14,1.607112796761230e-15,3.221756657683110e-15,2.830532154059600e-15,9.869707213189537e-19,4.567392379122126e-17,1.714400724533127e-20,8.084620816745553e-22,2.179281929659214e-17,7.967214217633848e-14,1.779251892254614e-17,1.220792651192767e-18,5.954554964944075e-07,4.050074378147782e-06,1.816027814100348e-08,1.357605932143605e-08,8.302531290541771e-09,4.312288653176415e-13,7.108478274493838e-16,1.162255865851691e-24,0.000000000000000e+00,5.867833558265732e-33,9.503544182435108e-33,2.034711605269222e-28,1.047849259933734e-01,7.929551772392848e+03,0.000000000000000e+00,2.330507376437881e+03,1.013249983536126e+05,
-1.101625242115266e-09,5.529235588436924e+00,1.469575402937250e-01,7.233636672233489e-06,6.975811735863760e-05,5.070814006358441e-04,1.327278021284004e-07,6.122948046346644e-05,1.235465059890160e-02,1.465941193632114e-08,1.327999901362115e-03,8.268724843612989e-11,3.972894694060950e-10,3.469826740226049e-11,1.525690778735323e-09,3.822350004477133e-10,1.137329011303033e-09,2.378044426053914e-09,5.203632207858987e-12,1.782497736638312e-11,1.800994972484497e-11,3.785872861269920e-03,2.303917389127901e-02,1.295322197843502e-10,1.272687837278350e-08,1.679733098768483e-10,5.076894560165212e-09,1.295716197622475e-13,2.351976166131122e-15,4.228506182004235e-09,2.213400133778725e-09,8.893949910017944e-15,4.051666564033868e-12,1.055732107232003e-13,1.272917881062719e-13,3.291492504735090e-15,5.483128084571252e-15,4.916174006110538e-15,2.412164238742096e-18,1.023919436500566e-16,3.748636175061798e-20,2.234286438634579e-21,5.036971660101613e-17,1.414314762638823e-13,3.953374962352349e-17,2.454871395583528e-18,9.434377912040110e-07,6.442837125168304e-06,2.508121493436741e-08,2.895642164274153e-08,1.787757613416165e-08,7.362414354053748e-13,1.285365234467325e-15,2.072632366078284e-24,0.000000000000000e+00,0.000000000000000e+00,0.000000000000000e+00,0.000000000000000e+00,1.054022538803612e-01,7.827697577560275e+03,0.000000000000000e+00,2.290090652270181e+03,1.013249983099306e+05,
-1.570152564455524e-09,5.261550684526206e+00,1.491422988491723e-01,1.056310581798967e-05,1.026599294639345e-04,5.967646057452070e-04,1.327550198284550e-07,7.204594502496759e-05,1.226613852173646e-02,2.256165911843428e-08,1.675485386408499e-03,1.394892055578009e-10,4.004474520325310e-10,5.078156740151696e-11,1.344749782085743e-09,1.899827611444395e-10,1.927255583203986e-09,2.788748990419052e-09,5.238399395331875e-12,2.648262678884105e-11,1.876984220948639e-11,4.304995218141745e-03,2.222705701110573e-02,1.263400030586466e-10,1.028981409049502e-08,3.058097240948802e-10,6.704053849485115e-09,3.051997043541839e-13,5.510460947788661e-15,2.806449596719378e-09,1.112255930994711e-09,2.814345971858517e-14,9.011300496187853e-12,3.324811666996542e-13,2.531957249431129e-14,7.468441615805751e-15,7.637422757539757e-15,8.944226158417648e-15,9.777866882781946e-18,3.429153133178087e-16,0.000000000000000e+00,1.219786799022027e-20,1.827099580607326e-16,4.807113935711886e-14,8.520798980955695e-17,2.993308154982903e-18,1.577996456386171e-06,1.088014829957000e-05,1.678898648976594e-08,9.911380758127874e-08,6.264228739990834e-08,1.463990343661168e-12,2.916192720898637e-15,0.000000000000000e+00,0.000000000000000e+00,0.000000000000000e+00,0.000000000000000e+00,0.000000000000000e+00,1.069736134340723e-01,5.357233590675410e+03,0.000000000000000e+00,2.136625928837972e+03,1.013249791742694e+05,

4,63
3.299872647082250e-06,5.258875661735996e+00,8.373328142977954e-01,5.071799738675584e-05,4.314482029944578e-04,9.453680999611500e-04,1.174212100838866e-04,4.145019612603863e-04,1.302726344094682e-02,2.076022470758549e-05,1.827792767968393e-01,1.500926967405114e-06,6.589292711450919e-06,7.483407159263911e-07,2.355084803219274e-04,2.748160902672078e-04,2.028002550531913e-05,5.084068203366288e-04,1.496603760648042e-05,9.783310389090097e-07,6.906442745244436e-05,1.439474467225839e-02,2.222421145543515e-02,8.553064782647209e-07,6.375008898668474e-04,2.223663959311351e-05,4.524881920316710e-03,1.023231181489328e-04,4.712480261234494e-04,3.298499407031913e-05,1.105654636868836e-04,1.337882049720182e-07,3.149136666999822e-05,3.811528259545645e-05,1.218358186074114e-05,5.755996085186178e-05,3.090776321554616e-05,4.017425034888148e-05,3.119393485457989e-06,6.379748704018278e-04,1.079242854818505e-05,4.395560449430664e-06,1.126094552604454e-04,1.880270113001784e-05,7.139000777311195e-07,1.714091562664239e-08,2.526127818801105e-06,1.783932326022677e-05,2.927897271754947e-05,1.255161315531122e-05,1.602750344298868e-05,1.716284723531466e-06,4.312952433977029e-04,9.694316641356233e-06,5.259455483778727e-02,1.586930381913796e-03,1.392159250616946e-04,4.360969846018710e-04,6.019589566615592e-01,7.391742926376361e+04,0.000000000000000e+00,2.135201141275679e+03,1.013361281985034e+05,
1.479608876688490e-09,5.629657794387056e+00,1.469524082043729e-01,7.226615104368548e-06,6.968745071761651e-05,5.068606166129968e-04,1.366418879586346e-07,6.120428555534142e-05,1.235464113510294e-02,1.464329847789549e-08,1.327163022408984e-03,8.252250791222518e-11,3.967222672708022e-10,3.464194208516483e-11,1.523852327971442e-09,3.819665215788700e-10,1.135692875682350e-09,2.374631850787166e-09,5.196122820017652e-12,1.779548871384009e-11,1.798574671164265e-11,3.784616927050393e-03,2.360390128372798e-02,1.293399979247913e-10,1.271143793472668e-08,1.676052453224057e-10,5.068831531060466e-09,1.292050956875830e-13,2.345304138595644e-15,4.223401705656840e-09,2.211192146354829e-09,8.861618239256795e-15,4.040521455785787e-12,1.051910667949514e-13,1.271130954844326e-13,3.281285484925898e-15,5.471295338519895e-15,4.904623356692360e-15,2.401675736060688e-18,1.019977178271961e-16,3.735066688867871e-20,2.222953165068196e-21,5.016630466195659e-17,1.411634305011890e-13,3.940652466504942e-17,2.448392424167041e-18,9.415996280570149e-07,6.430131145574311e-06,2.505263996436101e-08,2.884908015890350e-08,1.781029530796687e-08,7.344828246833377e-13,1.281858269179746e-15,2.067228437572010e-24,1.132986686617352e-30,3.463615295446058e-31,4.606822338400863e-31,5.307531243073644e-28,1.053985611418257e-01,7.967351701754359e+03,0.000000000000000e+00,2.346679227758982e+03,1.013250008778916e+05,
1.395178791584685e-09,5.599576696203872e+00,1.491282461074181e-01,1.053987482378411e-05,1.024339704899275e-04,5.962235850542744e-04,1.349260003177888e-07,7.197734352466049e-05,1.235648427117490e-02,2.250467860104464e-08,1.673320737951208e-03,1.391996380166227e-10,5.378772470955861e-10,5.091870203153609e-11,1.914082842818041e-09,4.075487125311039e-10,1.921606394246859e-09,3.254894131468639e-09,7.060818054447251e-12,2.644631748681544e-11,2.370218698692662e-11,4.301813510634911e-03,2.343382212109333e-02,1.777710976477420e-10,1.591848557962722e-08,3.050378497405719e-10,7.299544707046236e-09,3.039556857776197e-13,5.488395444229013e-15,5.203112791598331e-09,2.507636795954514e-09,2.798412174043557e-14,8.978916121309882e-12,3.306000001306145e-13,1.491689899618840e-13,7.444124191840495e-15,9.047404866843039e-15,8.924087542129591e-15,9.709160017366009e-18,3.408763252646465e-16,1.153735055225330e-19,1.209001605232935e-20,1.815304822082066e-16,1.808357141109101e-13,8.497964158877151e-17,4.220459770979929e-18,1.574682857745822e-06,1.085667282153272e-05,3.030987832741493e-08,9.847492666193921e-08,6.222944739510659e-08,1.459439288874263e-12,2.904939624899561e-15,4.396082123444891e-24,1.278995451791855e-25,1.568942984887082e-25,1.787634542225618e-25,4.305261730084212e-26,1.069635014998140e-01,7.929909832861940e+03,0.000000000000000e+00,2.330410344220319e+03,1.013250001818878e+05,
1.166864905869657e-09,5.528797063086778e+00,1.583649563047333e-01,3.040443373215091e-05,2.768067686846332e-04,8.613910865365955e-04,1.966080313382422e-07,1.143236107102556e-04,1.235644041894744e-02,7.572979147815235e-08,2.881833407026918e-03,1.966421182779916e-10,5.641286706001384e-10,5.869967002069783e-11,1.941948624833876e-09,3.970296259617586e-10,7.511035196997404e-09,3.490318539920164e-09,7.394620116063597e-12,3.092353408476961e-11,2.460883326395230e-11,6.114888955572734e-03,2.303688557411455e-02,1.864461839345548e-10,1.608380646840946e-08,5.222270982161824e-10,8.112996830941819e-09,1.238580970301391e-12,2.177909481957638e-14,5.217120846299821e-09,2.490928741691255e-09,1.959477734362399e-13,2.219539608425383e-11,2.506595207390614e-12,1.456227708820761e-13,1.202598986421945e-14,1.049316315700748e-14,1.218559153796764e-14,1.384271417458350e-16,2.997995037039633e-15,9.568775980219635e-18,4.898264345797706e-19,2.425744658784250e-15,1.795018207744363e-13,1.388932403079757e-16,4.560121313092714e-18,2.525180159492793e-06,1.783193979336729e-05,3.035518441774966e-08,1.846383451427612e-06,1.258950499725633e-06,3.804820118301424e-12,1.037791887221611e-14,4.411189475335393e-18,6.896984007549538e-17,1.382682867691237e-16,5.002120304619189e-17,3.800820450711057e-17,1.135683268041424e-01,7.826437460468782e+03,0.000000000000000e+00,2.289835253259683e+03,1.013250016643222e+05,

