1
0
56
1
(4 0
((0,0) (15,255) (0,0))
((0,768) (15,1023) (0,0))
((0,512) (15,767) (0,0))
((0,256) (15,511) (0,0))
)
4
FabOnDisk: SD_5_Old_MF_D_0003 0
FabOnDisk: SD_5_Old_MF_D_0000 0
FabOnDisk: SD_5_Old_MF_D_0001 0
FabOnDisk: SD_5_Old_MF_D_0002 0

4,56
-7.768892181110583e+00,-1.601195219520105e+01,-2.604784343327288e+01,-5.995375692923479e+00,-8.444101570402083e+00,-8.882719764387986e+00,-1.111974033305173e+00,-6.358618678793576e+02,-2.754522823250171e-01,-7.631728683716993e-01,-8.898375432384956e-02,-1.368219709243658e+01,-1.299009519272741e+01,-1.398366135820692e+00,-9.591127845496034e+00,-4.553407972714790e-01,-7.147302607161922e-02,-2.834468476683566e+00,-1.342318486209444e+02,1.561716996500116e-20,-9.469935852455241e-02,-4.858585463825948e+01,-1.833678159732560e+00,-2.026884185325580e+02,-7.781979846275336e+00,-2.501016343108105e+01,-4.403036371118554e+00,-2.841505704710897e+00,-9.151647429182846e-03,-1.999427311864362e+00,-1.629621006164391e+00,-9.255204117651055e-01,-3.766932861760240e+00,-2.194287162190377e+00,-3.148670046021008e+00,-2.150027080524784e-01,-3.214671324428746e+01,-5.339899536737805e-01,-3.234739706990234e-01,-8.384164226133343e+00,-9.869305811633007e-01,-1.688499472952658e-02,-6.986798201375056e-04,-8.142688049262124e-02,-1.802912307086672e-01,-2.055259732105238e+00,-6.875858196937940e-02,-3.856004272552932e-01,-1.381654093985465e-01,-2.431063874956179e+01,-5.019361226783071e-01,-5.950651398451967e+02,-8.979731060457502e+01,-9.536554577407772e+00,-2.472264648448390e+01,-6.907043825776782e-10,
-3.991112436252172e-03,-3.042314904185351e-02,-8.944248377002274e-02,2.739972619986891e-07,-1.110147977197203e-02,1.051785170488609e-01,-6.802799231354428e-06,-3.407089403969220e-01,-9.025650548955609e-08,-3.083360891653815e-07,-2.634130049840295e-08,-1.135632179221927e-06,-2.619192855112442e-07,-6.856100869103919e-07,-1.376492666532648e-06,-2.944602633698510e-09,-1.154557973212707e-08,-1.049362066775628e-08,-4.858304666497266e-01,2.713466100467032e-01,-8.243985605408789e-08,-8.296972373508853e-06,-1.485893908370669e-07,-3.476265476782259e-06,-1.512096536910995e-10,-2.750772877724893e-12,-3.758680743517574e-06,-1.233614116392679e-06,-1.356773079312653e-11,-4.569964594087155e-09,-1.602934155330156e-10,-8.003132618896853e-11,-4.122030966293145e-12,-4.641580327055393e-12,-4.607504600307879e-12,-4.396465170022608e-15,-1.638263605539474e-13,-5.595946455114126e-17,-8.838322246816272e-19,-8.445468861156661e-14,-1.030569392465133e-10,-5.046896805311852e-14,-2.511848909864449e-15,-7.267100589601241e-04,-5.028987399446852e-03,-1.275795608428110e-05,-4.458960461389035e-05,-2.797505869825264e-05,-7.080690943136782e-10,-1.427256094663964e-12,-1.028806701095695e-20,-4.658761356424486e-21,-8.684757125082188e-25,-4.229563231732303e-26,-2.051062064025809e-25,-4.171227946381251e-11,
-1.254764019104418e-02,-9.437385829578696e-02,-2.054995879286903e-01,2.585327878618151e-06,-2.941209720425512e-02,1.848821096031870e-01,-2.332038586958267e-05,-8.337942351690070e-01,-1.076193330003238e-07,-2.182899018960159e-07,-2.436759248465378e-08,-6.859675212799849e-07,-8.674994193063786e-08,-2.295098934870233e-06,-1.324197108794692e-06,-2.892721975892618e-09,-1.309019938600467e-08,-9.195064970005963e-09,-1.154361495716932e+00,7.851475531141651e-01,-7.468901206922732e-08,-5.765343883938764e-06,-2.910130862570220e-07,-3.318019102563791e-06,-4.955931315647057e-10,-8.765021843618175e-12,-1.894804980136346e-06,-7.914416025555972e-07,-6.509031685229632e-11,-1.263603094214506e-08,-7.687558409374542e-10,-6.433964471631627e-11,-9.115441227328190e-12,-5.486991087963241e-12,-7.311478229859025e-12,-2.818435473383873e-14,-8.249122008304539e-13,-2.667268000618178e-16,-3.494160954841432e-15,-4.772841918252944e-13,-9.869242069906151e-11,-8.132782776913530e-14,-2.701888030687581e-15,-1.209990156724448e-03,-8.604533994658962e-03,-1.055199938440434e-05,-2.599293615050958e-04,-1.682418246600385e-04,-1.741309082974850e-09,-4.393730012723888e-12,-1.566816281477757e-19,-3.699159067670095e-16,-1.446281066077087e-19,-1.031229144023603e-19,-4.052748786992027e-20,-4.920086560389336e-11,
-1.677956974895930e-01,-7.808487523172857e-01,-5.071219715161990e-01,-5.440618542052298e-04,-1.583804888564704e-01,4.949122938445695e-01,-2.811654405173594e-04,-4.151882800352002e+00,-1.107582851803813e-07,-1.173203061763529e-07,-2.213379026160792e-08,-1.185875747170899e-07,1.483695704300079e-07,-2.932575347669323e-05,-8.938543516183748e-07,-1.569830419781822e-09,-1.224986659422637e-08,-4.175160213702845e-09,-4.421584266245477e+00,1.854991898724643e+00,-4.187423428616643e-08,-7.337829048093623e-07,-3.619078148212413e-07,-2.727756263778327e-06,-2.755490512362130e-09,-5.095766255675332e-11,2.386142372870914e-07,6.293061229216028e-07,-5.830771236608604e-10,-2.379050119124165e-08,-9.107455082589481e-09,7.204393947849069e-11,-1.319913363659554e-11,-1.236634550172773e-11,-2.898375792478704e-11,-3.131582744122804e-12,-2.467988119602435e-10,-2.146111029127621e-10,-1.204152107424687e-14,-2.812454660138321e-11,-3.241019732484843e-09,-9.377770969655781e-12,-2.579392131726753e-13,-1.412804719227741e-03,-1.041453252951802e-02,1.223903634275251e-06,-1.671394300751924e-02,-1.167891621000995e-02,-4.438749012199793e-09,-3.920516006748418e-10,-3.398990918088986e-11,-6.037346629033262e-08,-8.316834803645415e-11,-1.186687054225230e-10,-2.169750345561076e-11,-7.760503351050829e-11,

4,56
5.729441468543423e+00,2.925072005185692e+01,4.397450082078487e+01,7.452492884838541e+00,1.323479322430790e+01,3.169832374876856e+02,6.086692452813187e-01,1.721172009183647e-05,6.341872522372571e-01,1.367278520344025e+00,1.633730296720224e-01,2.569830756271803e+01,1.625433601675725e+01,1.956206868241440e+00,1.565531434727085e+01,4.341896762527727e-01,1.336891779625426e-01,2.804508957327203e+00,4.614964117743879e+02,2.829825380565673e+02,2.044974513591500e-01,5.862052153964790e+01,3.864090045998982e+00,2.994124595132853e+02,1.317866048296367e+01,2.667468700153963e+01,8.656672033272953e+00,3.439091714130351e+00,1.609002958978598e-02,3.723840552311447e+00,2.471274471784803e+00,1.085889516916346e+00,3.901033167260827e+00,2.296792990336432e+00,3.894044221145696e+00,1.988000707139646e-01,3.485556321482365e+01,1.115623725731629e+00,6.108154642208409e-01,7.992941696377662e+00,1.461257165366360e+00,4.247330466092585e-02,1.083473369093272e-03,7.682444760757288e-02,3.743503504377983e-01,2.433987655987268e+00,4.710288287606353e-01,6.791500509027365e-01,1.866139397489066e-01,1.669402786140697e+01,8.338676745413339e-01,6.411680210724799e-01,9.173662606766875e+01,1.437766990633509e+01,2.571037686334166e+01,9.149516699835658e-10,
-1.980235023119436e-03,-1.179179160466926e-02,-3.294294272171772e-02,6.417931683678222e-06,-5.936245600191853e-03,1.842906507859673e-01,-1.787909020918845e-06,-1.572312731483149e-01,-4.238112250133177e-08,-1.830353271312534e-07,-1.650332696714783e-08,-6.645099668897375e-07,-8.725758962494929e-08,-1.981240273640024e-07,-1.093232511134494e-06,-2.406518342120032e-09,-8.490628214094584e-09,-8.236968163594034e-09,-1.650703555068737e-01,7.827326672531467e-01,-6.039855838657269e-08,-5.620521628838826e-06,-8.564638399470204e-08,-2.429790506619526e-06,-6.729230322318811e-11,-1.229834213358957e-12,-1.879407676785748e-06,-7.935492421570393e-07,-4.567630885691771e-12,-2.155690100215878e-09,-5.429837661216462e-11,-6.451103093100603e-11,-1.822012171450008e-12,-3.031891815860852e-12,-2.579103976522579e-12,-1.062357419576931e-15,-4.780295400956207e-14,-1.808257223221318e-17,6.179041189633939e-19,-2.036046269868040e-14,-9.356110344471226e-11,-2.273412769575590e-14,-1.521196692285567e-15,-4.562097620668118e-04,-3.110028651219221e-03,-1.056501427466412e-05,-1.204322906486313e-05,-7.384496216985612e-06,-3.321310427681201e-10,-5.530921976573550e-13,1.032300946894212e-20,4.904448120092582e-21,1.021918605447030e-24,1.229140473738465e-25,3.538719866414005e-25,4.163059480477571e-11,
-3.675983512454684e-03,-3.053521609899710e-02,-8.970598798743665e-02,7.534606969685030e-06,-1.113755302160273e-02,4.925811060142026e-01,-6.828902369847543e-06,-3.417669210263989e-01,-6.755756617338788e-08,-1.186116476469888e-07,-2.212006065428070e-08,-1.237717269496922e-07,1.469070488900968e-07,-6.882319063673187e-07,-8.998422539073136e-07,-1.586818004714130e-09,-1.155789498067189e-08,-4.229421948906197e-09,-4.873415940163072e-01,1.847676583054396e+00,-4.232107311529905e-08,-7.804377506387320e-07,-1.489580281181983e-07,-2.738910865676766e-06,-1.517817793837420e-10,-2.761156016966606e-12,2.194697700479517e-07,6.186345527994119e-07,-1.363580905173773e-11,-4.586098885647620e-09,-1.610942279242430e-10,7.100679676807725e-11,-4.135558625429027e-12,-4.648802296266998e-12,-4.618172559971926e-12,-4.422039483864494e-15,-1.646664278916588e-13,-5.621857258945015e-17,1.575596461075135e-16,-8.491204793310851e-14,6.274875910431766e-11,-5.060253632719236e-14,-1.751453301648093e-15,-7.281698030386706e-04,-5.039410793137537e-03,1.122243181720758e-06,-4.482655775139479e-05,-2.812587377804183e-05,-7.102053147814230e-10,-1.432483075440494e-12,1.091165032720511e-18,1.287290950025052e-16,3.331758855032570e-19,7.881422169931125e-21,9.496419828968943e-20,4.631817152045414e-11,
-1.262427652658935e-02,-9.489817337569294e-02,-2.062657353441759e-01,2.476319604661601e-06,-2.954859674987706e-02,3.197391203168671e+00,-2.346403800666062e-05,-8.373070512845711e-01,4.669183909442254e-07,1.478166883869608e-06,1.415310325432612e-07,4.460627356284522e-06,6.848367271647046e-07,-2.309255664395563e-06,7.926893505904049e-06,1.814013269514916e-08,6.852725386617121e-08,5.056284861854620e-08,-1.158967729879641e+00,6.999042334669593e+00,5.030574609053206e-07,3.767551162335212e-05,6.410156786679034e-07,1.834187713385335e-05,-4.984701323103272e-10,-8.813989014754637e-12,1.223569878145647e-05,4.466190637880681e-06,-6.559145952482114e-11,5.992160033707994e-09,-7.747287809773431e-10,2.703013430460298e-10,7.464496190356692e-11,1.376536351137911e-10,4.426720838907782e-10,1.472257502442392e-11,1.163216146560133e-10,9.524692864559675e-11,1.768593638957708e-14,6.265166971418535e-11,3.409157797543327e-10,1.859754074360554e-13,1.014050457922201e-14,1.497204666483440e-03,1.059334683150513e-02,6.441672657548684e-05,-2.623781049486506e-04,-1.698575980933203e-04,-1.748683800019727e-09,7.636558053465568e-11,3.118443096971565e-11,1.989433313454187e-08,2.365909307488693e-11,2.341327863902701e-10,6.280503851083372e-12,9.556044844316602e-11,

