1
0
63
1
(4 0
((0,0) (15,255) (0,0))
((0,768) (15,1023) (0,0))
((0,512) (15,767) (0,0))
((0,256) (15,511) (0,0))
)
4
FabOnDisk: SD_0_Old_MF_D_0003 0
FabOnDisk: SD_0_Old_MF_D_0000 0
FabOnDisk: SD_0_Old_MF_D_0001 0
FabOnDisk: SD_0_Old_MF_D_0002 0

4,63
-2.264544114930721e-02,1.476766498884079e+00,1.515770929430141e-01,4.350699640320309e-25,8.178819778696757e-24,2.243967633695907e-18,5.361715902305238e-13,1.407275366734163e-08,1.945119911094848e-10,2.119147053595375e-13,2.795765241665724e-03,0.000000000000000e+00,1.144501516649293e-30,7.786902371312196e-32,9.812159213953153e-15,0.000000000000000e+00,3.673074768408404e-25,1.709788624999183e-13,1.379833686622226e-19,4.752149586674826e-32,1.707148691029076e-14,3.293078733863981e-11,8.136158001343369e-13,2.603326225697965e-37,1.239515699442611e-13,9.253130746746398e-30,0.000000000000000e+00,0.000000000000000e+00,0.000000000000000e+00,2.697999776587983e-31,4.265190226551493e-15,0.000000000000000e+00,7.415196941984455e-28,0.000000000000000e+00,0.000000000000000e+00,0.000000000000000e+00,0.000000000000000e+00,0.000000000000000e+00,0.000000000000000e+00,0.000000000000000e+00,0.000000000000000e+00,0.000000000000000e+00,0.000000000000000e+00,1.368415471752946e-18,1.372650351221760e-19,3.212216168980900e-21,3.758666455343182e-19,1.210111311871451e-19,4.916806805055263e-18,1.134889298638787e-18,2.044897360996305e-18,0.000000000000000e+00,0.000000000000000e+00,0.000000000000000e+00,0.000000000000000e+00,0.000000000000000e+00,0.000000000000000e+00,0.000000000000000e+00,1.089555486286869e-01,3.653498154289910e+03,0.000000000000000e+00,4.430000012173641e+02,8.955405829147785e+04,
-3.550415201652420e-07,6.011169147097478e+00,1.461030390959868e-01,6.137470325780433e-06,5.860850365365236e-05,4.703462287546161e-04,1.349102107200196e-07,5.717274092385887e-05,1.235272929105764e-02,1.216086297496046e-08,1.187650735446758e-03,5.218378993617943e-11,2.759498156544090e-10,2.333437000566765e-11,1.102774683124647e-09,3.015684584466005e-10,8.790486457534973e-10,1.652999038612301e-09,3.602330745115165e-12,1.192120845645047e-11,1.268674055991792e-11,3.576802720558255e-03,2.343222102556169e-02,8.892618334914218e-11,9.165546474743097e-09,1.021596561030458e-10,3.421937386607049e-09,0.000000000000000e+00,0.000000000000000e+00,3.040231250414410e-09,1.645677948323731e-09,0.000000000000000e+00,2.227870748756189e-12,0.000000000000000e+00,3.681087937756213e-13,0.000000000000000e+00,0.000000000000000e+00,0.000000000000000e+00,0.000000000000000e+00,0.000000000000000e+00,0.000000000000000e+00,0.000000000000000e+00,0.000000000000000e+00,8.031464086251460e-14,1.795784020341952e-17,1.231474519323848e-18,5.984470205509142e-07,4.070491550769601e-06,1.823770973551131e-08,1.366456034564563e-08,8.356958782063725e-09,4.334864399412601e-13,0.000000000000000e+00,0.000000000000000e+00,0.000000000000000e+00,0.000000000000000e+00,0.000000000000000e+00,0.000000000000000e+00,1.047864889684246e-01,7.928865466351691e+03,0.000000000000000e+00,2.330219531597892e+03,1.013248834494421e+05,
-1.781582554885372e-07,5.939735745102146e+00,1.469731417097577e-01,7.253856296479444e-06,6.996548880061089e-05,5.077233323585640e-04,1.327351988743334e-07,6.129952841381769e-05,1.235453446959441e-02,1.470671992121501e-08,1.330534316596167e-03,8.339504649939042e-11,4.000373979938467e-10,3.495692231069421e-11,1.534947781553738e-09,3.840520177549012e-10,1.142506929779814e-09,2.394430585295582e-09,5.239111732047578e-12,1.795736012029544e-11,1.812724271571819e-11,3.789487035107429e-03,2.303116277279439e-02,1.304292322416786e-10,1.280458841911344e-08,1.693673162479213e-10,5.104900905585364e-09,0.000000000000000e+00,0.000000000000000e+00,4.254898219050815e-09,2.225931234321921e-09,0.000000000000000e+00,4.092535911854774e-12,0.000000000000000e+00,3.396877521426085e-13,0.000000000000000e+00,0.000000000000000e+00,0.000000000000000e+00,0.000000000000000e+00,0.000000000000000e+00,0.000000000000000e+00,0.000000000000000e+00,0.000000000000000e+00,1.430309386680765e-13,4.013490465285440e-17,2.487990788847432e-18,9.515777276178526e-07,6.498880878369327e-06,2.523768530421177e-08,2.935715571191110e-08,1.812802919464392e-08,7.429472779710637e-13,0.000000000000000e+00,0.000000000000000e+00,0.000000000000000e+00,0.000000000000000e+00,0.000000000000000e+00,0.000000000000000e+00,1.054134366636118e-01,7.826499826606587e+03,0.000000000000000e+00,2.289128158554168e+03,1.013249660452353e+05,
-2.086592248401640e-06,5.661224575058560e+00,1.491961032836291e-01,1.065176154280037e-05,1.035321332249038e-04,5.988363014658190e-04,1.327809679447253e-07,7.230166844274297e-05,1.220239482821355e-02,2.277987567409805e-08,1.683923866038015e-03,1.410203025648666e-10,4.083227209896444e-10,5.139307847707764e-11,1.374565843145591e-09,1.947882701811240e-10,1.949788963071626e-09,2.847650537377668e-09,5.273503498684556e-12,2.669274560124399e-11,1.891004921117448e-11,4.317187562930881e-03,2.223335567305111e-02,1.292363828578975e-10,1.049532822136381e-08,3.096177027555296e-10,6.839144892063688e-09,0.000000000000000e+00,0.000000000000000e+00,2.769379074480614e-09,1.082578647584397e-09,0.000000000000000e+00,9.163454188384324e-12,0.000000000000000e+00,0.000000000000000e+00,0.000000000000000e+00,0.000000000000000e+00,0.000000000000000e+00,0.000000000000000e+00,0.000000000000000e+00,0.000000000000000e+00,0.000000000000000e+00,0.000000000000000e+00,5.059244609247662e-14,8.663627154273370e-17,3.249628090252127e-18,1.595973421416127e-06,1.100649548912371e-05,1.630102609843589e-08,1.019149887376080e-07,6.444806406779855e-08,1.476380783788043e-12,0.000000000000000e+00,0.000000000000000e+00,0.000000000000000e+00,0.000000000000000e+00,0.000000000000000e+00,0.000000000000000e+00,1.070120894873042e-01,4.905939548942144e+03,0.000000000000000e+00,2.131374126420811e+03,1.013249184908194e+05,

4,63
1.947255916832087e-02,5.658518845766269e+00,8.373329728449009e-01,5.847616121862055e-05,5.067766444082115e-04,1.068248471483814e-03,1.185895922714175e-04,4.279154262661430e-04,1.561730247378259e-02,2.026539140458021e-05,1.827793139237723e-01,1.435288387896150e-06,6.459183251482339e-06,7.261508927306618e-07,2.346647204189002e-04,2.762970714397707e-04,2.038210612997711e-05,5.011218132559406e-04,1.546383413655329e-05,9.841932221430533e-07,7.035703619851884e-05,1.479588890712371e-02,2.222921601753357e-02,8.078629824405388e-07,6.127370099571647e-04,2.181942835931105e-05,4.416771802841946e-03,1.031088452697782e-04,4.712583990517723e-04,3.185067851479130e-05,1.077955364838468e-04,1.370069419665180e-07,3.147214283715253e-05,3.865935571695241e-05,1.173640858745687e-05,5.604168683049658e-05,3.007481815717920e-05,3.913542043223002e-05,3.138241155956285e-06,6.298787901098691e-04,1.125455900693931e-05,4.454171303619331e-06,1.122048711611240e-04,1.723237638017589e-05,6.769370571705678e-07,1.585307778049866e-08,2.594235630448615e-06,1.831342761036567e-05,2.859136869053899e-05,1.323651688357829e-05,1.553424060429008e-05,1.706386390148834e-06,4.266398748525249e-04,1.005542370747059e-05,5.259456515315465e-02,1.568953834777334e-03,1.375834710476409e-04,4.289002820841473e-04,6.019590794626464e-01,7.298746899414656e+04,0.000000000000000e+00,2.129840086658064e+03,1.220820015322510e+05,
2.414773884401910e-07,6.041197614827689e+00,1.469679762683148e-01,7.246720861412140e-06,6.989369416632490e-05,5.074995062366651e-04,1.366396968590369e-07,6.127396417511415e-05,1.235452881413536e-02,1.469034526258179e-08,1.329686099772203e-03,8.324255455325720e-11,3.995339831880748e-10,3.490690230899907e-11,1.533649144314133e-09,3.838552246178739e-10,1.140910136434737e-09,2.391635298887636e-09,5.233305646459465e-12,1.793361811018532e-11,1.810991688997057e-11,3.788213893565038e-03,2.360225059146394e-02,1.302784743415286e-10,1.279343361013503e-08,1.691694677328205e-10,5.107445359039305e-09,6.503893991955872e-13,2.895056810965921e-15,4.250639903102265e-09,2.224087241086122e-09,1.374515379918474e-14,4.085197774287219e-12,4.356303572815085e-13,3.596877858223065e-12,2.147604944932835e-13,8.928130840159108e-13,1.500019235359087e-12,1.912505578380039e-14,9.157270374079556e-13,5.920346867774596e-12,1.904606844783329e-17,1.461239033835747e-14,1.427716559187862e-13,4.000850287647141e-17,2.481564673488626e-18,9.497181118207774e-07,6.486024196539416e-06,2.520907166723253e-08,2.924745844185874e-08,1.805925505565999e-08,7.418173047734223e-13,1.324721913119648e-13,4.303260114142626e-12,7.066774275276806e-12,6.416534564843524e-12,2.696523406144641e-12,1.757012928219108e-12,1.054097207191846e-01,7.972676850642665e+03,0.000000000000000e+00,2.346619150630907e+03,1.013251582715164e+05,
1.868238247282384e-07,6.010997294505755e+00,1.491818821123738e-01,1.062802576203146e-05,1.033015020642148e-04,5.982872422287765e-04,1.348999775927495e-07,7.223185714358653e-05,1.235599371717222e-02,2.272164256159131e-08,1.681727370239899e-03,1.407725460996274e-10,5.413415095675070e-10,5.134471872182647e-11,1.923619281296605e-09,4.086210427877977e-10,1.944147093774207e-09,3.277467303967122e-09,7.106440206687328e-12,2.667362046603486e-11,2.384422959465224e-11,4.313953671239594e-03,2.343120777172259e-02,1.789433122872942e-10,1.599396649012981e-08,3.090076566804454e-10,7.356738965659302e-09,6.412255516610047e-13,6.016230867899160e-15,5.224667171125746e-09,2.515697227314237e-09,3.528584526046490e-14,9.134001369121452e-12,9.364541617616586e-13,4.234540164989503e-12,4.585621976507942e-13,1.314968844371251e-12,2.335989325275299e-12,4.235576458429202e-14,1.764172675815094e-12,5.620304781051954e-12,5.235209559643143e-17,3.614909849159743e-14,1.819720656075600e-13,8.641066326956886e-17,4.270088091998666e-18,1.592615883414939e-06,1.098269736891175e-05,3.042739605581287e-08,1.012516637928324e-07,6.401916643547718e-08,1.481681329132536e-12,3.774397232505676e-13,5.383865730528758e-12,6.951387363093568e-12,1.177985315656752e-11,5.352981438464451e-12,3.228434467776114e-12,1.070018586546856e-01,7.928692097104008e+03,0.000000000000000e+00,2.330121194784590e+03,1.013250288388013e+05,
1.216612689983638e-06,5.939288853585878e+00,1.586556330452771e-01,3.238307863858808e-05,2.819705661681675e-04,8.630161106603323e-04,1.965913464831961e-07,1.198536617568148e-04,1.235575102839274e-02,7.741559709679952e-08,2.787017021327392e-03,2.073845907230144e-10,5.663265756781425e-10,5.897334054049102e-11,1.953807546053720e-09,3.974454412988520e-10,8.373022645069942e-09,3.509919892136676e-09,7.425191901996666e-12,3.105983266332366e-11,2.471604856812731e-11,6.443334356951569e-03,2.302883818870195e-02,1.871818799498512e-10,1.613917877178893e-08,5.413844518872062e-10,8.210727143623213e-09,4.641016212854231e-12,2.589144945600898e-14,5.236018612452422e-09,2.496023486517688e-09,2.094001320480973e-13,2.180927822811395e-11,2.741765679735169e-12,8.116438528848831e-12,3.030467593447574e-12,3.967650655740486e-12,8.208657532354605e-12,4.499082914985287e-13,1.110761721734627e-11,9.392674738499920e-12,2.342722330391527e-15,2.576703229683987e-12,1.803486042625965e-13,2.105064433699697e-16,5.711064806359660e-18,2.595297841907087e-06,1.832128435702124e-05,3.045956878715526e-08,2.128553975265271e-06,1.453187244914572e-06,4.008796479432306e-12,6.789727272153090e-12,6.279588431881234e-12,1.043516061200669e-10,5.249224674672772e-11,3.417161409283716e-11,1.456248411653602e-11,1.136674824957411e-01,7.825394845209566e+03,0.000000000000000e+00,2.288869445222932e+03,1.013250458383838e+05,

