1
0
63
1
(4 0
((0,0) (15,255) (0,0))
((0,768) (15,1023) (0,0))
((0,512) (15,767) (0,0))
((0,256) (15,511) (0,0))
)
4
FabOnDisk: SD_0_New_MF_D_0003 0
FabOnDisk: SD_0_New_MF_D_0000 0
FabOnDisk: SD_0_New_MF_D_0001 0
FabOnDisk: SD_0_New_MF_D_0002 0

4,63
-2.472443188949290e-02,1.467641704605309e+00,1.490802915749825e-01,4.246484987834596e-25,7.781231872760097e-24,2.210180511687329e-18,5.286019223554467e-13,1.401072450083563e-08,1.921316640210134e-10,2.089023880621312e-13,2.794635834424001e-03,0.000000000000000e+00,1.112300206139661e-30,7.570498723894876e-32,9.685592356485454e-15,0.000000000000000e+00,3.596181579020481e-25,1.679487736391266e-13,1.332091726961821e-19,4.596077210252770e-32,1.676295100138677e-14,3.246523305578302e-11,7.989387715731007e-13,2.520193314055208e-37,1.218386234970163e-13,8.901758932215179e-30,0.000000000000000e+00,0.000000000000000e+00,0.000000000000000e+00,2.596563870491816e-31,4.177129760009824e-15,0.000000000000000e+00,7.077306134378456e-28,0.000000000000000e+00,0.000000000000000e+00,0.000000000000000e+00,0.000000000000000e+00,0.000000000000000e+00,0.000000000000000e+00,0.000000000000000e+00,0.000000000000000e+00,0.000000000000000e+00,0.000000000000000e+00,1.330674292105807e-18,1.334651950136428e-19,2.994130528269951e-21,3.653972636933362e-19,1.176374998252063e-19,4.779391805610045e-18,1.103143265445951e-18,1.987695852844540e-18,0.000000000000000e+00,0.000000000000000e+00,0.000000000000000e+00,0.000000000000000e+00,0.000000000000000e+00,0.000000000000000e+00,0.000000000000000e+00,1.072179987083405e-01,3.652138553395443e+03,0.000000000000000e+00,4.430000012034361e+02,8.727527198111902e+04,
-3.344448522649781e-07,6.006974058906534e+00,1.461030301341384e-01,6.137489703821357e-06,5.860866259345438e-05,4.703469496279716e-04,1.349100716461230e-07,5.717285952448255e-05,1.235273158221087e-02,1.216088894944206e-08,1.187651788960698e-03,5.218684898344423e-11,2.759645702490752e-10,2.333588085444484e-11,1.102913329053103e-09,3.015909771293126e-10,8.790579214890410e-10,1.653060616961472e-09,3.602610341468905e-12,1.192213813320053e-11,1.268748765809003e-11,3.576811256719986e-03,2.343220724260801e-02,8.892668658747083e-11,9.165591022052717e-09,1.021467391846395e-10,3.420042694684048e-09,0.000000000000000e+00,0.000000000000000e+00,3.040295029195370e-09,1.645716580646918e-09,0.000000000000000e+00,2.227645604026447e-12,0.000000000000000e+00,3.754687973642334e-13,0.000000000000000e+00,0.000000000000000e+00,0.000000000000000e+00,0.000000000000000e+00,0.000000000000000e+00,0.000000000000000e+00,0.000000000000000e+00,0.000000000000000e+00,8.031851053892938e-14,1.795873629441248e-17,1.231534902042291e-18,5.984625918071328e-07,4.070597391627460e-06,1.823815038602946e-08,1.366494103063379e-08,8.357191016389420e-09,4.333861520036712e-13,0.000000000000000e+00,0.000000000000000e+00,0.000000000000000e+00,0.000000000000000e+00,0.000000000000000e+00,0.000000000000000e+00,1.047864791162011e-01,7.928853726956355e+03,0.000000000000000e+00,2.330217596227589e+03,1.013248948281083e+05,
-1.840192158721357e-07,5.935533363108870e+00,1.469732532237678e-01,7.253988171847604e-06,6.996687561285146e-05,5.077275900541583e-04,1.327353696695024e-07,6.129996397896356e-05,1.235453233954878e-02,1.470703595144228e-08,1.330551859596512e-03,8.340763175155837e-11,4.000857587319555e-10,3.496117604294834e-11,1.535439138190523e-09,3.841147070822650e-10,1.142578124699885e-09,2.394817206591617e-09,5.240094571029772e-12,1.796076059528573e-11,1.813095367209612e-11,3.789510389835282e-03,2.303109331622251e-02,1.304518109043943e-10,1.280673901245943e-08,1.694548924608208e-10,5.109682538364669e-09,0.000000000000000e+00,0.000000000000000e+00,4.255395613404838e-09,2.226160558751830e-09,0.000000000000000e+00,4.094553304354917e-12,0.000000000000000e+00,3.280667386764054e-13,0.000000000000000e+00,0.000000000000000e+00,0.000000000000000e+00,0.000000000000000e+00,0.000000000000000e+00,0.000000000000000e+00,0.000000000000000e+00,0.000000000000000e+00,1.430519875543730e-13,4.014191597191111e-17,2.488381812347593e-18,9.516611046663437e-07,6.499453352720301e-06,2.523949667407627e-08,2.936073011715330e-08,1.813025638512080e-08,7.430813862003566e-13,0.000000000000000e+00,0.000000000000000e+00,0.000000000000000e+00,0.000000000000000e+00,0.000000000000000e+00,0.000000000000000e+00,1.054135158927326e-01,7.826595111871277e+03,0.000000000000000e+00,2.289119856670141e+03,1.013249703735614e+05,
-2.278234620232021e-06,5.656946463911733e+00,1.491965719583301e-01,1.065256382534049e-05,1.035400980896481e-04,5.988551756690342e-04,1.327813552375814e-07,7.230394232127124e-05,1.220171214192266e-02,2.278183184981800e-08,1.684000668555019e-03,1.410277703950645e-10,4.083997216047450e-10,5.139435102699980e-11,1.374989296367795e-09,1.948446072241648e-10,1.949963037546374e-09,2.848356215260698e-09,5.274171908346617e-12,2.669258848734648e-11,1.891346308013190e-11,4.317299419095246e-03,2.223346206951880e-02,1.292618739306012e-10,1.049740852531272e-08,3.097782906381039e-10,6.842042837418677e-09,0.000000000000000e+00,3.205358423480549e-15,2.768780211707058e-09,1.082151994207712e-09,0.000000000000000e+00,9.167288978985058e-12,0.000000000000000e+00,0.000000000000000e+00,0.000000000000000e+00,0.000000000000000e+00,0.000000000000000e+00,0.000000000000000e+00,0.000000000000000e+00,0.000000000000000e+00,0.000000000000000e+00,0.000000000000000e+00,5.066241757396809e-14,8.665597872935591e-17,3.255168699009180e-18,1.596181976046870e-06,1.100795436734036e-05,1.629391448991219e-08,1.019431811967560e-07,6.446619393553900e-08,1.475712192772769e-12,0.000000000000000e+00,0.000000000000000e+00,0.000000000000000e+00,0.000000000000000e+00,0.000000000000000e+00,0.000000000000000e+00,1.070124223205524e-01,4.897687893091608e+03,0.000000000000000e+00,2.131301381534532e+03,1.013249165924104e+05,

4,63
1.963651286800052e-02,5.654240838064541e+00,8.373329737386459e-01,5.725398850507906e-05,4.976376440680888e-04,1.048472129306335e-03,1.186214953797043e-04,4.279769067394424e-04,1.568829508327741e-02,2.024950251705444e-05,1.827793141326186e-01,1.437868847880840e-06,6.457466062791594e-06,7.260611933063905e-07,2.346458656599158e-04,2.762991945481035e-04,2.040174780999775e-05,5.013645757698651e-04,1.545701512229349e-05,9.841036237489575e-07,7.032048253799553e-05,1.482148331587593e-02,2.222928918450440e-02,8.085413735612998e-07,6.125666998468168e-04,2.176244335646285e-05,4.411205526875022e-03,1.031648480493747e-04,4.708394042768049e-04,3.183745132152583e-05,1.078404014812093e-04,1.371373748207395e-07,3.144891646720344e-05,3.861690748782301e-05,1.173192175366832e-05,5.604431386433854e-05,3.004216624841702e-05,3.907088530133828e-05,3.135869411285811e-06,6.293118461934050e-04,1.120370309762844e-05,4.465649697350231e-06,1.121590244773036e-04,1.720849081518514e-05,6.762331784678380e-07,1.582228455285253e-08,2.594845353456095e-06,1.831766049460060e-05,2.854407749625914e-05,1.331808132644633e-05,1.551873332658863e-05,1.712210242073521e-06,4.271076478980359e-04,1.009503355864170e-05,5.259456521129804e-02,1.568837261912208e-03,1.375634668754873e-04,4.292490783262249e-04,6.019590801543538e-01,7.292568399934408e+04,0.000000000000000e+00,2.129764644305194e+03,1.225955439463423e+05,
3.100980767658896e-07,6.037002560419695e+00,1.469680807914116e-01,7.246851674750065e-06,6.989507126552843e-05,5.075037225018346e-04,1.366397954761646e-07,6.127439440893968e-05,1.235452614099044e-02,1.469065800920740e-08,1.329703522177957e-03,8.324945472972456e-11,3.995646350519319e-10,3.490974101558521e-11,1.533820557398495e-09,3.838867149920416e-10,1.140946937292020e-09,2.391723841085006e-09,5.233673515315573e-12,1.793510986074942e-11,1.811072536785685e-11,3.788236945751964e-03,2.360223714659964e-02,1.302992773147263e-10,1.279544655697692e-08,1.692018097834021e-10,5.108979874448176e-09,5.841896442853436e-13,3.055966352322055e-15,4.251253096721376e-09,2.224364684249937e-09,1.431135097704003e-14,4.086084605793058e-12,4.767847340830187e-13,3.844666919179864e-12,2.003983230727916e-13,7.656675710945206e-13,1.077065772325210e-12,1.479796754671442e-14,7.164752705836240e-13,3.869637504793989e-12,1.488240796694539e-17,1.068358335238895e-14,1.427945416989214e-13,4.001592082007320e-17,2.481984658898523e-18,9.498012727439651e-07,6.486595154797531e-06,2.521088347187910e-08,2.925100989636702e-08,1.806146815452525e-08,7.419152231998056e-13,1.753191826367859e-13,4.778023963353199e-12,4.382644823719062e-12,6.519895904215712e-12,3.044521333277203e-12,1.780949475613721e-12,1.054097949549270e-01,7.972755767167186e+03,0.000000000000000e+00,2.346619324239550e+03,1.013251573304487e+05,
1.584107455897594e-07,6.006802119025888e+00,1.491823433761301e-01,1.062882322768971e-05,1.033094219161099e-04,5.983060234409740e-04,1.348998375693210e-07,7.223411774021124e-05,1.235598433724224e-02,2.272358634711342e-08,1.681803837764244e-03,1.407939348887016e-10,5.413995040553250e-10,5.135120641472583e-11,1.923707326273167e-09,4.086403598590571e-10,1.944355713743509e-09,3.277734157808713e-09,7.106887763532343e-12,2.667593212664598e-11,2.384548681333029e-11,4.314064839008931e-03,2.343119340952622e-02,1.789697965892003e-10,1.599598105841545e-08,3.090635143922094e-10,7.358107220226718e-09,9.005850098201064e-13,5.885003944852622e-15,5.225310162739374e-09,2.515778036095677e-09,3.782846661200465e-14,9.135886820877666e-12,1.073155236700716e-12,4.274151883289516e-12,4.362897748575111e-13,1.355133105496623e-12,2.385823673738936e-12,4.483237444898490e-14,1.867215926306912e-12,4.397602823652675e-12,5.496948888958283e-17,3.739888083769457e-14,1.819921136914001e-13,8.643058500942353e-17,4.270856961297981e-18,1.592823834787902e-06,1.098415195513150e-05,3.042932822056039e-08,1.012796124288345e-07,6.403713993964796e-08,1.482030582596608e-12,4.341031699615521e-13,3.479806050159106e-12,7.178468669621575e-12,1.044629606106100e-11,4.715220991844470e-12,2.860947901128774e-12,1.070021861561260e-01,7.928680513529239e+03,0.000000000000000e+00,2.330119251300217e+03,1.013250253657924e+05,
1.332342849973556e-06,5.935086469681441e+00,1.586597946783745e-01,3.240760383970891e-05,2.820267788252572e-04,8.630203786813339e-04,1.965914584586715e-07,1.199223301076459e-04,1.235573615951517e-02,7.743676520997504e-08,2.785832273323405e-03,2.075140611666881e-10,5.663200983604874e-10,5.902020395058759e-11,1.958168824494736e-09,3.975205638787817e-10,8.384161728067487e-09,3.508888438022459e-09,7.425473740254811e-12,3.107842450275109e-11,2.472405771795570e-11,6.447515698474134e-03,2.302876807288570e-02,1.871869691448909e-10,1.614079839588659e-08,5.416817561280589e-10,8.200104677607386e-09,2.430835835526830e-12,2.694339720255877e-14,5.236519692324157e-09,2.496353189636027e-09,2.094501678761704e-13,2.180316903214132e-11,3.164766766577584e-12,7.520378448442668e-12,3.655170774067511e-12,5.629973495939419e-12,1.808315392059222e-11,4.481796137944474e-13,9.909318917328588e-12,7.626730461389972e-12,1.481356288002257e-15,2.344805226739445e-12,1.803719574911001e-13,2.123747560923964e-16,5.762727791720644e-18,2.596084698782823e-06,1.832678219565214e-05,3.046139357908391e-08,2.132253542201813e-06,1.455740415507422e-06,4.010123078865433e-12,6.166923771980112e-12,2.835927389611288e-12,7.830398839240265e-11,1.085934564263540e-10,4.861595352325423e-11,2.998555455467473e-11,1.136690561585037e-01,7.825494194726780e+03,0.000000000000000e+00,2.288861118110834e+03,1.013250354890986e+05,

