1
0
56
1
(4 0
((0,0) (15,255) (0,0))
((0,768) (15,1023) (0,0))
((0,512) (15,767) (0,0))
((0,256) (15,511) (0,0))
)
4
FabOnDisk: SD_5_New_MF_D_0003 0
FabOnDisk: SD_5_New_MF_D_0000 0
FabOnDisk: SD_5_New_MF_D_0001 0
FabOnDisk: SD_5_New_MF_D_0002 0

4,56
-7.881340654804237e+00,-1.663476879532779e+01,-2.645496135600256e+01,-6.133282937396798e+00,-9.757548575535640e+00,-8.978918068427809e+00,-1.109955888805312e+00,-6.342210827634456e+02,-2.834287611128027e-01,-8.087720387742587e-01,-9.641910870059939e-02,-1.398640797774499e+01,-1.297626193304852e+01,-1.538364466252322e+00,-1.043587658463550e+01,-4.731487936639158e-01,-7.877119472388069e-02,-2.937931966421886e+00,-1.496466822501495e+02,6.270029043151950e-22,-1.013337102577347e-01,-4.855300341005493e+01,-1.848105705198624e+00,-1.981182957480641e+02,-8.021583085208405e+00,-2.523278219049987e+01,-4.677425950787255e+00,-2.947963218054987e+00,-9.574617993974301e-03,-1.997334567623748e+00,-1.658839859002117e+00,-9.104385671057817e-01,-3.715209192151404e+00,-2.161255121801563e+00,-3.113611119205204e+00,-2.217461348405288e-01,-3.231051641009937e+01,-5.497384737308193e-01,-3.447747297426546e-01,-8.336358602175320e+00,-9.913615515600018e-01,-1.701654255919213e-02,-6.496033669405844e-04,-8.364084773038774e-02,-1.675505015666044e-01,-2.042469652794691e+00,-7.476499667258829e-02,-4.425180455016145e-01,-1.387018823858679e-01,-2.445596347297316e+01,-5.070934125046890e-01,-5.806706895187504e+02,-8.845538790704998e+01,-9.163571473386654e+00,-2.450170843717073e+01,-3.246896085329354e-10,
-3.890956226939973e-03,-3.076190747724846e-02,-9.027107387104964e-02,4.658751790066117e-07,-1.118562318475881e-02,1.060425228726859e-01,-6.913414865405177e-06,-3.442857641932117e-01,-9.233216520599326e-08,-3.404777332736594e-07,-3.741263522682437e-08,-2.118989050747658e-06,-2.751762246117556e-07,-7.069809865841784e-07,-2.220020066152528e-06,-6.089686654050881e-09,-2.256157805854904e-08,-1.987133936991106e-08,-4.917475413553579e-01,2.768481826638634e-01,-9.901296132329987e-08,-8.741707826404904e-06,-2.386946710353150e-07,-8.404667131111456e-06,-2.523689647607278e-06,-3.289640044326222e-09,-3.713248485914095e-06,-1.282982052604444e-06,-1.096775598720683e-08,-5.968522428645240e-09,-7.354980969178706e-07,-3.643066158960008e-07,-3.243971122392198e-08,-1.715282399563583e-07,-2.352787337320457e-07,-4.760424304007262e-09,-2.996258569507421e-07,-3.794734162959278e-06,-7.275037910274878e-12,-3.633107874870171e-09,-1.107997782530922e-10,-5.146024183060988e-14,-2.555182368633443e-15,-7.332180487210556e-04,-5.075074500410798e-03,-1.264060952315459e-05,-4.550252661116854e-05,-2.856423929107753e-05,-1.865509621472005e-09,-6.338545874701640e-08,-1.982671056188954e-06,-1.810434533696661e-06,-9.256405346583910e-07,-4.593379020540825e-07,-2.576866060634374e-07,-2.492318157409912e-11,
-1.282285802814950e-02,-9.642411929978977e-02,-2.085380174088858e-01,2.161463605906271e-06,-2.993413000394476e-02,1.862252636145770e-01,-2.389862154716775e-05,-8.477969868670494e-01,-1.431934918096765e-07,-3.909214206514054e-07,-5.460148570656820e-08,-2.609919276310150e-06,-2.142367385795293e-07,-2.410324989365182e-06,-3.097604708750560e-06,-7.630061167963069e-09,-3.256575234632120e-08,-2.733923384638570e-08,-1.173186580745351e+00,7.946001214804490e-01,-1.156872582978821e-07,-9.342200529479299e-06,-3.844389232965717e-07,-1.313651878307223e-05,-1.986860401467803e-06,-3.665103370292997e-09,-2.553633883706666e-06,-9.879974654192391e-07,-3.156631953314961e-08,-1.421989638402932e-08,-1.765572228920466e-06,-4.778869513674237e-07,-9.657183772022467e-08,-3.223829009347148e-07,-6.589309328812425e-07,-1.469410315785328e-08,-8.604990061313129e-07,-3.852388958378861e-06,-2.867026303001807e-11,-1.764460655593882e-08,-1.034321939134784e-10,-8.311749575703987e-14,-2.863431157097661e-15,-1.222745844481035e-03,-8.701571571020862e-03,-1.052630963918075e-05,-2.705286105133695e-04,-1.752306044660018e-04,-7.350255033133296e-09,-2.075787457970067e-07,-1.917408080884707e-06,-2.625262954477899e-06,-3.955510782207714e-06,-1.318219130632134e-06,-1.097519262556879e-06,-2.464689563552724e-11,
-1.800339300841499e-01,-8.544126683911191e-01,-5.397767986763939e-01,-6.011286439254958e-04,-1.413738847026693e-01,5.037992807352280e-01,-3.046653317766838e-04,-4.376669983551274e+00,-1.171419587237117e-06,-2.224456730899566e-06,-3.538944420415312e-07,-2.499022078198766e-05,-1.178833282438777e-06,-3.495748288061438e-05,-2.544192866397720e-05,-7.380512477365942e-08,-3.993707577474878e-07,-2.789136599245033e-07,-5.108776336627048e+00,1.885000101731269e+00,-8.537748646735805e-08,-4.750139442465027e-06,-2.943649814935838e-06,-9.461072598468256e-05,-3.399110091070751e-06,-1.652716631149652e-08,-5.728510420517734e-07,3.376722830206883e-07,-7.795230022877014e-08,-1.492789292871025e-07,-3.894528462533826e-06,-2.215476195210152e-06,-1.765922785331496e-06,-2.437975763392460e-06,-7.572731810424515e-06,-2.775114850426131e-07,-6.461149573275575e-06,-7.305512427168527e-06,-2.208107558350675e-09,-1.694488542021413e-06,-8.922423699931453e-09,-2.656102477503404e-11,-7.368818533946715e-13,-1.418716563158344e-03,-1.045719475185642e-02,1.587566734264203e-06,-2.006987420150705e-02,-1.401374362254732e-02,-2.812153356124661e-07,-5.105856971013094e-06,-2.734969147278534e-06,-9.686380350306729e-05,-5.005530021105337e-05,-2.198938973040520e-05,-1.386427162568047e-05,-8.688660901867706e-11,

4,56
5.906608744670366e+00,3.549253185860597e+01,5.131993191320919e+01,7.677544436065283e+00,1.299837477748395e+01,3.176412674223463e+02,6.202070707204489e-01,8.985856501553258e-06,6.210383923601485e-01,1.373877468610980e+00,1.584769723215019e-01,2.626085278463301e+01,1.635114225002002e+01,2.006946182377958e+00,1.549641797375062e+01,4.526476509574274e-01,1.361522775115162e-01,2.921194904677918e+00,4.590066705338522e+02,3.218068531282870e+02,1.927950609503228e-01,5.753047433343916e+01,3.921093059106201e+00,2.959260662374638e+02,1.310644969250978e+01,2.698068204363571e+01,8.386309133337477e+00,3.423845127088778e+00,1.660806410018154e-02,3.718117202719666e+00,2.472653512344770e+00,1.028544189605259e+00,3.873220964192930e+00,2.244870662964173e+00,3.789875123673209e+00,2.003905574859466e-01,3.380478738103420e+01,1.099205476412612e+00,6.329752422137407e-01,7.985675551847343e+00,1.349679378597817e+00,4.056533972075952e-02,1.004576476733114e-03,7.683457249966670e-02,4.228432979190511e-01,2.423640116929908e+00,4.589895495258880e-01,6.620133739775969e-01,1.907990807273302e-01,1.624210642097726e+01,8.480113016700966e-01,2.542366339534090e-01,8.954346841611482e+01,1.428711044926733e+01,2.518170626102551e+01,3.838067641481757e-10,
-1.992871997117411e-03,-1.211345642226622e-02,-3.448746359231497e-02,6.462889619943800e-06,-6.014705272229958e-03,1.856231826663916e-01,-1.711691252735026e-06,-1.580477622366526e-01,-3.963160263013280e-08,-1.591268689670301e-07,-6.139809458623305e-09,4.862097082285291e-07,-6.192516579533044e-08,-1.961622695208515e-07,-8.959614611752482e-07,-1.240800301697814e-09,-4.821246868296429e-09,-4.288721089906269e-09,-1.685314520027766e-01,7.922103532847359e-01,-5.878621351564078e-08,-5.201880364555105e-06,-7.297568654403649e-08,-2.663759939147160e-07,9.881989988218897e-07,1.403982519740210e-09,-1.780579316213257e-06,-7.185150114453011e-07,4.903315063163239e-09,-1.890882291438334e-09,1.454244901232181e-07,1.270404196489322e-06,9.978545482044339e-08,4.360235721661780e-07,8.282945519416699e-07,1.162208469061579e-08,6.168383587133021e-07,3.440543177433827e-06,1.275646225937186e-11,7.559142034954539e-09,-9.390985575489179e-11,-2.306582875173817e-14,-1.543631755125925e-15,-4.584126884053530e-04,-3.126571066501921e-03,-1.053223817403613e-05,-1.231833991190345e-05,-7.519392690776070e-06,2.457555773580112e-09,1.739827911001714e-07,4.309990765671862e-06,3.451642138424939e-06,4.792528811503102e-06,1.874999873182644e-06,1.315178369577349e-06,2.138849514166097e-11,
-3.687266067675868e-03,-3.087546541617040e-02,-9.053568388247138e-02,7.574718998346709e-06,-1.122204602152835e-02,5.014237658394657e-01,-6.890946062003458e-06,-3.453401465473117e-01,-6.032597310796064e-08,-4.045322526201444e-08,-6.468493915058308e-09,9.085910757902248e-07,1.627365013814445e-07,-6.769379602916274e-07,-3.351723062900075e-07,5.674088047621634e-10,-8.191576898715386e-10,2.644878857325437e-09,-4.932435917854522e-01,1.877673553009219e+00,-3.988418227540401e-08,-5.336009987405517e-07,-1.080020277003608e-07,2.702595773993415e-06,7.688788249715380e-07,1.892737384163151e-09,3.905417835480135e-07,7.074441764770470e-07,1.054158958071289e-08,-3.672046030262822e-09,2.939922234493168e-07,1.863421121696126e-06,2.916681109668414e-07,9.329902696096931e-07,1.883302919942254e-06,3.322567537162963e-08,1.635461334702927e-06,4.760231117179857e-06,5.226527761470661e-11,3.130968145399508e-08,7.203480591360426e-11,-5.030984792915318e-14,-1.617396663233247e-15,-7.346298447190887e-04,-5.085376907541640e-03,1.548330655409507e-06,-4.570881958556951e-05,-2.867459279493573e-05,6.346580666468791e-09,3.657607109275086e-07,3.266096490295843e-06,6.571845962264297e-06,7.487688279926682e-06,2.942370253976522e-06,2.057752054719786e-06,2.414618505142130e-11,
-1.290239808840788e-02,-9.696003512670567e-02,-2.093051128591268e-01,2.060243957899595e-06,-3.007182259311720e-02,3.130116734612517e+00,-2.402565377171600e-05,-8.513380010142010e-01,9.195579388418251e-07,2.657524858924202e-06,3.570228251941262e-07,2.206168308945682e-05,1.611790050698710e-06,-2.215564943666534e-06,2.246528033603669e-05,5.691234750580639e-08,2.744026185767421e-07,2.069690810586189e-07,-1.177798497298390e+00,8.080421991239191e+00,5.846603942180214e-07,4.379498534644207e-05,2.597735797469877e-06,1.039083003130656e-04,3.028239753947019e-06,1.228603520363124e-08,1.400275827417795e-05,4.934815450355709e-06,2.395306555850120e-08,6.401092664694104e-08,7.328168933623492e-07,3.498401005148271e-06,2.132914366135848e-06,3.505721919310582e-06,1.297332042063140e-05,3.745887237733057e-07,9.010629987656728e-06,1.257664147817069e-05,1.513766332865610e-09,1.293013737782509e-06,3.881340459615850e-10,2.563945307256756e-13,1.249592781430025e-14,2.086431113989724e-03,1.507216854567065e-02,6.872877217737206e-05,-2.730649003963932e-04,-1.768904252133128e-04,2.740829843907969e-07,6.175017778310833e-06,3.490924229287606e-06,8.622364668591691e-05,8.473695403953709e-05,3.213216005096360e-05,2.350293073051550e-05,8.131634254837650e-11,

