1
0
56
1
(4 0
((0,0) (15,255) (0,0))
((0,768) (15,1023) (0,0))
((0,512) (15,767) (0,0))
((0,256) (15,511) (0,0))
)
4
FabOnDisk: SD_5_Old_MF_D_0003 0
FabOnDisk: SD_5_Old_MF_D_0000 0
FabOnDisk: SD_5_Old_MF_D_0001 0
FabOnDisk: SD_5_Old_MF_D_0002 0

4,56
-7.878915062742685e+00,-1.665560961406353e+01,-2.639495464101726e+01,-6.129571887664619e+00,-9.932521635713762e+00,-8.966663966309227e+00,-1.115948264063145e+00,-6.349589318468765e+02,-2.858217606440102e-01,-8.471066959008213e-01,-9.946370958415984e-02,-1.398192067666559e+01,-1.298165112176915e+01,-1.570631867462923e+00,-1.050381751016157e+01,-4.733843249245223e-01,-7.763587215158468e-02,-2.941643714850164e+00,-1.524442503626622e+02,6.137680145143465e-22,-1.021767548223070e-01,-4.809446200292285e+01,-1.847883590300895e+00,-1.987477346086326e+02,-7.993119418622749e+00,-2.530829361437224e+01,-4.868131689639752e+00,-2.927436065574906e+00,-9.554337144528484e-03,-2.005845251317434e+00,-1.663249487009760e+00,-9.003925028380121e-01,-3.722904751084460e+00,-2.164548774097176e+00,-3.106432183579615e+00,-2.214139491346098e-01,-3.233879946350852e+01,-5.511720101521242e-01,-3.458235130741839e-01,-8.412525256258713e+00,-1.007029937195269e+00,-1.688255313114722e-02,-6.539285194973106e-04,-8.379928833281711e-02,-1.661097490943975e-01,-2.049301145296885e+00,-7.476894962623093e-02,-4.249413802784920e-01,-1.377533908096411e-01,-2.439426692434922e+01,-5.027357594881098e-01,-5.789168651060540e+02,-8.801383180822518e+01,-9.199851468940379e+00,-2.440995563227873e+01,-2.924025466199964e-10,
-3.893703258881534e-03,-3.075968805892371e-02,-9.026555329519963e-02,4.622416064398332e-07,-1.118508089542805e-02,1.060335183286510e-01,-6.912306855883614e-06,-3.442608523945872e-01,-9.588295568830312e-08,-3.454006985803668e-07,-4.661081132421076e-08,-2.410534692196666e-06,-2.807845677487084e-07,-7.104291882958216e-07,-2.326156079040954e-06,-5.780811529235433e-09,-2.063870069848989e-08,-2.059727059489706e-08,-4.917079820518026e-01,2.767744216276434e-01,-9.985382820805623e-08,-8.712915585373349e-06,-2.527758150985753e-07,-9.004499895682449e-06,-2.845936745804480e-06,-3.060717182485223e-09,-3.666063925318600e-06,-1.284032276318396e-06,-7.875882327357676e-09,-6.219767031721950e-09,-5.854635990689255e-07,-3.667503346738075e-07,-3.540449926737878e-08,-1.349910606586689e-07,-2.818308056225525e-07,-4.999348208559246e-09,-2.915915172488997e-07,-3.121716476006080e-06,-7.673017184459744e-12,-4.370754141704439e-09,-1.099516175586644e-10,-5.129938143916220e-14,-2.539879179065340e-15,-7.331547795442028e-04,-5.074621152456702e-03,-1.264339692250847e-05,-4.549455936686921e-05,-2.855908787831055e-05,-1.593270609188878e-09,-5.305340488444080e-08,-1.908947716542936e-06,-1.979559100223215e-06,-7.254311385717205e-07,-3.513405872734026e-07,-2.004479760766673e-07,-2.324441073647820e-11,
-1.282017285506411e-02,-9.640622105318301e-02,-2.085126896926764e-01,2.164940095787631e-06,-2.992984106280589e-02,1.862173318374058e-01,-2.389333337891094e-05,-8.476800086971390e-01,-1.443259717054697e-07,-4.123903966537495e-07,-5.461480507869965e-08,-2.458440687629566e-06,-1.991177071977506e-07,-2.409746054884640e-06,-3.062570730206928e-06,-7.963398480858680e-09,-3.156889901554010e-08,-2.758615480124514e-08,-1.173033477438185e+00,7.945340061149447e-01,-1.146458525807736e-07,-8.858182145480626e-06,-4.270696474892502e-07,-1.491038295246280e-05,-2.184577250983818e-06,-3.587560815065304e-09,-2.534052177875271e-06,-1.058104486792180e-06,-3.263430773709922e-08,-1.471593541589177e-08,-1.689015584021232e-06,-4.982294232403084e-07,-7.891861855658248e-08,-3.294315725219712e-07,-6.714351733780093e-07,-1.393024541299102e-08,-6.039606980705391e-07,-3.413699093702694e-06,-2.173496126329476e-11,-1.376430709230077e-08,-1.053891537103092e-10,-8.332758421512694e-14,-2.879849082715262e-15,-1.222600672857966e-03,-8.700487451321568e-03,-1.052705939983781e-05,-2.704316317326717e-04,-1.751652958323577e-04,-7.171486993948332e-09,-1.562408833929410e-07,-2.099910369821494e-06,-2.806565310283287e-06,-4.379496213047540e-06,-1.637411241556614e-06,-1.213258910049627e-06,-2.286009576080161e-11,
-1.799323283455423e-01,-8.532128862554772e-01,-5.390074536407911e-01,-6.002347152402554e-04,-1.417375897811486e-01,5.037309734834858e-01,-3.042975547334770e-04,-4.374136952114346e+00,-6.502640474610291e-07,-1.267016343003314e-06,-2.305807735518722e-07,-1.597010255274148e-05,-3.661344713723398e-07,-3.494368214268791e-05,-1.150361406338872e-05,-3.629150468046978e-08,-1.929970453705973e-07,-1.241947688723754e-07,-5.096530057117853e+00,1.884785229536420e+00,-9.423795649917184e-08,-5.654519389971660e-06,-2.986141801136752e-06,-8.540299541074121e-05,-2.756865038334914e-06,-1.556368036147970e-08,-5.105670042337075e-07,3.718145552617772e-07,-7.445229317923624e-08,-9.650252954805855e-08,-2.861862045902676e-06,-2.475632299328750e-06,-1.431287280365729e-06,-2.574429437679793e-06,-5.879448491346632e-06,-3.451520971134952e-07,-7.139704023612793e-06,-8.332677981880234e-06,-2.857675483132718e-09,-1.247966627259773e-06,-8.772457178088597e-09,-2.610714857484488e-11,-7.241592509738955e-13,-1.418612600080499e-03,-1.045642442647516e-02,1.572448707702213e-06,-2.002773332431560e-02,-1.398437570031164e-02,-3.006999404835494e-07,-6.858958225903409e-06,-2.233597704289158e-06,-1.095751601130026e-04,-4.250588005255476e-05,-1.778972271283404e-05,-1.187672399565150e-05,-8.736034118328462e-11,

4,56
5.990924353293819e+00,3.716947988317461e+01,5.306388879148776e+01,7.677717798481580e+00,1.299299264963361e+01,3.171668531122684e+02,6.214482939065774e-01,9.079829510483250e-06,6.251636811137565e-01,1.376612310411624e+00,1.571272397301128e-01,2.624788187297758e+01,1.632603814501086e+01,2.001293293436988e+00,1.553364833337043e+01,4.489538263794950e-01,1.364654183100545e-01,2.924803832546923e+00,4.594196864136397e+02,3.259456311574440e+02,1.941559919695058e-01,5.765739196580795e+01,3.923600764591450e+00,2.947225104831593e+02,1.328449180147232e+01,2.693642133010329e+01,8.319448359760598e+00,3.435895930366236e+00,1.650813438850739e-02,3.746944905346674e+00,2.487507816374618e+00,1.021820764962370e+00,3.867227154469743e+00,2.255299043726508e+00,3.761259945344999e+00,2.001853565213751e-01,3.408216342812472e+01,1.073264598838503e+00,6.327934868132429e-01,7.958096736018982e+00,1.350147242333405e+00,4.084552774048954e-02,1.009433233530721e-03,7.632573385229953e-02,4.067262632830581e-01,2.414408929596141e+00,4.595871828371545e-01,6.617952853486267e-01,1.879870698167663e-01,1.628445119416114e+01,8.307506923594237e-01,2.494717854282934e-01,8.864610025612394e+01,1.424609822600820e+01,2.495164831421994e+01,2.503384166629985e-10,
-1.992622706278224e-03,-1.210746013762411e-02,-3.445433245375720e-02,6.462732318902611e-06,-6.013454510453870e-03,1.856151077019177e-01,-1.714119952135070e-06,-1.580470349774125e-01,-4.012388977470112e-08,-1.554340817887650e-07,-4.104376806632989e-09,3.599958387067433e-07,-5.957378751892715e-08,-1.967230851140023e-07,-9.034451615123337e-07,-1.374483380362169e-09,-4.988102027338998e-09,-4.931730393113186e-09,-1.684845803200239e-01,7.921452356366709e-01,-5.944269670296488e-08,-5.259345821991726e-06,-6.822520175412156e-08,-1.290309879389028e-07,9.230857732452995e-07,1.413163421684176e-09,-1.797972795645304e-06,-7.686975543880335e-07,4.399236319909063e-09,-1.892341192441224e-09,1.785807352829912e-07,1.177053927605665e-06,1.293301717042001e-07,6.364131531453769e-07,1.054003003372845e-06,1.222910948541283e-08,7.122687765585252e-07,4.630672409069938e-06,1.338575995913418e-11,9.702801767259118e-09,-9.384057088287677e-11,-2.301189895825389e-14,-1.542563913886653e-15,-4.584054011267794e-04,-3.126503211140763e-03,-1.053192416891903e-05,-1.231598208350895e-05,-7.518631877499515e-06,2.137418769582388e-09,1.641342118852275e-07,4.825555065588657e-06,6.014220181372708e-06,4.992233038662309e-06,1.810938600278158e-06,1.372668248767943e-06,2.022389894440479e-11,
-3.687288327374345e-03,-3.087323942455788e-02,-9.053075089204567e-02,7.574254327529338e-06,-1.122165476278470e-02,5.013475004304642e-01,-6.890930902439584e-06,-3.453155578101186e-01,-6.036456704930238e-08,-4.661593454592319e-08,-7.306518430265656e-09,6.623982814273648e-07,1.600839823230338e-07,-6.826724548086742e-07,-4.523528585133888e-07,1.063891209225189e-10,-1.786002587176682e-09,1.022651480002828e-09,-4.932024558291777e-01,1.877429214278143e+00,-3.853320304218565e-08,-3.601789256656818e-07,-1.177693806308099e-07,2.558017092694697e-06,7.179332695342921e-07,1.779565393397730e-09,3.772396185985806e-07,6.927149002767749e-07,9.745429325353015e-09,-4.034341210867396e-09,1.917063201298034e-07,1.700706164572188e-06,2.948881621793328e-07,1.001186613312753e-06,1.605112238686104e-06,3.292961043542769e-08,1.520244922117165e-06,4.808593957794981e-06,4.627645000731534e-11,2.695498184476147e-08,7.047943463592016e-11,-5.081275909824519e-14,-1.649884458216701e-15,-7.345689050517882e-04,-5.084917880636781e-03,1.545277441073074e-06,-4.570228010034140e-05,-2.867071546009990e-05,7.826121038087434e-09,3.748324734681944e-07,4.444061131564368e-06,6.359426691401585e-06,8.327396916359609e-06,3.440837103293812e-06,2.289179719649653e-06,2.728017811648442e-11,
-1.289966569192431e-02,-9.694381270366183e-02,-2.092814688728240e-01,2.066687384193450e-06,-3.006815380506977e-02,3.133104273467941e+00,-2.402161564784612e-05,-8.512333044997894e-01,8.278867774032048e-07,2.580314062877895e-06,3.664150701217854e-07,2.431682156985431e-05,1.379232113355775e-06,-2.191294678376399e-06,1.857880327385159e-05,5.416143347988774e-08,2.587220870200067e-07,1.662341355596901e-07,-1.177660496038864e+00,8.061166398723453e+00,5.827341821403205e-07,4.362814856873171e-05,3.071196165947791e-06,1.132624997254405e-04,2.802778262432768e-06,1.471498749739293e-08,1.479364597465853e-05,5.238356736182478e-06,1.757249526831088e-08,7.432413815771198e-08,5.631609506350714e-07,3.861687088609323e-06,1.564441196930924e-06,2.538940875055906e-06,6.050518752202217e-06,2.935047765905628e-07,7.201040836802391e-06,8.634697523063210e-06,1.792562837608135e-09,1.519649565400713e-06,3.956442294134285e-10,2.443019612417439e-13,1.221442345430748e-14,2.078909653341322e-03,1.501452514056070e-02,6.869526912169133e-05,-2.729767579056104e-04,-1.768313447689714e-04,2.701067335196589e-07,4.669986576165548e-06,4.135456952048038e-06,8.184072482662431e-05,4.577202507220043e-05,1.495841846639008e-05,1.269020925193419e-05,9.851919280379207e-11,

