1
0
63
1
(4 0
((0,0) (7,127) (0,0))
((0,256) (7,383) (0,0))
((0,128) (7,255) (0,0))
((0,384) (7,511) (0,0))
)
4
FabOnDisk: SD_0_Old_MF_D_0003 0
FabOnDisk: SD_0_Old_MF_D_0001 0
FabOnDisk: SD_0_Old_MF_D_0002 0
FabOnDisk: SD_0_Old_MF_D_0000 0

4,63
-7.978921558099664e-04,7.985652826884142e-01,1.596352205018872e-01,3.931609313113242e-25,5.185045502663846e-25,2.873373076031469e-18,8.299398948803211e-13,2.684248283841257e-08,3.124186369393598e-10,3.274084009796805e-13,2.943842872065384e-03,0.000000000000000e+00,1.964572401623750e-30,1.564722920365488e-31,1.550464981221473e-14,3.364565725236356e-12,2.678380724653747e-25,2.497108439350865e-13,3.928218892730157e-20,8.458523853694074e-32,2.481367102561789e-14,5.095046374332455e-11,1.183131583324434e-12,0.000000000000000e+00,1.827502322298530e-13,1.836074272130194e-29,1.569604541228754e-12,2.759903310189260e-25,2.454875706071379e-14,2.812992787457953e-31,6.022080589941176e-15,1.319692166104699e-22,5.211123494236338e-28,1.195623868271744e-15,0.000000000000000e+00,1.751565064259132e-16,7.624891246191932e-17,4.428841819314303e-18,6.591450001250555e-32,2.923365021868337e-15,0.000000000000000e+00,1.063455618090059e-32,1.822371332579612e-17,1.875819205832766e-18,1.881833318776709e-19,2.692376184408616e-21,5.154087649026350e-19,1.659429837346531e-19,6.743146887787472e-18,1.556503732011380e-18,2.804582248081000e-18,1.692574575866277e-37,4.877230667090709e-16,0.000000000000000e+00,0.000000000000000e+00,0.000000000000000e+00,0.000000000000000e+00,0.000000000000000e+00,1.143992757938866e-01,3.966876908632649e+03,0.000000000000000e+00,4.430000276063119e+02,1.012655312058926e+05,
-1.001579783819928e-07,4.381449223051874e+00,1.469563227747435e-01,7.231854628462362e-06,6.974780030037632e-05,5.070449280822192e-04,1.327616260545006e-07,6.121871894827814e-05,1.235165484689792e-02,1.465596628333093e-08,1.327986135895076e-03,8.344662345284715e-11,4.009850529520741e-10,3.502004089876895e-11,1.539882025280733e-09,3.858070772847571e-10,1.138571868563260e-09,2.400054844784383e-09,5.251859075744640e-12,1.798920803252169e-11,1.817589277410905e-11,3.785619199198194e-03,2.303507541549626e-02,1.307434618720923e-10,1.284558244992183e-08,1.695135230683655e-10,5.123818980446155e-09,1.027667314098960e-13,2.339177526375177e-15,4.268273326708763e-09,2.234241830370909e-09,6.717991754652164e-15,4.088845107023197e-12,0.000000000000000e+00,4.110531054642237e-15,0.000000000000000e+00,0.000000000000000e+00,0.000000000000000e+00,0.000000000000000e+00,0.000000000000000e+00,0.000000000000000e+00,0.000000000000000e+00,0.000000000000000e+00,1.441092102351617e-13,4.026754174814143e-17,2.500632043197388e-18,9.522193047897307e-07,6.502751845833200e-06,2.531852077291262e-08,2.921106841532844e-08,1.803444023104832e-08,7.429214612932941e-13,0.000000000000000e+00,0.000000000000000e+00,0.000000000000000e+00,0.000000000000000e+00,0.000000000000000e+00,0.000000000000000e+00,1.054010602121025e-01,7.880522693545840e+03,0.000000000000000e+00,2.289677875990172e+03,1.013249760623510e+05,
-1.090338169995971e-05,4.104925327735355e+00,1.490324347974121e-01,1.064505858437150e-05,1.034546460443377e-04,5.986450294283075e-04,1.313418855839889e-07,7.228371701379458e-05,1.215150383810014e-02,2.274216586592466e-08,1.682387951820129e-03,1.420156693664902e-10,3.687565240035513e-10,4.837956558178183e-11,1.250477713966096e-09,1.754831773525684e-10,1.950509954135231e-09,2.616779088262193e-09,4.792308704733436e-12,2.587518406394570e-11,1.746808669911019e-11,4.317650671825627e-03,2.222067980188010e-02,1.156703430695181e-10,9.455286821220367e-09,3.116599214473085e-10,6.298380274002789e-09,1.080701763674667e-14,1.620258062031598e-15,2.476230475143800e-09,9.753478459652081e-10,2.021800700199541e-14,9.213155080198631e-12,6.402901541505344e-16,0.000000000000000e+00,0.000000000000000e+00,0.000000000000000e+00,0.000000000000000e+00,0.000000000000000e+00,0.000000000000000e+00,0.000000000000000e+00,0.000000000000000e+00,0.000000000000000e+00,5.220281784270156e-14,8.775063282751876e-17,3.358557395231902e-18,1.606203418337415e-06,1.107636586183386e-05,1.474307636120458e-08,1.022510149769489e-07,6.465016583328171e-08,1.479883476797308e-12,0.000000000000000e+00,0.000000000000000e+00,0.000000000000000e+00,0.000000000000000e+00,0.000000000000000e+00,0.000000000000000e+00,1.068829858772714e-01,4.530380707899977e+03,0.000000000000000e+00,2.120413629944582e+03,9.987810820687827e+04,
-6.313848552414389e-08,4.452142844121569e+00,1.460849782740992e-01,6.119400753411439e-06,5.841963348787265e-05,4.697002561474063e-04,1.349639577097725e-07,5.710717441275826e-05,1.235287040013011e-02,1.211860060580311e-08,1.185097303930257e-03,5.186851563509409e-11,2.747576069411557e-10,2.322167908806161e-11,1.098968328952759e-09,3.009617890512343e-10,8.753911502596771e-10,1.645849484707021e-09,3.586927028296962e-12,1.186297481083627e-11,1.263487382048487e-11,3.573713387399432e-03,2.343661340718439e-02,8.851030205984278e-11,9.130584800691425e-09,1.014569576983811e-10,3.404990929321549e-09,0.000000000000000e+00,7.713829958922698e-16,3.028266465703160e-09,1.640150228191293e-09,9.806550420514560e-16,2.208141364981588e-12,0.000000000000000e+00,3.620001409988101e-13,0.000000000000000e+00,0.000000000000000e+00,0.000000000000000e+00,0.000000000000000e+00,0.000000000000000e+00,0.000000000000000e+00,0.000000000000000e+00,0.000000000000000e+00,7.982279807362663e-14,1.777438223159071e-17,1.221180931076283e-18,5.948369048277825e-07,4.045616547396728e-06,1.817300528959632e-08,1.350678320728471e-08,8.258881127695810e-09,4.303617770083119e-13,0.000000000000000e+00,0.000000000000000e+00,0.000000000000000e+00,0.000000000000000e+00,0.000000000000000e+00,0.000000000000000e+00,1.047730840346750e-01,7.933512514302501e+03,0.000000000000000e+00,2.330636364593506e+03,1.013249875649720e+05,

4,63
2.713574305370423e-04,4.098739346766904e+00,8.373327365911115e-01,5.419115361352133e-05,4.554555334307299e-04,9.762880801830894e-04,1.200686390288843e-04,5.735820770943956e-04,1.361930478550579e-02,2.000766192366254e-05,1.827792596325742e-01,1.440325611426266e-06,6.351792518694632e-06,7.319834496635661e-07,2.381957913243964e-04,3.095216495359563e-04,2.090834478758693e-05,5.044415506389499e-04,1.668732039423514e-05,1.038838333186345e-06,7.990249940846822e-05,1.393586884445829e-02,2.219968535278944e-02,7.309009767277621e-07,5.818753208944962e-04,2.138967296682619e-05,4.250726238156813e-03,1.006970204276420e-04,5.230290925992457e-04,3.003679798229160e-05,9.809546717395618e-05,1.490821758581524e-07,2.948747739321115e-05,4.166478405500672e-05,1.038964166694123e-05,5.348340679258229e-05,2.875914083286115e-05,3.758218677366273e-05,3.294322299573450e-06,6.495354014792684e-04,1.323888666391709e-05,5.028487360902616e-06,1.091377566951437e-04,1.407581189993741e-05,5.643743013453382e-07,1.338065519702641e-08,2.481551207110305e-06,1.752126621620038e-05,2.820425117504870e-05,1.178206411725402e-05,1.427738565646900e-05,1.824592190692800e-06,4.522153934606359e-04,1.179359443492133e-05,5.259454974227771e-02,1.532103950541644e-03,1.325127008271852e-04,4.183496459465015e-04,6.019589000025866e-01,7.152897230658140e+04,0.000000000000000e+00,2.116735959200787e+03,1.013620676425451e+05,
8.223155506195477e-07,4.451802460936324e+00,1.491520470269692e-01,1.059681528357561e-05,1.029887426956971e-04,5.975349883625735e-04,1.349437846224783e-07,7.214065609754817e-05,1.235472157712921e-02,2.262521082832025e-08,1.678011122739613e-03,1.414484700027476e-10,5.447200720174034e-10,5.163652390975270e-11,1.936278572064437e-09,4.114800270270965e-10,1.938835042587053e-09,3.296637037878037e-09,7.149614125194725e-12,2.681322570724258e-11,2.397353164621283e-11,4.310972301223945e-03,2.343457117827585e-02,1.801047469864392e-10,1.609874526997264e-08,3.101053138244635e-10,7.396129746868570e-09,3.114870439272928e-13,5.635561986281496e-15,5.261113391632375e-09,2.534356584097442e-09,2.956664227832255e-14,9.148257970281858e-12,6.622023368229738e-13,2.647804886554320e-12,1.635839108639199e-13,4.614747031909453e-13,1.301392327982703e-12,1.154681627779535e-14,9.183394006464436e-13,3.298801075563508e-12,1.267119323776541e-17,1.025757636917404e-14,1.846874842445458e-13,8.728042341505207e-17,4.320774890132895e-18,1.599385431778544e-06,1.102805284546354e-05,3.064072484057520e-08,1.009117858572913e-07,6.378458615019005e-08,1.485200605544410e-12,1.069051844857869e-13,3.885352478800182e-13,2.645609350280927e-12,7.344200622759450e-12,4.746443421807948e-12,1.998784920017517e-12,1.069800519286586e-01,7.933452534801408e+03,0.000000000000000e+00,2.330442379589966e+03,1.013249941563230e+05,
3.516628993078236e-02,4.380561456672576e+00,1.593984141521000e-01,3.396029506146257e-05,2.976577815221022e-04,8.787921672054874e-04,2.085715397428101e-07,1.215170550457014e-04,1.246182415730208e-02,8.320733109285134e-08,2.910183373865716e-03,2.202085713251724e-10,5.857729470217567e-10,6.315165531342220e-11,1.991950255772080e-09,4.004199709990458e-10,8.788848924424921e-09,3.655562751189908e-09,7.673495952368769e-12,3.311106111858982e-11,2.537380244828065e-11,6.465365892104939e-03,2.303033441101898e-02,1.948101932663903e-10,1.638457556196400e-08,5.434577586067294e-10,8.523146406414258e-09,1.356287045405266e-12,2.424862346429458e-14,5.273930199037169e-09,2.514039810265868e-09,2.141041083064782e-13,2.143669190085929e-11,2.813006756249620e-12,6.014296338853832e-12,7.517718632480531e-13,1.583152725495842e-12,2.660934793875837e-12,4.004894244058916e-14,1.090930435005913e-12,2.137972237612291e-12,9.134687327433567e-17,1.227591591401775e-13,2.169564027265203e-13,6.544237935230903e-16,1.769183149871191e-17,2.563451911181948e-06,1.808302900507734e-05,3.067037054902831e-08,2.393470625527326e-06,1.640482001641785e-06,3.945198559882225e-12,5.771126243788099e-13,5.615394980256857e-13,9.689015560680336e-12,1.689482578061551e-11,1.270092586356093e-11,4.595172900738537e-12,1.142251885201170e-01,8.265995764332783e+03,0.000000000000000e+00,2.289160033751748e+03,1.025268691174725e+05,
6.672882048559497e-08,4.481597710363317e+00,1.469460929773234e-01,7.217681004488162e-06,6.960533996539468e-05,5.065990811102003e-04,1.366880907218436e-07,6.116769756642344e-05,1.235412090952333e-02,1.462354862704968e-08,1.326305133611393e-03,8.311415745664340e-11,3.998437223572929e-10,3.490643607775165e-11,1.536200605256142e-09,3.852815245487829e-10,1.135271881506073e-09,2.393234605078020e-09,5.236846094893551e-12,1.793004410538894e-11,1.812786343358791e-11,3.783077365276085e-03,2.360401595270201e-02,1.303551277956605e-10,1.281451807438071e-08,1.687716487281061e-10,5.107733661967356e-09,1.339843447943822e-13,2.381301634959602e-15,4.257994974237058e-09,2.229809674535719e-09,1.264947371763968e-14,4.066363411282709e-12,3.700127473619484e-13,2.376198086029584e-12,1.129463274236986e-13,4.642434876087968e-13,4.104616550634011e-13,1.460630919106989e-15,8.086011046574214e-14,1.149539076657962e-12,1.460262996131361e-18,2.438458465710945e-15,1.435652598423890e-13,4.000851948330818e-17,2.487455478187597e-18,9.485021202244759e-07,6.477058311324112e-06,2.526090279741893e-08,2.899404249619008e-08,1.789842285156554e-08,7.394158296590818e-13,2.475019325828984e-14,3.047682223506804e-13,1.948332950742996e-12,3.296358688257400e-12,1.893056711946997e-12,8.979267269772105e-13,1.053937079348593e-01,7.981241006059012e+03,0.000000000000000e+00,2.346944443692633e+03,1.013249995823124e+05,

