1
0
63
1
(4 0
((0,0) (7,127) (0,0))
((0,256) (7,383) (0,0))
((0,128) (7,255) (0,0))
((0,384) (7,511) (0,0))
)
4
FabOnDisk: SD_0_New_MF_D_0003 0
FabOnDisk: SD_0_New_MF_D_0001 0
FabOnDisk: SD_0_New_MF_D_0002 0
FabOnDisk: SD_0_New_MF_D_0000 0

4,63
-7.634674450434846e-04,7.948119756870269e-01,1.596319560822566e-01,-5.003426105113545e-07,5.059419886945456e-25,2.863959393019780e-18,8.280286263469607e-13,2.683836207600898e-08,3.118708110209536e-10,3.266440237396336e-13,2.947064903293176e-03,-3.446344146475907e-10,1.954271757667573e-30,1.556483107551197e-31,1.547362094795261e-14,3.358006973933234e-12,2.642398035002252e-25,2.488269810422373e-13,3.809648912256029e-20,8.400481314587477e-32,2.472248610341887e-14,5.083272733796254e-11,1.178799240046986e-12,-4.152134086410107e-11,1.821489254242059e-13,1.820476658055077e-29,1.564154203992998e-12,2.745749271569293e-25,2.459733575069275e-14,2.792509320377141e-31,5.993615245087072e-15,1.283212642780118e-22,5.169544344551569e-28,1.189868531410912e-15,-1.313961964792403e-15,3.374723954090314e-16,1.894303783762133e-16,4.400530096106783e-18,6.527781986180961e-32,2.905106052213106e-15,-1.843958338715060e-17,1.054826647265850e-32,1.807022933112898e-17,1.860580070492827e-18,1.866440538517321e-19,2.876968750312564e-21,5.111446056191180e-19,1.645678328851666e-19,6.687010820365074e-18,1.543524802034801e-18,2.781196196534924e-18,1.675706858738332e-37,4.846494206343472e-16,-2.135201052601359e-18,-1.796251723489956e-15,-3.436680469912740e-15,-6.599113824394041e-15,-9.753404564892466e-16,1.143978588537448e-01,3.871967966208553e+03,0.000000000000000e+00,4.430000279813287e+02,1.012016576215976e+05,
-1.112475540446826e-07,4.375865835394399e+00,1.469556979765231e-01,7.231077900581720e-06,6.973998380199002e-05,5.070207021388388e-04,1.327609635589016e-07,6.121594199250221e-05,1.235151550393463e-02,1.465414433822550e-08,1.327892127551051e-03,8.343726469424643e-11,4.009648020926889e-10,3.501758711192359e-11,1.539868812115974e-09,3.858263927369523e-10,1.138411179556709e-09,2.399974517400711e-09,5.251697580351214e-12,1.798815632569381e-11,1.817555443435801e-11,3.785484111584492e-03,2.303512181033922e-02,1.307325351724577e-10,1.284485964017690e-08,1.694910644827587e-10,5.123419846212633e-09,8.032172793990074e-14,2.107039673332331e-15,4.268052727872807e-09,2.234190189694828e-09,1.214227101447291e-15,4.088000866630328e-12,-4.916551938323130e-16,-1.965175408170156e-15,-3.454603540035141e-16,-1.301332843568806e-15,-3.523427887757378e-15,-3.314023183247870e-17,-2.073363767510547e-15,-9.017267615907922e-15,-3.194147347940764e-20,-3.301433555926401e-17,1.441097741393513e-13,4.026165255362101e-17,2.500433324799288e-18,9.521228208648934e-07,6.502074503455991e-06,2.531824925609674e-08,2.920217866862591e-08,1.802882963495370e-08,7.428359711154287e-13,-1.989175017495090e-16,-9.758774200473858e-16,-3.662914207285793e-15,-1.371408493583146e-14,-8.740292380729392e-15,-4.198383121930538e-15,1.054006035428237e-01,7.882592797089750e+03,0.000000000000000e+00,2.289695888624170e+03,1.013249755273128e+05,
-6.656992127182788e-03,4.090371122812916e+00,1.467691083775762e-01,1.006045209835968e-05,1.034441824792877e-04,5.986195001321329e-04,1.296416797233604e-07,7.228292846001681e-05,1.196730271436277e-02,2.273891073658692e-08,1.682215714500659e-03,1.419866916770004e-10,3.677557585242516e-10,4.829323665671543e-11,1.247401809922868e-09,1.749957802288104e-10,1.950254292813105e-09,2.610405824546041e-09,4.781505151665695e-12,2.583155631373904e-11,1.742369014628123e-11,4.317679269451247e-03,2.209125121652496e-02,1.153622906874166e-10,9.427258242307761e-09,3.116278297962842e-10,6.282975587064098e-09,6.743734561039859e-18,1.485970276758709e-15,2.468323835787658e-09,9.723744048005232e-10,1.755213760246236e-14,9.211666513690460e-12,-3.221948655214456e-16,-3.340539364554498e-15,-2.218865290368022e-15,-4.945478137063502e-15,-7.584407544092872e-15,-4.488938361799830e-16,-1.270133017762714e-14,-3.559807402640239e-14,-7.014933946464513e-19,-2.746452215007691e-16,5.166768654724540e-14,8.776035062068395e-17,3.336795751618829e-18,1.606226847215070e-06,1.107648671454511e-05,1.469905666333693e-08,1.022300157978921e-07,6.463625630037327e-08,1.493774158629838e-12,-5.505729986647943e-15,-1.959294770968312e-14,-2.350405692672113e-13,-4.195264469206205e-14,-2.458842701183186e-14,-1.273585601320612e-14,1.052613310774311e-01,4.575223774865809e+03,0.000000000000000e+00,2.120272245961135e+03,9.833807989330858e+04,
-1.153250324838886e-07,4.446537791667496e+00,1.460845003555812e-01,6.118896773627432e-06,5.841439865096885e-05,4.696822138259530e-04,1.349654337472565e-07,5.710530893239689e-05,1.235287110727714e-02,1.211743489926879e-08,1.185026349832543e-03,5.185331060134328e-11,2.746883489545587e-10,2.321497383244570e-11,1.098557385638355e-09,3.009065940646744e-10,8.752730496301474e-10,1.645411515842824e-09,3.585709482657001e-12,1.185870175108579e-11,1.263092694665217e-11,3.573619983441249e-03,2.343672044284965e-02,8.849650275268355e-11,9.129414400274432e-09,1.014398429131237e-10,3.404746919132677e-09,1.648459162168178e-17,4.010756282452934e-16,3.027819938101794e-09,1.639928348941729e-09,4.060485830000793e-16,2.207650686218653e-12,-2.401090807082673e-17,3.245661281149054e-13,-2.969331305372492e-16,-1.379574270597045e-15,-1.036898816637415e-15,-4.522120024196925e-18,-2.421274001886426e-16,-3.338877008810270e-15,-4.341791565614622e-21,-4.296968295059513e-18,7.980425878740096e-14,1.776823025129800e-17,1.220821026390657e-18,5.947222102022298e-07,4.044827832801859e-06,1.817075429297369e-08,1.350211827645150e-08,8.255986380962045e-09,4.302142475438970e-13,-6.276540731318703e-17,-9.378472623960202e-16,-1.945584996676024e-15,-6.634095910894622e-15,-3.710378060798131e-15,-2.041628254693740e-15,1.047727326992442e-01,7.933718598733454e+03,0.000000000000000e+00,2.330647995337037e+03,1.013249874022849e+05,

4,63
2.835396639067876e-04,4.084146109077721e+00,8.373327348677136e-01,5.395698159970641e-05,4.537296708268085e-04,9.751124338721160e-04,1.202879281197354e-04,5.651136544754493e-04,1.361433537594556e-02,1.995977390499082e-05,1.827792592576570e-01,1.433415286044109e-06,6.344124635393039e-06,7.304998845790575e-07,2.375165901801888e-04,3.074670336770413e-04,2.087177051038801e-05,5.031054205984910e-04,1.668734264068808e-05,1.034199951804008e-06,7.945542894876953e-05,1.393139938136046e-02,2.218616709149794e-02,7.317148202586460e-07,5.822180789594763e-04,2.140359449984123e-05,4.252760748100177e-03,1.006110058819041e-04,5.188913056691991e-04,3.014508974467426e-05,9.827983466175409e-05,1.481262036174306e-07,2.962017479687186e-05,4.146550690628652e-05,1.047993341731267e-05,5.357557519818270e-05,2.881828901024649e-05,3.766049452044514e-05,3.280230214174615e-06,6.471162046797155e-04,1.351024963003440e-05,4.972353284785164e-06,1.091746492298541e-04,1.416641988330353e-05,5.634950856466206e-07,1.334693506588278e-08,2.478311257352329e-06,1.749598580735232e-05,2.817208926557439e-05,1.177616375210520e-05,1.425094213246166e-05,1.812310257801158e-06,4.502476757273149e-04,1.213841108936058e-05,5.259454964314874e-02,1.531613100954040e-03,1.326449560621403e-04,4.182159956511607e-04,6.019588987580420e-01,7.161532026389938e+04,0.000000000000000e+00,2.116601439074019e+03,1.014242113833530e+05,
1.076680051588179e-06,4.446197552679674e+00,1.491510062618029e-01,1.059607743199014e-05,1.029783077025552e-04,5.975095693245066e-04,1.349452649458328e-07,7.213967053025424e-05,1.235469739852989e-02,2.262198452053081e-08,1.677843923262622e-03,1.414605203247949e-10,5.447826552511223e-10,5.164153041823164e-11,1.936491798321256e-09,4.115340425057602e-10,1.938715917444334e-09,3.296951938641840e-09,7.150310609339015e-12,2.681519063167150e-11,2.397537580008684e-11,4.310988046274566e-03,2.343467788124568e-02,1.801269569114502e-10,1.610096143281273e-08,3.101065543829315e-10,7.396765878623247e-09,3.114317924488797e-13,5.636696795771009e-15,5.261852268488920e-09,2.534667998491928e-09,2.949303181423916e-14,9.147452225930236e-12,3.924614518913962e-13,5.002478898495977e-12,3.771816117292081e-13,1.046179724662736e-12,1.102721356030755e-12,2.547969449669146e-14,6.187261041137880e-13,1.359115295807535e-12,4.309887023541754e-17,3.158914824704281e-14,1.847354633100526e-13,8.729089605900827e-17,4.321537975436604e-18,1.599406787877010e-06,1.102815907838090e-05,3.064357790457652e-08,1.008906786985299e-07,6.377061465665492e-08,1.485155875173213e-12,8.371254123364065e-14,3.070554265426774e-13,4.409598552624544e-12,6.491833299180156e-12,5.828812134049209e-12,1.745250673192310e-12,1.069792929721267e-01,7.933664083065444e+03,0.000000000000000e+00,2.330454069237260e+03,1.013249941391628e+05,
5.510428141300118e-02,4.374978162889865e+00,1.593967319299624e-01,3.403362399311904e-05,2.982584731886993e-04,8.797802131628694e-04,2.089790383011340e-07,1.216807662551110e-04,1.273378054705804e-02,8.340769794880348e-08,2.913719018046232e-03,2.201405956821875e-10,5.981878555318859e-10,6.319504337192537e-11,2.041615543775343e-09,4.003739162220242e-10,8.804096097413801e-09,3.680012086153561e-09,7.879885830821683e-12,3.312959214832558e-11,2.615874093927194e-11,6.465236378805666e-03,2.351480559920005e-02,1.994030616426699e-10,1.680649899094781e-08,5.429748660648167e-10,8.530872963561456e-09,1.362214166230735e-12,2.427608556975762e-14,5.273475897027361e-09,2.514125067335007e-09,2.143476192032164e-13,2.142520743580020e-11,2.814294537747251e-12,4.186874655389554e-12,4.602352291903622e-13,1.558527049787037e-12,3.193289242754549e-12,5.159820701098836e-14,1.553066974212585e-12,2.193889301290250e-12,1.874467722122699e-16,2.696658269384934e-13,2.040085947320452e-13,6.170240672227505e-16,1.665561898251708e-17,2.561071906216455e-06,1.806636558615323e-05,3.067313458367842e-08,2.399066330304505e-06,1.644123622366243e-06,3.943840198550352e-12,1.290569933080110e-12,5.848054473929195e-13,2.405246313438272e-11,1.449381214369242e-11,6.016440827277689e-12,4.011657121371505e-12,1.142249681292396e-01,9.269328706937304e+03,0.000000000000000e+00,2.289178091043495e+03,1.048460763566936e+05,
1.173755177642330e-07,4.475980207871061e+00,1.469454710468345e-01,7.216907540642617e-06,6.959755841596953e-05,5.065749243963406e-04,1.366892337803230e-07,6.116492869264655e-05,1.235411139970605e-02,1.462173656024225e-08,1.326211499547198e-03,8.310478920094707e-11,3.998233278142826e-10,3.490391864614725e-11,1.536171910453673e-09,3.852959447714377e-10,1.135110138310051e-09,2.393112819706328e-09,5.236595980139394e-12,1.792873599919028e-11,1.812716572323725e-11,3.782942562223040e-03,2.360408000885108e-02,1.303476836359369e-10,1.281414164902685e-08,1.687495831268660e-10,5.107412555708276e-09,1.485675602552034e-13,2.380810282668945e-15,4.257877223054346e-09,2.229802361569427e-09,9.050779251802866e-15,4.065580872492924e-12,1.810587866674540e-13,1.507068718260781e-12,6.738271556247793e-14,3.169675142623879e-13,3.711537902637367e-13,2.989510742268367e-15,1.426845406573235e-13,7.484028830676006e-13,2.328868118496412e-18,2.575164895495619e-15,1.435669094236332e-13,4.000298478852354e-17,2.487272030243053e-18,9.484059443722615e-07,6.476383269857132e-06,2.526062306198068e-08,2.898523972661828e-08,1.789286773921276e-08,7.393028345890811e-13,3.721922555052729e-14,4.787758604656291e-13,3.139307986487362e-12,2.464271726633506e-12,1.875191282066524e-12,6.636250902048579e-13,1.053932534244763e-01,7.981411452818931e+03,0.000000000000000e+00,2.346953180202805e+03,1.013250010435090e+05,

