1
0
56
1
(4 0
((0,0) (7,127) (0,0))
((0,256) (7,383) (0,0))
((0,128) (7,255) (0,0))
((0,384) (7,511) (0,0))
)
4
FabOnDisk: SD_5_New_MF_D_0003 0
FabOnDisk: SD_5_New_MF_D_0001 0
FabOnDisk: SD_5_New_MF_D_0002 0
FabOnDisk: SD_5_New_MF_D_0000 0

4,56
-8.439183077426714e+00,-1.630350271964828e+01,-2.716133214008090e+01,-6.106102778671911e+00,-1.085567722663387e+01,-6.646068880866623e+00,-9.808918807247767e-01,-6.676639683289415e+02,-2.539281854892935e-01,-7.558782332839028e-01,-8.379264317306320e-02,-1.452409932587960e+01,-1.470494415927938e+01,-1.470968331583324e+00,-1.038230828258859e+01,-4.863252972380211e-01,-7.622542839256395e-02,-3.230117755734673e+00,-1.347550574239426e+02,1.416133208690783e-21,-7.703854433943724e-02,-4.642601077180363e+01,-1.753553782649738e+00,-1.940862133850173e+02,-8.380043386928890e+00,-2.920307489670747e+01,-4.038474171893776e+00,-2.838112148554584e+00,-1.047421995661844e-02,-1.951258042063631e+00,-1.883721882086655e+00,-8.285257904963663e-01,-3.601887167285303e+00,-2.068483080652160e+00,-3.027318416063308e+00,-2.380691049992816e-01,-3.385864650549011e+01,-6.573199593898166e-01,-4.183846654721294e-01,-8.508660091032310e+00,-7.615868629846685e-01,-1.487481504326735e-02,-5.674466406849170e-04,-8.193278266443262e-02,-1.383994903154580e-01,-2.117847008429991e+00,-7.167264504501808e-02,-3.026302567150055e-01,-1.545580889992284e-01,-2.488336857540678e+01,-5.142216809540454e-01,-5.802967714607178e+02,-8.741304228618050e+01,-8.712683600149102e+00,-2.430993120994453e+01,-1.969908680621302e-10,
-1.297668464497698e-02,-9.527903694047397e-02,-2.059073906857169e-01,2.355081428631868e-06,-3.010287496293969e-02,1.843262312228594e-01,-2.354564796294106e-05,-8.399197583621846e-01,-1.144417228278434e-07,-2.475718214928253e-07,-3.259880712566179e-08,-1.037447130414856e-06,-1.422365508498132e-07,-2.338147570518405e-06,-1.806187716212679e-06,-3.627028834317788e-09,-1.886259178255081e-08,-1.246023299650207e-08,-1.150524324483037e+00,7.866696444976143e-01,-8.987503404121298e-08,-6.797166896700033e-06,-3.344168925756046e-07,-5.487010076166977e-06,-4.811468059391660e-07,-7.601814943577568e-10,-2.113221166595471e-06,-8.236344789215525e-07,-4.502381578974170e-09,-1.419544883040655e-08,-2.486001148253945e-07,-4.739651207536816e-07,-4.591080624906122e-08,-1.388454505568073e-07,-1.929684427043160e-07,-4.532221854029681e-09,-2.569911221887809e-07,-9.996465405450161e-07,-9.975279997382763e-12,-9.861898739450852e-09,-1.012719859395527e-10,-8.424918419084118e-14,-2.858580930258230e-15,-1.229016293864871e-03,-8.742181855355450e-03,-1.063322602891433e-05,-2.673369733930704e-04,-1.731072020361593e-04,-2.546881980596763e-09,-4.057568388421381e-08,-4.401279396987580e-07,-8.539205743446180e-07,-8.353502020005134e-07,-1.289359125583529e-06,-2.173857370805812e-07,-9.391654121060355e-12,
-2.114919631858197e-01,-9.115796638100818e-01,-1.819945099679457e+00,-2.628359737098886e-03,-2.162466036602536e-01,-4.220650217644248e-01,-1.018578461086722e-03,-4.751142082065638e+00,-8.047287953795398e-06,-5.430236043284519e-06,-3.489013352144050e-06,-5.089311535450975e-06,-6.920273592916853e-07,-1.108776751984330e-04,-8.656414311982659e-06,-2.699618202157659e-08,-1.389012488898103e-07,-5.702080855380325e-08,-5.066400547713610e+00,1.192594070789312e+00,-3.073764993699345e-06,-5.693363472079237e-05,-1.628031953481714e-05,-3.542109791162618e-05,-8.102599605093032e-07,-4.016140699491774e-08,-1.349772409974191e-05,-5.486983654538652e-06,-4.184325648582599e-09,-5.787807469684404e-08,-2.093982306814526e-07,-5.684111570400170e-07,-1.452839720956866e-07,-2.890233604208849e-07,-7.676235948628586e-07,-2.069932325381231e-08,-6.130673415633864e-07,-1.266653925441106e-06,-1.504006452014371e-10,-8.943375562832077e-08,-4.532662899734092e-08,-2.030166619860790e-10,-4.690976073744915e-12,-3.169913970368676e-03,-1.614822849477213e-02,-1.361879553811294e-04,-2.305921852726956e-02,-1.619281509815250e-02,-5.996335562612605e-08,-5.063165221942419e-07,-5.236826119826554e-07,-8.977686686857445e-06,-6.223684877333116e-06,-2.280520729876155e-06,-1.719976621052686e-06,-3.240074875066057e-11,
-3.614349982403365e-03,-3.028567885200923e-02,-8.913476674192052e-02,1.230338937183105e-06,-1.103352538847612e-02,1.051133024258911e-01,-6.784549039501097e-06,-3.398716374540877e-01,-8.779686810695310e-08,-3.133228116743245e-07,-2.729549996000149e-08,-1.250788299412320e-06,-2.785461526519477e-07,-6.866710527567930e-07,-1.529151974234233e-06,-3.384232849809821e-09,-1.234749303729400e-08,-1.212075854793624e-08,-4.852585789051371e-01,2.801814784107324e-01,-8.086438926469830e-08,-7.978317953450034e-06,-1.518268459015772e-07,-3.866120655165072e-06,-5.283661526713732e-07,-5.687926937551984e-10,-3.547508811834549e-06,-1.218142101506158e-06,-1.583740121226119e-09,-4.655617821760421e-09,-1.464395149919167e-07,-1.170477372115281e-07,-7.385480300498197e-09,-5.152717466935216e-08,-5.339203794123377e-08,-1.326422006013349e-09,-9.437096886133230e-08,-8.350834013376972e-07,-1.807056948302138e-12,-4.417356419499827e-10,-1.079903470533667e-10,-5.130450821455063e-14,-2.556656894653470e-15,-7.319522567264996e-04,-5.064977104005666e-03,-1.235938748906445e-05,-4.480651204560696e-05,-2.811660906201740e-05,-8.506873113321583e-10,-1.427143328896197e-08,-5.842681538247503e-07,-5.924799918127313e-07,-2.032563919582984e-07,-1.746252065395589e-07,-5.484713326454318e-08,-9.384271137946598e-12,

4,56
6.338514104457741e+00,3.040503347891237e+01,4.677503195441295e+01,7.609784795853948e+00,1.246702570183935e+01,3.430835862172569e+02,5.677278010154673e-01,4.370709130448007e-12,6.160139168962377e-01,1.365601712749503e+00,1.588193347062481e-01,2.713867955934676e+01,1.773410984929371e+01,2.040078523562598e+00,1.530759874434128e+01,4.853404632224862e-01,1.370224103555398e-01,3.058211551130210e+00,4.649253344371934e+02,2.832489906710976e+02,1.615375845030698e-01,5.464593265198663e+01,3.848771991968964e+00,2.990073071839455e+02,1.215126026262160e+01,2.892984566679256e+01,8.105735969163044e+00,3.234732128786143e+00,1.802508130884961e-02,3.677338676631347e+00,2.605738577364558e+00,9.835686554551095e-01,3.940453344213867e+00,2.117375704106134e+00,3.782798642892097e+00,2.386678077932962e-01,3.295606184149911e+01,1.454609822162231e+00,6.755261454633821e-01,8.130088636801231e+00,1.189303817542570e+00,3.534195165819796e-02,8.964484682317942e-04,7.866994475981880e-02,2.963308780530011e-01,2.328697798062472e+00,4.476031601765120e-01,6.117807308078782e-01,2.126599410140710e-01,1.505455816702539e+01,1.210046679066053e+00,1.562103983705924e-06,8.949348590523219e+01,1.446140047524799e+01,2.502617784017261e+01,1.038635843997326e-10,
-3.642705331234847e-03,-3.050792104998859e-02,-8.966038029049472e-02,7.606582981347080e-06,-1.110574406176784e-02,5.029430180384823e-01,-6.824659594705201e-06,-3.419605632043297e-01,-6.572005793493242e-08,-9.886978135855178e-08,-1.859354136151062e-08,3.739403691165960e-08,1.541328172071696e-07,-6.846148641464208e-07,-8.356445283605102e-07,-1.153665360610185e-09,-9.693409561459727e-09,-3.128959326413719e-09,-4.881957272977296e-01,1.842207143650308e+00,-4.206272954060318e-08,-6.990566126654856e-07,-1.372997222674450e-07,-2.306639188165389e-06,3.777613296488404e-07,5.158959801238485e-10,2.307596541645879e-07,6.292006897572359e-07,1.963600339458762e-09,-4.438896818718058e-09,5.997538040169421e-08,1.440078711371479e-06,1.460398033571239e-07,4.238403600330936e-07,3.849722492015991e-07,9.961930014984573e-09,3.478193346360688e-07,1.483348937167818e-06,1.669011941319871e-11,1.313872143616271e-08,6.495721581677908e-11,-5.142433936249316e-14,-1.768535813026209e-15,-7.348815459992590e-04,-5.086032885967739e-03,1.193738011734939e-06,-4.525035254466408e-05,-2.838276593446762e-05,3.528661071442070e-10,6.835599427021375e-08,5.516061085031704e-07,1.998522740713688e-06,2.166365005286238e-06,1.562842750745463e-06,5.896038238098029e-07,9.642259213293869e-12,
9.414418605604749e-02,2.830715122858782e-01,1.463539263789309e+00,2.723036212312113e-03,1.340841500125114e-01,3.528766747179039e+00,9.410588515557788e-04,-8.470901480392513e-01,8.133574070553118e-06,3.400745563837276e-06,5.493702906413049e-06,7.864454148882415e-06,1.584747777332280e-06,1.029352779614515e-04,9.636987698804545e-06,3.276735511762741e-08,1.300598592940929e-07,9.458082612269407e-08,-7.309519270420068e-01,8.010856768511022e+00,3.548844678361450e-06,8.261438512806107e-05,1.441565770289980e-05,4.144453082300498e-05,7.124176667835618e-07,2.454535661006621e-09,2.160954394162010e-05,1.063185900971786e-05,3.808455245364232e-09,3.042067401004225e-08,1.416294513909471e-07,7.184022272692539e-07,1.140994333004509e-07,4.374506490680531e-07,1.118647225165106e-06,1.511628820631582e-08,6.190153516759618e-07,1.413463986482993e-06,9.868882045546883e-11,9.849946643789523e-08,5.601626695152920e-10,4.207122185576456e-12,2.283748306550725e-14,2.829041037277702e-03,2.031231592690026e-02,1.810118995617433e-04,7.886715501708897e-04,5.205379526764243e-03,5.024174450150239e-08,3.732130960036895e-07,3.600408775511926e-07,6.987674300873904e-06,4.176409155013249e-06,1.788883238346995e-06,1.158931418994458e-06,2.078759386847651e-11,
-2.005824750249566e-03,-1.226504504981140e-02,-3.608230370320832e-02,6.427101167254094e-06,-6.009329468965450e-03,1.831199199060194e-01,-2.023128006734340e-06,-1.560394633213469e-01,-4.212949996858295e-08,-1.785675812321842e-07,-1.529125491446757e-08,-3.954083997928131e-07,-8.799030139706215e-08,-2.223235787774964e-07,-1.089014193155681e-06,-2.247932926673809e-09,-7.937373212682834e-09,-7.576603812274738e-09,-1.707044656049697e-01,7.819727101217572e-01,-6.053237471985715e-08,-5.624788048956158e-06,-7.751751704528932e-08,-2.142607009832338e-06,4.318822706028729e-07,4.194055101790685e-10,-1.897855746407424e-06,-7.967021202842991e-07,8.177725550961993e-10,-2.069952269800101e-09,4.751960435543994e-08,3.690053774294971e-07,2.285929674590762e-08,1.210203487588160e-07,1.372566993405352e-07,1.176738135789636e-09,1.071233836467952e-07,1.054058061610812e-06,2.131295534189166e-12,9.367156068422028e-10,-9.496327083247007e-11,-2.347554814248258e-14,-1.546055900057321e-15,-4.552505014726060e-04,-3.105712736868981e-03,-1.065714078506457e-05,-1.270067977417476e-05,-7.809958609070662e-06,-4.446628318894732e-11,2.603175577500450e-08,5.037949545951910e-07,1.460594753560756e-06,1.125449067777931e-06,7.705373240633104e-07,3.055634366888153e-07,9.178560689271364e-12,

