1
0
56
1
(4 0
((0,0) (7,127) (0,0))
((0,256) (7,383) (0,0))
((0,128) (7,255) (0,0))
((0,384) (7,511) (0,0))
)
4
FabOnDisk: SD_5_Old_MF_D_0003 0
FabOnDisk: SD_5_Old_MF_D_0001 0
FabOnDisk: SD_5_Old_MF_D_0002 0
FabOnDisk: SD_5_Old_MF_D_0000 0

4,56
-8.491809158741129e+00,-1.631864528784836e+01,-2.722445829420391e+01,-6.116075956114931e+00,-1.108436654372761e+01,-6.325279639479865e+00,-9.861184343473897e-01,-6.701571296815816e+02,-2.555332045407786e-01,-7.574397230108035e-01,-8.397153707117717e-02,-1.458840208986180e+01,-1.487780996400125e+01,-1.476963004478379e+00,-1.040586250805073e+01,-4.866635589245058e-01,-7.666535049020860e-02,-3.257413953010654e+00,-1.345901543634525e+02,1.443636964058172e-21,-7.726059989673974e-02,-4.646828177181010e+01,-1.755224779109423e+00,-1.943890357717679e+02,-8.427914112942748e+00,-2.955891951322065e+01,-4.023839359449657e+00,-2.830389606441253e+00,-1.057404702841871e-02,-1.949872006023851e+00,-1.899727312594665e+00,-8.226151491661310e-01,-3.603430585509413e+00,-2.069354742050070e+00,-3.022801815967328e+00,-2.393467286768976e-01,-3.404590882028265e+01,-6.586933455943111e-01,-4.259163065051045e-01,-8.517005426487319e+00,-7.591121928825046e-01,-1.493694062557872e-02,-5.716164258694577e-04,-8.154535881028908e-02,-1.368283533382620e-01,-2.123219834339543e+00,-7.090895740251618e-02,-3.035428644713951e-01,-1.556482740122395e-01,-2.490827615572842e+01,-5.177908159207725e-01,-5.807121436016337e+02,-8.763752566390143e+01,-8.732260515208392e+00,-2.436950981264549e+01,-2.322977366020496e-10,
-1.297413526462718e-02,-9.533188365909302e-02,-2.060363873186034e-01,2.360810948611748e-06,-3.009546914287161e-02,1.843893011750392e-01,-2.355748691808927e-05,-8.399979846173135e-01,-1.190797658064934e-07,-2.673720693195021e-07,-3.531633270419432e-08,-1.058754136471089e-06,-9.685138231729179e-08,-2.347200745484723e-06,-1.921965977904110e-06,-4.645067038817604e-09,-2.201538559994438e-08,-1.528770446484575e-08,-1.150996179550218e+00,7.869574027890611e-01,-1.009186664569002e-07,-7.323538056691016e-06,-3.433638519187793e-07,-5.739085768186694e-06,-5.041889109650487e-07,-7.188178549184507e-10,-2.187458580432547e-06,-9.127578750520708e-07,-2.825200245233344e-09,-1.467707979950743e-08,-2.130071904508703e-07,-3.832632764562569e-07,-5.348075882116455e-08,-1.757925218753260e-07,-2.927662155376992e-07,-6.495002710980374e-09,-2.869242329895815e-07,-1.087010260158687e-06,-1.245051562695955e-11,-9.254618921928288e-09,-1.030135096863840e-10,-8.392935325428228e-14,-2.878612495777665e-15,-1.228932908338274e-03,-8.741778289820768e-03,-1.063039902361577e-05,-2.674665164525958e-04,-1.731940084885924e-04,-2.675713228359749e-09,-4.568103632782941e-08,-4.448998255020683e-07,-9.667690436294978e-07,-1.397994826757417e-06,-1.628849470889869e-06,-3.762801018395019e-07,-1.234864988042261e-11,
-2.114585006841762e-01,-9.025554488123257e-01,-1.327888469094578e+00,-2.779379009711632e-03,-1.730022478327850e-01,2.237567874098190e-01,-1.056108870747083e-03,-4.741922645971249e+00,-8.530143355025541e-06,-5.726439692304262e-06,-3.556417906573664e-06,-2.859462388197082e-06,-1.865009869542239e-07,-1.116510491384692e-04,-9.094722611967313e-06,-3.657950278927257e-08,-1.490144275139432e-07,-4.296690534691064e-08,-5.101558998337123e+00,1.856932641894659e+00,-3.194363431763042e-06,-3.450800758459730e-05,-1.710072313476006e-05,-1.419177001467595e-05,-8.674928203779960e-07,-1.928313201472311e-08,-1.158688837976447e-05,-2.657990979065699e-06,-4.325451857849829e-09,-9.787064566766660e-08,-2.679707491858775e-07,-6.660260510607244e-07,-1.325589920910345e-07,-3.637710180180156e-07,-5.750622794378542e-07,-1.232138097560237e-08,-5.186230769835931e-07,-1.405037042447026e-06,-1.702727270840341e-10,-9.285248714224209e-08,-4.818072059274548e-08,-1.946515635716813e-10,-4.665669070355316e-12,-3.386974750195991e-03,-1.654650208930853e-02,-6.838001916104798e-05,-2.283027489711499e-02,-1.603932110131455e-02,-5.968974544871716e-08,-3.545422761478193e-07,-6.310024636061587e-07,-3.746443361459366e-06,-3.160951974931994e-06,-2.493532342530725e-06,-8.685187922872001e-07,-4.956746124662459e-11,
-3.615572760321404e-03,-3.029763717045274e-02,-8.916377547786639e-02,1.219519252675887e-06,-1.103749529774494e-02,1.051517371735014e-01,-6.787712335273442e-06,-3.399875057265330e-01,-8.573908348987564e-08,-3.021081243790944e-07,-2.627976754810190e-08,-1.247479418855556e-06,-2.639151111121696e-07,-6.870163663973376e-07,-1.470963352412107e-06,-3.389993478708972e-09,-1.265314816379599e-08,-1.173817036752784e-08,-4.854307734339559e-01,2.802623430481738e-01,-8.422662174966077e-08,-8.137505073209354e-06,-1.524222312518658e-07,-4.314213240157653e-06,-5.658982642880994e-07,-6.530211783926662e-10,-3.593733971823803e-06,-1.266115588343217e-06,-1.910714098509208e-09,-4.665385862755741e-09,-1.413296455507617e-07,-1.897316118814508e-07,-8.865871292731648e-09,-5.704722379058519e-08,-7.050456957204839e-08,-1.674033969954248e-09,-1.117563068994444e-07,-8.869559581180116e-07,-2.095223404914348e-12,-5.528635280722160e-10,-1.076771543785040e-10,-5.127330479406169e-14,-2.553598573122356e-15,-7.320257480065004e-04,-5.065517646313454e-03,-1.236473754380252e-05,-4.482778326728730e-05,-2.813036002183136e-05,-8.760979773304014e-10,-1.553072684049869e-08,-6.178286141228125e-07,-6.322797181421884e-07,-1.981389258522747e-07,-2.104329424658931e-07,-5.643325929882995e-08,-9.944045586962602e-12,

4,56
6.404364930009742e+00,3.040989757388973e+01,4.688789247519399e+01,7.616688153297487e+00,1.242256253884873e+01,3.450505082234862e+02,5.649676606920009e-01,8.128626122357561e-12,6.189777727561796e-01,1.370071526222628e+00,1.592691940015569e-01,2.722266324518950e+01,1.790021274579955e+01,2.040407384671933e+00,1.527118687694284e+01,4.782731738292457e-01,1.376419287228028e-01,3.060749964893842e+00,4.657639687481146e+02,2.829628595284340e+02,1.613367039485382e-01,5.463610938678547e+01,3.858686706829451e+00,2.991778629166647e+02,1.226015114039120e+01,2.914890645678239e+01,8.082052904868364e+00,3.208461966815986e+00,1.818130360024063e-02,3.673575354810395e+00,2.617344533243058e+00,9.837034057641117e-01,3.943161449515212e+00,2.117025561219522e+00,3.781810509857910e+00,2.397130815798118e-01,3.298843034504764e+01,1.368654721567254e+00,6.829001621293590e-01,8.140981297584339e+00,1.181960682804643e+00,3.505224955361197e-02,8.904853492966437e-04,7.846019892116496e-02,2.961413458353330e-01,2.329182890851158e+00,4.471374643384378e-01,6.075940628138016e-01,2.134139091863895e-01,1.495832706184916e+01,1.106508298098422e+00,2.005418958051690e-06,8.923748368247608e+01,1.447942693470557e+01,2.495528269169550e+01,1.925286596815567e-10,
-3.643903316418631e-03,-3.051954304808265e-02,-8.968880273104343e-02,7.608897680095495e-06,-1.110962708414310e-02,5.029226547320850e-01,-6.827422336179260e-06,-3.420834040033574e-01,-6.617971608616072e-08,-9.929640517469474e-08,-1.752722999128381e-08,7.297018527733618e-08,1.634003342940292e-07,-6.843783075973631e-07,-7.781344268830977e-07,-1.121499159485516e-09,-8.873336063786474e-09,-2.741093502656917e-09,-4.883775367838364e-01,1.842946736817873e+00,-4.147083478690757e-08,-6.579232227526408e-07,-1.408204194001822e-07,-2.075405350866846e-06,3.886598688856038e-07,4.791258045622314e-10,2.430640729335896e-07,6.331528803534136e-07,2.041312377251809e-09,-4.470609788259764e-09,6.365352452702238e-08,6.102558805226528e-07,6.802091242481111e-08,3.044509950380349e-07,6.510975314108181e-07,7.547807966318546e-09,5.351149987081517e-07,1.896095223572572e-06,1.317980996088731e-11,1.090925935228521e-08,6.508755251320782e-11,-5.147869380685511e-14,-1.766860709009848e-15,-7.349580021665739e-04,-5.086605230722031e-03,1.203187781084236e-06,-4.527016166445511e-05,-2.839528936456446e-05,1.358359595862373e-09,5.866900168071737e-08,6.199337372288262e-07,1.481540335892888e-06,3.709206202925812e-06,2.481414581624776e-06,1.013093409434578e-06,1.051331244283915e-11,
5.609567481361591e-02,7.257570424146076e-02,5.205560803724736e-01,2.912557124188126e-03,4.317064231177459e-02,3.474078473806360e+00,9.738654787001842e-04,-8.471533961141969e-01,8.560182495526108e-06,3.557165938572571e-06,5.748055516548152e-06,4.750139499401901e-06,7.559302644628863e-07,1.043727522319190e-04,1.015029507029123e-05,3.525710356781091e-08,1.351815764204492e-07,5.573681547766957e-08,-1.159793794318354e+00,8.066146593618312e+00,3.724399734096194e-06,4.054545480425047e-05,1.513603742225756e-05,2.071814028560262e-05,7.453260452550924e-07,1.893571044985349e-09,1.781998604968503e-05,5.503488301320422e-06,4.515822605019101e-09,4.777075750178814e-08,1.300391488124633e-07,1.307144923277745e-06,1.997295489580013e-07,4.181069239689560e-07,7.513089197804123e-07,1.585714267984230e-08,4.609039509861077e-07,1.264224972621364e-06,1.127607571059650e-10,1.129416624474042e-07,3.865561570363153e-10,4.248426961370162e-12,1.414608226107719e-14,2.781831473179419e-03,1.997112441863966e-02,7.424690592657183e-05,1.242661510992799e-03,5.642721990598676e-03,5.031823457245543e-08,2.961701832754757e-07,3.616485183826347e-07,3.844509445232259e-06,4.997462484270862e-06,3.718641852013882e-06,1.357236557411760e-06,3.254285729781259e-11,
-2.006297060709194e-03,-1.226508478636091e-02,-3.606416208103425e-02,6.429978339884488e-06,-6.009054817406715e-03,1.831818575474747e-01,-2.021724544883554e-06,-1.561084150258941e-01,-4.194947882465553e-08,-1.739835861938504e-07,-1.508249344225236e-08,-3.803879150701194e-07,-8.835810679644567e-08,-2.216143888232812e-07,-1.068492899985031e-06,-2.057575414688432e-09,-7.307655192064625e-09,-7.325813696014179e-09,-1.707545357666847e-01,7.822455762399436e-01,-6.045207368548634e-08,-5.601529628243887e-06,-7.656707667880004e-08,-2.029607708878119e-06,4.437564882764446e-07,4.448217998421281e-10,-1.886480284492281e-06,-7.976448989546702e-07,7.696779458601016e-10,-2.050303048551681e-09,5.270509853494233e-08,5.846591437253861e-07,3.904896913981611e-08,1.576959396761591e-07,1.331376220805382e-07,1.442432125902374e-09,1.213270236673180e-07,1.155194927302725e-06,2.455086893914066e-12,1.157340942718025e-09,-9.482053639885084e-11,-2.342234414870701e-14,-1.542383667314557e-15,-4.553369427290363e-04,-3.106299753527198e-03,-1.065420156028888e-05,-1.269722486573138e-05,-7.807731666158449e-06,-1.133279961609085e-10,2.930805258121519e-08,5.546881455368438e-07,9.244983462777520e-07,1.651012785204974e-06,9.239116339992991e-07,4.511136788300980e-07,9.177630877488241e-12,

