1
0
63
1
(4 0
((0,0) (15,255) (0,0))
((0,768) (15,1023) (0,0))
((0,512) (15,767) (0,0))
((0,256) (15,511) (0,0))
)
4
FabOnDisk: SD_0_Old_MF_D_0003 0
FabOnDisk: SD_0_Old_MF_D_0000 0
FabOnDisk: SD_0_Old_MF_D_0001 0
FabOnDisk: SD_0_Old_MF_D_0002 0

4,63
-6.421282164937575e-05,2.054355991971887e+00,1.578486033201354e-01,3.149319950955643e-22,1.196283738931572e-20,2.052349185237499e-16,6.221670593415069e-11,9.279916228315367e-08,1.355968004082167e-08,2.522982778190026e-11,2.871940401428213e-03,0.000000000000000e+00,9.149620698690967e-27,5.994379089692966e-28,8.159876821510715e-13,0.000000000000000e+00,3.696311941455468e-22,5.067807651948353e-11,2.693084205273925e-16,1.420114853596123e-27,5.530411540747857e-12,3.840474411421502e-09,2.613242656047553e-10,6.066217063885848e-33,3.092010984488664e-11,1.581441289006107e-24,0.000000000000000e+00,0.000000000000000e+00,0.000000000000000e+00,1.793571587590482e-26,2.623744514278570e-12,0.000000000000000e+00,1.870807791424238e-22,0.000000000000000e+00,0.000000000000000e+00,0.000000000000000e+00,0.000000000000000e+00,0.000000000000000e+00,0.000000000000000e+00,0.000000000000000e+00,0.000000000000000e+00,0.000000000000000e+00,0.000000000000000e+00,4.379295836438302e-15,1.064215187483524e-16,2.906349531553194e-18,1.281287443136117e-15,4.148684326120086e-16,1.712786870016857e-14,3.976051539093333e-15,7.164238208233087e-15,0.000000000000000e+00,0.000000000000000e+00,0.000000000000000e+00,0.000000000000000e+00,0.000000000000000e+00,0.000000000000000e+00,0.000000000000000e+00,1.132389386143849e-01,3.689093220837055e+03,0.000000000000000e+00,4.430000786869805e+02,1.012644150634084e+05,
-8.574669360932058e-08,5.618258345450417e+00,1.460912995206393e-01,6.117514121259452e-06,5.841259464991069e-05,4.696416101120501e-04,1.349796726567541e-07,5.708910565603525e-05,1.235241050091983e-02,1.211887312503822e-08,1.185200355407099e-03,5.136993824785012e-11,2.721670893539267e-10,2.300074035021849e-11,1.088655049129753e-09,2.981621451634834e-10,8.739065852138036e-10,1.630553526159590e-09,3.552991893390909e-12,1.175067405469917e-11,1.251982886243546e-11,3.572199564423513e-03,2.343954323354555e-02,8.766941300724898e-11,9.045660463520292e-09,1.004967675116245e-10,3.373575899309004e-09,0.000000000000000e+00,3.954586755083808e-16,3.000392173293516e-09,1.625098528871099e-09,3.019847641141842e-15,2.187578845506304e-12,0.000000000000000e+00,8.187997376984196e-14,0.000000000000000e+00,0.000000000000000e+00,0.000000000000000e+00,0.000000000000000e+00,0.000000000000000e+00,0.000000000000000e+00,0.000000000000000e+00,0.000000000000000e+00,7.837800654086426e-14,1.745208350236485e-17,1.199000359055016e-18,5.892088673627828e-07,4.007388425013910e-06,1.800193205317130e-08,1.338280293500305e-08,8.183419180076841e-09,4.262738533012298e-13,0.000000000000000e+00,0.000000000000000e+00,0.000000000000000e+00,0.000000000000000e+00,0.000000000000000e+00,0.000000000000000e+00,1.047783519954296e-01,7.926961956922105e+03,0.000000000000000e+00,2.330978474790459e+03,1.013249931007507e+05,
-2.147104015092340e-07,5.549135943829649e+00,1.469322351576777e-01,7.200043275898637e-06,6.941662502774012e-05,5.060177544450767e-04,1.327210845334844e-07,6.111090220476827e-05,1.235468586422308e-02,1.458151843450614e-08,1.323853537629005e-03,8.168258096853385e-11,3.935272619458493e-10,3.433757112758426e-11,1.512877800361506e-09,3.799540115088912e-10,1.129022216258081e-09,2.355412190483467e-09,5.153886101038652e-12,1.763680712878581e-11,1.784569742813208e-11,3.779757040250870e-03,2.305184331849200e-02,1.282714688189874e-10,1.261937439556450e-08,1.657633235856752e-10,5.024721063521963e-09,0.000000000000000e+00,1.681526796936920e-15,4.192842367112969e-09,2.196956730238915e-09,3.653311318020465e-15,3.987179551559610e-12,0.000000000000000e+00,2.012309054023748e-13,0.000000000000000e+00,0.000000000000000e+00,0.000000000000000e+00,0.000000000000000e+00,0.000000000000000e+00,0.000000000000000e+00,0.000000000000000e+00,0.000000000000000e+00,1.394145009230664e-13,3.872165615849550e-17,2.411228603982543e-18,9.320937779198328e-07,6.364631682816350e-06,2.487695002626410e-08,2.836525168652852e-08,1.750776019927017e-08,7.258530584725947e-13,0.000000000000000e+00,0.000000000000000e+00,0.000000000000000e+00,0.000000000000000e+00,0.000000000000000e+00,0.000000000000000e+00,1.053840785301016e-01,7.835237997794443e+03,0.000000000000000e+00,2.291580275371852e+03,1.013249938355124e+05,
-8.569086665072179e-07,5.297116361403526e+00,1.490592310993272e-01,1.042895859592792e-05,1.013438410168994e-04,5.936152479761444e-04,1.327309167740773e-07,7.165440753754343e-05,1.232801519449655e-02,2.223073446866445e-08,1.662654384719989e-03,1.374079919213347e-10,4.130175414546111e-10,5.044621694827964e-11,1.381416482140148e-09,1.968468544086580e-10,1.893677180325052e-09,2.847115404418707e-09,5.429419218129951e-12,2.619026884192196e-11,1.930493513428140e-11,4.286432455258121e-03,2.219218087583706e-02,1.306530039502251e-10,1.064614598887978e-08,3.003139004359419e-10,6.835507360324324e-09,0.000000000000000e+00,0.000000000000000e+00,2.965248801060004e-09,1.181535150597435e-09,2.036816727762425e-14,8.792214455354733e-12,0.000000000000000e+00,0.000000000000000e+00,0.000000000000000e+00,0.000000000000000e+00,0.000000000000000e+00,0.000000000000000e+00,0.000000000000000e+00,0.000000000000000e+00,0.000000000000000e+00,0.000000000000000e+00,4.642160016117087e-14,8.342971892672514e-17,2.891782279132649e-18,1.554290307753148e-06,1.071307407528855e-05,1.777600065345939e-08,9.517121374655855e-08,6.009932931845072e-08,1.429246063586920e-12,0.000000000000000e+00,0.000000000000000e+00,0.000000000000000e+00,0.000000000000000e+00,0.000000000000000e+00,0.000000000000000e+00,1.069139726207705e-01,5.678175363173938e+03,0.000000000000000e+00,2.145598431843257e+03,1.013249784348494e+05,

4,63
5.283838505600454e-05,5.294777747633077e+00,8.373317226034600e-01,4.984680378494248e-05,4.397096625153103e-04,9.540267744272732e-04,1.174554591745021e-04,3.859878013241874e-04,1.295904552630285e-02,2.132689928964085e-05,1.827790175784434e-01,1.502154602164561e-06,6.632819384737491e-06,7.514278699559528e-07,2.356531177311237e-04,2.680741755203227e-04,2.010816622724179e-05,5.157600206746885e-04,1.464261543618882e-05,9.673570911142113e-07,6.788299946903015e-05,1.434614085708793e-02,2.218931930452605e-02,8.761151646651266e-07,6.491047250915497e-04,2.241335691920550e-05,4.607271297900716e-03,1.018307182735026e-04,4.646674183147545e-04,3.356756196289818e-05,1.141972452635305e-04,1.305027949533182e-07,3.200621949415668e-05,3.756647125088112e-05,1.269328118226248e-05,5.934814690713971e-05,3.183801178826861e-05,4.142034862310370e-05,3.094504899928544e-06,6.506724438131676e-04,1.029858152613013e-05,4.283526185448310e-06,1.155317776547446e-04,1.931382033648302e-05,6.973375694550760e-07,1.697977583137541e-08,2.498988421581830e-06,1.764540831948255e-05,3.021674912490918e-05,1.291242425556448e-05,1.661883391863334e-05,1.699642400463373e-06,4.440428106302627e-04,9.310099458263019e-06,5.259448462421965e-02,1.641768545847256e-03,1.434928149540440e-04,4.497731488210794e-04,6.019581092557865e-01,7.457911018167419e+04,0.000000000000000e+00,2.144212498068743e+03,1.013881146909016e+05,
6.272063405136379e-08,5.647930810756697e+00,1.469272940241088e-01,7.193275667918008e-06,6.934853881162654e-05,5.058042789806073e-04,1.366565501742419e-07,6.108652989467757e-05,1.235467536591008e-02,1.456601418199533e-08,1.323045587885768e-03,8.152320232754528e-11,3.929742096910579e-10,3.428261379176445e-11,1.511085865604703e-09,3.796918212386179e-10,1.127448480857183e-09,2.352158650414414e-09,5.146707985206469e-12,1.760843350888711e-11,1.782286734962602e-11,3.778541888376839e-03,2.360707021963713e-02,1.280827662851003e-10,1.260411506133497e-08,1.654055109330434e-10,5.016838442535909e-09,2.021194722041621e-13,2.501395362473265e-15,4.187790028800710e-09,2.194750889670803e-09,1.163229762672415e-14,3.976416823996162e-12,3.047974114165717e-13,1.213954948042664e-12,8.168326918616636e-14,3.399767438026637e-13,5.446997041397352e-13,6.969916671951285e-15,3.414638273061315e-13,3.467837248150563e-12,7.210243970114795e-18,5.448194066974538e-15,1.391474697654605e-13,3.859794078469795e-17,2.404874408235992e-18,9.302969730207582e-07,6.352216532537839e-06,2.484845916748990e-08,2.826235357171794e-08,1.744329560004601e-08,7.241572552150533e-13,5.941391528002572e-14,1.306051777484566e-12,2.468619824781394e-12,3.358547716545349e-12,1.571945164611758e-12,9.173666737784138e-13,1.053805223386519e-01,7.962864373664887e+03,0.000000000000000e+00,2.346869853168019e+03,1.013250094385809e+05,
2.371241643455479e-07,5.618093123689427e+00,1.490456331400317e-01,1.040657172519666e-05,1.011258945449548e-04,5.930884654135739e-04,1.349698443582311e-07,7.158780947448202e-05,1.235688297376927e-02,2.217597131611917e-08,1.660552802549255e-03,1.371898350841871e-10,5.340014812173362e-10,5.040526384122524e-11,1.904677762820631e-09,4.064470656873106e-10,1.888446678579216e-09,3.229621257596209e-09,7.011086767838510e-12,2.617368044037455e-11,2.355171825529290e-11,4.283337826140164e-03,2.343856835949978e-02,1.764466211698776e-10,1.584274236985496e-08,2.998079194138380e-10,7.234048384699446e-09,7.322119775952532e-13,5.508592771887486e-15,5.182992018335376e-09,2.501574448673486e-09,4.215453077032286e-14,8.769345072154075e-12,1.340288734543005e-12,2.453888295900850e-12,3.094437567776146e-13,1.031391019237039e-12,1.940171062559626e-12,3.199125254763589e-14,1.332692331701513e-12,3.963397433986815e-12,3.086055050562841e-17,2.766910405234683e-14,1.799198146686933e-13,8.320873362684485e-17,4.164082358204541e-18,1.551043488312089e-06,1.069009235264566e-05,3.019601111728654e-08,9.457006475743248e-08,5.971127324121882e-08,1.429542968382479e-12,2.527366269568560e-13,2.164008944997742e-12,7.098985417715986e-12,7.622476824359193e-12,2.366130580097521e-12,2.103595870422415e-12,1.069041865158862e-01,7.930936288842627e+03,0.000000000000000e+00,2.330884860006761e+03,1.013250082752854e+05,
1.064236325029009e-06,5.548711839956397e+00,1.577577655094315e-01,2.857016112562259e-05,2.651488690098481e-04,8.518104274255882e-04,1.907604464834121e-07,1.106952824121005e-04,1.235688509724097e-02,7.188133389669175e-08,2.860872834538934e-03,1.968736476480609e-10,5.623310283449007e-10,5.856136243200306e-11,1.939217069287985e-09,3.976206948143817e-10,6.870039860620585e-09,3.488715635737796e-09,7.371926623934171e-12,3.083904156974259e-11,2.454068065572243e-11,5.923728077851746e-03,2.304960177479699e-02,1.858133491329273e-10,1.603554424601149e-08,5.184437293797457e-10,8.114575373180972e-09,3.308908905510472e-12,2.889823797527405e-14,5.202813840905180e-09,2.489503316588310e-09,1.834713340166073e-13,2.223134083216093e-11,4.568310552666255e-12,4.950328793526571e-12,2.483934210670255e-12,2.961869958313998e-12,6.071419768894051e-12,5.880675240496754e-13,1.149640840303117e-11,1.576800856036585e-11,3.491599846858757e-15,1.899738475907838e-12,1.790360829139346e-13,1.174741092172672e-16,4.531184067949953e-18,2.498483754749237e-06,1.763860528507718e-05,3.026927686069077e-08,1.572234763736907e-06,1.068642678241818e-06,3.676195584859510e-12,5.406037508968480e-12,4.858066368900181e-12,5.398666836486341e-11,4.189800123654760e-11,2.603431490308581e-11,1.163036482822183e-11,1.131736451351532e-01,7.834068369694470e+03,0.000000000000000e+00,2.291332397932081e+03,1.013250428852942e+05,

