1
0
63
1
(4 0
((0,0) (15,255) (0,0))
((0,768) (15,1023) (0,0))
((0,512) (15,767) (0,0))
((0,256) (15,511) (0,0))
)
4
FabOnDisk: SD_0_New_MF_D_0003 0
FabOnDisk: SD_0_New_MF_D_0000 0
FabOnDisk: SD_0_New_MF_D_0001 0
FabOnDisk: SD_0_New_MF_D_0002 0

4,63
-6.275452676704746e-05,2.066284625522150e+00,1.578626072637752e-01,2.864908794395536e-22,1.074619423875379e-20,1.913322426701414e-16,5.762806800334478e-11,8.958927169456588e-08,1.264737150022037e-08,2.336095134989303e-11,2.873361105916714e-03,0.000000000000000e+00,7.934883899032150e-27,5.198966688544483e-28,7.592544519933781e-13,0.000000000000000e+00,3.300101444050325e-22,4.635488422071360e-11,2.423613732435968e-16,1.209312952846376e-27,5.052689227772753e-12,3.556989774330667e-09,2.387778770767767e-10,5.183449680736674e-33,2.834715592418108e-11,1.311212870318720e-24,0.000000000000000e+00,0.000000000000000e+00,0.000000000000000e+00,1.519190468435476e-26,2.377014967364880e-12,0.000000000000000e+00,1.572149276844796e-22,0.000000000000000e+00,0.000000000000000e+00,0.000000000000000e+00,0.000000000000000e+00,0.000000000000000e+00,0.000000000000000e+00,0.000000000000000e+00,0.000000000000000e+00,0.000000000000000e+00,0.000000000000000e+00,3.883982234069382e-15,1.066915773948336e-16,2.912560414340120e-18,1.135452599923474e-15,3.676217870742352e-16,1.517419206518693e-14,3.522269624996679e-15,6.346592437476032e-15,0.000000000000000e+00,0.000000000000000e+00,0.000000000000000e+00,0.000000000000000e+00,0.000000000000000e+00,0.000000000000000e+00,0.000000000000000e+00,1.132489482119051e-01,3.696905791722005e+03,0.000000000000000e+00,4.430000729321389e+02,1.012553843798286e+05,
-1.011999919812517e-07,5.630632120691102e+00,1.460915042561557e-01,6.117842962700805e-06,5.841583473315805e-05,4.696531819876499e-04,1.349789908259495e-07,5.709045769122442e-05,1.235241691238033e-02,1.211957300107812e-08,1.185242719194233e-03,5.138058961121391e-11,2.722149257744850e-10,2.300502529396100e-11,1.088832539156212e-09,2.982026649849217e-10,8.739868216135848e-10,1.630837599598850e-09,3.553623436591157e-12,1.175288303925115e-11,1.252195127489728e-11,3.572279769356217e-03,2.343945697406532e-02,8.768514986184366e-11,9.047132975809258e-09,1.005183889593235e-10,3.374193613382604e-09,0.000000000000000e+00,4.362572299062305e-16,3.000885661570639e-09,1.625348109400772e-09,3.705913985590646e-15,2.188119985769931e-12,0.000000000000000e+00,8.208505766737068e-14,0.000000000000000e+00,0.000000000000000e+00,0.000000000000000e+00,0.000000000000000e+00,0.000000000000000e+00,0.000000000000000e+00,0.000000000000000e+00,0.000000000000000e+00,7.840028273195845e-14,1.745825607452528e-17,1.199387285511636e-18,5.893263665811825e-07,4.008192168548607e-06,1.800476540737139e-08,1.338666203262664e-08,8.185800403581416e-09,4.263691717499734e-13,0.000000000000000e+00,0.000000000000000e+00,0.000000000000000e+00,0.000000000000000e+00,0.000000000000000e+00,0.000000000000000e+00,1.047784964351892e-01,7.927011100544281e+03,0.000000000000000e+00,2.330970326304967e+03,1.013249949837623e+05,
-2.203660436261414e-07,5.561485435598845e+00,1.469326727993317e-01,7.200624943584436e-06,6.942254217293476e-05,5.060362058362183e-04,1.327212716354495e-07,6.111295667668401e-05,1.235468589737054e-02,1.458286781967558e-08,1.323926252458198e-03,8.170140858109802e-11,3.935991831829029e-10,3.434434511072973e-11,1.513127981147527e-09,3.800004360713326e-10,1.129170032952872e-09,2.355869865093046e-09,5.154880894443428e-12,1.764042571876134e-11,1.784913460197245e-11,3.779865662375358e-03,2.305160337467564e-02,1.282949968634995e-10,1.262140262476967e-08,1.658038435597151e-10,5.025692137826585e-09,0.000000000000000e+00,1.840774811822935e-15,4.193518796972656e-09,2.197272278253737e-09,3.167211922683040e-16,3.988341973737364e-12,0.000000000000000e+00,1.944548577280736e-13,0.000000000000000e+00,0.000000000000000e+00,0.000000000000000e+00,0.000000000000000e+00,0.000000000000000e+00,0.000000000000000e+00,0.000000000000000e+00,0.000000000000000e+00,1.394529185883178e-13,3.873662364765747e-17,2.412042527667141e-18,9.323026253498717e-07,6.366070542467736e-06,2.488083171027839e-08,2.837580816147335e-08,1.751435977355198e-08,7.260414507240349e-13,0.000000000000000e+00,0.000000000000000e+00,0.000000000000000e+00,0.000000000000000e+00,0.000000000000000e+00,0.000000000000000e+00,1.053843929766497e-01,7.835114899826223e+03,0.000000000000000e+00,2.291552800424539e+03,1.013249920746648e+05,
-9.689410333889351e-07,5.309269271602321e+00,1.490607660070236e-01,1.043142334740210e-05,1.013680485020525e-04,5.936734423339672e-04,1.327313313032066e-07,7.166162609830756e-05,1.232726260825865e-02,2.223681364528417e-08,1.662892112375599e-03,1.374484997276915e-10,4.126994042000634e-10,5.045519110391627e-11,1.380724317189350e-09,1.966802181659307e-10,1.894298598517567e-09,2.845714994867528e-09,5.425493254420302e-12,2.619696648183547e-11,1.929651919777204e-11,4.286778057383015e-03,2.219343858510149e-02,1.305263082668553e-10,1.063679000945475e-08,3.004077445239043e-10,6.833194592112647e-09,0.000000000000000e+00,0.000000000000000e+00,2.961987423297008e-09,1.180246476393761e-09,0.000000000000000e+00,8.796947618680249e-12,0.000000000000000e+00,0.000000000000000e+00,0.000000000000000e+00,0.000000000000000e+00,0.000000000000000e+00,0.000000000000000e+00,0.000000000000000e+00,0.000000000000000e+00,0.000000000000000e+00,0.000000000000000e+00,4.642688435574186e-14,8.346174511198674e-17,2.893964121418136e-18,1.554732659991540e-06,1.071618982596303e-05,1.775818064017162e-08,9.524307193052538e-08,6.014565035408902e-08,1.425146197861873e-12,0.000000000000000e+00,0.000000000000000e+00,0.000000000000000e+00,0.000000000000000e+00,0.000000000000000e+00,0.000000000000000e+00,1.069150747572418e-01,5.667006427376376e+03,0.000000000000000e+00,2.145407954205351e+03,1.013249789165898e+05,

4,63
7.631042633932964e-05,5.306925460941599e+00,8.373317780397841e-01,4.986529444369157e-05,4.393006518534190e-04,9.537651346319011e-04,1.174018730968195e-04,3.868587347957270e-04,1.295993805064506e-02,2.129909566725124e-05,1.827790308873026e-01,1.500085837943814e-06,6.655515391587284e-06,7.504717172819430e-07,2.357128483078184e-04,2.682049806131475e-04,2.010227635285018e-05,5.158658590932722e-04,1.463809637864258e-05,9.702693831428221e-07,6.796948186886879e-05,1.434637111190306e-02,2.219061676894882e-02,8.734270069500225e-07,6.480759291293689e-04,2.245047865614396e-05,4.613200534014131e-03,1.013222956234018e-04,4.657798635538769e-04,3.351579992138807e-05,1.141779887436358e-04,1.301871806170477e-07,3.193509644096650e-05,3.763959822170866e-05,1.270174245826126e-05,5.921972477486472e-05,3.187344388733117e-05,4.147613063957691e-05,3.097648880104143e-06,6.514760026817811e-04,1.036754432666571e-05,4.269074819155635e-06,1.152464973001256e-04,1.935491509165710e-05,6.965305100415891e-07,1.705393572535321e-08,2.499197083165598e-06,1.764695993219604e-05,3.029547142336093e-05,1.291139063615423e-05,1.662691813374407e-05,1.700491320379459e-06,4.439860484422931e-04,9.301227654109320e-06,5.259448811340089e-02,1.635071914833621e-03,1.428813068897431e-04,4.487215075881950e-04,6.019581523768713e-01,7.463195143041434e+04,0.000000000000000e+00,2.144019664163593e+03,1.013980990414075e+05,
7.603293026419311e-08,5.660308147165946e+00,1.469277264664149e-01,7.193850903605265e-06,6.935438998239336e-05,5.058225370521289e-04,1.366563326522246e-07,6.108856328919747e-05,1.235467542023144e-02,1.456734799787638e-08,1.323117542313880e-03,8.154158388978450e-11,3.930442207315873e-10,3.428930969400824e-11,1.511328998209162e-09,3.797358153588276e-10,1.127593407750900e-09,2.352575147917306e-09,5.147616012829763e-12,1.761185395020479e-11,1.782589301848666e-11,3.778649441681434e-03,2.360698435365652e-02,1.281059997829913e-10,1.260612131504270e-08,1.654457918745839e-10,5.017813433833857e-09,2.702389617802138e-13,2.476993895789932e-15,4.188457917633378e-09,2.195064047498405e-09,9.411303790903375e-15,3.977579344892101e-12,1.850929167537955e-13,1.311500435681328e-12,9.423727798440740e-14,4.008980814781374e-13,6.733877794679755e-13,8.460654327564898e-15,4.041090547485401e-13,2.750212353809049e-12,8.509945724423818e-18,6.714087026694905e-15,1.391858496927877e-13,3.861282609815967e-17,2.405685717309043e-18,9.305048692209456e-07,6.353648704594954e-06,2.485233927324224e-08,2.827281120713191e-08,1.744983236134054e-08,7.243444523205670e-13,5.843229158135672e-14,6.307877245414105e-13,3.060104401633456e-12,2.707862570510985e-12,8.903433256814066e-13,7.442506287729837e-13,1.053808330963494e-01,7.963025439133471e+03,0.000000000000000e+00,2.346865486494921e+03,1.013250084542389e+05,
2.178221554761297e-07,5.630466784236138e+00,1.490471564962999e-01,1.040901831910780e-05,1.011499222160271e-04,5.931463171504818e-04,1.349691543002073e-07,7.159498276248304e-05,1.235687627688612e-02,2.218200068184874e-08,1.660788978411424e-03,1.372054916897559e-10,5.339926216434204e-10,5.040703432446100e-11,1.904445071833093e-09,4.064737691857856e-10,1.888993869164442e-09,3.229440081930977e-09,7.010438133855930e-12,2.617316081268438e-11,2.354886249699577e-11,4.283681329277418e-03,2.343848157529435e-02,1.764492605565299e-10,1.584215766765483e-08,2.998491913220412e-10,7.232136662268844e-09,7.567736535769249e-13,5.514716422210013e-15,5.182864978868496e-09,2.501670862785702e-09,3.841941863025354e-14,8.771345892146234e-12,1.121740683668112e-12,2.643600548488933e-12,3.007923256122357e-13,9.789591813116387e-13,1.709398939328593e-12,2.803164172994972e-14,1.157991801309099e-12,2.565863868009455e-12,2.896675619249378e-17,2.404061056346024e-14,1.799374593466707e-13,8.324074629008839e-17,4.165129143148073e-18,1.551484212645043e-06,1.069319628255664e-05,3.019826669060213e-08,9.464116249790183e-08,5.975709590137242e-08,1.430195737540102e-12,2.404280892969518e-13,1.779381780388490e-12,6.579398669870511e-12,7.128408222424323e-12,2.363019785705796e-12,1.971527909730837e-12,1.069052803775637e-01,7.930937600985158e+03,0.000000000000000e+00,2.330876622009563e+03,1.013250080554033e+05,
8.236823381297711e-07,5.561061017107241e+00,1.577715927137077e-01,2.859473357748194e-05,2.653665179198888e-04,8.519934402943382e-04,1.909000289621710e-07,1.107276437546878e-04,1.235687764386386e-02,7.195923300945150e-08,2.862285186090785e-03,1.973832490011954e-10,5.623155000534591e-10,5.856024078098406e-11,1.939461056950044e-09,3.975796569503259e-10,6.877776988932278e-09,3.488754516530325e-09,7.372190562990084e-12,3.083995692270692e-11,2.454152440787621e-11,5.925276607368831e-03,2.304936173475796e-02,1.858321307604058e-10,1.603646536206460e-08,5.184592970757014e-10,8.132403528403570e-09,3.032977076350083e-12,2.935574253911091e-14,5.203119381881956e-09,2.489434344524781e-09,1.836543604501684e-13,2.223928898252989e-11,2.703571758959880e-12,9.742501923046859e-12,3.133168248411613e-12,3.439764846893044e-12,8.424208132445687e-12,2.324754466073010e-13,5.694863702323082e-12,5.882777922406780e-12,1.072475496763197e-15,1.347383419063893e-12,1.790472911127118e-13,1.174867388045619e-16,4.531797005561804e-18,2.498735355996692e-06,1.764063339096189e-05,3.027095813973751e-08,1.576666548048099e-06,1.071738342988882e-06,3.675546846437516e-12,5.443326285564785e-12,4.802403456215721e-12,1.172256208162430e-10,5.005273019213940e-11,3.149332413038808e-11,1.392344262122175e-11,1.131835381335534e-01,7.833941973693843e+03,0.000000000000000e+00,2.291304749789501e+03,1.013250369150719e+05,

