1
0
56
1
(4 0
((0,0) (15,255) (0,0))
((0,768) (15,1023) (0,0))
((0,512) (15,767) (0,0))
((0,256) (15,511) (0,0))
)
4
FabOnDisk: SD_5_New_MF_D_0003 0
FabOnDisk: SD_5_New_MF_D_0000 0
FabOnDisk: SD_5_New_MF_D_0001 0
FabOnDisk: SD_5_New_MF_D_0002 0

4,56
-7.564678637879238e+00,-1.639206290099479e+01,-2.596782310234799e+01,-5.899605221244837e+00,-8.088447934991967e+00,-8.237111881220313e+00,-1.129831564284924e+00,-6.298213259094637e+02,-2.757824782348753e-01,-7.667984136746782e-01,-8.921636474631228e-02,-1.366943242074192e+01,-1.254297753284628e+01,-1.382639563601945e+00,-9.467621809011018e+00,-4.465073356177836e-01,-7.090435673600962e-02,-2.751595768731156e+00,-1.318361131066229e+02,5.414234598849488e-18,-9.628697065291318e-02,-4.933006889872835e+01,-1.835613474405823e+00,-2.035048641131122e+02,-7.522073037747933e+00,-2.444439022426590e+01,-4.496875567416541e+00,-2.828947777732938e+00,-8.848608170015232e-03,-1.997129298881059e+00,-1.581939033314440e+00,-9.550904401265971e-01,-3.789400858566282e+00,-2.213155979185025e+00,-3.180864998335220e+00,-2.147226698152283e-01,-3.249957912582941e+01,-4.971067095378505e-01,-3.093915019393678e-01,-8.535147286278169e+00,-9.905915441600800e-01,-1.638814629892611e-02,-6.794486420196966e-04,-8.182178489879469e-02,-1.823747818851936e-01,-2.105458413546376e+00,-7.067381673793172e-02,-4.099411799871212e-01,-1.349907571534945e-01,-2.443156314329741e+01,-4.753317706053393e-01,-5.957839936359604e+02,-9.048843537759750e+01,-9.648574561916408e+00,-2.486526728279458e+01,-3.072386789426673e-10,
-4.082256468977694e-03,-2.990162479519597e-02,-8.816613734846018e-02,1.717309248251269e-07,-1.098555344628370e-02,1.032330904240503e-01,-6.668561474921108e-06,-3.347404582531180e-01,-9.025870926855720e-08,-3.088807647204849e-07,-3.101646882140929e-08,-1.640666409186043e-06,-2.646974889665918e-07,-6.738495350680775e-07,-1.835744283427780e-06,-4.650012456261328e-09,-1.807354080976063e-08,-1.523452361356249e-08,-4.753812708855910e-01,2.585690226469231e-01,-8.586280820126515e-08,-8.311082023010819e-06,-1.933986714800991e-07,-6.672669000782372e-06,-1.589407863080089e-06,-1.616723492043778e-09,-3.774359094969665e-06,-1.238532665106738e-06,-1.710251873688682e-09,-5.237255616516895e-09,-1.165131985974854e-07,-1.129563294751754e-07,-1.266633297623993e-08,-8.702794788336719e-08,-1.457361347326571e-07,-3.868582991847713e-09,-2.417826873218694e-07,-2.115426089822020e-06,-4.862809785377269e-12,-1.590539250097092e-09,-1.034182603512591e-10,-4.970818477805447e-14,-2.492957991634498e-15,-7.181013125236429e-04,-4.967516686867736e-03,-1.276601170934965e-05,-4.324275317639130e-05,-2.712536639918247e-05,-1.048326539569126e-09,-2.802106558586478e-08,-9.394968014159129e-07,-1.164342751472555e-06,-4.013214187124692e-07,-2.010799679513126e-07,-1.102968947181691e-07,-2.167576881872968e-11,
-1.221852812000383e-02,-9.142070583242395e-02,-2.010510353901626e-01,3.233548278148520e-06,-2.869376251387054e-02,1.831188899779052e-01,-2.247885221941882e-05,-8.125712758483816e-01,-1.530173266353974e-07,-4.447693122535046e-07,-5.674415682642416e-08,-2.384269146378557e-06,-9.882469152383541e-08,-2.251379901032191e-06,-3.448338986055425e-06,-8.758298755128308e-09,-3.710095863252917e-08,-3.118600545100508e-08,-1.123817133309076e+00,7.683420421707624e-01,-1.021900990065525e-07,-6.920545842314071e-06,-4.379015448157881e-07,-1.432020076966829e-05,-1.998792590495264e-06,-3.132962651965614e-09,-1.927213221087399e-06,-8.094017079391647e-07,-3.634079112739365e-08,-1.571550538614789e-08,-1.744805793767732e-06,-5.064227947215031e-07,-7.536087725308883e-08,-2.809951398352146e-07,-6.360459246310831e-07,-2.068909605608712e-08,-1.001127027571780e-06,-4.858298224553556e-06,-2.736410817282611e-11,-1.731021046929952e-08,-9.971703918549286e-11,-8.216644064303584e-14,-2.686360869696243e-15,-1.194228552033967e-03,-8.482701064793716e-03,-1.063851008454574e-05,-2.451799987478900e-04,-1.585215447635665e-04,-6.515176730285687e-09,-1.998975207391514e-07,-2.094838290795091e-06,-3.854141907409632e-06,-4.228075174564759e-06,-1.130849361982539e-06,-1.177438493060424e-06,-2.180011726693465e-11,
-1.452634736309681e-01,-7.485141230281203e-01,-5.469263527160964e-01,-4.837482586495567e-04,-1.400826032352612e-01,4.829177122101051e-01,-2.602378389544600e-04,-3.819264434198837e+00,-5.543487351205940e-07,-1.084079241051065e-06,-2.731549682361691e-07,-2.386566735602681e-05,-4.406962916562866e-07,-2.682204612551073e-05,-1.200621441842594e-05,-3.015587672583719e-08,-1.644113288078323e-07,-1.149186165499476e-07,-4.389916037186891e+00,1.806029078459235e+00,-1.141401260421790e-07,-7.333547072940686e-06,-3.380108775799421e-06,-1.131782546547854e-04,-3.708783484342221e-06,-1.679348147857942e-08,-8.867030077100954e-07,1.953903319261452e-07,-7.683708350668171e-08,-1.012744655637521e-07,-2.569608450302801e-06,-3.594727509784803e-06,-2.732435067433263e-06,-3.910100196205311e-06,-1.242372390942278e-05,-4.630249401809518e-07,-1.299501949465270e-05,-1.255222310020674e-05,-2.481042975336182e-09,-2.411061390344414e-06,-1.680018417976745e-10,-9.160383491105882e-13,-2.217062733416638e-14,-1.407884857756524e-03,-1.038030913837410e-02,5.278691574724878e-07,-1.368910044543166e-02,-9.546814177873890e-03,-4.889741463245007e-07,-1.131099754716127e-05,-5.260752126188772e-06,-1.384029327443299e-04,-9.255592882018644e-05,-3.082499555560881e-05,-2.582498408987225e-05,-9.738965189853843e-11,

4,56
5.627214979659074e+00,2.894251413804431e+01,4.340185483557323e+01,7.354091631897172e+00,1.339960748249396e+01,3.126302130614797e+02,6.140262539277375e-01,2.741473561940211e-06,6.404883110962395e-01,1.393998174485479e+00,1.632131384627571e-01,2.539329345694591e+01,1.583644297375696e+01,1.896037830296369e+00,1.560599910500277e+01,4.049784874257754e-01,1.306792443581081e-01,2.700471306844342e+00,4.614563286565780e+02,2.798280404570070e+02,2.104234651664518e-01,6.048136761273102e+01,3.822228368840211e+00,3.015566648823967e+02,1.282410289055757e+01,2.592521414279942e+01,8.752682644128866e+00,3.480653728161964e+00,1.543668979775259e-02,3.734361909387215e+00,2.367146035209340e+00,1.120489755154928e+00,3.930585243386998e+00,2.343881770671216e+00,3.941490303601852e+00,1.975165533803625e-01,3.488156523298556e+01,1.026787291668887e+00,5.838652218425762e-01,7.963640705067248e+00,1.532744259855405e+00,4.235660198415490e-02,1.109411511965660e-03,7.687254592620216e-02,4.017996053261335e-01,2.456802033264061e+00,4.787205611644850e-01,6.997041085966820e-01,1.812544189789188e-01,1.657831374015973e+01,7.587286531768759e-01,6.705473118606537e-01,9.140901963571767e+01,1.445173043320257e+01,2.562985321246441e+01,4.009166332252789e-10,
-1.887061479191102e-03,-1.156273433718449e-02,-3.199980090309936e-02,6.390607489599390e-06,-5.946789380102074e-03,1.825469863381245e-01,-1.703232766305252e-06,-1.539901959367427e-01,-3.876626713114556e-08,-1.630874452222933e-07,-1.401807898254700e-08,-1.896605603409628e-07,-7.926219591888570e-08,-1.890004374433026e-07,-9.681606537964687e-07,-1.813698497192627e-09,-6.432047038998482e-09,-6.484970033626851e-09,-1.570192446431956e-01,7.660759512985859e-01,-5.828867638545788e-08,-5.423227489036688e-06,-7.454626443295445e-08,-1.719800943122637e-06,2.213031846044462e-07,6.618055954014562e-10,-1.809855363077584e-06,-8.077164962123481e-07,1.633512412582782e-09,-1.991483483842664e-09,5.429155228384716e-08,5.427688453561377e-07,6.957002759602381e-08,3.360492039946745e-07,5.889034219522421e-07,8.013992824545442e-09,4.551920095593834e-07,2.799038671870846e-06,1.064829089935604e-11,5.788192041454294e-09,-9.178585588729229e-11,-2.238096320593974e-14,-1.506853293541201e-15,-4.514676912700529e-04,-3.076804205920308e-03,-1.065034981734148e-05,-1.167407882675685e-05,-7.151133934594145e-06,3.119576089818929e-10,5.387633593908992e-08,1.736821082252451e-06,3.045610192507217e-06,2.725075004983860e-06,7.141482792423079e-07,7.536376497275102e-07,2.067145066231291e-11,
-3.678692080399299e-03,-3.000709026398770e-02,-8.841395555834856e-02,7.544754582074318e-06,-1.102099400069517e-02,4.807241040248774e-01,-6.678060849572535e-06,-3.357476365781542e-01,-6.540174626691400e-08,-6.643116137710166e-08,-6.710727956889627e-09,7.967601160010555e-07,1.435082979452060e-07,-6.703653156464084e-07,-3.670641534123936e-07,4.343640873814137e-10,-5.765107182595938e-10,2.303519975372678e-09,-4.767987871913895e-01,1.799155509324551e+00,-4.093061300884912e-08,-8.285399573359123e-07,-1.343953769983079e-07,2.181267060596821e-06,5.849759942330486e-07,1.617299981436135e-09,2.014917171406263e-07,5.715820680659764e-07,1.314352553955143e-08,-4.432136196482063e-09,2.239239377353743e-07,1.177087770214112e-06,2.958357416363928e-07,1.051129994315489e-06,2.053109064952722e-06,3.272709487975363e-08,1.486043120976439e-06,4.707476259421824e-06,3.428292398414108e-11,2.855380542375678e-08,5.531934905647643e-11,-4.976014818609118e-14,-1.825755777799940e-15,-7.194971925885082e-04,-4.977493829242484e-03,4.755487536986608e-07,-4.346907767553160e-05,-2.725925110396502e-05,7.284211182591463e-09,3.906747007096943e-07,3.488203296517096e-06,1.109789138146137e-05,8.041621999506079e-06,2.811856680647958e-06,2.220691596143045e-06,2.194588955006793e-11,
-1.229013948235179e-02,-9.191190086693374e-02,-2.017699787376309e-01,3.142002570202692e-06,-2.882172116238227e-02,2.856417390705158e+00,-2.260886030559372e-05,-8.158835143582817e-01,1.284080946445951e-06,3.838933743841345e-06,6.224683228815578e-07,4.195417974807180e-05,1.911544434272529e-06,-2.100760731260009e-06,2.858180740720795e-05,8.680981042151572e-08,4.542653352474518e-07,3.046455106807956e-07,-1.128136032986442e+00,6.949212364947682e+00,5.605367635833131e-07,4.754723795190944e-05,4.974620167973474e-06,1.790291507737014e-04,3.600494588115719e-06,1.436358416239403e-08,1.398899554900852e-05,5.431764934039949e-06,2.766464727051405e-08,1.657379940592123e-07,9.023201177042023e-07,2.694320670897848e-06,1.527681410549410e-06,3.740470395647391e-06,9.294184630445062e-06,3.089525257829705e-07,7.948634410954782e-06,1.034374622188441e-05,1.262775756521870e-09,9.743044457419952e-06,3.759439141990936e-10,1.926409120620869e-13,1.032420235169449e-14,9.010420786956673e-04,6.160453303121145e-03,6.206673470687796e-05,-2.474242167894242e-04,-1.600017775491534e-04,2.713747737854700e-07,5.462772085046829e-06,5.625638360489482e-06,1.361061471313557e-04,4.057238215468717e-05,1.573593799098518e-05,1.122443108823543e-05,5.738898245510882e-11,

