1
0
56
1
(4 0
((0,0) (15,255) (0,0))
((0,768) (15,1023) (0,0))
((0,512) (15,767) (0,0))
((0,256) (15,511) (0,0))
)
4
FabOnDisk: SD_5_Old_MF_D_0003 0
FabOnDisk: SD_5_Old_MF_D_0000 0
FabOnDisk: SD_5_Old_MF_D_0001 0
FabOnDisk: SD_5_Old_MF_D_0002 0

4,56
-7.593857397284425e+00,-1.638873068228214e+01,-2.610193253597671e+01,-5.957754707402744e+00,-8.087459072523677e+00,-8.225333730701156e+00,-1.111164396968218e+00,-6.291968887762586e+02,-2.752191544272283e-01,-7.673521895154887e-01,-8.899769001592261e-02,-1.359170723694944e+01,-1.254927710675686e+01,-1.383090048805785e+00,-9.461529480373320e+00,-4.417580992824915e-01,-7.053258338939916e-02,-2.728171284633969e+00,-1.320848772661263e+02,6.278208205048874e-18,-9.621857977783305e-02,-4.897307143542142e+01,-1.826973217102389e+00,-2.032127809485156e+02,-7.626769789440605e+00,-2.421803984134472e+01,-4.461940454992297e+00,-2.837171562319176e+00,-8.800004658461036e-03,-1.981877997509081e+00,-1.574802320539784e+00,-9.521761743962620e-01,-3.828226683974177e+00,-2.237918720454396e+00,-3.221218171601104e+00,-2.125139325609789e-01,-3.231351731064274e+01,-4.912430707219848e-01,-3.065437638335773e-01,-8.437670380581711e+00,-9.919702959059938e-01,-1.630271059311430e-02,-6.763388220939568e-04,-8.187142130804884e-02,-1.823260870825375e-01,-2.078961290112913e+00,-7.071946468672613e-02,-4.123023965494527e-01,-1.358132433150481e-01,-2.478687747270948e+01,-4.759492273564428e-01,-5.937680868955035e+02,-9.101134031166464e+01,-9.634775916476467e+00,-2.507067125448508e+01,-3.076223720199778e-10,
-4.084720392117226e-03,-2.989296096102747e-02,-8.814417688071270e-02,1.768762407303830e-07,-1.098437417229243e-02,1.031753587371284e-01,-6.666173126778380e-06,-3.346154441399286e-01,-9.015927646472047e-08,-3.087053996853911e-07,-2.783013785859797e-08,-1.947058752068400e-06,-2.646890446053772e-07,-6.736640695592605e-07,-1.730458053151168e-06,-4.252623770511886e-09,-1.624185074552123e-08,-1.429045953242845e-08,-4.751359447181234e-01,2.580969101251033e-01,-8.314372733392200e-08,-8.308095440513330e-06,-1.833818935836441e-07,-6.129923968500979e-06,-1.766382730397623e-06,-1.374246274782514e-09,-3.771569846111641e-06,-1.238755335551148e-06,-1.675919227024405e-09,-4.929746514057538e-09,-1.360358692726578e-07,-1.483909386862098e-07,-1.730774151948118e-08,-9.684217139238521e-08,-1.494316619911134e-07,-3.570946748667884e-09,-2.040718412158638e-07,-2.024696140421446e-06,-4.261071038596971e-12,-1.594701029417181e-09,-1.042763375576419e-10,-4.969857170375222e-14,-2.492634035658691e-15,-7.179411403789324e-04,-4.966366518667322e-03,-1.276572982329442e-05,-4.321643603987120e-05,-2.710908418803246e-05,-1.338954757436865e-09,-4.179400640396801e-08,-9.663159196227297e-07,-1.362262667021618e-06,-4.386239645232812e-07,-2.713611744483393e-07,-1.226224440094755e-07,-1.929600923489261e-11,
-1.221407466601747e-02,-9.136636334184836e-02,-2.009692123593954e-01,3.247201871188492e-06,-2.868158924592882e-02,1.831066777329627e-01,-2.246314996931816e-05,-8.121482951312289e-01,-1.420871417674452e-07,-3.695511581837602e-07,-5.012236674468933e-08,-2.338913478282279e-06,-9.891100413053723e-08,-2.288621475215065e-06,-3.157700307528124e-06,-7.144136451631415e-09,-3.085803301224819e-08,-2.740073068472403e-08,-1.123164344873206e+00,7.679493115743494e-01,-9.818608941604880e-08,-6.589672656810467e-06,-4.595320128608596e-07,-1.495846970394431e-05,-2.157865540167411e-06,-4.218960299523809e-09,-1.927534034991058e-06,-8.094690139850538e-07,-2.556351717553296e-08,-1.718359654608958e-08,-1.745578724076833e-06,-5.275132264321833e-07,-7.671369825963546e-08,-3.400249472579766e-07,-6.682824002405156e-07,-1.357759437514117e-08,-7.263476877643336e-07,-4.052417455989481e-06,-2.850362847649106e-11,-1.828152746253049e-08,-9.974052828038683e-11,-8.178585757542501e-14,-2.685872139746048e-15,-1.193929459614934e-03,-8.480388116205238e-03,-1.064068347799269e-05,-2.449016698302514e-04,-1.583400634591647e-04,-5.559501584850549e-09,-2.153324248803352e-07,-1.991088606876485e-06,-4.668349099075301e-06,-3.690954481181444e-06,-1.135481936470954e-06,-1.029884733361540e-06,-2.148792255241005e-11,
-1.448403598918024e-01,-7.480846886099178e-01,-5.479915796098068e-01,-4.826444771306057e-04,-1.398381139782104e-01,4.827216886056906e-01,-2.599106769413058e-04,-3.814293562938839e+00,-7.422727724821237e-07,-1.024490024644420e-06,-2.499433738087627e-07,-1.810514363502159e-05,-3.227377746401141e-07,-2.683981225178249e-05,-1.242529688695801e-05,-3.725996452597967e-08,-2.471344741326395e-07,-1.528995698700690e-07,-4.390817790429596e+00,1.804985743624107e+00,-1.157756197877176e-07,-7.624832311351405e-06,-3.096102569888456e-06,-1.014914388714705e-04,-3.926580263791257e-06,-1.550500590695002e-08,-1.024737447197181e-06,1.206685137990715e-07,-7.153339534708688e-08,-1.379374171943750e-07,-3.278448734973608e-06,-1.853511552446579e-06,-1.539726592527669e-06,-3.119622734074662e-06,-8.538935611756183e-06,-1.985131330054169e-07,-5.353636867130136e-06,-1.115449237303907e-05,-1.557096767517553e-09,-2.081903983314691e-06,-1.445741726171867e-10,-8.587704284508846e-13,-2.053769438052194e-14,-1.407746566775806e-03,-1.037954882888027e-02,5.130307763468742e-07,-1.364401506608973e-02,-9.514552112534611e-03,-1.791199710662080e-07,-6.807276457928065e-06,-4.093893569737174e-06,-1.729877756985682e-04,-3.759738252252222e-05,-1.974027822142303e-05,-1.040734385888966e-05,-8.711564802865723e-11,

4,56
5.631787389906349e+00,2.886689061040756e+01,4.343037202129604e+01,7.472998670093437e+00,1.345101446644860e+01,3.126032602356635e+02,6.180118343083942e-01,2.262878719960781e-06,6.342487060715857e-01,1.375212406462591e+00,1.640155844196559e-01,2.544679482164724e+01,1.592666221615834e+01,1.904117792192922e+00,1.556996660749522e+01,4.002331372204612e-01,1.304297787126407e-01,2.700039985045883e+00,4.608958643507526e+02,2.795158524152870e+02,2.085336038558271e-01,5.979060796904865e+01,3.870858843926513e+00,3.031154975945291e+02,1.246646740935280e+01,2.612580204350629e+01,8.781514812611675e+00,3.458098007244853e+00,1.544952322622948e-02,3.651197427593420e+00,2.346935740844077e+00,1.123812874273873e+00,3.956102522574154e+00,2.329695571419670e+00,3.980212715104793e+00,1.972331452399568e-01,3.466638256815791e+01,1.003038905060375e+00,5.946508456174756e-01,8.002067634036642e+00,1.549168580780114e+00,4.200308829678759e-02,1.092557737703485e-03,7.767875586236213e-02,4.032225715553462e-01,2.486840727831097e+00,4.788738792510051e-01,7.032167099438270e-01,1.836426876957079e-01,1.651541165960632e+01,7.600791598433432e-01,6.366815165183648e-01,9.118092136139045e+01,1.463570104600750e+01,2.560223433987789e+01,2.896740625146776e-10,
-1.883408522833223e-03,-1.155964576039617e-02,-3.199260477193369e-02,6.391178772731153e-06,-5.952517061230481e-03,1.825346360582478e-01,-1.702077900353493e-06,-1.538886241538318e-01,-3.829278402611288e-08,-1.595539944756360e-07,-1.369502362993160e-08,-1.972543102086014e-07,-8.775927123408509e-08,-1.888432620325357e-07,-9.601537856530513e-07,-1.765049754603367e-09,-6.162285011237383e-09,-6.426466630520083e-09,-1.567203530965811e-01,7.656860319200004e-01,-5.824158836219160e-08,-5.412958278134634e-06,-7.710370150141277e-08,-1.474589665619729e-06,1.731385031919344e-07,5.611369377422742e-10,-1.820362539122960e-06,-7.879718894277695e-07,1.830617592872815e-09,-2.031120917454804e-09,4.849915763053243e-08,4.809378470697147e-07,5.479179969485348e-08,2.374644190388979e-07,4.139474719441673e-07,7.935155120746030e-09,4.193913456976710e-07,3.838406547902591e-06,8.812586181194204e-12,4.442211621382897e-09,-9.189940958502841e-11,-2.238790579669367e-14,-1.507436869569131e-15,-4.513739185239861e-04,-3.076161088237153e-03,-1.065248273313322e-05,-1.166924230321807e-05,-7.148186610349473e-06,4.548656306362676e-11,4.111663885599080e-08,1.880189787768637e-06,2.831312213633824e-06,2.072664682219246e-06,7.068551757862376e-07,5.693943369581412e-07,1.924685411047733e-11,
-3.679896880319899e-03,-2.999830046959044e-02,-8.839172305440027e-02,7.545658031809327e-06,-1.101985138208166e-02,4.805285172448179e-01,-6.675029656157222e-06,-3.356220667995215e-01,-6.469613370869622e-08,-6.360380402380797e-08,-1.061745103547098e-08,8.324354144223762e-07,1.516102039067155e-07,-6.703603973399018e-07,-5.067480278800948e-07,6.686039429597709e-11,-2.924161331540529e-09,7.968447485236457e-10,-4.765516905108154e-01,1.798119189754289e+00,-4.192257438527256e-08,-7.966843856148662e-07,-1.401921690099126e-07,1.823052327337288e-06,5.829741130386464e-07,1.740633730421673e-09,3.682641296534592e-07,6.699812590936910e-07,1.078525142546826e-08,-4.414608302260227e-09,2.240478626890153e-07,1.321358828326486e-06,2.992573024773483e-07,1.041844870143806e-06,2.021075050111999e-06,3.416779157099676e-08,1.527143211009570e-06,5.520218323463982e-06,3.856370574138908e-11,3.038429819265347e-08,5.868636865753949e-11,-4.975278062347264e-14,-1.761587849302476e-15,-7.193364281651639e-04,-4.976339779443287e-03,4.657572026829468e-07,-4.344241353671729e-05,-2.724177055539521e-05,6.386061438890172e-09,3.528613929856062e-07,3.852598437964876e-06,8.470224263694963e-06,8.483943427061126e-06,2.818395760346543e-06,2.343735093214001e-06,2.442257507340173e-11,
-1.228561679378505e-02,-9.185700045616751e-02,-2.016881362191994e-01,3.153634314558524e-06,-2.881032228128337e-02,2.851127967160729e+00,-2.259356856835645e-05,-8.154537659193792e-01,6.635764443601215e-07,2.291863006261935e-06,4.204571009114519e-07,3.279192023782691e-05,1.651843628798406e-06,-2.104059925536750e-06,2.056040645101371e-05,4.912190289452510e-08,2.251439177091595e-07,1.702740723410099e-07,-1.127485443771236e+00,6.950639394726322e+00,5.375285610281708e-07,4.291370687710405e-05,4.012483394806542e-06,1.652723001933915e-04,4.180826629297311e-06,1.903241668155322e-08,1.381276181364396e-05,4.978175193225365e-06,3.230040939778073e-08,5.936605681763568e-08,1.085112571416545e-06,2.675718136962576e-06,1.774008036016967e-06,3.064537062211795e-06,6.224762566537527e-06,4.434769647216570e-07,9.115207203739233e-06,1.348902808043935e-05,1.889135031037701e-09,1.146235354081579e-05,3.796823871167566e-10,2.016400125241607e-13,1.058164044919749e-14,8.914647452949275e-04,6.090885728422072e-03,6.210058919038782e-05,-2.471418335553181e-04,-1.598176323146249e-04,3.200776498062304e-07,5.503305747807118e-06,4.483186642738853e-06,1.357914014620546e-04,4.454866807717163e-05,1.663676916767312e-05,1.241069162939235e-05,8.311240584646384e-11,

