1
0
63
1
(4 0
((0,0) (15,255) (0,0))
((0,768) (15,1023) (0,0))
((0,512) (15,767) (0,0))
((0,256) (15,511) (0,0))
)
4
FabOnDisk: SD_0_New_MF_D_0003 0
FabOnDisk: SD_0_New_MF_D_0000 0
FabOnDisk: SD_0_New_MF_D_0001 0
FabOnDisk: SD_0_New_MF_D_0002 0

4,63
-1.589566488304106e-06,1.942603548541247e+00,1.577774942736482e-01,5.679843985886037e-22,2.261813050958447e-20,3.265208852334165e-16,1.045646311926961e-10,1.187431655486275e-07,2.177176968007829e-08,4.249932566130955e-11,2.865108891963280e-03,0.000000000000000e+00,2.320567087164180e-26,1.541822406842153e-27,1.330997396379408e-12,1.162881758001074e-10,7.768146177295278e-22,9.250728075629925e-11,5.287497995198239e-16,4.099383034607672e-27,1.017373851412111e-11,6.457355294191946e-09,4.803723361062064e-10,1.713855692813419e-32,5.559647535315822e-11,5.494021906687570e-24,5.518082488497505e-10,0.000000000000000e+00,0.000000000000000e+00,5.161961832032661e-26,5.102974705005063e-12,1.846073971541517e-19,4.881297270333819e-22,1.070557391851520e-12,0.000000000000000e+00,0.000000000000000e+00,0.000000000000000e+00,0.000000000000000e+00,0.000000000000000e+00,0.000000000000000e+00,0.000000000000000e+00,0.000000000000000e+00,0.000000000000000e+00,9.815691365569863e-15,1.055365654173067e-16,2.887852029188022e-18,2.887466212704041e-15,9.353904099116043e-16,3.867061037382643e-14,8.981366219430722e-15,1.618305153375563e-14,9.205860140200580e-31,0.000000000000000e+00,0.000000000000000e+00,0.000000000000000e+00,0.000000000000000e+00,0.000000000000000e+00,0.000000000000000e+00,1.131879266835512e-01,3.623965809260240e+03,0.000000000000000e+00,4.430001321549648e+02,1.013180202759633e+05,
-1.084925775313183e-07,5.504994441122708e+00,1.460904614073866e-01,6.115787572980852e-06,5.839594329330455e-05,4.695811808063654e-04,1.349809570354003e-07,5.708172047143449e-05,1.235235723757496e-02,1.211532562979118e-08,1.184984473497053e-03,5.132714489160792e-11,2.719876902977557e-10,2.298513274960385e-11,1.087906291706801e-09,2.980692141732203e-10,8.734971216051175e-10,1.629589843285524e-09,3.551171058474910e-12,1.174404583454450e-11,1.251373675540111e-11,3.571720898991303e-03,2.343983758962975e-02,8.759556151406542e-11,9.038694858304070e-09,1.003650314866975e-10,3.368373360339040e-09,0.000000000000000e+00,0.000000000000000e+00,2.998134153416655e-09,1.623970972332830e-09,3.071243694921986e-15,2.184491820088398e-12,0.000000000000000e+00,2.887354516470640e-13,2.615150245028699e-15,0.000000000000000e+00,0.000000000000000e+00,0.000000000000000e+00,0.000000000000000e+00,0.000000000000000e+00,0.000000000000000e+00,0.000000000000000e+00,7.828616102740632e-14,1.742546276671601e-17,1.197361706543008e-18,5.886935007019192e-07,4.003861311786602e-06,1.799005012355736e-08,1.336516626006594e-08,8.172536308653609e-09,4.258672211763043e-13,0.000000000000000e+00,0.000000000000000e+00,0.000000000000000e+00,0.000000000000000e+00,3.516954157805331e-14,0.000000000000000e+00,1.047777812582268e-01,7.926621891526602e+03,0.000000000000000e+00,2.331004801567349e+03,1.013249979000077e+05,
-1.693679722465671e-07,5.435960783234217e+00,1.469308037860383e-01,7.198217649215632e-06,6.939775669298377e-05,5.059593950536111e-04,1.327195995205034e-07,6.110463415135184e-05,1.235468761979864e-02,1.457720288656540e-08,1.323608254579765e-03,8.158712703362748e-11,3.931139363655531e-10,3.429585718118068e-11,1.511045862666618e-09,3.796944070048944e-10,1.128468397740456e-09,2.352925567592404e-09,5.147308450835551e-12,1.761212951101256e-11,1.782310731647376e-11,3.779391416326763e-03,2.305282703552324e-02,1.281727461203718e-10,1.260994996597297e-08,1.655830654521362e-10,5.017585448106548e-09,0.000000000000000e+00,0.000000000000000e+00,4.189731241195046e-09,2.195448188793263e-09,2.674777224742885e-15,3.982203071836116e-12,0.000000000000000e+00,4.208253876815066e-13,0.000000000000000e+00,0.000000000000000e+00,0.000000000000000e+00,0.000000000000000e+00,0.000000000000000e+00,0.000000000000000e+00,0.000000000000000e+00,0.000000000000000e+00,1.392304975867559e-13,3.865693802516645e-17,2.407571981113084e-18,9.311840081134952e-07,6.358378237937550e-06,2.485805680941889e-08,2.832415893916742e-08,1.748212591230598e-08,7.247491842565168e-13,0.000000000000000e+00,0.000000000000000e+00,0.000000000000000e+00,0.000000000000000e+00,9.151500049608245e-14,0.000000000000000e+00,1.053830504184748e-01,7.835684757387364e+03,0.000000000000000e+00,2.291695211995996e+03,1.013249972499709e+05,
-1.138000807019868e-06,5.184619192735219e+00,1.490527908400874e-01,1.041874674040626e-05,1.012428753158595e-04,5.933734290444183e-04,1.327285184816167e-07,7.162486943241365e-05,1.233259104666285e-02,2.220540654581434e-08,1.661646277914037e-03,1.372354402417863e-10,4.145848141683960e-10,5.040405978902261e-11,1.386581205727464e-09,1.977470233553795e-10,1.891114669941753e-09,2.854684409720298e-09,5.451070910940702e-12,2.616908498267309e-11,1.935139110352735e-11,4.284977206162992e-03,2.218204179834233e-02,1.312507168791973e-10,1.068758786314526e-08,2.999855839139672e-10,6.853027746642320e-09,0.000000000000000e+00,0.000000000000000e+00,2.979641995833135e-09,1.187105501800377e-09,2.157844000593606e-14,8.777910495197215e-12,0.000000000000000e+00,0.000000000000000e+00,0.000000000000000e+00,0.000000000000000e+00,0.000000000000000e+00,0.000000000000000e+00,0.000000000000000e+00,0.000000000000000e+00,0.000000000000000e+00,0.000000000000000e+00,4.648228789001147e-14,8.326606999574090e-17,2.883334532770600e-18,1.552174777572724e-06,1.069821376638199e-05,1.784860516221892e-08,9.485556882176263e-08,5.989607269366344e-08,1.426904462973285e-12,0.000000000000000e+00,0.000000000000000e+00,0.000000000000000e+00,0.000000000000000e+00,0.000000000000000e+00,0.000000000000000e+00,1.069093559907559e-01,5.752033748072872e+03,0.000000000000000e+00,2.146511229481662e+03,1.013249779806591e+05,

4,63
2.407144365274320e-06,5.182304823351532e+00,8.373312431611309e-01,4.973769060538186e-05,4.430539598918433e-04,9.562356097196306e-04,1.182846066828304e-04,3.801526770480594e-04,1.294698295072096e-02,2.140461204680495e-05,1.827789023848498e-01,1.485006679795455e-06,6.637261424345704e-06,7.484607352543136e-07,2.352703847945443e-04,2.659427237877808e-04,2.012528056625266e-05,5.174189819077883e-04,1.474493388214051e-05,9.696186288406641e-07,6.791362840006691e-05,1.431178004194977e-02,2.217883201884387e-02,8.675489102676062e-07,6.463236051165768e-04,2.247111096026382e-05,4.620063014932771e-03,1.008693544705279e-04,4.630031279742606e-04,3.348076067504477e-05,1.148951230581054e-04,1.300143413150857e-07,3.204093398504802e-05,3.759422199596803e-05,1.274089665135702e-05,5.943135768593965e-05,3.201418502138114e-05,4.171220281250326e-05,3.097823687951022e-06,6.534893070036542e-04,1.053601778829509e-05,4.202524053231830e-06,1.159814366281370e-04,1.911905289679205e-05,6.829476587224027e-07,1.671884938958861e-08,2.497483725885988e-06,1.763383415029997e-05,3.047654596130543e-05,1.295792856934611e-05,1.670771205112942e-05,1.697241509670409e-06,4.493481925568700e-04,9.417862454409994e-06,5.259445449265001e-02,1.645440058145846e-03,1.435082333645887e-04,4.514105010508992e-04,6.019577376286209e-01,7.484609652995180e+04,0.000000000000000e+00,2.145138956251700e+03,1.013275691022238e+05,
1.097984393605870e-07,5.534669993971668e+00,1.469258916601919e-01,7.191489307467433e-06,6.933007614264819e-05,5.057471392401131e-04,1.366563362233979e-07,6.108039164758584e-05,1.235467666601850e-02,1.456179175284154e-08,1.322805037643852e-03,8.144632222532747e-11,3.926601615106780e-10,3.425348746876001e-11,1.509960408022482e-09,3.794519430260344e-10,1.126950361619848e-09,2.350316384357072e-09,5.142447190226403e-12,1.759305849451799e-11,1.780823485984224e-11,3.778182879425482e-03,2.360764067495034e-02,1.279841963335298e-10,1.259475532871183e-08,1.652333596434083e-10,5.012183925840370e-09,6.512723270892667e-13,2.936416807912091e-15,4.184697203685038e-09,2.193258790760302e-09,1.031864569392994e-14,3.971626162546328e-12,2.594263362739188e-13,3.275122704839540e-12,9.546083565215257e-14,3.695320534449704e-13,8.407804332376098e-13,1.303862911644284e-14,6.968387224481525e-13,5.453422293895150e-12,1.389172659661263e-17,8.133629756644748e-15,1.389638313855153e-13,3.853371305734531e-17,2.401237443375858e-18,9.293940403764271e-07,6.346010850612550e-06,2.482961408659017e-08,2.822184102451899e-08,1.741802737929282e-08,7.234246034782598e-13,1.129113459664706e-13,4.397888900547157e-12,6.227092114024448e-12,2.630758092010546e-12,1.349884831677092e-12,7.188790424194358e-13,1.053795147017619e-01,7.961370402902301e+03,0.000000000000000e+00,2.346889872690806e+03,1.013250028090798e+05,
1.440438371384176e-07,5.504829982963281e+00,1.490392374993735e-01,1.039644868675114e-05,1.010257962836817e-04,5.928482850229081e-04,1.349711917276202e-07,7.155847935130296e-05,1.235693224045177e-02,2.215087818511523e-08,1.659552400565040e-03,1.369799758340971e-10,5.334902136558144e-10,5.034666130977531e-11,1.903165788932335e-09,4.062697675026813e-10,1.885782453536296e-09,3.226213264049624e-09,7.003821363201832e-12,2.614061109082061e-11,2.352773049312476e-11,4.281892323219762e-03,2.343886636086814e-02,1.762827427366127e-10,1.583113815093222e-08,2.992867464475761e-10,7.223703041890741e-09,4.206707735251926e-13,6.611877643848509e-15,5.179752513604969e-09,2.500802374450390e-09,3.462035513983562e-14,8.749017488801739e-12,9.617326335452395e-13,4.269132299595310e-12,2.075317384569536e-13,7.347998472885237e-13,1.616751919326389e-12,4.487125956075591e-14,1.936650499857685e-12,5.806233342532339e-12,6.468130808459992e-17,2.675218353089279e-14,1.797990925051224e-13,8.304310948010618e-17,4.158270090398027e-18,1.548936900417306e-06,1.067529738659899e-05,3.018133253961971e-08,9.425807717257064e-08,5.951041162197634e-08,1.426740638222756e-12,5.309885979671967e-13,3.751772950506155e-12,9.204195080534181e-12,7.507724439995217e-12,1.592741398170952e-12,2.068397904512819e-12,1.068996019166762e-01,7.930845086319466e+03,0.000000000000000e+00,2.330911746928237e+03,1.013250030578460e+05,
8.690973275588351e-07,5.435538155903779e+00,1.576879007630558e-01,2.847427963099044e-05,2.642342646701465e-04,8.511694413160771e-04,1.901458411790233e-07,1.106025253288334e-04,1.235693817805460e-02,7.154174151340487e-08,2.854104338642120e-03,1.968338890283405e-10,5.619553934403902e-10,5.850709825012108e-11,1.941302550221998e-09,3.974858980444106e-10,6.839422409017240e-09,3.485035333107797e-09,7.367255147241049e-12,3.092672571656203e-11,2.452719073071580e-11,5.918153601879832e-03,2.305058879772856e-02,1.857105068531593e-10,1.602891994724342e-08,5.182954857177564e-10,8.145046947483285e-09,6.503103795959178e-12,4.164903055478938e-14,5.200571653778143e-09,2.488591526660932e-09,1.822635291434054e-13,2.219415553527380e-11,2.818075547694297e-12,5.665044114181855e-12,3.487705655995311e-12,5.205664951956470e-12,1.169971915014518e-11,3.469126808498691e-13,8.670131040217120e-12,1.610407629548022e-11,2.197559703190571e-15,9.389626936193963e-13,1.789328627678785e-13,1.173403161838756e-16,4.526581963747368e-18,2.496674059886825e-06,1.762433373134678e-05,3.025724705622961e-08,1.551992471177979e-06,1.054465786151188e-06,3.664654940803831e-12,5.684308291568618e-12,3.655815714718983e-12,1.091837877397160e-10,6.746663594002986e-11,3.855153737969488e-11,1.868692620075335e-11,1.131234829492262e-01,7.834538876001316e+03,0.000000000000000e+00,2.291448292598224e+03,1.013250155296435e+05,

