1
0
63
1
(4 0
((0,0) (15,255) (0,0))
((0,768) (15,1023) (0,0))
((0,512) (15,767) (0,0))
((0,256) (15,511) (0,0))
)
4
FabOnDisk: SD_0_Old_MF_D_0003 0
FabOnDisk: SD_0_Old_MF_D_0000 0
FabOnDisk: SD_0_Old_MF_D_0001 0
FabOnDisk: SD_0_Old_MF_D_0002 0

4,63
-1.688869694058201e-06,1.933539361006471e+00,1.577712100972335e-01,5.949185294120961e-22,2.389238759873863e-20,3.386205470926774e-16,1.087735294434406e-10,1.210345234383246e-07,2.257203927528888e-08,4.421739234371984e-11,2.864448328295692e-03,0.000000000000000e+00,2.497531144643568e-26,1.659691713642769e-27,1.381535291701129e-12,1.161668859214829e-10,8.226996340077105e-22,9.681263350035615e-11,5.581739747745063e-16,4.451596962161726e-27,1.065321530395492e-11,6.717493056807416e-09,5.029844927669986e-10,1.858076735210264e-32,5.812032307805508e-11,6.041267304194970e-24,5.773218706550122e-10,0.000000000000000e+00,0.000000000000000e+00,5.616632907390793e-26,5.364966248740957e-12,1.956904061914978e-19,5.338498792753002e-22,1.125863405078215e-12,0.000000000000000e+00,0.000000000000000e+00,0.000000000000000e+00,0.000000000000000e+00,0.000000000000000e+00,0.000000000000000e+00,0.000000000000000e+00,0.000000000000000e+00,0.000000000000000e+00,1.042422558766151e-14,1.054512866424677e-16,2.886020528146505e-18,3.067647083830917e-15,9.937938775601227e-16,4.108906679451005e-14,9.543388610808057e-15,1.719573012769234e-14,1.007249449774320e-30,0.000000000000000e+00,0.000000000000000e+00,0.000000000000000e+00,0.000000000000000e+00,0.000000000000000e+00,0.000000000000000e+00,1.131834049731437e-01,3.619393878635236e+03,0.000000000000000e+00,4.430001375376370e+02,1.013182762529184e+05,
-1.009171060296465e-07,5.495663054909795e+00,1.460903628320118e-01,6.115609164092472e-06,5.839420468983864e-05,4.695749067789855e-04,1.349811980822766e-07,5.708097099408295e-05,1.235235321364252e-02,1.211495384367099e-08,1.184962355857504e-03,5.131985308420308e-11,2.719516381491468e-10,2.298136036664147e-11,1.086654386300713e-09,2.980400099640496e-10,8.734598349270007e-10,1.629394400398782e-09,3.550453428133734e-12,1.174145597279213e-11,1.251169804666138e-11,3.571675730905745e-03,2.343987456320539e-02,8.759180623754342e-11,9.038429102002729e-09,1.003907554163449e-10,3.368093407763101e-09,0.000000000000000e+00,0.000000000000000e+00,2.997950212598601e-09,1.623879809881351e-09,2.730707912048437e-15,2.184855258414364e-12,0.000000000000000e+00,2.850697874163175e-13,2.114624869719442e-15,0.000000000000000e+00,0.000000000000000e+00,0.000000000000000e+00,0.000000000000000e+00,0.000000000000000e+00,0.000000000000000e+00,0.000000000000000e+00,7.827784199567201e-14,1.742296574393425e-17,1.197209087290020e-18,5.886430000864970e-07,4.003515502550180e-06,1.798890868544286e-08,1.336339487501921e-08,8.171442390161144e-09,4.258099530507395e-13,0.000000000000000e+00,0.000000000000000e+00,0.000000000000000e+00,0.000000000000000e+00,6.658160685890116e-14,0.000000000000000e+00,1.047777130145153e-01,7.926600328888842e+03,0.000000000000000e+00,2.331008162419514e+03,1.013249976681913e+05,
-1.593017340540608e-07,5.426640146932111e+00,1.469306228608843e-01,7.197980314272531e-06,6.939533399491100e-05,5.059518591989696e-04,1.327194921091642e-07,6.110380078268207e-05,1.235468736389865e-02,1.457664933641312e-08,1.323577865041317e-03,8.157778316130907e-11,3.930762441021545e-10,3.429189478788763e-11,1.510934246325581e-09,3.796673958512644e-10,1.128401494636468e-09,2.352655188882632e-09,5.146687517593758e-12,1.760984034570076e-11,1.782098287136681e-11,3.779345803325970e-03,2.305293308693348e-02,1.281607776868718e-10,1.260891979217709e-08,1.655571589536786e-10,5.017115773595430e-09,0.000000000000000e+00,0.000000000000000e+00,4.189400573070864e-09,2.195308236629560e-09,5.697373552965448e-15,3.981510610946176e-12,0.000000000000000e+00,6.334712112033388e-13,0.000000000000000e+00,0.000000000000000e+00,0.000000000000000e+00,0.000000000000000e+00,0.000000000000000e+00,0.000000000000000e+00,0.000000000000000e+00,0.000000000000000e+00,1.392123470806239e-13,3.865014165024512e-17,2.407197967008847e-18,9.310909839258259e-07,6.357737768153608e-06,2.485626671354546e-08,2.831960688617216e-08,1.747928183388276e-08,7.244853493798363e-13,0.000000000000000e+00,0.000000000000000e+00,0.000000000000000e+00,0.000000000000000e+00,0.000000000000000e+00,0.000000000000000e+00,1.053829201933992e-01,7.835731896926685e+03,0.000000000000000e+00,2.291707247877999e+03,1.013249974110906e+05,
-1.167016275987441e-06,5.175368846150650e+00,1.490521193261765e-01,1.041766916941058e-05,1.012322794362548e-04,5.933479599796106e-04,1.327283127830397e-07,7.162171972047686e-05,1.233285800653692e-02,2.220274677581416e-08,1.661541600359291e-03,1.372210968105289e-10,4.147344494937675e-10,5.039788449529547e-11,1.387037445529007e-09,1.978190800318356e-10,1.890836096731722e-09,2.855277499683449e-09,5.452920478129297e-12,2.616511069808333e-11,1.935493803561861e-11,4.284824718036383e-03,2.218145330635869e-02,1.313072269467422e-10,1.069156032212100e-08,2.998970789401018e-10,6.854588050863869e-09,0.000000000000000e+00,0.000000000000000e+00,2.980982956971378e-09,1.187653092998853e-09,1.855690245390278e-14,8.775360005291595e-12,0.000000000000000e+00,0.000000000000000e+00,0.000000000000000e+00,0.000000000000000e+00,0.000000000000000e+00,0.000000000000000e+00,0.000000000000000e+00,0.000000000000000e+00,0.000000000000000e+00,0.000000000000000e+00,4.648818364152817e-14,8.325161567327179e-17,2.882273618496615e-18,1.551975465995496e-06,1.069681082598980e-05,1.785569592267693e-08,9.482384866955986e-08,5.987563202873890e-08,1.424904578208344e-12,0.000000000000000e+00,0.000000000000000e+00,0.000000000000000e+00,0.000000000000000e+00,0.000000000000000e+00,0.000000000000000e+00,1.069088739550717e-01,5.757949752258773e+03,0.000000000000000e+00,2.146595507804356e+03,1.013249805542921e+05,

4,63
1.721997811586795e-06,5.173055632111261e+00,8.373312004219976e-01,4.973112515370251e-05,4.433071855348024e-04,9.563739297840682e-04,1.182981363882239e-04,3.796932925663097e-04,1.294659755000759e-02,2.141562624363567e-05,1.827788920592823e-01,1.485756785918564e-06,6.626570424133606e-06,7.489077432263697e-07,2.349541635553257e-04,2.656841824964884e-04,2.013228739764902e-05,5.173709969252951e-04,1.474808904315099e-05,9.683784818907338e-07,6.787201763673545e-05,1.431085142340382e-02,2.217821404855369e-02,8.687209621104057e-07,6.467366173123507e-04,2.245813073120193e-05,4.616987099153265e-03,1.011257231246564e-04,4.623984349550557e-04,3.350586309087114e-05,1.149113393121838e-04,1.302180062786147e-07,3.203872104265376e-05,3.755933666959665e-05,1.272748064081955e-05,5.949475179862785e-05,3.199543593443070e-05,4.168548197554511e-05,3.096817863161266e-06,6.528906099392595e-04,1.049006788213684e-05,4.211591044023833e-06,1.161019722997692e-04,1.907535187004657e-05,6.832471635217373e-07,1.667307830294163e-08,2.497374408599855e-06,1.763302498637214e-05,3.042907965922030e-05,1.295739061033588e-05,1.670149220152184e-05,1.698056772701825e-06,4.493432684549672e-04,9.406108842430304e-06,5.259445189795334e-02,1.649013764540551e-03,1.437356637284310e-04,4.520329112334921e-04,6.019577043827919e-01,7.482942783974971e+04,0.000000000000000e+00,2.145224534806688e+03,1.013275576023808e+05,
8.964584508433938e-08,5.525337393100794e+00,1.469257134050961e-01,7.191255459124612e-06,6.932768926851708e-05,5.057397092602955e-04,1.366564176505097e-07,6.107956964477905e-05,1.235467638796395e-02,1.456124649378296e-08,1.322775065407821e-03,8.143847644987057e-11,3.926292831586099e-10,3.425057480389250e-11,1.509851427828903e-09,3.794301768978249e-10,1.126889892019944e-09,2.350128589038892e-09,5.142044575017366e-12,1.759152309082509e-11,1.780690275623745e-11,3.778137849291405e-03,2.360769097513410e-02,1.279738181107406e-10,1.259385451260273e-08,1.652159182371829e-10,5.011773488098400e-09,8.318554003047911e-13,2.925082226595730e-15,4.184408960406098e-09,2.193120110930214e-09,1.017540217404867e-14,3.971126742174737e-12,2.527988886405176e-13,3.187195842696572e-12,8.631582363093623e-14,3.229990457176068e-13,7.017578983449724e-13,9.662548852569514e-15,5.141267334210222e-13,4.617883980714473e-12,1.048091174851538e-17,6.651456658084240e-15,1.389460610943520e-13,3.852705838109571e-17,2.400869450870861e-18,9.293017521876452e-07,6.345375511031933e-06,2.482783121050615e-08,2.821734648663770e-08,1.741521956086133e-08,7.233280315438800e-13,1.032266566105468e-13,2.752311047541208e-12,6.982078943046178e-12,2.434483497573559e-12,1.316706898575438e-12,6.642440268756443e-13,1.053793863782844e-01,7.961255013825724e+03,0.000000000000000e+00,2.346892055601433e+03,1.013250026002991e+05,
1.962593406004628e-07,5.495498681702510e+00,1.490385714237161e-01,1.039537994421008e-05,1.010152864216081e-04,5.928229813997123e-04,1.349714380422376e-07,7.155535055524899e-05,1.235693536472957e-02,2.214824193568965e-08,1.659448483022569e-03,1.369625744940020e-10,5.334535299416740e-10,5.034199654028196e-11,1.903037863547969e-09,4.062554798489252e-10,1.885512535285826e-09,3.225970634839670e-09,7.003295955992918e-12,2.613798697232072e-11,2.352612405093492e-11,4.281740825007019e-03,2.343890365650188e-02,1.762716465329106e-10,1.583048287099366e-08,2.992414296417463e-10,7.223090873699084e-09,4.392654470117383e-13,6.617448663300591e-15,5.179595355018194e-09,2.500835663477408e-09,3.665042165227283e-14,8.747304487640045e-12,1.071287036150170e-12,4.211603621520373e-12,1.994358079450048e-13,6.883134736608917e-13,1.776839744141546e-12,4.038350044358929e-14,1.845019902609966e-12,5.211344566946574e-12,5.629524460727190e-17,3.315210836329778e-14,1.797902682588843e-13,8.302802536974748e-17,4.157768905200772e-18,1.548738421851187e-06,1.067390046120499e-05,3.018023164487650e-08,9.422671856225535e-08,5.949020705497171e-08,1.426459755162976e-12,3.328370952249232e-13,5.792590736018587e-12,8.621443823612702e-12,7.895170065851716e-12,1.748328660649116e-12,2.178856443376272e-12,1.068991237886447e-01,7.930839849938688e+03,0.000000000000000e+00,2.330915157045262e+03,1.013250033310599e+05,
8.779683306530620e-07,5.426217657899902e+00,1.576817184741160e-01,2.846468745997736e-05,2.641447120615558e-04,8.510967845847080e-04,1.900854140348278e-07,1.105915054369470e-04,1.235694171098604e-02,7.150852944968976e-08,2.853452086829948e-03,1.968740551176635e-10,5.619577834831685e-10,5.850258492788617e-11,1.940794902652979e-09,3.975258160251655e-10,6.836389520902746e-09,3.483923560311803e-09,7.367184914621737e-12,3.082501380992851e-11,2.452674726393270e-11,5.917584743736663e-03,2.305069517469665e-02,1.857046954508180e-10,1.602847343062166e-08,5.182851083022262e-10,8.121252917032577e-09,2.604304320405715e-12,2.506727335606751e-14,5.200429402659202e-09,2.488620124705906e-09,1.817612488461994e-13,2.219081801578740e-11,2.351923746795724e-12,2.959984905241815e-12,1.329317289136669e-12,2.171779187925848e-12,5.813500451758515e-12,3.915879178248905e-13,9.840688529472007e-12,1.527671210941727e-11,2.207281719513800e-15,8.524303156804879e-13,1.789276992103455e-13,1.173322077332958e-16,4.526260871679125e-18,2.496535332290923e-06,1.762323109134193e-05,3.025643280188026e-08,1.550112762329757e-06,1.053151480136283e-06,3.664188271426157e-12,4.698553943311429e-12,4.614639580868351e-12,1.611779411347345e-10,3.869395461210820e-11,1.404493733837641e-11,1.064990493048392e-11,1.131190331685779e-01,7.834588104852294e+03,0.000000000000000e+00,2.291460419240786e+03,1.013250238456514e+05,

