1
0
56
1
(4 0
((0,0) (15,255) (0,0))
((0,768) (15,1023) (0,0))
((0,512) (15,767) (0,0))
((0,256) (15,511) (0,0))
)
4
FabOnDisk: SD_5_New_MF_D_0003 0
FabOnDisk: SD_5_New_MF_D_0000 0
FabOnDisk: SD_5_New_MF_D_0001 0
FabOnDisk: SD_5_New_MF_D_0002 0

4,56
-7.556297234633233e+00,-1.642814262239185e+01,-2.592649062216754e+01,-5.937723598414393e+00,-8.058481218777272e+00,-8.120325641795986e+00,-1.143863833987815e+00,-6.289508928950813e+02,-2.626953850075280e-01,-7.808377327003083e-01,-9.091565067432203e-02,-1.372741566412727e+01,-1.243061596240921e+01,-1.394558064293149e+00,-9.482684490626644e+00,-4.498054374632122e-01,-7.128618044562524e-02,-2.748690922092037e+00,-1.317949444237650e+02,1.880074329725645e-17,-9.802933916408103e-02,-4.939093449699883e+01,-1.853607816212408e+00,-2.032547053505976e+02,-7.471077899912749e+00,-2.430739661611352e+01,-4.617616493419253e+00,-2.843032835165190e+00,-8.948441335727565e-03,-2.013549694346930e+00,-1.578811725849724e+00,-9.577792953877532e-01,-3.800492948343118e+00,-2.222940819954765e+00,-3.198291070653065e+00,-2.179377788048453e-01,-3.265049193372069e+01,-4.667227936638463e-01,-3.097180630995620e-01,-8.614051562851689e+00,-9.736202624833084e-01,-1.614807030327114e-02,-6.646138604944672e-04,-8.235129312252390e-02,-1.810594398813572e-01,-2.130119045854928e+00,-7.088055386854106e-02,-4.125181259554338e-01,-1.347570497478916e-01,-2.442925004223708e+01,-4.628631756282694e-01,-5.978871844810674e+02,-9.076310609739781e+01,-9.720340009393370e+00,-2.490728119975936e+01,-4.024514055345207e-10,
-4.117727112518772e-03,-2.987194284633374e-02,-8.808050594234872e-02,1.640130961071389e-07,-1.099054309220511e-02,1.027658526646193e-01,-6.642456718412261e-06,-3.340364967071002e-01,-9.051296728658409e-08,-3.753315789922571e-07,-4.343626161929816e-08,-4.761940547975346e-06,-2.693119602138146e-07,-6.624782763783686e-07,-2.439591272824534e-06,-6.673787701281436e-09,-2.472637764163613e-08,-2.302334738604154e-08,-4.737466915887318e-01,2.543370078071977e-01,-8.812429398375488e-08,-8.977176278186327e-06,-2.617296790309194e-07,-1.283894473520100e-05,-5.465417675830663e-06,-4.188825587897576e-09,-3.823097442338677e-06,-1.271231222135950e-06,-6.868929923903426e-09,-6.120319072003876e-09,-7.252031982443728e-07,-2.933329261462267e-07,-2.612337409141518e-08,-1.522612528215379e-07,-2.856969887394752e-07,-8.907940097124074e-09,-6.064904105191593e-07,-7.037344217645316e-06,-1.153390856697327e-11,-3.068566219835281e-09,-1.036976551706321e-10,-4.952958261057280e-14,-2.487020773174510e-15,-7.173033857425184e-04,-4.961736798426781e-03,-1.278305531566388e-05,-4.310418774407486e-05,-2.702959544602524e-05,-1.603988380465002e-09,-5.823154901819482e-08,-5.021958220512017e-06,-4.523645029336031e-06,-6.705511581862665e-07,-2.426144930122357e-07,-1.867742677551985e-07,-3.683005289634167e-11,
-1.221086699343113e-02,-9.115431293400172e-02,-2.006394257337235e-01,3.312124769363768e-06,-2.864228359712281e-02,1.832698902397180e-01,-2.239315076311773e-05,-8.102205371201074e-01,-1.803168939269283e-07,-5.591545727879385e-07,-9.413894284123944e-08,-4.680400718463092e-06,-1.499214036190313e-07,-2.224158024002832e-06,-4.368280301230252e-06,-1.159894436113874e-08,-5.130521336432682e-08,-4.234696766124097e-08,-1.119813718367537e+00,7.657337840838513e-01,-1.142866075666903e-07,-8.467899772629225e-06,-7.847258724178380e-07,-2.843909087769727e-05,-6.708419226544724e-06,-1.023891719780860e-08,-2.139537455908764e-06,-8.952619704578556e-07,-5.212319075356605e-08,-2.266682314363325e-08,-3.353457551555579e-06,-9.307527092043650e-07,-1.299880812983703e-07,-4.567303923077540e-07,-1.018302228142988e-06,-4.439365152947484e-08,-1.387702962982684e-06,-9.309043073218605e-06,-1.242918711314051e-10,-5.915076744554224e-08,-9.989681460942123e-11,-8.151884258028874e-14,-2.701560364339148e-15,-1.192551627272237e-03,-8.469784495413366e-03,-1.065770186986439e-05,-2.436899968839859e-04,-1.575451204494893e-04,-8.154686829220946e-09,-3.477706831123834e-07,-4.228759756856821e-06,-7.154446299925964e-06,-4.224805176838792e-06,-1.025873373865035e-06,-1.168177298788241e-06,-4.010494714101753e-11,
-1.428995761923501e-01,-7.479928107947224e-01,-5.553785065408163e-01,-4.784759690847338e-04,-1.391009258400169e-01,4.821714439222759e-01,-2.589911054222977e-04,-3.794758704871252e+00,-1.613848739163826e-06,-3.691951513650046e-06,-7.677610072959044e-07,-6.717416520344542e-05,-1.263481939587693e-06,-2.647906726087624e-05,-3.184158093088735e-05,-1.076670004285692e-07,-5.865622406415365e-07,-3.770334136402904e-07,-4.400419727738252e+00,1.799705780851968e+00,-9.622463913630326e-08,-9.280238225755623e-06,-9.286042809703316e-06,-3.410238466443221e-04,-1.081222626585996e-05,-4.966057719211569e-08,-5.708184372198457e-07,3.073352294059698e-07,-1.228707489072430e-07,-2.545454350728367e-07,-7.129157240759772e-06,-3.698488206956072e-06,-2.601974814821638e-06,-4.939983109559138e-06,-1.551572067173928e-05,-5.076037393256701e-07,-2.219337541114931e-05,-2.555124443163795e-05,-3.254365988106825e-09,-2.114505806957159e-06,-6.720373909708699e-11,-6.713515345016993e-13,-1.533278551014826e-14,-1.406820976691497e-03,-1.037343663768247e-02,4.347616149948389e-07,-1.347013271125098e-02,-9.388489650974842e-03,-7.666936621659435e-07,-2.353082219229456e-05,-9.681872808133657e-06,-4.668272600185170e-04,-1.377872870761320e-04,-2.654458422709872e-05,-3.843491369290266e-05,-1.672297855748184e-10,

4,56
5.616294298027339e+00,2.922058549406864e+01,4.344226938834986e+01,7.284445745255614e+00,1.351297607531984e+01,3.121415158635426e+02,6.225545445089233e-01,-6.473246938476507e-11,6.501102200264933e-01,1.415480243989102e+00,1.622033600587337e-01,2.578358346553291e+01,1.568070193927288e+01,1.904584655608235e+00,1.561829189850559e+01,4.150071149002005e-01,1.311113083254535e-01,2.689622899956399e+00,4.618223722922907e+02,2.792576613497927e+02,2.113605748888508e-01,6.089957683434820e+01,3.873931588104178e+00,3.020020013784204e+02,1.261471129751123e+01,2.548126546950067e+01,8.690137198348349e+00,3.527721277571996e+00,1.524088500876624e-02,3.805373860220010e+00,2.347744803883662e+00,1.121795784511984e+00,3.943669427530654e+00,2.357153276176335e+00,3.912758917508246e+00,1.973117495655350e-01,3.498249742430261e+01,1.030379861899575e+00,5.509547161985113e-01,7.961037091504094e+00,1.540469885812576e+00,4.200974890646818e-02,1.097146531626448e-03,7.689859409899258e-02,4.054744699292541e-01,2.454666792192868e+00,4.807756112866661e-01,7.017212506482187e-01,1.784134954044268e-01,1.646595231859850e+01,7.391574517691553e-01,1.164639610901739e-01,9.127320053537021e+01,1.440934134637177e+01,2.558107730522340e+01,4.547473508864641e-10,
-1.857451355434071e-03,-1.152079367130978e-02,-3.182600677408454e-02,6.399584404633187e-06,-5.996039230949763e-03,1.826993581018318e-01,-1.686228687194979e-06,-1.532412252513727e-01,-3.658970434905746e-08,-1.312317647908586e-07,-6.956832617802106e-09,9.950555208010005e-07,-7.826033258296311e-08,-1.848451058326321e-07,-9.044288421548636e-07,-8.373480954639067e-10,-2.135874139289839e-09,-4.701455526726895e-09,-1.543339843660322e-01,7.634856806076299e-01,-5.506722759047470e-08,-4.870216067231788e-06,-3.017620895452874e-08,8.290840417474122e-07,2.242474608746160e-06,1.680226919626516e-09,-1.709418052143328e-06,-7.884255916702089e-07,3.305796872065796e-09,-1.382312126911952e-09,1.676537002802096e-07,3.570483358065108e-07,1.008657994803292e-07,5.846921817828640e-07,1.485911792887434e-06,2.293883190051916e-08,1.075454755683550e-06,1.092774820235249e-05,2.168990086810936e-11,1.351201866659957e-08,-9.120748698290226e-11,-2.252902396002822e-14,-1.516512410775790e-15,-4.509822063584911e-04,-3.073474026919308e-03,-1.066562431327235e-05,-1.161225875399784e-05,-7.114886326202776e-06,3.719840985384750e-09,2.561369168133108e-07,9.084572849355669e-06,1.197611871922886e-05,4.976434714109192e-06,8.330881380857555e-07,1.381448237867120e-06,4.193336953714488e-11,
-3.696249505099152e-03,-2.997564519873889e-02,-8.832545430493484e-02,7.555308135585632e-06,-1.102611961607798e-02,4.799619773840836e-01,-6.667822403825360e-06,-3.350415539439805e-01,-5.042961249451833e-08,-5.066440825948418e-08,1.403062449060919e-08,1.792760938229419e-06,1.429756253636197e-07,-6.247175545340145e-07,-4.095364859229321e-07,4.850654964492818e-10,2.187304234248317e-09,1.017181710649777e-09,-4.751525158023596e-01,1.792808005174108e+00,-3.416100933190699e-08,-3.961951832164996e-07,3.215782812204801e-08,5.104926896258920e-06,2.576529721532818e-06,3.427988603718297e-09,1.228207663094422e-07,5.499809361865175e-07,1.244456537008539e-08,-2.783647999743595e-09,2.031850606394758e-07,8.990903388291017e-07,3.112668297880723e-07,1.162755032046438e-06,3.205189504636338e-06,7.613564919499733e-08,3.534251529746691e-06,1.114461726719391e-05,1.208941721191789e-10,6.578628930254486e-08,5.352612595471558e-11,-4.947556140673317e-14,-1.846334491169763e-15,-7.186977740589131e-04,-4.971711898028890e-03,3.972306929429007e-07,-4.332882477957196e-05,-2.717288811059462e-05,2.244492937777441e-08,1.093190689128949e-06,9.268079869274583e-06,1.776060854899002e-05,1.555930145098896e-05,2.999239141832790e-06,4.317888969086553e-06,3.957734140414004e-11,
-1.228259124455652e-02,-9.164599991017915e-02,-2.013647642231504e-01,3.221829450119394e-06,-2.877209555663856e-02,2.831530370778103e+00,-2.252917140284335e-05,-8.135457313134673e-01,1.710811403280641e-06,6.043737049066954e-06,1.321622444791836e-06,1.033433444021678e-04,2.134837334779780e-06,-2.112230648179166e-06,3.530422709646870e-05,1.314372496021599e-07,7.659292016493968e-07,4.327093393124886e-07,-1.124152519124643e+00,6.965776259149376e+00,6.171277420040972e-07,4.925821957021997e-05,1.276379479436242e-05,4.920364287887230e-04,1.051526843881113e-05,5.800981253899398e-08,1.454043193270054e-05,5.510602521146275e-06,6.935831478965650e-08,2.902003586928826e-07,2.887281377656282e-06,4.820347709996129e-06,2.260228586551357e-06,4.396659991280643e-06,1.471269291259777e-05,7.380126896269242e-07,1.878528162119322e-05,3.503671857126779e-05,4.058021303633681e-09,1.482037439917050e-06,3.710438883124964e-10,1.911235018209360e-13,1.029157712625950e-14,8.541462785735787e-04,5.818718085798692e-03,6.228509346825457e-05,-2.459316448663773e-04,-1.590286344627065e-04,5.279342185471748e-07,1.509005374031813e-05,8.922473858679568e-06,3.239268867012147e-04,1.086196278158110e-04,2.508511793782911e-05,3.019921610944630e-05,2.015607680760922e-10,

