1
0
56
1
(4 0
((0,0) (15,255) (0,0))
((0,768) (15,1023) (0,0))
((0,512) (15,767) (0,0))
((0,256) (15,511) (0,0))
)
4
FabOnDisk: SD_5_Old_MF_D_0003 0
FabOnDisk: SD_5_Old_MF_D_0000 0
FabOnDisk: SD_5_Old_MF_D_0001 0
FabOnDisk: SD_5_Old_MF_D_0002 0

4,56
-7.537553130095398e+00,-1.645652542185238e+01,-2.600952429369849e+01,-5.946421579906169e+00,-8.062122143498421e+00,-8.105821279394116e+00,-1.137396774754883e+00,-6.287714594795906e+02,-2.641116186452978e-01,-7.769383835714601e-01,-9.090018371227308e-02,-1.369567620056760e+01,-1.244173435460458e+01,-1.396236440970204e+00,-9.488230792443025e+00,-4.478841689999556e-01,-7.116389477303435e-02,-2.740522136619604e+00,-1.318705284592526e+02,2.011872656318414e-17,-9.806591064046272e-02,-4.925732450129470e+01,-1.851555583188891e+00,-2.032460637452871e+02,-7.551279886749132e+00,-2.423083555853687e+01,-4.605070414923254e+00,-2.837437812647687e+00,-8.933393561410924e-03,-2.007597565437657e+00,-1.576569759801694e+00,-9.574037199006425e-01,-3.801715201488856e+00,-2.224290756573748e+00,-3.209584008457433e+00,-2.169470274384067e-01,-3.253447516373206e+01,-4.665318606519128e-01,-3.069052767050880e-01,-8.580302914695615e+00,-9.685563423220723e-01,-1.610133018963816e-02,-6.631311320309940e-04,-8.169820096006006e-02,-1.814661180390222e-01,-2.120458457651841e+00,-7.090613211689936e-02,-4.139093345560352e-01,-1.356207681366497e-01,-2.465821221997928e+01,-4.654818565979036e-01,-5.979457188836669e+02,-9.120704903246521e+01,-9.727154808851109e+00,-2.505876636849491e+01,-4.301909939385951e-10,
-4.119052632614775e-03,-2.986874852652230e-02,-8.807181745401647e-02,1.648203719553812e-07,-1.099043804546075e-02,1.027282437394330e-01,-6.641156590110300e-06,-3.339733933649239e-01,-1.009282834621258e-07,-3.763668402088844e-07,-4.069981460770589e-08,-4.698995296042633e-06,-2.889709980625434e-07,-6.643234120640430e-07,-2.129920192800266e-06,-5.942601490055978e-09,-2.375759913381245e-08,-1.944785473652635e-08,-4.736118942593071e-01,2.541243305042475e-01,-8.590639059740708e-08,-8.734696800153514e-06,-2.636095050691668e-07,-1.184650192735729e-05,-4.176371069721807e-06,-4.196268893207463e-09,-3.740650068076243e-06,-1.262986086809081e-06,-7.637251235846661e-09,-6.332329178902293e-09,-6.379775642314997e-07,-3.646155831787912e-07,-2.279655521711934e-08,-1.558314311882379e-07,-3.057184193628600e-07,-8.779744936760952e-09,-5.530475192570524e-07,-9.043821858851326e-06,-1.090168941150769e-11,-3.036951474431975e-09,-1.027261337611705e-10,-4.951941418173430e-14,-2.486785307022207e-15,-7.172328438747931e-04,-4.961225511684389e-03,-1.278727775262098e-05,-4.309163722114660e-05,-2.702158446727395e-05,-1.550475161852742e-09,-6.189620161531589e-08,-6.116391781258079e-06,-4.390121137539665e-06,-6.497369505122065e-07,-2.615239873619225e-07,-1.816183829749757e-07,-3.924198119231725e-11,
-1.220960766235581e-02,-9.113099536197440e-02,-2.006041510660746e-01,3.318499749010055e-06,-2.863734108930021e-02,1.832740975634948e-01,-2.238594916223298e-05,-8.100216859732482e-01,-2.051997394123970e-07,-6.363218205680744e-07,-1.066366776639724e-07,-4.643314362134112e-06,-1.450787486021833e-07,-2.224992185554692e-06,-4.839076946031587e-06,-1.416199153284498e-08,-6.347293026395488e-08,-4.813579816626845e-08,-1.119487650558168e+00,7.655156179226287e-01,-1.195088872917588e-07,-8.591433151535059e-06,-7.591470345936765e-07,-2.816272285439805e-05,-8.064343047526442e-06,-1.017870693081906e-08,-2.063715441498466e-06,-8.669918650475378e-07,-4.167619652156431e-08,-2.273757855164208e-08,-2.541548817970472e-06,-7.825226443822372e-07,-1.209701951542331e-07,-5.116685245893434e-07,-1.312388721113326e-06,-4.149388188897640e-08,-1.323711457387008e-06,-8.668225609542049e-06,-1.051112513078615e-10,-4.956875191614437e-08,-9.998443673450127e-11,-8.117057812991540e-14,-2.696361889473105e-15,-1.192417737115869e-03,-8.468742373025025e-03,-1.065949696125721e-05,-2.435636905474633e-04,-1.574624277527517e-04,-1.335496570171869e-08,-5.537994828371901e-07,-4.618094574287557e-06,-7.058058627732662e-06,-9.193500169929147e-06,-1.182671287683800e-06,-2.561834072831311e-06,-3.967726147635631e-11,
-1.427441172266983e-01,-7.477867581422895e-01,-5.558859700520450e-01,-4.779812882102455e-04,-1.390780463741131e-01,4.820959426509471e-01,-2.588486637315309e-04,-3.792544755122615e+00,-1.167213432052015e-06,-2.019118371647999e-06,-6.395078560394535e-07,-5.206133357241783e-05,-1.329780841437285e-06,-2.650151841499425e-05,-2.727186021723952e-05,-6.903266887994349e-08,-3.645888470784661e-07,-2.719085541224191e-07,-4.399077117967881e+00,1.799181038467862e+00,-1.745013871698841e-07,-1.195737928888328e-05,-7.982975645998737e-06,-2.829044456938337e-04,-1.323201109742026e-05,-5.568804970132638e-08,-5.559088734986474e-07,3.066621927762971e-07,-1.158513021276212e-07,-2.074732079578652e-07,-5.666016557508422e-06,-1.201761439653594e-06,-2.415733351050270e-06,-6.375605202746480e-06,-2.087276643904428e-05,-5.116314099178801e-07,-1.067394182256249e-05,-2.427876026678894e-05,-2.080921337355974e-09,-1.254821844124081e-06,-5.890749062037626e-11,-6.498847877067567e-13,-1.481132621376866e-14,-1.406746451949816e-03,-1.037297040469608e-02,4.292792645148983e-07,-1.345157639220090e-02,-9.375345855241513e-03,-3.321585792623079e-07,-1.002247088740532e-05,-9.303682373688122e-06,-1.720178102657944e-04,-1.098760707364387e-04,-3.649197613009580e-05,-3.060610767996413e-05,-1.634707924580425e-10,

4,56
5.618581545407794e+00,2.920697170098835e+01,4.347008512202767e+01,7.358212009601919e+00,1.348765441762241e+01,3.122211169708178e+02,6.194798886345245e-01,-6.270263995522551e-11,6.498991150964211e-01,1.409456629327990e+00,1.632450744647144e-01,2.565787887643310e+01,1.573818984194171e+01,1.912981545772198e+00,1.561188628933674e+01,4.129614455537112e-01,1.310296592096231e-01,2.677021315632427e+00,4.616923120339457e+02,2.791510082663247e+02,2.116901912848632e-01,6.064749670923685e+01,3.854474474495893e+00,3.032558300252539e+02,1.246483219828493e+01,2.561289374064451e+01,8.731794159346078e+00,3.520645194402245e+00,1.534640269410397e-02,3.773524493599921e+00,2.343518341163586e+00,1.124972429736002e+00,3.955316218649214e+00,2.352308140840161e+00,3.957228293055074e+00,1.969023302970374e-01,3.494930189481419e+01,1.015084892747121e+00,5.585890812445830e-01,7.989160176761501e+00,1.529306472155411e+00,4.152393847264484e-02,1.091225209141010e-03,7.764600088677898e-02,4.063352770235867e-01,2.475864270447633e+00,4.811443207228030e-01,7.036839057619072e-01,1.805429224916765e-01,1.647163435331838e+01,7.360365745343733e-01,1.173914026531224e-01,9.141263715284536e+01,1.452969928932549e+01,2.563562074627016e+01,2.889919414883479e-10,
-1.855441752856340e-03,-1.151779272694789e-02,-3.181684669802885e-02,6.400257340223062e-06,-5.998783748077755e-03,1.827037433064816e-01,-1.685412837762293e-06,-1.532023378252700e-01,-3.800121080848282e-08,-1.251711393781558e-07,-6.790075946831531e-09,1.067320967668578e-06,-7.766402593899646e-08,-1.819422113458095e-07,-9.119809701798360e-07,-9.969779033676898e-10,-3.005224913795011e-09,-4.873403259035312e-09,-1.541989794705456e-01,7.632720140314624e-01,-5.665680079582617e-08,-5.013651789281236e-06,-4.896908218125518e-08,2.248487450645432e-06,2.646897607575563e-06,1.553553769804391e-09,-1.725959013357371e-06,-7.856863008645837e-07,4.011302216004510e-09,-1.654543139790179e-09,5.766271821002432e-08,4.046841112523999e-07,7.599265268258208e-08,4.334041223955877e-07,1.062261102732766e-06,1.741598576906749e-08,1.021682933693207e-06,1.026563989385944e-05,2.084814992758878e-11,1.007353943089895e-08,-9.133592587600408e-11,-2.246829539608007e-14,-1.515325916623662e-15,-4.509355394924544e-04,-3.073259390100612e-03,-1.066669931832512e-05,-1.160955163147740e-05,-7.113214009658046e-06,2.756507147851130e-09,2.011936492987405e-07,6.335014015623856e-06,1.375592402547142e-05,4.438435767834751e-06,6.512270946375774e-07,1.232552473878137e-06,4.028642697218032e-11,
-3.697418582058799e-03,-2.997235365256372e-02,-8.831665201165519e-02,7.557745718365588e-06,-1.102602700964996e-02,4.798872960454961e-01,-6.666583413263921e-06,-3.349771775964483e-01,-4.830976893532292e-08,5.783441564224938e-08,1.341763671934802e-08,1.746822346556052e-06,1.682735813165944e-07,-6.226766697618144e-07,2.190631667998109e-07,2.446020504890556e-09,5.453217633928152e-09,9.202338981693111e-09,-4.750150320328437e-01,1.792292348192186e+00,-2.594030520396526e-08,3.752323814558929e-07,7.469939186944776e-08,1.174235940593685e-05,2.547618604382228e-06,4.833560732213007e-09,1.171597775766550e-07,5.492040477010988e-07,1.629651654314395e-08,8.774582414630418e-10,4.713388114272162e-07,9.342533352822604e-07,3.761435765474607e-07,1.243032921221540e-06,3.490523557524158e-06,8.308846071180184e-08,3.662298211872098e-06,1.257114892789507e-05,1.352134303098715e-10,7.386870433271666e-08,5.351676473472515e-11,-4.939222924752012e-14,-1.845202920474496e-15,-7.186267335949333e-04,-4.971191194666474e-03,3.904777328700733e-07,-4.331588743713241e-05,-2.716445800143581e-05,1.423493746457389e-08,7.057671466852631e-07,1.293237253287743e-05,1.548252883678401e-05,1.615903713088270e-05,3.498301526522122e-06,4.480938028206521e-06,4.137848397256505e-11,
-1.228139016230664e-02,-9.162138319642810e-02,-2.013286708131160e-01,3.233674319098812e-06,-2.876732005907140e-02,2.830201901541592e+00,-2.252159753437748e-05,-8.133419961606205e-01,1.606588227944472e-06,4.698404805823107e-06,4.820899100434001e-07,3.090004079866324e-05,2.537210156589302e-06,-2.017801837848892e-06,3.800890093830116e-05,1.172330658589879e-07,5.199053679110178e-07,3.990350135754966e-07,-1.123824359370460e+00,6.963672082347270e+00,7.009441361482138e-07,5.457362933325651e-05,4.167769592616225e-06,1.313272642026784e-04,1.058684887794916e-05,3.099246083664577e-08,1.639545131639399e-05,5.911738649604873e-06,3.681626679216810e-08,1.542350851708073e-07,1.245636027655504e-06,1.686509989431658e-06,2.227644549693731e-06,4.243506838805962e-06,1.629592353367248e-05,6.225159321065236e-07,1.651121119577010e-05,3.052066204425460e-05,3.996981395297750e-09,1.603638593493289e-06,3.776687710429055e-10,1.909508685114993e-13,1.028868377386264e-14,8.503373168279743e-04,5.789958326198813e-03,6.230122517314991e-05,-2.457997185258172e-04,-1.589416375049006e-04,5.816173803597434e-07,1.289650776135257e-05,9.700414805044499e-06,3.062060057065442e-04,7.814739499874661e-05,2.632178811122886e-05,2.170550176690188e-05,1.466742283184885e-10,

