   4.6874999999999998E-003   0.0000000000000000     
   9.3749999999999997E-003   0.0000000000000000     
   1.4062499999999999E-002   0.0000000000000000     
   1.8749999999999999E-002   0.0000000000000000     
   2.3437500000000000E-002   0.0000000000000000     
   2.8124999999999997E-002   0.0000000000000000     
   3.2812500000000001E-002   0.0000000000000000     
   3.7499999999999999E-002   0.0000000000000000     
   4.2187499999999996E-002   0.0000000000000000     
   4.6875000000000000E-002   0.0000000000000000     
   5.1562499999999997E-002   0.0000000000000000     
   5.6249999999999994E-002   0.0000000000000000     
   6.0937499999999999E-002   0.0000000000000000     
   6.5625000000000003E-002   0.0000000000000000     
   7.0312500000000000E-002   0.0000000000000000     
   7.4999999999999997E-002   0.0000000000000000     
   7.9687499999999994E-002   0.0000000000000000     
   8.4374999999999992E-002   0.0000000000000000     
   8.9062500000000003E-002   0.0000000000000000     
   9.3750000000000000E-002   0.0000000000000000     
   9.8437499999999997E-002  -3.3989913819592326E-005
  0.10312499999999999       -7.7691209393448285E-004
  0.10781249999999999       -7.0407147673156863E-004
  0.11249999999999999       -6.9921084086787069E-004
  0.11718750000000000       -6.9920592411708965E-004
  0.12187500000000000       -6.9920100740175541E-004
  0.12656249999999999       -6.9919609074613708E-004
  0.13125000000000001       -6.9919117413741526E-004
  0.13593749999999999       -6.9918625759214377E-004
  0.14062500000000000       -7.0161945860962760E-004
  0.14531249999999998       -7.6942757400860068E-004
  0.14999999999999999       -1.0859865823651528E-003
  0.15468750000000001       -1.1504914552622663E-003
  0.15937499999999999       -1.1527664366663424E-003
  0.16406250000000000       -1.1546684099888065E-003
  0.16874999999999998       -1.2123269832446800E-003
  0.17343749999999999       -1.5593961654387901E-003
  0.17812500000000001       -1.6498102036508152E-003
  0.18281249999999999       -1.6531875689132730E-003
  0.18750000000000000       -1.6549795174061982E-003
  0.19218749999999998       -1.7166827726697812E-003
  0.19687499999999999       -2.2022746092534061E-003
  0.20156250000000001       -2.3629723329784791E-003
  0.20624999999999999       -2.3692363280394084E-003
  0.21093750000000000       -2.3707332318125118E-003
  0.21562499999999998       -2.4345890889145728E-003
  0.22031249999999999       -3.1017164482171054E-003
  0.22499999999999998       -3.3815646139665470E-003
  0.22968749999999999       -3.3928229240408241E-003
  0.23437500000000000       -3.3938175500887765E-003
  0.23906249999999998       -3.4581466936683433E-003
  0.24374999999999999       -4.3597029653182767E-003
  0.24843749999999998       -4.8405152888988485E-003
  0.25312499999999999       -4.8603249351898622E-003
  0.25781250000000000       -4.8606282202422425E-003
  0.26250000000000001       -4.9246636299540673E-003
  0.26718749999999997       -6.1121542614877792E-003
  0.27187499999999998       -6.9246586576099389E-003
  0.27656249999999999       -6.9587462446296404E-003
  0.28125000000000000       -6.9583090119665261E-003
  0.28593750000000001       -7.0086153431337212E-003
  0.29062499999999997       -8.1466369375873329E-003
  0.29531249999999998       -9.1723133371650889E-003
  0.29999999999999999       -9.4967388455398823E-003
  0.30468750000000000       -1.0876110927621859E-002
  0.30937500000000001       -1.1215908250697770E-002
  0.31406249999999997       -1.2277039989227547E-002
  0.31874999999999998       -1.3530247776385526E-002
  0.32343749999999999       -1.3902418224132535E-002
  0.32812500000000000       -1.5910933804948853E-002
  0.33281250000000001       -1.6513821250650380E-002
  0.33749999999999997       -1.7847051626188676E-002
  0.34218749999999998       -1.9875127953037273E-002
  0.34687499999999999       -2.0329913208616303E-002
  0.35156250000000000       -2.3182158014156733E-002
  0.35625000000000001       -2.4217851727759292E-002
  0.36093749999999997       -2.5478451531613374E-002
  0.36562499999999998       -2.8317839479478114E-002
  0.37031249999999999       -3.0723966673342904E-002
  0.37500000000000000       -3.3265494243786373E-002
  0.37968750000000001       -3.5869682109685809E-002
  0.38437499999999997       -3.8671285177000733E-002
  0.38906249999999998       -4.1794611010426516E-002
  0.39374999999999999       -4.5168665208533423E-002
  0.39843750000000000       -4.8757679631422170E-002
  0.40312500000000001       -5.2359035156085490E-002
  0.40781249999999997       -5.6121350512556331E-002
  0.41249999999999998       -6.0694022295872813E-002
  0.41718749999999999       -6.5394113789606842E-002
  0.42187500000000000       -7.0316230995030718E-002
  0.42656250000000001       -7.5376692398766473E-002
  0.43124999999999997       -8.0797800298128469E-002
  0.43593749999999998       -8.6290744790873466E-002
  0.44062499999999999       -9.2038329520383433E-002
  0.44531250000000000       -9.7838106976365219E-002
  0.44999999999999996      -0.10362905862154756     
  0.45468749999999997      -0.10933732773198043     
  0.45937499999999998      -0.11474478750460454     
  0.46406249999999999      -0.11975543853094399     
  0.46875000000000000      -0.12390650917473288     
  0.47343749999999996      -0.12692049987263265     
  0.47812499999999997      -0.12834181806607622     
  0.48281249999999998      -0.12758265660369719     
  0.48749999999999999      -0.12390327908381960     
  0.49218750000000000      -0.11635450429402419     
  0.49687499999999996      -0.10376058750252050     
  0.50156250000000002       -8.4615363437923474E-002
  0.50624999999999998       -5.6176987476233078E-002
  0.51093749999999993       -1.6502018115688716E-002
  0.51562500000000000        3.7496737781942499E-002
  0.52031249999999996       0.10967796469996993     
  0.52500000000000002       0.20482886830895913     
  0.52968749999999998       0.32876771726821302     
  0.53437499999999993       0.48862812769911779     
  0.53906250000000000       0.69310476049043102     
  0.54374999999999996       0.95237507525825138     
  0.54843750000000002        1.2784393057091339     
  0.55312499999999998        1.6862035139904301     
  0.55781249999999993        2.1946355475424713     
  0.56250000000000000        2.8186062696527641     
  0.56718749999999996        3.5753428629377053     
  0.57187500000000002        4.4840536361855419     
  0.57656249999999998        5.5668976045069858     
  0.58124999999999993        6.8377543775322218     
  0.58593750000000000        8.3134457035690286     
  0.59062499999999996        10.008004956154640     
  0.59531250000000002        11.918220371281230     
  0.59999999999999998        14.017707165545751     
  0.60468749999999993        16.224228934053013     
  0.60937500000000000        18.370403989015813     
  0.61406249999999996        20.221218669106975     
  0.61875000000000002        21.549435073369409     
  0.62343749999999998        22.205219847176334     
  0.62812499999999993        22.144055322897827     
  0.63281250000000000        21.423354132051823     
  0.63749999999999996        20.181905235231394     
  0.64218750000000002        18.594730786525130     
  0.64687499999999998        16.844191229004029     
  0.65156249999999993        15.082017620670293     
  0.65625000000000000        13.416050659603618     
  0.66093749999999996        11.910049182044986     
  0.66562500000000002        10.591643803544970     
  0.67031249999999998        9.4655047970618540     
  0.67499999999999993        8.5188898208971136     
  0.67968750000000000        7.7303955661797286     
  0.68437499999999996        7.0814161152364292     
  0.68906250000000002        6.5490953390495097     
  0.69374999999999998        6.1121795399730203     
  0.69843749999999993        5.7530971124107291     
  0.70312500000000000        5.4614940958453575     
  0.70781249999999996        5.2235785454393078     
  0.71250000000000002        5.0276756056963734     
  0.71718749999999998        4.8662415269431820     
  0.72187499999999993        4.7328618171379357     
  0.72656250000000000        4.6220828525470816     
  0.73124999999999996        4.5279987657686114     
  0.73593750000000002        4.4542540707044402     
  0.74062499999999998        4.3902601789888633     
  0.74531249999999993        4.3377487913290249     
  0.75000000000000000        4.2923352561380748     
  0.75468749999999996        4.2544554719356471     
  0.75937500000000002        4.2220424062501349     
  0.76406249999999998        4.1941894934858679     
  0.76874999999999993        4.1704235136362886     
  0.77343750000000000        4.1476250169650113     
  0.77812499999999996        4.1325588860379474     
  0.78281250000000002        4.1175918990200069     
  0.78749999999999998        4.1043280875918997     
  0.79218749999999993        4.0928374922143149     
  0.79687500000000000        4.0829905218439508     
  0.80156249999999996        4.0745957063778393     
  0.80625000000000002        4.0667131318995100     
  0.81093749999999998        4.0594905257662122     
  0.81562499999999993        4.0509931163842028     
  0.82031250000000000        4.0478627470542081     
  0.82499999999999996        4.0447205267453858     
  0.82968750000000002        4.0378396937305867     
  0.83437499999999998        4.0368368411575419     
  0.83906249999999993        4.0317575879725425     
  0.84375000000000000        4.0291255917371913     
  0.84843749999999996        4.0275437852800398     
  0.85312500000000002        4.0232888190133442     
  0.85781249999999998        4.0226158883520844     
  0.86249999999999993        4.0197527862828570     
  0.86718750000000000        4.0178716894831261     
  0.87187499999999996        4.0170439113157750     
  0.87656250000000002        4.0143014704722342     
  0.88124999999999998        4.0137546158341042     
  0.88593749999999993        4.0112299422171498     
  0.89062500000000000        4.0091081894685807     
  0.89531249999999996        4.0090170975992949     
  0.89999999999999991        4.0090174673122538     
  0.90468749999999998        4.0089406849568849     
  0.90937499999999993        4.0071563513896029     
  0.91406250000000000        4.0051576053016387     
  0.91874999999999996        4.0050686434628293     
  0.92343749999999991        4.0050687749894021     
  0.92812499999999998        4.0050227107154504     
  0.93281249999999993        4.0039346539041398     
  0.93750000000000000        4.0023448079195463     
  0.94218749999999996        4.0022588995123840     
  0.94687499999999991        4.0022583061979242     
  0.95156249999999998        4.0022145577744928     
  0.95624999999999993        4.0011617625140623     
  0.96093750000000000        3.9991881653142496     
  0.96562499999999996        3.9990471644636063     
  0.97031249999999991        3.9990447933141269     
  0.97499999999999998        3.9990448518226409     
  0.97968749999999993        3.9990449103311119     
  0.98437500000000000        3.9990449688387741     
  0.98906249999999996        3.9990450273463636     
  0.99374999999999991        3.9990450858531932     
  0.99843749999999998        3.9990202531347716     
   1.0031250000000000        3.9983872282375477     
   1.0078125000000000        3.9964747467793895     
   1.0125000000000000        3.9962316567153389     
   1.0171874999999999        3.9962245106203569     
   1.0218749999999999        3.9962245297233276     
   1.0265625000000000        3.9962245488263588     
   1.0312500000000000        3.9962245679294051     
   1.0359375000000000        3.9962245870321720     
   1.0406249999999999        3.9962246061349669     
   1.0453124999999999        3.9962058367547377     
   1.0500000000000000        3.9956761277960493     
   1.0546875000000000        3.9930769478648203     
   1.0593750000000000        3.9925201666783363     
   1.0640624999999999        3.9925001484715898     
   1.0687499999999999        3.9925001484715898     
   1.0734375000000000        3.9925001484715898     
   1.0781250000000000        3.9925001484715898     
   1.0828125000000000        3.9925001484715898     
   1.0874999999999999        3.9925001484715898     
   1.0921874999999999        3.9925001484715854     
   1.0968750000000000        3.9925001484714988     
   1.1015625000000000        3.9925001484716809     
   1.1062500000000000        3.9925001484715943     
   1.1109374999999999        3.9925001484715898     
   1.1156249999999999        3.9925001484715898     
   1.1203125000000000        3.9925001484715898     
   1.1250000000000000        3.9925001484715898     
   1.1296875000000000        3.9925001484715898     
   1.1343749999999999        3.9925001484715898     
   1.1390624999999999        3.9925001484715898     
   1.1437500000000000        3.9925001484715898     
   1.1484375000000000        3.9925001484715898     
   1.1531250000000000        3.9925001484715898     
   1.1578124999999999        3.9925001484715898     
   1.1624999999999999        3.9925001484715898     
   1.1671875000000000        3.9925001484715898     
   1.1718750000000000        3.9925001484715898     
   1.1765625000000000        3.9925001484715898     
   1.1812499999999999        3.9925001484715898     
   1.1859374999999999        3.9925001484715898     
   1.1906250000000000        3.9925001484715898     
   1.1953125000000000        3.9925001484715898     
   1.2000000000000000        3.9925001484715898     
