1
0
63
1
(4 0
((0,0) (15,255) (0,0))
((0,768) (15,1023) (0,0))
((0,512) (15,767) (0,0))
((0,256) (15,511) (0,0))
)
4
FabOnDisk: SD_0_Old_MF_D_0003 0
FabOnDisk: SD_0_Old_MF_D_0000 0
FabOnDisk: SD_0_Old_MF_D_0001 0
FabOnDisk: SD_0_Old_MF_D_0002 0

4,63
-2.114286787856986e-02,1.225541794487549e+00,1.475456481748966e-01,2.517492121017268e-25,2.072265789155942e-24,1.605255749586885e-18,3.973256877411598e-13,1.292537136467122e-08,1.504674120288646e-10,1.566876797714273e-13,2.777787841438256e-03,0.000000000000000e+00,6.173246537446751e-31,4.241024298803957e-32,7.475274803461467e-15,0.000000000000000e+00,2.363557793672998e-25,1.165149002033916e-13,5.626055885532693e-20,2.298157257022659e-32,1.153764571293175e-14,2.439206645257186e-11,5.503161823444443e-13,1.286435686611279e-37,8.581714650234248e-14,3.999373746847286e-30,7.336852843893897e-13,0.000000000000000e+00,0.000000000000000e+00,1.155178515285613e-31,2.711759108777480e-15,0.000000000000000e+00,2.622327121242229e-28,0.000000000000000e+00,0.000000000000000e+00,0.000000000000000e+00,0.000000000000000e+00,0.000000000000000e+00,0.000000000000000e+00,0.000000000000000e+00,0.000000000000000e+00,0.000000000000000e+00,0.000000000000000e+00,7.349456558492916e-19,7.353569350366282e-20,2.037999609714531e-21,2.005066820668539e-19,6.451410702627905e-20,2.616777473205531e-18,6.036295731296463e-19,1.087648392745932e-18,0.000000000000000e+00,0.000000000000000e+00,0.000000000000000e+00,0.000000000000000e+00,0.000000000000000e+00,0.000000000000000e+00,0.000000000000000e+00,1.061265577391044e-01,3.605449450101155e+03,0.000000000000000e+00,4.430000009362071e+02,8.684681412657286e+04,
-4.190687207986042e-07,5.849565646790168e+00,1.461015524360662e-01,6.136676339856864e-06,5.859947740907722e-05,4.703184627764989e-04,1.349110138739638e-07,5.717068402937218e-05,1.235275964293194e-02,1.215864661772570e-08,1.187511692319669e-03,5.218563738988042e-11,2.759784608905832e-10,2.333608176494410e-11,1.102909072627698e-09,3.016454406014909e-10,8.789319562136374e-10,1.653078983516470e-09,3.602443045431048e-12,1.192117929404220e-11,1.268657813807013e-11,3.576777888593698e-03,2.343227366249852e-02,8.894273303036425e-11,9.167490516560999e-09,1.021655367200635e-10,3.422108557655297e-09,0.000000000000000e+00,0.000000000000000e+00,3.040842072412925e-09,1.646051092834993e-09,0.000000000000000e+00,2.227731083416050e-12,0.000000000000000e+00,3.847848697645928e-13,0.000000000000000e+00,0.000000000000000e+00,0.000000000000000e+00,0.000000000000000e+00,0.000000000000000e+00,0.000000000000000e+00,0.000000000000000e+00,0.000000000000000e+00,8.035112826694145e-14,1.796212316729472e-17,1.231889448457352e-18,5.985108832287433e-07,4.070904070387487e-06,1.824188681397756e-08,1.366162715561198e-08,8.355046083053651e-09,4.335714734830591e-13,0.000000000000000e+00,0.000000000000000e+00,0.000000000000000e+00,0.000000000000000e+00,0.000000000000000e+00,0.000000000000000e+00,1.047853227686184e-01,7.928751833981343e+03,0.000000000000000e+00,2.330208864221291e+03,1.013248850225313e+05,
-1.733273329626380e-07,5.778027664732999e+00,1.469738435667971e-01,7.254445660620740e-06,6.997307693684066e-05,5.077452101989819e-04,1.327410562551067e-07,6.130063283821557e-05,1.235445694255026e-02,1.470838185418629e-08,1.330653029272377e-03,8.354368050247568e-11,4.007349252099840e-10,3.502010593169813e-11,1.537812506676439e-09,3.846984528842353e-10,1.142939762031885e-09,2.398781560816661e-09,5.248965806352334e-12,1.799191590214091e-11,1.816154607629376e-11,3.789585332631604e-03,2.303014207060594e-02,1.306412901690249e-10,1.282489630481299e-08,1.696774197947459e-10,5.114834274659635e-09,0.000000000000000e+00,0.000000000000000e+00,4.261636657079774e-09,2.229419502371250e-09,0.000000000000000e+00,4.100161135838522e-12,0.000000000000000e+00,1.682142657812987e-13,0.000000000000000e+00,0.000000000000000e+00,0.000000000000000e+00,0.000000000000000e+00,0.000000000000000e+00,0.000000000000000e+00,0.000000000000000e+00,0.000000000000000e+00,1.434860929759275e-13,4.026726347946450e-17,2.496047404888973e-18,9.532179163601756e-07,6.510097894302951e-06,2.527906137079957e-08,2.941271210043293e-08,1.816244283351306e-08,7.440801630493504e-13,0.000000000000000e+00,0.000000000000000e+00,0.000000000000000e+00,0.000000000000000e+00,0.000000000000000e+00,0.000000000000000e+00,1.054139053571733e-01,7.831140038119828e+03,0.000000000000000e+00,2.289002314335256e+03,1.013249638164756e+05,
-1.335480247121030e-05,5.498697963931485e+00,1.492033018380647e-01,1.066487265243011e-05,1.036649994912637e-04,5.991501140465196e-04,1.327913292469994e-07,7.233743310161324e-05,1.218836371899256e-02,2.281136435249081e-08,1.685209876217157e-03,1.413908677653997e-10,4.075021315762749e-10,5.150333872710890e-11,1.373724066972273e-09,1.948323259965059e-10,1.953409392447505e-09,2.845585418351976e-09,5.246504446647442e-12,2.674879734569095e-11,1.885381356886354e-11,4.319058834523526e-03,2.223768738360242e-02,1.289634388337705e-10,1.047977577376383e-08,3.103747262391467e-10,6.836293532691284e-09,0.000000000000000e+00,0.000000000000000e+00,2.739604870713052e-09,1.067585207812840e-09,0.000000000000000e+00,9.189999349708701e-12,0.000000000000000e+00,0.000000000000000e+00,0.000000000000000e+00,0.000000000000000e+00,0.000000000000000e+00,0.000000000000000e+00,0.000000000000000e+00,0.000000000000000e+00,0.000000000000000e+00,0.000000000000000e+00,5.224401394956676e-14,8.706456790176232e-17,3.392350416776562e-18,1.600724430441667e-06,1.103957475144642e-05,1.606539959409658e-08,1.024537076082677e-07,6.479336112212973e-08,1.477947457231787e-12,0.000000000000000e+00,0.000000000000000e+00,0.000000000000000e+00,0.000000000000000e+00,0.000000000000000e+00,0.000000000000000e+00,1.070171496041782e-01,4.684620853504425e+03,0.000000000000000e+00,2.129304691257023e+03,1.013249024421154e+05,

4,63
2.026503655587845e-02,5.496004807296722e+00,8.373329893892334e-01,6.030157788632324e-05,5.241578488581812e-04,1.103676995612659e-03,1.189908915043426e-04,4.303524916609554e-04,1.623371384437440e-02,2.004986456846184e-05,1.827793177887720e-01,1.406510086184964e-06,6.367409904406943e-06,7.164123801164007e-07,2.331926327086360e-04,2.753266211104950e-04,2.041058796158614e-05,4.986200040486316e-04,1.560248767432009e-05,9.806495167796581e-07,7.081968009593397e-05,1.451269625651016e-02,2.223264421348211e-02,7.761707550889565e-07,6.002643502468238e-04,2.165423230979448e-05,4.370068406758082e-03,1.028709428074491e-04,4.691966568424778e-04,3.143143800903782e-05,1.070803303113506e-04,1.377582022962916e-07,3.136596658719182e-05,3.884450906924487e-05,1.154998994124549e-05,5.541455918663758e-05,2.974863428672957e-05,3.876432975593646e-05,3.139974699820461e-06,6.262942393257091e-04,1.142353813138090e-05,4.463589085189336e-06,1.120287185238510e-04,1.647632920057996e-05,6.532804872950968e-07,1.514183709647010e-08,2.598749672372742e-06,1.834409009641729e-05,2.830343934659459e-05,1.333372912178384e-05,1.540527850018276e-05,1.706527467970834e-06,4.261728510625207e-04,1.017234588248544e-05,5.259456622563904e-02,1.560931924975824e-03,1.363587271283221e-04,4.265977347078230e-04,6.019590922708805e-01,7.260742678300303e+04,0.000000000000000e+00,2.127685510855551e+03,1.274086952003601e+05,
2.375801213109681e-07,5.879554080689136e+00,1.469686792123077e-01,7.247299321180643e-06,6.990119157773292e-05,5.075210644551502e-04,1.366452658910221e-07,6.127501727126741e-05,1.235445131342731e-02,1.469198956613217e-08,1.329804321333154e-03,8.338384054501741e-11,4.001924590626939e-10,3.496528057100997e-11,1.536211562822471e-09,3.844651894606241e-10,1.141309911601180e-09,2.395591014706707e-09,5.242066515607510e-12,1.796397396578417e-11,1.814001358153191e-11,3.788310055411167e-03,2.360210229987290e-02,1.304980424048244e-10,1.281455695404010e-08,1.694679561942557e-10,5.116186495017541e-09,6.034336824092283e-13,2.834735762456132e-15,4.257730732456663e-09,2.227737242568166e-09,1.608055555541677e-14,4.092794722770109e-12,5.735320588597330e-13,3.175255021851378e-12,2.275827992465106e-13,9.997164908148458e-13,1.635399071154594e-12,1.983014424332502e-14,9.669756263384217e-13,5.236924235228427e-12,1.967536560676638e-17,1.558981592832125e-14,1.432313870299715e-13,4.014211316737698e-17,2.489685433823026e-18,9.513547501422525e-07,6.497216606085044e-06,2.525041877980111e-08,2.930275297335246e-08,1.809350443236002e-08,7.431130029269708e-13,1.595811391955346e-13,4.285999891584243e-12,5.154859350158854e-12,6.133314729583940e-12,3.484838461205133e-12,1.666570936917309e-12,1.054101909021675e-01,7.974771743524136e+03,0.000000000000000e+00,2.346643145075289e+03,1.013251757817415e+05,
1.890573892716579e-07,5.849393521723070e+00,1.491890620529274e-01,1.064104960773475e-05,1.034335139826621e-04,5.985994748642993e-04,1.349007904869194e-07,7.226742373195978e-05,1.235572325471272e-02,2.275293776528901e-08,1.683007714286859e-03,1.411962356712114e-10,5.425737669130215e-10,5.147679940441402e-11,1.927533924345147e-09,4.092415218989760e-10,1.947892102052031e-09,3.285033293649444e-09,7.122256693791401e-12,2.674181952836537e-11,2.389361094418862e-11,4.315814448636873e-03,2.343125768414704e-02,1.793620133932047e-10,1.602608475143695e-08,3.100081941659957e-10,7.375172392567107e-09,7.839432380542410e-13,6.777582637483234e-15,5.234950068027637e-09,2.519887062771840e-09,4.171490271908076e-14,9.169656326470609e-12,1.243416450723741e-12,5.792101100755295e-12,7.210571414072641e-13,2.156436942816250e-12,3.701737716055783e-12,6.929574302934913e-14,2.708440901975430e-12,5.712888214974524e-12,8.943927900031438e-17,1.899382932273759e-13,1.826007772659590e-13,8.684740766579935e-17,4.288426630356391e-18,1.597353493697689e-06,1.101568112915475e-05,3.048418060850876e-08,1.017858238978863e-07,6.436151188595696e-08,1.486911715819008e-12,6.232781494280211e-13,3.042893073105285e-12,8.689405541367434e-12,1.433366145785566e-11,6.885015852873490e-12,3.932049525007715e-12,1.070069047861724e-01,7.928597939457934e+03,0.000000000000000e+00,2.330110532015338e+03,1.013250324116241e+05,
1.085112071865897e-06,5.777580050520922e+00,1.587823257031702e-01,3.295253982958057e-05,2.836800875488902e-04,8.634906873635481e-04,1.970515650171876e-07,1.213312597913666e-04,1.235522661897546e-02,7.808257419513265e-08,2.766961966186576e-03,2.146779235020118e-10,5.672380884652597e-10,5.981493106746223e-11,1.958815673298606e-09,3.980808733403574e-10,8.626659749139031e-09,3.521244711449143e-09,7.435279898395457e-12,3.166118168498346e-11,2.475539705304402e-11,6.533717730599405e-03,2.302781092649512e-02,1.874974900832322e-10,1.616781487876636e-08,5.484127378892622e-10,8.249752129629485e-09,3.671239875229476e-12,2.841742710618246e-14,5.245381295634659e-09,2.500236595601724e-09,2.128899051803852e-13,2.163948481898051e-11,4.545886651740824e-12,7.610766998954908e-12,2.758587294792988e-12,4.608049400754395e-12,8.118920607665978e-12,2.923925828082992e-13,6.228977243774261e-12,6.580162472626038e-12,1.680009440986745e-15,2.335397698396145e-12,1.809528954715099e-13,2.702347032682324e-16,7.363175802968885e-18,2.610122428020679e-06,1.842367835062455e-05,3.051480843173116e-08,2.216401374985174e-06,1.514057553731957e-06,4.049150523935250e-12,5.655610648416001e-12,4.571316616788883e-12,9.936148306962988e-11,4.285291813208340e-11,1.871079897547959e-11,1.186776547135191e-11,1.137291134389891e-01,7.830158092960822e+03,0.000000000000000e+00,2.288743298830781e+03,1.013250295639520e+05,

