1
0
63
1
(4 0
((0,0) (15,255) (0,0))
((0,768) (15,1023) (0,0))
((0,512) (15,767) (0,0))
((0,256) (15,511) (0,0))
)
4
FabOnDisk: SD_0_New_MF_D_0003 0
FabOnDisk: SD_0_New_MF_D_0000 0
FabOnDisk: SD_0_New_MF_D_0001 0
FabOnDisk: SD_0_New_MF_D_0002 0

4,63
-1.812024291612635e-02,1.218098994778937e+00,1.477697008196345e-01,2.485978282942848e-25,1.989021069723826e-24,1.593299525759591e-18,3.948872687211948e-13,1.290681799895973e-08,1.496920440386745e-10,1.557179559583412e-13,2.777796525604122e-03,0.000000000000000e+00,6.091677361968675e-31,4.186177229130982e-32,7.434082145511648e-15,0.000000000000000e+00,2.336762572316122e-25,1.155709450007632e-13,5.487765543417313e-20,2.262111373528228e-32,1.144189967120021e-14,2.424210865902684e-11,5.457598117681756e-13,1.266908796069721e-37,8.515410090583895e-14,3.927535239043036e-30,7.278149650656406e-13,0.000000000000000e+00,0.000000000000000e+00,1.133438268789461e-31,2.685276795080068e-15,0.000000000000000e+00,2.561312195079947e-28,0.000000000000000e+00,0.000000000000000e+00,0.000000000000000e+00,0.000000000000000e+00,0.000000000000000e+00,0.000000000000000e+00,0.000000000000000e+00,0.000000000000000e+00,0.000000000000000e+00,0.000000000000000e+00,7.247107030550335e-19,7.250696139938222e-20,2.028946791579387e-21,1.976803399753890e-19,6.360372597438396e-20,2.579738461210141e-18,5.950762345348427e-19,1.072236581627443e-18,0.000000000000000e+00,0.000000000000000e+00,0.000000000000000e+00,0.000000000000000e+00,0.000000000000000e+00,0.000000000000000e+00,0.000000000000000e+00,1.062920420512473e-01,3.604012015390876e+03,0.000000000000000e+00,4.430000009303490e+02,8.703308395560132e+04,
-3.377709203201331e-07,5.835298935544574e+00,1.461014670650799e-01,6.136602874639760e-06,5.859870419894385e-05,4.703158617381132e-04,1.349111901751481e-07,5.717042747613961e-05,1.235276079081537e-02,1.215847030082142e-08,1.187501179926243e-03,5.218406939406637e-11,2.759732904929277e-10,2.333569291525567e-11,1.102951136020911e-09,3.016416335413189e-10,8.789153679292250e-10,1.653015748211180e-09,3.602342752010537e-12,1.192090039332341e-11,1.268599256354262e-11,3.576767536840286e-03,2.343228902575866e-02,8.893075001012972e-11,9.166245299417828e-09,1.021194987816325e-10,3.419827104733247e-09,0.000000000000000e+00,0.000000000000000e+00,3.040613416035908e-09,1.645958225853065e-09,0.000000000000000e+00,2.226806961509798e-12,0.000000000000000e+00,2.979296654351458e-13,0.000000000000000e+00,0.000000000000000e+00,0.000000000000000e+00,0.000000000000000e+00,0.000000000000000e+00,0.000000000000000e+00,0.000000000000000e+00,0.000000000000000e+00,8.034915794900203e-14,1.796134928571212e-17,1.231854814417110e-18,5.985004943367262e-07,4.070831988308773e-06,1.824175706236378e-08,1.366106677959233e-08,8.354696290055223e-09,4.334438602650129e-13,0.000000000000000e+00,0.000000000000000e+00,0.000000000000000e+00,0.000000000000000e+00,0.000000000000000e+00,0.000000000000000e+00,1.047852581710573e-01,7.928757529006015e+03,0.000000000000000e+00,2.330209938358307e+03,1.013248857936474e+05,
-1.790913181180398e-07,5.763760898972888e+00,1.469737954576541e-01,7.254365226379602e-06,6.997231590760522e-05,5.077427999236478e-04,1.327412929483275e-07,6.130031676563386e-05,1.235445467980539e-02,1.470820460296838e-08,1.330644799300241e-03,8.353137212737076e-11,4.006677382562691e-10,3.501086493459638e-11,1.537458953487270e-09,3.847013699034365e-10,1.142908292296857e-09,2.398212354421240e-09,5.247028827269482e-12,1.798421904506171e-11,1.815484270956437e-11,3.789570891155281e-03,2.303014005623256e-02,1.306860244938258e-10,1.282963553776133e-08,1.698339849704027e-10,5.122312824302427e-09,0.000000000000000e+00,0.000000000000000e+00,4.262694147129060e-09,2.229851068782121e-09,0.000000000000000e+00,4.103839138416619e-12,0.000000000000000e+00,0.000000000000000e+00,0.000000000000000e+00,0.000000000000000e+00,0.000000000000000e+00,0.000000000000000e+00,0.000000000000000e+00,0.000000000000000e+00,0.000000000000000e+00,0.000000000000000e+00,1.435060977846327e-13,4.027261631233209e-17,2.496334903719397e-18,9.532468771702000e-07,6.510293923289538e-06,2.528005791342532e-08,2.941301886968346e-08,1.816262073840545e-08,7.443273763199318e-13,0.000000000000000e+00,0.000000000000000e+00,0.000000000000000e+00,0.000000000000000e+00,0.000000000000000e+00,0.000000000000000e+00,1.054138692634174e-01,7.831353866402885e+03,0.000000000000000e+00,2.289001760637809e+03,1.013249732801773e+05,
-1.399480439588321e-05,5.484444516466388e+00,1.492033447088611e-01,1.066498747869425e-05,1.036663128688169e-04,5.991531661383100e-04,1.327916444283052e-07,7.233766952432991e-05,1.218811229767923e-02,2.281161299682766e-08,1.685222828037633e-03,1.414310798304226e-10,4.070535000982477e-10,5.152177778307995e-11,1.370854279409364e-09,1.945510552793866e-10,1.953554377919287e-09,2.841684642240178e-09,5.236792144091735e-12,2.676337032377596e-11,1.882004020254801e-11,4.319077558190254e-03,2.223787752987823e-02,1.288697725597408e-10,1.047251290606616e-08,3.104569019996091e-10,6.824366213998515e-09,0.000000000000000e+00,0.000000000000000e+00,2.737344325329732e-09,1.066673991586297e-09,0.000000000000000e+00,9.189719727879198e-12,0.000000000000000e+00,0.000000000000000e+00,0.000000000000000e+00,0.000000000000000e+00,0.000000000000000e+00,0.000000000000000e+00,0.000000000000000e+00,0.000000000000000e+00,0.000000000000000e+00,0.000000000000000e+00,5.228492651076917e-14,8.705017301195542e-17,3.395799153693231e-18,1.600838234838008e-06,1.104036091037701e-05,1.605610842294676e-08,1.024625702029640e-07,6.479899173828308e-08,1.477559884682333e-12,0.000000000000000e+00,0.000000000000000e+00,0.000000000000000e+00,0.000000000000000e+00,0.000000000000000e+00,0.000000000000000e+00,1.070171771444944e-01,4.678144006215457e+03,0.000000000000000e+00,2.129235126108818e+03,1.013249018557337e+05,

4,63
1.946774076842242e-02,5.481751587743203e+00,8.373329896578582e-01,6.024991110250052e-05,5.294688540039781e-04,1.107734772628684e-03,1.190169856007593e-04,4.303823216792128e-04,1.591763127426400e-02,2.003688378614032e-05,1.827793178514988e-01,1.404915943557195e-06,6.363418475191924e-06,7.155421281212554e-07,2.331808277565703e-04,2.753123095114357e-04,2.042364796049368e-05,4.987705084435455e-04,1.559850994251066e-05,9.806071253204761e-07,7.079826289884787e-05,1.452053547295752e-02,2.223280609701705e-02,7.740865003436401e-07,6.000872282671646e-04,2.161708966068948e-05,4.366186720632197e-03,1.029072262168935e-04,4.688982581986336e-04,3.145072355314297e-05,1.071088936683105e-04,1.378478844050396e-07,3.135134232286757e-05,3.881712585008874e-05,1.154765468456235e-05,5.541632414635752e-05,2.972769675442224e-05,3.872453339686537e-05,3.138563006880186e-06,6.259331840800764e-04,1.139112065898101e-05,4.471339813796491e-06,1.120039550296508e-04,1.645769734702212e-05,6.525524139856289e-07,1.511577231833226e-08,2.598431916872290e-06,1.834183571824203e-05,2.827252123196954e-05,1.300636975480876e-05,1.539548035186650e-05,1.708899803672017e-06,4.265186909331926e-04,1.020229429977735e-05,5.259456624286730e-02,1.560815555214770e-03,1.363498935228316e-04,4.268418034531689e-04,6.019590924790543e-01,7.256530419494845e+04,0.000000000000000e+00,2.127613015577332e+03,1.252331990784324e+05,
2.727237450148106e-07,5.865284659327997e+00,1.469686226801582e-01,7.247218610870407e-06,6.990042850862923e-05,5.075186327736191e-04,1.366455259264904e-07,6.127469810633825e-05,1.235444829537745e-02,1.469181151230704e-08,1.329796059405746e-03,8.338653921228862e-11,4.002102096824030e-10,3.496658504709788e-11,1.536242172077028e-09,3.844760629828351e-10,1.141298186540336e-09,2.395604765152561e-09,5.242027351806401e-12,1.796391012457825e-11,1.813967651376397e-11,3.788295396670549e-03,2.360210491772859e-02,1.305103581915263e-10,1.281579868644981e-08,1.694768650086230e-10,5.116520101137904e-09,6.220064671372870e-13,2.905241899864736e-15,4.258121771258700e-09,2.227938345706375e-09,1.493055610789424e-14,4.093024140383184e-12,4.630190147468876e-13,3.588517504635773e-12,1.960714981200534e-13,8.307265126282826e-13,1.387322944115334e-12,1.798073751313303e-14,8.604489519552133e-13,3.667617269566060e-12,1.773713715728368e-17,1.346255369969804e-14,1.432473672277240e-13,4.014598086617542e-17,2.489933096434627e-18,9.513835822572411e-07,6.497411753856200e-06,2.525140851454298e-08,2.930305728039163e-08,1.809368064052823e-08,7.431364919909120e-13,2.104773734246466e-13,5.951727634419235e-12,5.967976246984997e-12,6.504421033796002e-12,3.115309785542147e-12,1.775983896384632e-12,1.054101487948499e-01,7.974832721009218e+03,0.000000000000000e+00,2.346644597510268e+03,1.013251729719994e+05,
2.191086122917594e-07,5.835126755164713e+00,1.491891025091250e-01,1.064116270053586e-05,1.034348114853566e-04,5.986024937191726e-04,1.349009640898843e-07,7.226765646405898e-05,1.235571318010488e-02,2.275318357672462e-08,1.683020542082275e-03,1.412135294732144e-10,5.426345901943935e-10,5.148285366962086e-11,1.927755958664001e-09,4.092417844808905e-10,1.947952260682009e-09,3.285299364248481e-09,7.123175921131687e-12,2.674512326076077e-11,2.389621871254418e-11,4.315832925431888e-03,2.343127268924928e-02,1.793767946809158e-10,1.602757271848940e-08,3.100535396057958e-10,7.377230459027430e-09,8.070990117579694e-13,7.114314875705162e-15,5.235359305321055e-09,2.520069261415859e-09,4.218091318325280e-14,9.171042568823616e-12,1.249556371035757e-12,5.856757737915822e-12,5.744498734373651e-13,1.681531757456681e-12,3.091541212429534e-12,6.086707949032060e-14,2.474808921303097e-12,5.523167491220736e-12,8.341783283777508e-17,1.905218059469793e-13,1.826267235181145e-13,8.685977402115284e-17,4.289024328486550e-18,1.597466876624593e-06,1.101646429788395e-05,3.048604128917658e-08,1.017946035685709e-07,6.436708231503559e-08,1.487080811032878e-12,6.199826092099389e-13,5.135111844021493e-12,8.353230053040848e-12,1.447453118180828e-11,7.549855107445134e-12,3.965007970868133e-12,1.070069305049469e-01,7.928604251350219e+03,0.000000000000000e+00,2.330111611489341e+03,1.013250240650151e+05,
8.244508890451082e-07,5.763313313862760e+00,1.587869398223992e-01,3.296631339399366e-05,2.837454044367346e-04,8.635262855684589e-04,1.970882167774688e-07,1.213604922078801e-04,1.235520564602089e-02,7.810843533192649e-08,2.766891585316976e-03,2.142656774563139e-10,5.673520543494472e-10,5.964428747585715e-11,1.959438977688066e-09,3.980802199182377e-10,8.633018538446683e-09,3.519341505156005e-09,7.437248970701575e-12,3.170818316389623e-11,2.476041832483734e-11,6.535510707588978e-03,2.302780840628899e-02,1.875167607197206e-10,1.616831400738860e-08,5.485494033365352e-10,8.228080488492459e-09,3.864489311382647e-12,3.099843137281195e-14,5.245879764235433e-09,2.500253431456244e-09,2.136114823459002e-13,2.163471138017242e-11,3.033733586205623e-12,7.075566417063347e-12,2.402804728012969e-12,4.478197337213460e-12,8.358266761980438e-12,3.395368408044218e-13,7.312551468608277e-12,8.034478729390502e-12,1.554438449228363e-15,1.370126259725981e-12,1.809712587103099e-13,2.724008259918070e-16,7.423175619803407e-18,2.610325203376085e-06,1.842493623194803e-05,3.051668281127132e-08,2.218642921442208e-06,1.515621515601796e-06,4.052471855856034e-12,5.696820064408409e-12,1.106154230069158e-11,1.208626081375104e-10,4.601787809028569e-11,2.966422902154412e-11,1.268246306489141e-11,1.137319220189220e-01,7.830375976900970e+03,0.000000000000000e+00,2.288742745809956e+03,1.013250374857174e+05,

