1
0
56
1
(4 0
((0,0) (15,255) (0,0))
((0,768) (15,1023) (0,0))
((0,512) (15,767) (0,0))
((0,256) (15,511) (0,0))
)
4
FabOnDisk: SD_5_Old_MF_D_0003 0
FabOnDisk: SD_5_Old_MF_D_0000 0
FabOnDisk: SD_5_Old_MF_D_0001 0
FabOnDisk: SD_5_Old_MF_D_0002 0

4,56
-7.859663491035296e+00,-1.701216013521270e+01,-2.657104739925660e+01,-6.140640560894056e+00,-9.727570582590275e+00,-8.825741472959411e+00,-1.108629961777734e+00,-6.331505122879116e+02,-2.718541581746298e-01,-8.035884120016104e-01,-9.358633900958446e-02,-1.388479391819199e+01,-1.291294190046157e+01,-1.609573356843728e+00,-1.058164975023168e+01,-4.749421620782637e-01,-7.963453647325712e-02,-2.958860244674981e+00,-1.492913807348957e+02,3.325266062463171e-22,-9.436826847270667e-02,-4.797633488943450e+01,-1.847058641464592e+00,-1.972230045685777e+02,-8.004397837584307e+00,-2.518396318953551e+01,-4.671006076570860e+00,-2.980187030341021e+00,-9.670383854742748e-03,-1.998530393679997e+00,-1.669330791985436e+00,-9.014280016695426e-01,-3.670398312738402e+00,-2.133614250190615e+00,-3.069871842344550e+00,-2.212299134937125e-01,-3.212482300320174e+01,-5.537171170236639e-01,-3.478226859984125e-01,-8.330727284707734e+00,-9.147655587319303e-01,-1.653168282179795e-02,-6.266521780162993e-04,-8.337122378447263e-02,-1.616878366346947e-01,-2.028153157790165e+00,-7.070447354121384e-02,-4.021858594823792e-01,-1.376201467086628e-01,-2.427468031631993e+01,-5.047191914476776e-01,-5.753251350870501e+02,-8.743258511646502e+01,-9.109604686259344e+00,-2.424574791287352e+01,-2.355307060497580e-10,
-3.816356476719885e-03,-3.076892817942448e-02,-9.029102391409349e-02,6.540022681714059e-07,-1.118555493277073e-02,1.062076546490298e-01,-6.926899411379714e-06,-3.444384677629813e-01,-9.220791876994101e-08,-3.393435316769697e-07,-3.869143069525463e-08,-2.419960228421823e-06,-2.822304247333186e-07,-7.023331021122875e-07,-2.338482587102987e-06,-6.025547483517421e-09,-2.263150695367986e-08,-2.082166381473142e-08,-4.920561312635677e-01,2.792067380834247e-01,-9.790174881983718e-08,-8.615859500554955e-06,-2.238515824454592e-07,-9.040866929942997e-06,-2.511660060946053e-06,-2.847971532823344e-09,-3.636009078008058e-06,-1.259881634687690e-06,-8.291255951270228e-09,-6.037904134135985e-09,-6.592434974586521e-07,-2.935604297074818e-07,-3.695108606561197e-08,-1.385337701485180e-07,-2.484535315071377e-07,-4.200590558754956e-09,-3.243456214508221e-07,-2.829545997677224e-06,-8.197056204086170e-12,-5.293521947384352e-09,-1.131498411882861e-10,-5.154669542217458e-14,-2.549300235816508e-15,-7.344196488499819e-04,-5.083404056473399e-03,-1.255306677336386e-05,-4.560543229517854e-05,-2.863314904228524e-05,-1.794663442864744e-09,-5.323512341079283e-08,-2.049520085290171e-06,-2.549332439187381e-06,-8.774078682989870e-07,-4.728409680452501e-07,-2.429119853096545e-07,-2.654163000492815e-11,
-1.287576125827811e-02,-9.670620512346499e-02,-2.089087274434057e-01,2.106128436047806e-06,-2.999619553563059e-02,1.862070608403523e-01,-2.397651291230778e-05,-8.495462269573524e-01,-1.707636744501221e-07,-4.754456586777529e-07,-6.822950231929838e-08,-3.280661999787531e-06,-1.953484790707257e-07,-2.457823347131515e-06,-3.792806612784375e-06,-1.045969423508588e-08,-4.592100484641501e-08,-3.530831332951369e-08,-1.175282671763683e+00,7.951312746128996e-01,-1.240613498121992e-07,-9.800052055058910e-06,-4.805056017431270e-07,-1.592991941094651e-05,-1.606169622729896e-06,-4.268740954328598e-09,-2.660226750295853e-06,-1.131107302238137e-06,-5.011325139277238e-08,-1.693906566354013e-08,-2.399596199004830e-06,-6.591911607730672e-07,-1.399788443429790e-07,-4.104546919248517e-07,-9.442543081494313e-07,-2.302615605633903e-08,-7.698008234003904e-07,-2.944855871027428e-06,-4.639440959230163e-11,-1.316922221504684e-07,-1.085674525580361e-10,-8.636319410219818e-14,-3.071492810495591e-15,-1.226217157522569e-03,-8.726955516790251e-03,-1.053574469012641e-05,-2.722693876091274e-04,-1.763748115034799e-04,-5.905876456455167e-09,-1.736604154852840e-07,-2.380853448773479e-06,-3.168864143976385e-06,-5.088072463341042e-06,-2.040987205704899e-06,-1.405176296623351e-06,-2.040223025245869e-11,
-1.822370379392049e-01,-8.849879115952239e-01,-5.572827014739158e-01,-6.262590116384234e-04,-1.316393244423702e-01,5.050399668287553e-01,-3.144508758815945e-04,-4.446690279634189e+00,-5.092956542065080e-07,-9.528448033054344e-07,-1.851054091477681e-07,-1.877084557185977e-05,-2.625681102331478e-07,-3.685279865689016e-05,-8.462241382015299e-06,-2.730961785288457e-08,-1.803771510472197e-07,-9.379507371713763e-08,-5.421364598559126e+00,1.888405459823754e+00,-1.058698774193431e-07,-6.625044278578134e-06,-3.260534648658499e-06,-9.950430208497115e-05,-3.097841471408005e-06,-1.225038994780506e-08,-1.052719416489000e-06,1.321915473643056e-07,-8.035713489779146e-08,-9.593909840899752e-08,-4.081215423779888e-06,-2.440147042085110e-06,-2.274456981816774e-06,-3.645280189525222e-06,-1.325618002349983e-05,-3.995177850704261e-07,-9.282650018371458e-06,-7.955162911942052e-06,-1.701529973639851e-09,-7.281617870395122e-06,-1.378356894426603e-08,-4.150966826886813e-11,-1.152329086685115e-12,-1.421821280209832e-03,-1.048131636686412e-02,1.624177421723441e-06,-2.104663980866208e-02,-1.469623911797850e-02,-3.690799388795153e-07,-6.855016468497577e-06,-2.671734490776958e-06,-1.064041401719603e-04,-8.734987878103159e-05,-3.086691462489551e-05,-2.418993643211451e-05,-9.396497469005283e-11,

4,56
5.922983397532189e+00,3.589747017403251e+01,5.267138803684831e+01,7.689302295455072e+00,1.283144240067599e+01,3.169816231358639e+02,6.231470334973656e-01,6.076116707554036e-06,6.108354219248525e-01,1.361955669843154e+00,1.544750676308147e-01,2.619925524322095e+01,1.622615663702659e+01,2.012418217121000e+00,1.549457562245453e+01,4.564310738850674e-01,1.370321385418790e-01,2.940436708813592e+00,4.576263974837645e+02,3.250564172687873e+02,1.889198921329887e-01,5.667644773946044e+01,3.899649345609412e+00,2.927336717304839e+02,1.316131682171383e+01,2.679849414851442e+01,8.239107343000439e+00,3.429967532930901e+00,1.668905588547362e-02,3.726349106603565e+00,2.495873787949277e+00,1.008313636034449e+00,3.836571879287452e+00,2.232535909749422e+00,3.719600288880591e+00,1.995095120807350e-01,3.385994035486772e+01,1.095168962431177e+00,6.308784374277564e-01,7.940462085914007e+00,1.290102547692817e+00,3.924858110550519e-02,9.656068513669458e-04,7.639796417104233e-02,3.851912904921062e-01,2.394996466868590e+00,4.567227646606434e-01,6.546911149979024e-01,1.885903938815976e-01,1.620026109358501e+01,8.422007566423074e-01,1.625137112991508e-01,8.827336461621654e+01,1.411231748352203e+01,2.484815946828482e+01,2.305569068994373e-10,
-2.001357997962154e-03,-1.224533901683448e-02,-3.524523910568407e-02,6.468613118039977e-06,-6.039064885754185e-03,1.856007370703498e-01,-1.693838682505960e-06,-1.580119229015512e-01,-3.986083118072683e-08,-1.521776336227834e-07,2.329935255295521e-08,2.072849541223807e-07,-3.868943669183926e-08,-1.955211498657775e-07,-9.278246315015045e-07,-1.396948405301018e-09,-5.192203614709868e-09,-4.950089022871397e-09,-1.700320578325665e-01,7.927262554682067e-01,-5.949334347219783e-08,-5.088309396201673e-06,-7.394080042557114e-08,-5.011922586229983e-07,8.862761300827362e-07,1.287074354613924e-09,-1.679068847689450e-06,-7.022644340466042e-07,5.974249403252695e-09,-1.925846962047029e-09,1.672352739603011e-07,1.150691393367358e-06,1.397937409329492e-07,6.388616242874456e-07,1.106849003611646e-06,1.537990944583237e-08,7.952133550266926e-07,4.572766880072663e-06,1.633178557981054e-11,1.180114891253338e-08,-9.437853111977200e-11,-2.303365882784359e-14,-1.544667237668737e-15,-4.583625438697078e-04,-3.126732744700844e-03,-1.054273177271832e-05,-1.244384655840066e-05,-7.584369649597962e-06,1.551073133388142e-09,1.238206847382809e-07,4.395395037149711e-06,4.510577763831253e-06,4.170292945755680e-06,1.960601602579963e-06,1.138330874180710e-06,1.982310149362121e-11,
-3.682946073327105e-03,-3.088296556735098e-02,-9.055676355929740e-02,7.583271623901008e-06,-1.122228876312638e-02,5.026721970236361e-01,-6.880145937445994e-06,-3.455023740247770e-01,-5.918541654855954e-08,-5.785827860290927e-08,9.648698003270942e-09,7.864792827601542e-07,1.719501486037704e-07,-6.713271268545149e-07,-3.453624412314839e-07,-1.271765771816914e-12,-2.774505266110698e-09,1.239969208381335e-09,-4.935606620310144e-01,1.881069015167364e+00,-3.598304068831917e-08,-3.585149144122058e-07,-1.046221107134528e-07,1.751502633790493e-06,6.791540981421703e-07,1.579061243178715e-09,4.875409776028776e-07,7.542990597313101e-07,1.328378984481388e-08,-3.696939157123211e-09,5.958493175133500e-07,2.661282727820682e-06,4.706518407743712e-07,1.233505579157562e-06,2.253430410385328e-06,4.178223182361221e-08,1.676777951598703e-06,3.547940911217654e-06,6.188266363886300e-11,4.568754235973077e-07,7.345880400068672e-11,-5.029161978656307e-14,-1.595651497731006e-15,-7.358200203253599e-04,-5.093637120143098e-03,1.608023630404972e-06,-4.579800228592193e-05,-2.872448441852459e-05,8.483670650118189e-09,4.049102798008188e-07,3.490499320585522e-06,6.380099044454096e-06,1.005509741123035e-05,4.223136213912023e-06,2.767044471743116e-06,2.110580460401579e-11,
-1.295594802163955e-02,-9.724192160138252e-02,-2.096654356620266e-01,2.020883288692811e-06,-3.013222621654456e-02,3.054970452153069e+00,-2.409047682951537e-05,-8.530976827238200e-01,1.512490191164891e-06,4.068191048422160e-06,5.224801851353762e-07,3.146345123372616e-05,2.406885286548729e-06,-2.189489670965923e-06,3.608864288268975e-05,9.532054542127259e-08,4.562279006505922e-07,3.440700870942899e-07,-1.179892729661995e+00,8.571682488912689e+00,6.781709035805085e-07,5.590842284404539e-05,3.708582894406443e-06,1.332975924868549e-04,2.111561431391991e-06,1.543956211615134e-08,1.556055764119349e-05,5.388348188317232e-06,2.989016356847027e-08,1.063053089824031e-07,1.052487614875269e-06,4.357878116673479e-06,1.857825795547411e-06,3.527932167917126e-06,6.109825430815586e-06,2.024879423633909e-07,4.752260482518478e-06,9.227574693006589e-06,1.563254266894566e-09,7.756172834832688e-06,4.098001504853294e-10,2.823073782936008e-13,1.358163150074400e-14,2.269621967178006e-03,1.648361194454727e-02,6.916251411565529e-05,-2.747968027745815e-04,-1.780283456903668e-04,3.575535011643590e-07,5.283936574760691e-06,6.058741299558478e-06,1.050851388356735e-04,3.376675318415486e-05,1.323842446783076e-05,9.345523394691539e-06,1.100636248807518e-10,

