1
0
56
1
(4 0
((0,0) (15,255) (0,0))
((0,768) (15,1023) (0,0))
((0,512) (15,767) (0,0))
((0,256) (15,511) (0,0))
)
4
FabOnDisk: SD_5_New_MF_D_0003 0
FabOnDisk: SD_5_New_MF_D_0000 0
FabOnDisk: SD_5_New_MF_D_0001 0
FabOnDisk: SD_5_New_MF_D_0002 0

4,56
-7.860900548302123e+00,-1.700579348783858e+01,-2.661755426140130e+01,-6.143237870851248e+00,-9.584707460220336e+00,-8.827789554759539e+00,-1.104558807103436e+00,-6.328800822298779e+02,-2.547876470134844e-01,-8.425335514993473e-01,-9.880331836636477e-02,-1.386207087950840e+01,-1.294766250233947e+01,-1.584718553801140e+00,-1.045274889931649e+01,-4.748693142930066e-01,-7.789301670927458e-02,-2.956598723956012e+00,-1.547024447684744e+02,3.246683904270634e-22,-1.000434556538851e-01,-4.782043390049769e+01,-1.833672832233378e+00,-1.967983882399714e+02,-8.023499754366984e+00,-2.513491659903947e+01,-4.871512069482053e+00,-2.981473480281698e+00,-9.612954688524892e-03,-1.992656744442913e+00,-1.666377336196852e+00,-8.977028097359787e-01,-3.679624106318107e+00,-2.138391827246636e+00,-3.074038617281548e+00,-2.209375231568307e-01,-3.211013676455185e+01,-5.528947939670060e-01,-3.471369883041436e-01,-8.328265902548358e+00,-8.998560285522919e-01,-1.633681242141767e-02,-6.263598442876022e-04,-8.319180425696385e-02,-1.624039991726857e-01,-2.023744543543517e+00,-7.009406059938550e-02,-3.817093938685134e-01,-1.382450170288861e-01,-2.431692777746349e+01,-5.075945084983099e-01,-5.764666811558612e+02,-8.772355077599229e+01,-9.054189724905987e+00,-2.430571867672228e+01,-2.901288098655641e-10,
-3.813860445181455e-03,-3.076748801613721e-02,-9.028739731043738e-02,6.622053227454316e-07,-1.118511788440729e-02,1.062090077986481e-01,-6.926963036848525e-06,-3.444263765849803e-01,-8.984522629150040e-08,-3.263903076656419e-07,-3.629330730994886e-08,-2.411806641409741e-06,-2.868768448405095e-07,-7.063922625880017e-07,-2.214742358853790e-06,-5.621443631378326e-09,-2.092945145170431e-08,-1.961167375991903e-08,-4.920381400888769e-01,2.792748650847175e-01,-9.805459082315266e-08,-9.012048164453541e-06,-2.386808271870608e-07,-8.645231045967009e-06,-2.756857756297048e-06,-2.650845926140392e-09,-3.804377444374933e-06,-1.306770463364028e-06,-1.366878380117911e-08,-5.986281186992423e-09,-8.338748668697667e-07,-3.254224455754825e-07,-3.380830232714820e-08,-1.296888719873319e-07,-2.469507971363206e-07,-5.356587697424281e-09,-3.266036329867940e-07,-2.903576874417120e-06,-7.934746367472960e-12,-5.622850891730271e-09,-1.114608372687689e-10,-5.205204875052724e-14,-2.574000289306935e-15,-7.344310675524907e-04,-5.083469760071613e-03,-1.254968373439068e-05,-4.560544433502756e-05,-2.863324489922584e-05,-1.734569412882370e-09,-5.237824572704717e-08,-1.937257084926578e-06,-2.479214588357419e-06,-9.741776439477132e-07,-4.261220911280153e-07,-2.697413959405548e-07,-1.997814413901011e-11,
-1.287676739593907e-02,-9.670627854259652e-02,-2.089040570351984e-01,2.105597243614610e-06,-2.999600137669515e-02,1.862009644151562e-01,-2.397677697986333e-05,-8.495440799458449e-01,-1.674856281470268e-07,-4.639686764544409e-07,-7.147068270017757e-08,-2.954018934339700e-06,-1.693741668205900e-07,-2.440883648077712e-06,-3.786906111071247e-06,-9.936087067294271e-09,-4.552704951507331e-08,-3.494609213887771e-08,-1.175265766300481e+00,7.951100866283970e-01,-1.141351912169439e-07,-8.913286479740723e-06,-5.172127058631377e-07,-1.496338681361964e-05,-2.482049149714297e-06,-4.345415638753196e-09,-2.521868214362149e-06,-1.039125156761021e-06,-4.471580049850953e-08,-1.749216372371185e-08,-2.272280078361784e-06,-5.898152911034540e-07,-1.452203665044150e-07,-4.628585337219193e-07,-8.482543973245688e-07,-1.857198848957228e-08,-7.170230042826336e-07,-2.839823949768935e-06,-3.989243798018700e-11,-1.346543783491194e-07,-1.050530154549046e-10,-8.804470989044684e-14,-2.997859130020713e-15,-1.226271293563662e-03,-8.727421080062808e-03,-1.053520478604926e-05,-2.722876941170167e-04,-1.763864431084203e-04,-6.793507775595500e-09,-1.617298377449575e-07,-2.251688312178276e-06,-3.043689503094927e-06,-6.565124349670588e-06,-2.312166983797480e-06,-1.815670129475484e-06,-2.054341419199801e-11,
-1.822921227921923e-01,-8.859053669034435e-01,-5.577019512510201e-01,-6.271431602494750e-04,-1.313491992513419e-01,5.050601461461705e-01,-3.147767906080970e-04,-4.449185984616006e+00,-3.853145565022752e-07,-5.378261013150832e-07,-1.795639810833368e-07,-1.647723949017574e-05,-1.712036784392020e-07,-3.723002115617427e-05,-7.424962065021787e-06,-1.851505899697366e-08,-1.003806953549911e-07,-7.459929634801932e-08,-5.430745029545890e+00,1.888400320317827e+00,-1.222506520463316e-07,-8.154989640685884e-06,-2.761746505421146e-06,-8.391656953300261e-05,-2.859297961637075e-06,-1.309191505127137e-08,-1.403325500866545e-06,-2.028817049963383e-08,-1.798564873969148e-07,-6.588682016407149e-08,-6.694175602362231e-06,-4.337431314838734e-06,-4.004620443287847e-06,-5.318078618770397e-06,-1.379009964821962e-05,-3.443037090999018e-07,-7.085203211369084e-06,-7.226837202736438e-06,-2.625331366301210e-09,-6.216980507681377e-06,-1.397253608873511e-08,-4.209195371133661e-11,-1.168702814209272e-12,-1.421958809961537e-03,-1.048229502376808e-02,1.606122423382077e-06,-2.107357128607246e-02,-1.471515031546691e-02,-2.502573457598999e-07,-5.517757892464885e-06,-3.032572599164294e-06,-8.723370551425084e-05,-7.588965907770274e-05,-4.656122375363915e-05,-2.093398843920528e-05,-8.608871948645458e-11,

4,56
5.931472735879702e+00,3.554455593745909e+01,5.370038701934439e+01,7.688487263008861e+00,1.283451063961819e+01,3.171709442687914e+02,6.223100476503864e-01,5.984988681539960e-06,6.090927583050290e-01,1.360717757649884e+00,1.554538872447444e-01,2.621128275690052e+01,1.624245610883879e+01,2.015744360070962e+00,1.546424805447993e+01,4.588598058042337e-01,1.368709089772980e-01,2.938003023903145e+00,4.573272831716945e+02,3.209351371151683e+02,1.879728615940496e-01,5.659791851431527e+01,3.897495270915259e+00,2.935268222804954e+02,1.304154474244212e+01,2.682622598523532e+01,8.290655987145856e+00,3.421764439299912e+00,1.674062276115641e-02,3.707513855309235e+00,2.482152252283728e+00,1.007639396396404e+00,3.841300712048916e+00,2.225947244822980e+00,3.738577096111705e+00,1.996620061021202e-01,3.367480770256095e+01,1.110163933492428e+00,6.305907093411286e-01,7.959429100413172e+00,1.289582049795713e+00,3.905432359170727e-02,9.622238749521242e-04,7.674198996809267e-02,3.637466939104370e-01,2.401142416066041e+00,4.555972636862868e-01,6.548405657925447e-01,1.904697641196798e-01,1.613155344339435e+01,8.519490469865630e-01,1.625061807952215e-01,8.886126321095868e+01,1.414071041096531e+01,2.499841477170597e+01,3.587956598494202e-10,
-2.001634741681903e-03,-1.224907222849633e-02,-3.526266544359198e-02,6.468874340732325e-06,-6.038992406241548e-03,1.855922486640703e-01,-1.693736305844728e-06,-1.580077564699023e-01,-3.962307297992174e-08,-1.479159948819652e-07,1.858696199585742e-08,2.994570838742174e-07,-5.235298236513610e-08,-1.989135666677330e-07,-9.189254942819205e-07,-1.184700156647349e-09,-3.740280519722493e-09,-4.923579577925526e-09,-1.700756197701533e-01,7.926974545959263e-01,-5.837852781448973e-08,-5.304613501626055e-06,-7.276689460137999e-08,-4.843703525562193e-07,8.376675230501964e-07,1.065479228365589e-09,-1.793026041922231e-06,-7.546353430586898e-07,5.264777278333234e-09,-1.920366882213045e-09,1.250268623084476e-07,1.321687301077290e-06,1.291049213219035e-07,6.166118248540276e-07,9.763331859972829e-07,1.361013006159401e-08,7.860026790693992e-07,4.316821207278800e-06,1.527317877124484e-11,1.052609167563555e-08,-9.438052962500688e-11,-2.306311554139487e-14,-1.545129528709351e-15,-4.583514361685642e-04,-3.126669581356511e-03,-1.054217159931897e-05,-1.244782519986871e-05,-7.586760916574878e-06,3.420186776809935e-09,1.811988406830785e-07,4.999831489805369e-06,5.590329683913079e-06,4.375488004151417e-06,1.778325894146548e-06,1.199611917866127e-06,2.142883093192438e-11,
-3.682708627989046e-03,-3.088176944156747e-02,-9.055425619775785e-02,7.583564069193375e-06,-1.122198828590650e-02,5.026778796041192e-01,-6.878927858662129e-06,-3.454926843599774e-01,-5.841786778588819e-08,-2.878488950223756e-08,8.317584755975714e-09,9.275269604100737e-07,1.735270077826122e-07,-6.793244795040465e-07,-1.548509872925527e-07,5.948103728069222e-10,-1.477031521324714e-09,3.523128189534764e-09,-4.935466365837904e-01,1.881042128587760e+00,-3.126195619646056e-08,6.015674770510007e-08,-1.078678306912796e-07,4.295937159096898e-06,7.784170111261015e-07,1.675179470311408e-09,5.239986645340094e-07,7.773034574568617e-07,1.361114447948882e-08,-3.681962189500121e-09,3.434271912131863e-07,2.338587639435844e-06,4.510607917480327e-07,1.251210515856996e-06,2.325778221487056e-06,6.352423917906969e-08,2.746291458169410e-06,5.841443449505049e-06,1.123692330036863e-10,5.183184036214272e-07,7.360347182598142e-11,-5.034624936766754e-14,-1.622213114089920e-15,-7.358329869983846e-04,-5.093801973297785e-03,1.604129703109684e-06,-4.579692057207824e-05,-2.872345191593169e-05,8.028298614089096e-09,3.774371522108452e-07,4.852371426538228e-06,7.246514031061929e-06,9.922223187940091e-06,4.662368684551388e-06,2.725766503248331e-06,1.884545297592410e-11,
-1.295687076427248e-02,-9.724429581976037e-02,-2.096678226320002e-01,2.016440570800161e-06,-3.013324717406351e-02,3.052958370962350e+00,-2.409003520816211e-05,-8.531081286798764e-01,1.373619367297841e-06,3.442182049572403e-06,4.018298821215393e-07,2.179506647898543e-05,2.682567582347814e-06,-2.219092695265812e-06,3.423820676209732e-05,8.002826715265168e-08,3.589595650737595e-07,2.926554509504482e-07,-1.179891699705166e+00,8.586415072234598e+00,6.695953296333670e-07,5.601441506569023e-05,2.115503303100448e-06,1.025777555806853e-04,3.122958601535437e-06,9.598722081381244e-09,1.700669729025879e-05,5.666852875081698e-06,2.113583792384749e-08,6.544890821116349e-08,1.201399395804291e-06,3.868620415885958e-06,1.615027315569124e-06,1.915947183469108e-06,4.813886265227193e-06,2.213347551783143e-07,4.967256874049150e-06,8.512441341113597e-06,1.216758331955158e-09,7.150061567987506e-06,4.242696715827164e-10,2.777493235780818e-13,1.363878113331362e-14,2.275057550972157e-03,1.652577344706361e-02,6.922606558651380e-05,-2.748113220973956e-04,-1.780371805290228e-04,2.373733629363613e-07,4.098100004456281e-06,8.874316135527809e-06,8.890375504150408e-05,2.765014192316617e-05,1.578868294209079e-05,7.639625382376680e-06,6.930053753073651e-11,

