1
0
63
1
(4 0
((0,0) (7,127) (0,0))
((0,256) (7,383) (0,0))
((0,128) (7,255) (0,0))
((0,384) (7,511) (0,0))
)
4
FabOnDisk: SD_0_New_MF_D_0003 0
FabOnDisk: SD_0_New_MF_D_0001 0
FabOnDisk: SD_0_New_MF_D_0002 0
FabOnDisk: SD_0_New_MF_D_0000 0

4,63
-7.060613611999138e-07,2.008692282220037e+00,1.585374732693066e-01,1.178766218522681e-23,6.793251305181605e-22,2.632003616078374e-17,6.734841211102514e-12,5.233979182570048e-08,1.927099797747372e-09,2.694578206064182e-12,2.902516535956683e-03,0.000000000000000e+00,0.000000000000000e+00,0.000000000000000e+00,0.000000000000000e+00,0.000000000000000e+00,1.044038518483719e-23,0.000000000000000e+00,0.000000000000000e+00,0.000000000000000e+00,0.000000000000000e+00,4.146363940091503e-10,1.688124675649849e-11,5.496858026063326e-35,0.000000000000000e+00,0.000000000000000e+00,0.000000000000000e+00,0.000000000000000e+00,0.000000000000000e+00,0.000000000000000e+00,0.000000000000000e+00,0.000000000000000e+00,0.000000000000000e+00,0.000000000000000e+00,0.000000000000000e+00,0.000000000000000e+00,0.000000000000000e+00,0.000000000000000e+00,0.000000000000000e+00,0.000000000000000e+00,0.000000000000000e+00,0.000000000000000e+00,0.000000000000000e+00,1.002054613829576e-16,1.019211703211992e-17,1.509438278380532e-19,2.856646496524761e-17,9.227984329741586e-18,3.784945263508133e-16,8.765855187188624e-17,1.579473358750479e-16,0.000000000000000e+00,0.000000000000000e+00,0.000000000000000e+00,0.000000000000000e+00,0.000000000000000e+00,0.000000000000000e+00,0.000000000000000e+00,1.136922873343609e-01,3.738668283476356e+03,0.000000000000000e+00,4.430000117877390e+02,1.012570115802557e+05,
-1.182984050450068e-07,5.494978565369692e+00,1.469616886277428e-01,7.239365053096150e-06,6.981562461902226e-05,5.072611462883711e-04,1.327275891858063e-07,6.125011252951920e-05,1.235466216276626e-02,1.467252514252738e-08,1.328677231244793e-03,8.281108015815691e-11,3.976996597490907e-10,3.473965252315652e-11,1.527021042152629e-09,3.824131219307549e-10,1.138643171253409e-09,2.380584984571882e-09,5.209189658352681e-12,1.784706454094679e-11,1.802770237591809e-11,3.786895348459918e-03,2.303965032172237e-02,1.296605905669164e-10,1.273654201148603e-08,1.682268961957974e-10,5.081164377088384e-09,0.000000000000000e+00,5.410530726780893e-16,4.231788513236545e-09,2.214780388891218e-09,5.255682626082742e-15,4.059533483868475e-12,0.000000000000000e+00,0.000000000000000e+00,0.000000000000000e+00,0.000000000000000e+00,0.000000000000000e+00,0.000000000000000e+00,0.000000000000000e+00,0.000000000000000e+00,0.000000000000000e+00,0.000000000000000e+00,1.416181155308987e-13,3.962869845522046e-17,2.459626089247727e-18,9.448338267913080e-07,6.452495525284852e-06,2.510178116313253e-08,2.904089736308099e-08,1.793055572533464e-08,7.376014234035976e-13,0.000000000000000e+00,0.000000000000000e+00,0.000000000000000e+00,0.000000000000000e+00,0.000000000000000e+00,0.000000000000000e+00,1.054052400049590e-01,7.827975686666607e+03,0.000000000000000e+00,2.290147633784149e+03,1.013249887693693e+05,
-7.484936099193456e-07,5.228028126145726e+00,1.491532114266382e-01,1.058127654710643e-05,1.028362233227853e-04,5.971866059125930e-04,1.327578101209282e-07,7.209976733203843e-05,1.226841551511825e-02,2.260617257590632e-08,1.677166569933658e-03,1.397001102954722e-10,4.004523651039700e-10,5.073531824939089e-11,1.344463002558372e-09,1.897795889423306e-10,1.931642340107811e-09,2.788181358521609e-09,5.240170436701006e-12,2.650819344457916e-11,1.877671516615960e-11,4.307478335324889e-03,2.222863943724885e-02,1.263294813622841e-10,1.029156210434773e-08,3.063598598961234e-10,6.703409147265947e-09,0.000000000000000e+00,2.686002220363212e-15,2.810750801112076e-09,1.114576394370085e-09,2.777138331551594e-14,9.035390093198987e-12,2.841646112018862e-13,0.000000000000000e+00,0.000000000000000e+00,0.000000000000000e+00,0.000000000000000e+00,0.000000000000000e+00,0.000000000000000e+00,0.000000000000000e+00,0.000000000000000e+00,0.000000000000000e+00,3.966463851637673e-14,8.536859051256803e-17,2.542806351604545e-18,1.580396346864955e-06,1.089718787084822e-05,1.682509867621120e-08,9.960309361509017e-08,6.295867506257579e-08,1.467025570840445e-12,0.000000000000000e+00,0.000000000000000e+00,0.000000000000000e+00,0.000000000000000e+00,0.000000000000000e+00,0.000000000000000e+00,1.069814725796639e-01,5.361950387107986e+03,0.000000000000000e+00,2.136897263314495e+03,1.013248763649334e+05,
-1.198956387337105e-07,5.565433377087209e+00,1.461016260177102e-01,6.132529889538554e-06,5.856210842840187e-05,4.701723381877032e-04,1.349379033686574e-07,5.715013220595384e-05,1.235262838347912e-02,1.215137717852299e-08,1.187141612627995e-03,5.195999924543472e-11,2.748994230851328e-10,2.324264681374949e-11,1.098920178839660e-09,3.005869561258706e-10,8.777238207385112e-10,1.646795164276236e-09,3.588922912260731e-12,1.187516867524748e-11,1.264210029002895e-11,3.575552372932406e-03,2.343500257166897e-02,8.856899908105860e-11,9.131559125012104e-09,1.017033160892559e-10,3.408928812008765e-09,0.000000000000000e+00,2.836833944863820e-16,3.028988469496512e-09,1.639830425048609e-09,3.196795337351584e-15,2.217113365629402e-12,0.000000000000000e+00,1.024731235030654e-13,0.000000000000000e+00,0.000000000000000e+00,0.000000000000000e+00,0.000000000000000e+00,0.000000000000000e+00,0.000000000000000e+00,0.000000000000000e+00,0.000000000000000e+00,7.975244275973900e-14,1.781521944749023e-17,1.222203162717235e-18,5.958844057363079e-07,4.053011760017554e-06,1.817036151778075e-08,1.359067975182693e-08,8.311566729946426e-09,4.315773212239682e-13,0.000000000000000e+00,0.000000000000000e+00,0.000000000000000e+00,0.000000000000000e+00,0.000000000000000e+00,0.000000000000000e+00,1.047856986635595e-01,7.929448230284293e+03,0.000000000000000e+00,2.330525849756463e+03,1.013249936006892e+05,

4,63
5.597114520693475e-07,5.222661920847398e+00,8.373324215719026e-01,5.063656164395341e-05,4.308007225251065e-04,9.447820358038778e-04,1.152791860950454e-04,4.114836057742409e-04,1.302762388665627e-02,2.011023070089232e-05,1.827791849391907e-01,1.513383779037238e-06,6.601034995485685e-06,7.508200296174916e-07,2.373828095639757e-04,2.761590209550357e-04,2.009537352991141e-05,4.997633113478749e-04,1.456998629704600e-05,9.666223522865381e-07,6.875059440389632e-05,1.436639128013310e-02,2.222303583370368e-02,8.336208516980566e-07,6.304911013303038e-04,2.217110500840808e-05,4.522352478760921e-03,1.068211761646105e-04,4.809623081661651e-04,3.339840427010023e-05,1.096323501929516e-04,1.303724806341431e-07,3.136376528343758e-05,3.841749668892237e-05,1.228542720964639e-05,5.705480401364134e-05,3.089170951757880e-05,4.045122469855594e-05,3.103603567958197e-06,6.363755383164130e-04,1.145336329192718e-05,4.354436325025340e-06,1.120029381328355e-04,1.890952381978093e-05,7.024816114604965e-07,1.691404484834446e-08,2.524096258222670e-06,1.782557721536787e-05,2.906774757008837e-05,1.253913622318523e-05,1.596212723450641e-05,1.691451380401588e-06,4.135326693875172e-04,1.068427236916966e-05,5.259452906741268e-02,1.563089930027058e-03,1.381499399970094e-04,4.270575535299467e-04,6.019586528061803e-01,7.338373240996980e+04,0.000000000000000e+00,2.134034852408724e+03,1.013673598081759e+05,
1.203132622924344e-07,5.565093775940039e+00,1.491250787549612e-01,1.053474173057223e-05,1.023836255074589e-04,5.961034288573533e-04,1.349176091181412e-07,7.196239570970559e-05,1.235650062576867e-02,2.249201835426415e-08,1.672832057277148e-03,1.391250289561640e-10,5.377387463643561e-10,5.089980029657613e-11,1.913736437664271e-09,4.075284185961658e-10,1.920332150954312e-09,3.254012703736786e-09,7.059015125221118e-12,2.643613930519330e-11,2.369689984039856e-11,4.301107784380425e-03,2.343299864413469e-02,1.777229108275492e-10,1.591584334195958e-08,3.048334474607777e-10,7.296898832129865e-09,3.265931701366147e-13,5.720833943372332e-15,5.202483773608614e-09,2.507542144821442e-09,2.812579829045794e-14,8.970681442766860e-12,3.382484685285015e-13,4.763260516499953e-12,3.012106785839773e-13,6.111513415430545e-13,7.608106106624180e-13,9.455987434174387e-15,5.617346028630085e-13,2.093148633705259e-12,1.590250256288086e-17,1.066084493397619e-14,1.807996613933009e-13,8.491353070468002e-17,4.218401124552544e-18,1.573766388243224e-06,1.085021492716725e-05,3.030542940052889e-08,9.832221351169214e-08,6.213093858818127e-08,1.458302730745763e-12,1.228367417083219e-13,1.562479703482201e-13,4.283412540966041e-12,7.315356395487919e-12,4.514815980513713e-12,1.996870338612230e-12,1.069612289142299e-01,7.929782025562599e+03,0.000000000000000e+00,2.330331630661474e+03,1.013250065234458e+05,
9.655495721980710e-07,5.494100645943575e+00,1.583505507367958e-01,3.030630256040503e-05,2.764057786837189e-04,8.610543315355259e-04,1.964960146825016e-07,1.140695174824711e-04,1.235645693527232e-02,7.560608567378404e-08,2.884472388500748e-03,1.973130009778978e-10,5.640562064941849e-10,5.869365139757002e-11,1.942079269626950e-09,3.968281385611165e-10,7.473203305484696e-09,3.494810673117137e-09,7.393688907044651e-12,3.092052434797258e-11,2.460604633405013e-11,6.101399882943326e-03,2.303507045225844e-02,1.864220985684600e-10,1.608188134314588e-08,5.217763036615061e-10,8.171468385205659e-09,1.469598235769424e-12,2.005272473746132e-14,5.217128270362087e-09,2.490147456338516e-09,1.953071892336278e-13,2.221382372018273e-11,2.496185659564078e-12,8.737090959813662e-12,3.258349246383024e-12,4.436299855513748e-12,1.222754315006775e-11,3.687564878931408e-13,8.058274583179996e-12,5.104511300302537e-13,1.757352697775766e-15,3.205761709692967e-12,1.794021653409482e-13,1.182780256639049e-16,4.559014905205988e-18,2.523220687386227e-06,1.781850208123514e-05,3.035160781477228e-08,1.834061913610186e-06,1.250483057989506e-06,3.797240434445494e-12,5.561617500262852e-12,7.524095773709183e-14,5.389543141798561e-11,7.133666511587062e-11,3.917519954427465e-11,1.970959097820499e-11,1.135620377484656e-01,7.825449339824410e+03,0.000000000000000e+00,2.289636189105240e+03,1.013250223787885e+05,
8.698589592874523e-08,5.595290163167387e+00,1.469514184013083e-01,7.225308458843412e-06,6.967415977323471e-05,5.068192649644053e-04,1.366395783839966e-07,6.119968247768014e-05,1.235464338864953e-02,1.464026579206927e-08,1.327002204941713e-03,8.248411472719975e-11,3.965795157129444e-10,3.462823251853043e-11,1.523378491842942e-09,3.818833453836751e-10,1.135372903366122e-09,2.373806074358176e-09,5.194256936754678e-12,1.778840247541131e-11,1.797957404710653e-11,3.784381620382393e-03,2.360372851231673e-02,1.292927476225429e-10,1.270731206736326e-08,1.675191396709009e-10,5.066790687436468e-09,1.358713555948958e-13,2.349485126229238e-15,4.222033069795824e-09,2.210559739777332e-09,9.039771852447111e-15,4.038005836229725e-12,1.892469345943948e-13,1.901975490066191e-12,1.266221745027239e-13,5.974110349368898e-13,9.008670503911240e-13,9.948681033678252e-15,4.855909536694354e-13,8.920086592718818e-13,9.258611718045557e-18,7.868551236282412e-15,1.410867773063706e-13,3.937534211530212e-17,2.446723722751709e-18,9.411563471924910e-07,6.427075117262131e-06,2.504466426938909e-08,2.882593465197286e-08,1.779581545221417e-08,7.340869768322312e-13,5.174571905301442e-14,2.399873465236237e-13,3.807580248993706e-12,4.403786280873434e-12,1.925150211200371e-12,1.206431364695993e-12,1.053978501293308e-01,7.967134788455145e+03,0.000000000000000e+00,2.346659340004212e+03,1.013250091784884e+05,

