1
0
63
1
(4 0
((0,0) (7,127) (0,0))
((0,256) (7,383) (0,0))
((0,128) (7,255) (0,0))
((0,384) (7,511) (0,0))
)
4
FabOnDisk: SD_0_Old_MF_D_0003 0
FabOnDisk: SD_0_Old_MF_D_0001 0
FabOnDisk: SD_0_Old_MF_D_0002 0
FabOnDisk: SD_0_Old_MF_D_0000 0

4,63
-1.099764773795808e-06,2.026307243804078e+00,1.585209606069135e-01,1.347975796616486e-23,7.744912556865455e-22,2.879206946306397e-17,7.396212597805686e-12,5.427642219332336e-08,2.095326641451039e-09,2.960664654750261e-12,2.904937244584137e-03,0.000000000000000e+00,0.000000000000000e+00,0.000000000000000e+00,0.000000000000000e+00,0.000000000000000e+00,1.211282001999237e-23,0.000000000000000e+00,0.000000000000000e+00,0.000000000000000e+00,0.000000000000000e+00,4.553986223952332e-10,1.890186888804397e-11,6.709707825311570e-35,0.000000000000000e+00,0.000000000000000e+00,0.000000000000000e+00,0.000000000000000e+00,0.000000000000000e+00,0.000000000000000e+00,0.000000000000000e+00,0.000000000000000e+00,0.000000000000000e+00,0.000000000000000e+00,0.000000000000000e+00,0.000000000000000e+00,0.000000000000000e+00,0.000000000000000e+00,0.000000000000000e+00,0.000000000000000e+00,0.000000000000000e+00,0.000000000000000e+00,0.000000000000000e+00,1.168378606481315e-16,1.188845972169696e-17,1.761329023803854e-19,3.334264569873739e-17,1.077186742110412e-17,4.419341326757824e-16,1.023606109335214e-16,1.844382031088858e-16,0.000000000000000e+00,0.000000000000000e+00,0.000000000000000e+00,0.000000000000000e+00,0.000000000000000e+00,0.000000000000000e+00,0.000000000000000e+00,1.136841795066794e-01,3.748264609120829e+03,0.000000000000000e+00,4.430000127810114e+02,1.012501664471521e+05,
-1.331200195473478e-07,5.512431558714280e+00,1.469607511222831e-01,7.238129740733138e-06,6.980304640418314e-05,5.072220798216084e-04,1.327273785193229e-07,6.124577412795937e-05,1.235466483728793e-02,1.466965369604347e-08,1.328524879336117e-03,8.277461130468505e-11,3.975660351205804e-10,3.472676192338539e-11,1.526520474185294e-09,3.823241957829972e-10,1.138338092698638e-09,2.379737896851265e-09,5.207261156448942e-12,1.783984094724539e-11,1.802130973573172e-11,3.786673210806264e-03,2.304010228106897e-02,1.296268755258737e-10,1.273384055073685e-08,1.681667603016842e-10,5.080564795874474e-09,1.484186579108267e-14,7.878702582170470e-16,4.230812198027248e-09,2.214320003409118e-09,7.679212589584201e-15,4.057740119261610e-12,1.920898859837384e-14,0.000000000000000e+00,0.000000000000000e+00,0.000000000000000e+00,0.000000000000000e+00,0.000000000000000e+00,0.000000000000000e+00,0.000000000000000e+00,0.000000000000000e+00,0.000000000000000e+00,1.415450421976888e-13,3.959894076228787e-17,2.458017629588514e-18,9.444070894356928e-07,6.449553807269317e-06,2.509405820334766e-08,2.901868132428718e-08,1.791665697357488e-08,7.371740007597448e-13,0.000000000000000e+00,0.000000000000000e+00,0.000000000000000e+00,0.000000000000000e+00,0.000000000000000e+00,0.000000000000000e+00,1.054045666511086e-01,7.828248291826006e+03,0.000000000000000e+00,2.290201884994439e+03,1.013249887496112e+05,
-3.636456317163402e-07,5.246144326933619e+00,1.491501694884264e-01,1.057634046179558e-05,1.027877964370022e-04,5.970714136734640e-04,1.327567225862780e-07,7.208544306830249e-05,1.227141550957475e-02,2.259398436093630e-08,1.676696925642164e-03,1.396125495811457e-10,4.004687219329146e-10,5.069750905876370e-11,1.344362261149102e-09,1.897976542904949e-10,1.930382980521876e-09,2.787737695710581e-09,5.242590270321704e-12,2.649547418788538e-11,1.878446257786293e-11,4.306801447391331e-03,2.222820066564098e-02,1.263246122084430e-10,1.029296172031161e-08,3.061673796683779e-10,6.702482409028525e-09,1.968280197103890e-14,4.086785496907627e-15,2.814512354566486e-09,1.116588091898739e-09,2.724060105741040e-14,9.027045472523605e-12,2.837554445724737e-13,0.000000000000000e+00,0.000000000000000e+00,0.000000000000000e+00,0.000000000000000e+00,0.000000000000000e+00,0.000000000000000e+00,0.000000000000000e+00,0.000000000000000e+00,0.000000000000000e+00,3.975555496303872e-14,8.529882857456662e-17,2.547699486372572e-18,1.579504890225059e-06,1.089090680507000e-05,1.685554231569214e-08,9.945436273360749e-08,6.286270988031688e-08,1.465579823522794e-12,0.000000000000000e+00,0.000000000000000e+00,0.000000000000000e+00,0.000000000000000e+00,0.000000000000000e+00,0.000000000000000e+00,1.069792904324148e-01,5.371540822332158e+03,0.000000000000000e+00,2.137170067725103e+03,1.013248646802632e+05,
-7.691296221940451e-08,5.582835098720742e+00,1.461013632266599e-01,6.132096121893128e-06,5.855784900791849e-05,4.701570360260404e-04,1.349395344445845e-07,5.714831099322258e-05,1.235262168349442e-02,1.215046174975500e-08,1.187089032187722e-03,5.194142482959406e-11,2.748125299178834e-10,2.323498134850716e-11,1.098592295447908e-09,3.005082703170530e-10,8.776110832608708e-10,1.646278991187729e-09,3.587781647015484e-12,1.187123149921254e-11,1.263822671984316e-11,3.575456590298965e-03,2.343516929931300e-02,8.854030922824664e-11,9.128808888178243e-09,1.016654301433286e-10,3.407808486099211e-09,0.000000000000000e+00,0.000000000000000e+00,3.028076387998742e-09,1.639357567618428e-09,3.673024798759144e-15,2.216200055729714e-12,0.000000000000000e+00,1.018708121782996e-13,0.000000000000000e+00,0.000000000000000e+00,0.000000000000000e+00,0.000000000000000e+00,0.000000000000000e+00,0.000000000000000e+00,0.000000000000000e+00,0.000000000000000e+00,7.970748135781441e-14,1.780356204601734e-17,1.221452319536511e-18,5.956736103795016e-07,4.051572052131321e-06,1.816494155814653e-08,1.358430496782350e-08,8.307640923937605e-09,4.314112401571249e-13,0.000000000000000e+00,0.000000000000000e+00,0.000000000000000e+00,0.000000000000000e+00,0.000000000000000e+00,0.000000000000000e+00,1.047855158900677e-01,7.929345125686367e+03,0.000000000000000e+00,2.330543152236844e+03,1.013249934341481e+05,

4,63
1.298126913364380e-06,5.240792244776956e+00,8.373323928658728e-01,5.059885839118457e-05,4.307847465703417e-04,9.449334923750512e-04,1.152171369079834e-04,4.111163182366886e-04,1.302603356393174e-02,2.014514334806449e-05,1.827791781974513e-01,1.508178505530570e-06,6.530077670757940e-06,7.494685949823416e-07,2.376322702679266e-04,2.751768437254408e-04,2.004117404642186e-05,5.029867496033317e-04,1.447830217624200e-05,9.575954900681202e-07,6.900086450057700e-05,1.435393919242279e-02,2.222265767365745e-02,8.450324863560026e-07,6.271815891572442e-04,2.196687503161005e-05,4.501576091901113e-03,1.073281964268041e-04,4.774485913994610e-04,3.332038692959391e-05,1.094542091951460e-04,1.307235591179384e-07,3.092841482610019e-05,3.812610130415535e-05,1.235824858980937e-05,5.687541845338356e-05,3.077016323005577e-05,4.018740706327709e-05,3.119563690998930e-06,6.327350042869342e-04,1.146447202856163e-05,4.497615653179960e-06,1.124434748682032e-04,1.903035497364140e-05,6.985143391890907e-07,1.681188547130290e-08,2.521662282088479e-06,1.780865753408002e-05,2.878021957689060e-05,1.254152683912047e-05,1.603245083096895e-05,1.722802588672488e-06,4.168539016986603e-04,1.082674844726106e-05,5.259452719325457e-02,1.558658692682726e-03,1.357942925038403e-04,4.307461534854870e-04,6.019586305620559e-01,7.369576508103473e+04,0.000000000000000e+00,2.134309179147996e+03,1.013669566023730e+05,
1.303662163998339e-07,5.582495753828537e+00,1.491220632344415e-01,1.052986400327361e-05,1.023357417802940e-04,5.959891842967764e-04,1.349192584553575e-07,7.194821202942604e-05,1.235651789066232e-02,2.247998003202701e-08,1.672366380193310e-03,1.390518975003829e-10,5.375999519925287e-10,5.088147469099119e-11,1.913449981101117e-09,4.074858553414739e-10,1.919120114951019e-09,3.253097614504832e-09,7.057330003765270e-12,2.642672026761182e-11,2.369171318508711e-11,4.300436758225001e-03,2.343316742288316e-02,1.776737526036379e-10,1.591298849615404e-08,3.046432498561503e-10,7.294739032222528e-09,3.356968892651041e-13,5.783840643467112e-15,5.201702971165276e-09,2.507196118657603e-09,2.807579457291299e-14,8.963062473598488e-12,4.118914885542528e-13,3.357373409819236e-12,3.712250255598820e-13,1.147872341720992e-12,1.945464841696619e-12,3.046973877057323e-14,1.187691836424648e-12,3.259903229751067e-12,5.944043854824364e-17,3.739661967063912e-14,1.807587880495537e-13,8.484644913690224e-17,4.216243928865146e-18,1.572879413800379e-06,1.084396705177762e-05,3.030089331619704e-08,9.817618098344715e-08,6.203674713483731e-08,1.457194288438067e-12,1.085014017718263e-13,3.339098302210178e-13,5.687223554279682e-12,6.811992833606791e-12,2.833001077375479e-12,1.866777810885676e-12,1.069590655484184e-01,7.929840707055961e+03,0.000000000000000e+00,2.330349120528908e+03,1.013250068860624e+05,
3.408599868719967e-07,5.511554637097402e+00,1.583339914079789e-01,3.022128086120384e-05,2.760457506731040e-04,8.608061824723346e-04,1.963921512305926e-07,1.138590902131177e-04,1.235647806279291e-02,7.549485264260474e-08,2.886607433382250e-03,1.964781625305635e-10,5.639799719870353e-10,5.868735599714630e-11,1.941632928010786e-09,3.968649997301878e-10,7.439910363508947e-09,3.492531857493520e-09,7.392689674536212e-12,3.091777599451735e-11,2.460288573016992e-11,6.089457811246206e-03,2.303552649232827e-02,1.863950859037265e-10,1.607985487496761e-08,5.213790357459962e-10,8.143243600941244e-09,1.229958002948551e-12,2.004212986527052e-14,5.216483698246584e-09,2.490161306910627e-09,1.947355346789960e-13,2.222564431461300e-11,2.487169529472450e-12,7.328744659700967e-12,1.227323022259901e-12,1.623905713248199e-12,2.668174128986239e-12,2.018009463118905e-13,3.404073793814505e-12,3.469709141326219e-12,1.210182240060305e-15,1.621480300932763e-12,1.793855790158897e-13,1.182485806262359e-16,4.557861875969691e-18,2.520994263467826e-06,1.780290356045309e-05,3.034794408251707e-08,1.822400128296655e-06,1.242435540491404e-06,3.789925151693206e-12,1.290352108861955e-12,3.765402401348026e-13,2.552085594302465e-11,1.567866688241855e-11,1.591954913325362e-11,4.296838035735269e-12,1.135536647476095e-01,7.825719790863891e+03,0.000000000000000e+00,2.289690903260771e+03,1.013250208639130e+05,
7.680299276039357e-08,5.612682963631634e+00,1.469504915824898e-01,7.224088185713688e-06,6.966173216046296e-05,5.067806177258976e-04,1.366400673571846e-07,6.119539321695432e-05,1.235464603804980e-02,1.463742993207329e-08,1.326851446974491e-03,8.244643084864038e-11,3.964375124279300e-10,3.461463403468196e-11,1.522886761173328e-09,3.817943059999091e-10,1.135068679736367e-09,2.372947572302267e-09,5.192375036789032e-12,1.778128555505909e-11,1.797338559119867e-11,3.784161812061567e-03,2.360382707730928e-02,1.292456038212394e-10,1.270327511336862e-08,1.674362261949286e-10,5.064788863520717e-09,1.292975880099306e-13,2.348484828969560e-15,4.220702120427369e-09,2.209950633814085e-09,8.864462571032811e-15,4.035595870943773e-12,1.274931015284076e-13,2.031428436329868e-12,1.701814715159072e-13,7.765309446870079e-13,1.141368916895716e-12,1.268172536700353e-14,5.994439535801761e-13,1.734093101482717e-12,1.177959308766144e-17,1.046507942043469e-14,1.410105836040584e-13,3.934493673356480e-17,2.445083954283913e-18,9.407326067052121e-07,6.424154383659798e-06,2.503695673352349e-08,2.880401933497354e-08,1.778210712483217e-08,7.337004630871361e-13,5.472492397901199e-14,4.025116010339684e-13,2.045025394340408e-12,3.960483067605132e-12,1.844616838604505e-12,1.081481476695824e-12,1.053971844277850e-01,7.966960549001069e+03,0.000000000000000e+00,2.346664872318711e+03,1.013250095452738e+05,

