1
0
56
1
(4 0
((0,0) (7,127) (0,0))
((0,256) (7,383) (0,0))
((0,128) (7,255) (0,0))
((0,384) (7,511) (0,0))
)
4
FabOnDisk: SD_5_New_MF_D_0003 0
FabOnDisk: SD_5_New_MF_D_0001 0
FabOnDisk: SD_5_New_MF_D_0002 0
FabOnDisk: SD_5_New_MF_D_0000 0

4,56
-7.694100768239591e+00,-1.670207372075588e+01,-2.556094691300997e+01,-5.568626643378830e+00,-8.253486525434329e+00,-8.703451956912824e+00,-1.060434031002272e+00,-6.351119393815767e+02,-2.320031482684223e-01,-6.999237414025706e-01,-7.656414775483149e-02,-1.352303167105240e+01,-1.257648376726905e+01,-1.309486455840833e+00,-9.582197688250432e+00,-4.339970315510414e-01,-6.676794968747217e-02,-2.809221371291479e+00,-1.327422898045752e+02,8.269159147570107e-20,-7.861251250168044e-02,-4.661563978157236e+01,-1.691583047727339e+00,-1.979657166857831e+02,-6.386291308848640e+00,-2.476381294133722e+01,-3.906258319476713e+00,-2.803807792998839e+00,-8.333614421576310e-03,-1.898353670824174e+00,-1.615637930457385e+00,-8.939404708200797e-01,-3.490147336914280e+00,-2.006255888604188e+00,-3.025906260518806e+00,-2.030756278690716e-01,-3.112283552042126e+01,-5.656331950601206e-01,-3.006990474755030e-01,-7.927863094691862e+00,-9.594451550382427e-01,-1.653638714205683e-02,-6.781606473612112e-04,-7.379979421356263e-02,-1.719971880131395e-01,-1.925777974357712e+00,-6.953594895094292e-02,-3.715618584095284e-01,-1.269198339440205e-01,-2.396750516244829e+01,-5.156922814803987e-01,-5.691797716381062e+02,-7.879269019561852e+01,-8.791160629786871e+00,-2.180027278399460e+01,-2.023625711444765e-10,
-1.252985558687051e-02,-9.423342807838929e-02,-2.052933213784301e-01,2.614952616066396e-06,-2.937660780269764e-02,1.853739611438852e-01,-2.328008259078939e-05,-8.328307183100290e-01,-1.095054964624728e-07,-2.603286361774729e-07,-2.936073146226475e-08,-1.154968509269872e-06,-1.055712976869802e-07,-2.296576370513600e-06,-1.671434760404913e-06,-3.942823433207426e-09,-1.602769913407471e-08,-1.292277241502632e-08,-1.153041093139732e+00,7.868604381069112e-01,-9.257160815901095e-08,-6.824557234322971e-06,-2.949268300436687e-07,-6.007386770169862e-06,-1.368022926836852e-07,-1.110277291258163e-09,-2.130844277891263e-06,-8.855703428526264e-07,-3.991105605517361e-09,-1.278879864288464e-08,-3.242080724575678e-07,-3.560184730090906e-07,-3.367557405453847e-08,-1.241654508560267e-07,-1.724010290591190e-07,-4.638219618340151e-09,-2.414902889749975e-07,-1.074489028602194e-06,-7.595223670846737e-12,-5.485989438453647e-09,-1.007706597447072e-10,-8.163147483003167e-14,-2.780280740188237e-15,-1.209241793943203e-03,-8.598773640290776e-03,-1.054359023884474e-05,-2.592129706801402e-04,-1.677717780400496e-04,-3.233690906888113e-09,-6.841340048549160e-08,-4.583955597071477e-07,-1.000490205791053e-06,-7.152862301982184e-07,-6.419721861583338e-07,-1.955087333097311e-07,-1.328187559934690e-11,
-1.668557405756326e-01,-7.772985526230458e-01,-5.075845393593005e-01,-5.405364924646766e-04,-1.581737688048748e-01,4.966448990112086e-01,-2.796912831012466e-04,-4.134439499424937e+00,-3.111253138004026e-07,-1.446806131967216e-07,-8.586611254664356e-08,-5.170440938861844e-06,7.617907870632757e-09,-2.905005703489221e-05,-5.329612443403614e-06,-1.158090121184621e-08,-9.277568949114933e-08,-5.554613428890349e-08,-4.400527522689822e+00,1.860198280303846e+00,-4.864612947494615e-08,-1.334388358737671e-06,-1.230638635548769e-06,-2.743404845695252e-05,-4.079222460814600e-07,-3.794682708800357e-09,6.373217552087053e-08,5.850699716236258e-07,-3.101221880243897e-09,-6.350916287044312e-08,-9.878651392239941e-08,-1.352484444329684e-06,-7.980005545156189e-07,-1.348900881156235e-06,-3.024427570591534e-06,-1.261502936935212e-07,-2.949975471481783e-06,-1.054799676342980e-06,-7.386852298216911e-10,-1.604727070207308e-06,6.441236695859411e-11,-8.316097478023898e-14,-1.739193352851632e-15,-1.412540495125527e-03,-1.041310110339143e-02,1.286640246914191e-06,-1.651938588305042e-02,-1.154122092586439e-02,-1.388068371731625e-07,-2.185797565544264e-06,-4.414364479392334e-07,-2.417607153509812e-05,-2.130270179119870e-05,-9.391443977259410e-06,-5.905235538972945e-06,-4.793898611410441e-11,
-3.990335619703478e-03,-3.039983953016986e-02,-8.938743987625372e-02,3.240349253360605e-07,-1.109569481878062e-02,1.052778052932283e-01,-6.796352051001902e-06,-3.404682537547261e-01,-8.943109983774378e-08,-3.068225629089843e-07,-2.623997864225175e-08,-1.130851357708509e-06,-2.611390675130075e-07,-6.836612698317999e-07,-1.684503083024841e-06,-4.076474334614073e-09,-1.462764444766851e-08,-1.413072989149307e-08,-4.854319202363139e-01,2.717460048148490e-01,-8.799193118964573e-08,-8.263240432427926e-06,-1.649739526150400e-07,-5.350637710274183e-06,-1.033938951770379e-07,-9.755821346585712e-10,-3.734865891057932e-06,-1.233061923132663e-06,-1.595594016433476e-09,-4.589113449966467e-09,-1.087247567769468e-07,-2.341513526072839e-07,-1.448357925717223e-08,-7.916349636860233e-08,-1.127048132147356e-07,-1.869295085450460e-09,-9.356643265561505e-08,-9.207744403818872e-07,-1.863200103940983e-12,-1.100708336768224e-09,-1.068339306895072e-10,-5.048012409147486e-14,-2.514919682905847e-15,-7.263396664953925e-04,-5.026328210624242e-03,-1.274853729916285e-05,-4.452773412069466e-05,-2.793513030932479e-05,-7.673055228175448e-10,-9.250018887137710e-09,-4.153064762963040e-07,-3.908585904013167e-07,-2.476606294316786e-07,-1.936504335248216e-07,-6.908929538667721e-08,-8.903516812708290e-12,

4,56
5.660715704393684e+00,2.812313809965288e+01,4.340175290941426e+01,6.579372775698582e+00,1.305724529180778e+01,3.153091317453373e+02,5.970390531865799e-01,6.220121206296225e-12,5.230086182937096e-01,1.251310819216273e+00,1.538644460508007e-01,2.412842507327664e+01,1.626283686958673e+01,1.773511890523723e+00,1.549922125298894e+01,4.246385469257750e-01,1.186353908710435e-01,2.770735859599585e+00,4.579966669153804e+02,2.826921653525536e+02,1.879702106360709e-01,5.938450258632544e+01,3.403641343725908e+00,2.728823529981013e+02,1.403583973638162e+01,2.498267455924449e+01,8.091417825053597e+00,3.293110571549851e+00,1.425766137656792e-02,3.624561183547062e+00,2.420423830255293e+00,1.059240915919222e+00,4.002867988016099e+00,2.314896812966966e+00,4.002286454663795e+00,1.883936461698617e-01,3.373920814264035e+01,1.563246356019719e+00,5.291254743988740e-01,7.428586894335838e+00,1.517512237506791e+00,4.109644984556321e-02,1.063017865857602e-03,8.612827830980171e-02,3.598833445733990e-01,2.496810197231272e+00,4.567785294857004e-01,6.863626922801834e-01,1.682460772195127e-01,1.698293692117443e+01,1.320570386445014e+00,1.536140831931385e+00,9.182415685099420e+01,1.242981112591190e+01,2.573463080763978e+01,1.489297574153170e-10,
-3.688355602082979e-03,-3.062220460375833e-02,-8.990877176422947e-02,7.535563599883589e-06,-1.116736152040378e-02,4.919891738277444e-01,-6.849237660940098e-06,-3.425594140268377e-01,-6.511449782645240e-08,-1.115430746589000e-07,-1.980751883849592e-08,-8.938664935890070e-08,1.505551716726549e-07,-6.874958971334704e-07,-8.411582548872098e-07,-1.315063448015081e-09,-9.988054578784271e-09,-3.297411358734868e-09,-4.884130060830507e-01,1.845577032766611e+00,-4.200994777475972e-08,-7.333797968542681e-07,-1.465140777282743e-07,-2.031528846112369e-06,7.434296998129803e-08,5.717631941090087e-10,2.079051667031648e-07,6.105403397993542e-07,8.280564011763386e-10,-4.535267739945686e-09,5.578563828114028e-08,1.052784784699315e-06,8.094145664703703e-08,2.105524360827160e-07,3.156353165952539e-07,5.613261043376507e-09,3.016181296289420e-07,1.284122904258058e-06,1.645214128950925e-11,6.651647225781215e-09,6.231309527032417e-11,-5.057712452275752e-14,-1.754080521942880e-15,-7.292140287861073e-04,-5.046875441281021e-03,1.093347450498090e-06,-4.500057942978981e-05,-2.823703589171511e-05,4.093309421876281e-10,4.045044723737112e-08,2.920540007060211e-07,2.411275838527525e-06,2.850537151152411e-06,1.938129831531950e-06,7.763587179788393e-07,1.201355681601513e-11,
-1.268319601664212e-02,-9.528143798705074e-02,-2.068209072384056e-01,2.401149485953941e-06,-2.964894278917125e-02,3.186798152510261e+00,-2.356903660166690e-05,-8.398522148025551e-01,4.549663706967882e-07,1.470016350655401e-06,1.731181479554468e-07,1.052191164349295e-05,9.305197645397472e-07,-2.304165288331606e-06,1.082022758104245e-05,2.897465178147690e-08,1.359255996685699e-07,1.003904623165743e-07,-1.162246876278278e+00,6.965895271390535e+00,4.970948373256986e-07,3.746015018947266e-05,9.850436679932817e-07,4.404456963729618e-05,3.796260249029409e-07,1.029988507192941e-08,1.224493336496406e-05,4.445393471067957e-06,5.981135928610026e-09,2.428224185156764e-08,2.055320499239739e-07,2.949438055549124e-06,1.062545556348350e-06,1.403603502401063e-06,3.859750548914185e-06,1.281037292561281e-07,2.909887165899013e-06,6.840129076832619e-07,6.361994220591130e-10,3.897959319354095e-06,4.051664814822024e-10,1.303535225506402e-11,2.508912172250163e-13,1.462052638206910e-03,1.032149880734392e-02,6.414383856017181e-05,-2.641096800710056e-04,-1.709924519934618e-04,1.173182705557225e-07,1.984134106285219e-06,1.719041294012132e-07,2.164448155751062e-05,2.463140710799168e-05,1.284713067512332e-05,6.808260532950446e-06,3.457922836958005e-11,
-1.982908325400837e-03,-1.180704618468610e-02,-3.303719747364112e-02,6.416209549185805e-06,-5.949153442468658e-03,1.841998040738333e-01,-1.806992980270075e-06,-1.574183208004087e-01,-4.120583030761198e-08,-1.769726723860684e-07,-1.583791398750818e-08,-4.152881650200151e-07,-7.594150124322848e-08,-2.005790676896590e-07,-1.014701827624308e-06,-2.010200420550023e-09,-7.433647372636492e-09,-6.700653216389883e-09,-1.653190834020797e-01,7.820962039581320e-01,-5.969913159763739e-08,-5.568703642283541e-06,-8.079338688277681e-08,-2.121503500302610e-06,4.183928889135847e-08,2.735321858676240e-10,-1.848109533429642e-06,-7.933063452077708e-07,3.613211904194285e-10,-2.084671805984987e-09,1.968096683736809e-08,7.279257298569276e-07,6.512969300382490e-08,3.152341926419364e-07,4.573994966070890e-07,5.239439200873451e-09,2.536999019112811e-07,8.987029243569048e-07,4.831436003652298e-12,3.931323071848012e-09,-9.344381103438142e-11,-2.287190310701964e-14,-1.525277100051171e-15,-4.565334952977458e-04,-3.112289473513042e-03,-1.056870886968075e-05,-1.212883731246489e-05,-7.448545528517337e-06,-3.908392696429571e-11,2.709274356615360e-08,1.566981108337710e-07,1.792655496266527e-06,2.324003910249858e-06,1.129511525861597e-06,6.367434857243456e-07,1.217997924740644e-11,

