1
0
56
1
(4 0
((0,0) (7,127) (0,0))
((0,256) (7,383) (0,0))
((0,128) (7,255) (0,0))
((0,384) (7,511) (0,0))
)
4
FabOnDisk: SD_5_Old_MF_D_0003 0
FabOnDisk: SD_5_Old_MF_D_0001 0
FabOnDisk: SD_5_Old_MF_D_0002 0
FabOnDisk: SD_5_Old_MF_D_0000 0

4,56
-7.674737897328705e+00,-1.667539446775558e+01,-2.628949817726289e+01,-5.399611664743279e+00,-8.166191553321825e+00,-8.635776892558940e+00,-1.075145245457056e+00,-6.318634778431200e+02,-2.472627476521457e-01,-7.014851322049579e-01,-7.858878275347500e-02,-1.354371718777605e+01,-1.280430314082063e+01,-1.286597374389610e+00,-9.587548553999468e+00,-4.383945945558099e-01,-6.516030200108712e-02,-2.827558947029932e+00,-1.327097989987236e+02,9.963225042078708e-20,-8.165013821524127e-02,-4.527758464769256e+01,-1.718836855583870e+00,-2.011084984274741e+02,-6.665296967618334e+00,-2.389126855963825e+01,-3.957310982156162e+00,-2.846596813318527e+00,-8.439728805220816e-03,-1.862155389992229e+00,-1.586875986006805e+00,-8.697026613128722e-01,-3.574257894524071e+00,-2.055530217886106e+00,-3.002205030194944e+00,-2.030320151493372e-01,-3.002505105940873e+01,-5.529136957422934e-01,-2.824158561580161e-01,-7.572237354658460e+00,-9.611320709754425e-01,-1.677378419176219e-02,-6.738553397892315e-04,-7.143525721893089e-02,-1.626040440463457e-01,-1.838961170832264e+00,-6.966067979880319e-02,-3.713409619187941e-01,-1.217291997425459e-01,-2.351612877241313e+01,-4.873077335641665e-01,-5.855459624953091e+02,-8.401774818771666e+01,-9.107669351287315e+00,-2.290302387009588e+01,-1.252828951692209e-10,
-1.251674059731058e-02,-9.412958577480060e-02,-2.051457847273820e-01,2.639600564293933e-06,-2.935081252993479e-02,1.852959624686954e-01,-2.325064884241912e-05,-8.321097730609062e-01,-1.134934048105341e-07,-2.719848959296447e-07,-3.111776798523517e-08,-1.053858165235236e-06,-1.000867229699779e-07,-2.290868055010865e-06,-1.944730211047357e-06,-4.413882285091453e-09,-1.868872957752197e-08,-1.521394520025412e-08,-1.152048378220504e+00,7.863011414485734e-01,-9.029883345901304e-08,-6.730243441974802e-06,-2.943136481264383e-07,-6.239327939501189e-06,-1.544546535583771e-07,-1.114513713372383e-09,-2.111767435981945e-06,-8.527251320315015e-07,-1.542524378939182e-09,-1.275587062415196e-08,-9.571812535234057e-08,-2.677177078976061e-07,-3.164539118560057e-08,-1.128133786598134e-07,-1.233762699098725e-07,-3.918075803049914e-09,-1.871218433525544e-07,-8.094656972358632e-07,-7.902148698776901e-12,-3.384179813220526e-09,-9.927848361609034e-11,-8.181315243284874e-14,-2.768533559645035e-15,-1.208691447561119e-03,-8.594456024394757e-03,-1.054625272849156e-05,-2.586721239496039e-04,-1.674142123479172e-04,-3.012222833457424e-09,-7.105788766003078e-08,-3.271958313902056e-07,-1.092386363005742e-06,-6.757271037592218e-07,-4.741128932858106e-07,-1.837801548515825e-07,-1.223060541732934e-11,
-1.660894936090228e-01,-7.754385992734231e-01,-5.084314193715690e-01,-5.382559714678626e-04,-1.580040957088612e-01,4.961669613155276e-01,-2.788148097072623e-04,-4.121109357460276e+00,-1.775320695332983e-07,-1.406315915476430e-07,-4.291897674697786e-08,-2.292331573244626e-06,1.322897438293260e-07,-2.886330529106606e-05,-1.999552185944493e-06,-2.984478200817905e-09,-3.639819121498712e-08,-1.417834515993989e-08,-4.387419390446411e+00,1.858472684765555e+00,-4.919556299646445e-08,-1.362574439276093e-06,-1.303804289694726e-06,-1.612614463893263e-05,-3.957392796228419e-07,-2.786234566314139e-09,3.291528711656800e-08,5.586941504273720e-07,-3.426573912748806e-09,-4.620055419536939e-08,-9.586977626277422e-08,-9.862071894021737e-07,-3.236497428681341e-07,-6.225644932608206e-07,-1.889544950764590e-06,-8.121680321030332e-08,-2.375103887011895e-06,-7.531787104397180e-07,-3.550529941330510e-10,-1.491713623999130e-06,6.364032098450132e-11,-8.335383087147625e-14,-1.745319583318004e-15,-1.412370852891799e-03,-1.041167651435708e-02,1.269606217288440e-06,-1.638539329238282e-02,-1.144812842979516e-02,-5.323261757977770e-08,-2.026144106919059e-06,-2.605615276437261e-07,-2.219431492403227e-05,-1.075298872809857e-05,-4.644446148410057e-06,-3.115350497721053e-06,-3.418709759728245e-11,
-3.993986978114429e-03,-3.037975893806920e-02,-8.933861166782883e-02,3.093741780938130e-07,-1.109072142601450e-02,1.052110544875111e-01,-6.791031103559499e-06,-3.402552693542988e-01,-8.955333485916442e-08,-3.070934573576719e-07,-2.626194429088035e-08,-1.227788617614210e-06,-2.612882964785476e-07,-6.831979436030974e-07,-1.828779597643332e-06,-4.253133251153136e-09,-1.539197244591406e-08,-1.499191980002248e-08,-4.850763921051124e-01,2.714626661302141e-01,-8.219691948757954e-08,-8.267912579311469e-06,-1.481523204186171e-07,-4.972033993790959e-06,-1.226905906197954e-07,-8.866774427293994e-10,-3.739132328510046e-06,-1.233192007504370e-06,-1.939087529507089e-09,-4.566138136111167e-09,-1.451297981250397e-07,-1.520343645163010e-07,-1.143442883826997e-08,-4.836822484794265e-08,-9.298996750722482e-08,-1.651967074897305e-09,-8.311831234529445e-08,-6.130817940254421e-07,-1.681300820146691e-12,-9.886599200324650e-10,-1.061218984054167e-10,-5.042672516344729e-14,-2.512475186967070e-15,-7.260065366992987e-04,-5.023957072015427e-03,-1.275122073250212e-05,-4.447767287669780e-05,-2.790325970854954e-05,-7.639130270572804e-10,-9.122157083142044e-09,-2.392196605785726e-07,-5.258003837999998e-07,-3.627184066690780e-07,-2.486963783605524e-07,-1.000578173538656e-07,-1.095368240555672e-11,

4,56
5.664112329130846e+00,2.766007517675046e+01,4.306158321472889e+01,6.653915194059329e+00,1.304719726724773e+01,3.139163659289496e+02,6.025127983707323e-01,2.722600790650009e-13,5.143823235939575e-01,1.265675562563910e+00,1.488242434030122e-01,2.418238546562636e+01,1.615482323031420e+01,1.761559843576340e+00,1.569053414993131e+01,4.248738572574520e-01,1.216231331305310e-01,2.724570399101260e+00,4.608358640023986e+02,2.828711312889840e+02,1.904203674817588e-01,6.002788746653682e+01,3.365457098001951e+00,2.872643011959859e+02,1.430533525214862e+01,2.625417883277824e+01,7.741818241710583e+00,3.345172680006475e+00,1.471341622041702e-02,3.368287809492768e+00,2.483226223486451e+00,1.104700373602595e+00,3.966194596058504e+00,2.387971244626146e+00,3.938715792576724e+00,1.973907180172949e-01,3.473946053522730e+01,1.520052669648457e+00,5.850217014545194e-01,7.744526004577792e+00,1.528639307728907e+00,3.836475059400344e-02,9.998417757019679e-04,8.374251725530343e-02,3.586395037635163e-01,2.480303585576064e+00,4.645306537173332e-01,6.860400484678405e-01,1.785116687847932e-01,1.724648678301359e+01,1.292118395785559e+00,1.404010269593583e+00,8.796357520479592e+01,1.341119075997323e+01,2.472941683752976e+01,1.998614607146010e-10,
-3.687709392613531e-03,-3.060211235022965e-02,-8.986001851152411e-02,7.535860569003034e-06,-1.116240253264860e-02,4.915582346511981e-01,-6.844232875068318e-06,-3.423491896527646e-01,-6.458455139297230e-08,-1.097701274357976e-07,-1.987340355461797e-08,-7.410256867393570e-08,1.535035143413302e-07,-6.868065373617018e-07,-8.153737626772714e-07,-1.290927785771418e-09,-1.016067600170237e-08,-3.131393837412487e-09,-4.880628734668559e-01,1.843998185672242e+00,-4.135022932921110e-08,-6.807287258248335e-07,-1.451839020219115e-07,-2.067626286660947e-06,7.373022866087471e-08,5.373529192331436e-10,2.091951344647135e-07,6.123120636309289e-07,5.452783339763459e-10,-4.532410949634722e-09,3.731831798139243e-08,1.424526594223614e-06,1.835494101477321e-07,4.883326105091921e-07,6.721474447200810e-07,1.402006469647282e-08,4.186246173513014e-07,1.159004895184318e-06,2.993704849241944e-11,1.850169316798260e-08,6.245630224883858e-11,-5.057081030950015e-14,-1.747733802579323e-15,-7.288858737808122e-04,-5.044537186326854e-03,1.070982033957956e-06,-4.495013881450229e-05,-2.820510339383517e-05,4.506107185138977e-10,5.070499756846754e-08,3.254924383993660e-07,2.197312004821170e-06,2.389304777037268e-06,1.702405833178460e-06,6.508846846447898e-07,1.213695810520221e-11,
-1.266888789203998e-02,-9.516830407561662e-02,-2.066533838132550e-01,2.423526744637299e-06,-2.962036290061339e-02,3.178612025735833e+00,-2.353774658197714e-05,-8.390636013968447e-01,4.499191469845785e-07,1.460142001698963e-06,1.379823180992930e-07,6.293687299484412e-06,8.620191105497005e-07,-2.296443523904570e-06,7.804938665336985e-06,1.837132925468743e-08,6.718192095188033e-08,5.420646290917280e-08,-1.161162567866468e+00,6.945256412916711e+00,4.939133437953790e-07,3.722486779179157e-05,6.264328384200190e-07,2.364987115685408e-05,4.719619246312378e-07,9.519835025162166e-09,1.219215695641087e-05,4.433281469398790e-06,2.917815136399150e-09,6.745464932671133e-09,9.785182513227072e-08,1.737327895674400e-06,3.947503100257296e-07,6.115862593863209e-07,1.265601697966659e-06,3.932525069314794e-08,9.710423585652130e-07,1.369550970035544e-06,3.589239665007538e-10,4.891763098546637e-06,3.987334107413919e-10,1.205467291004781e-11,2.321925873522195e-13,1.438794844823656e-03,1.013562921232900e-02,6.395417267517416e-05,-2.635418413875124e-04,-1.706225109594997e-04,4.110532080351536e-08,9.822049736382389e-07,1.817689650549225e-07,1.351298710362253e-05,7.323310001776642e-06,4.523257376696890e-06,2.038185803278188e-06,4.845435164213541e-11,
-1.981678185501014e-03,-1.179375289370591e-02,-3.297480763584006e-02,6.414489101058151e-06,-5.944264666860494e-03,1.841218244376063e-01,-1.802477057778819e-06,-1.573455554114225e-01,-4.085389200173109e-08,-1.744282296281263e-07,-1.537863860731225e-08,-4.084299125318162e-07,-8.520379080803357e-08,-2.001318011785269e-07,-1.025674801014934e-06,-1.978989910133252e-09,-7.593011677285540e-09,-6.507300081258625e-09,-1.651415656235508e-01,7.815284328481036e-01,-6.001372381499034e-08,-5.456479362968279e-06,-8.147846435064582e-08,-2.043649965622976e-06,4.059435668570297e-08,3.083002631594205e-10,-1.850860052369544e-06,-7.952281055849017e-07,3.530013869599291e-10,-2.094000725744228e-09,1.830091968164390e-08,9.819979386618915e-07,8.671011101076434e-08,3.936681817642530e-07,5.350552760914753e-07,5.820597251053678e-09,2.603567359526706e-07,1.317789915172419e-06,5.016795884581980e-12,4.823300519090443e-09,-9.308790678590111e-11,-2.284551924972171e-14,-1.523976354527842e-15,-4.563717521590949e-04,-3.111132746836603e-03,-1.057127522980939e-05,-1.211099881709901e-05,-7.437303817597965e-06,-9.837727451970413e-11,2.498610232818948e-08,1.948792422775401e-07,9.697065609504920e-07,1.946704144774157e-06,8.521318833278926e-07,5.334526832011121e-07,1.203187549592144e-11,

