1
0
63
1
(4 0
((0,0) (15,255) (0,0))
((0,768) (15,1023) (0,0))
((0,512) (15,767) (0,0))
((0,256) (15,511) (0,0))
)
4
FabOnDisk: SD_0_Old_MF_D_0003 0
FabOnDisk: SD_0_Old_MF_D_0000 0
FabOnDisk: SD_0_Old_MF_D_0001 0
FabOnDisk: SD_0_Old_MF_D_0002 0

4,63
-9.851738101995040e-07,4.022142300120047e-01,1.576132737176536e-01,2.393165709104329e-20,9.536458586996991e-19,5.213657372448278e-15,1.910922134151389e-09,6.843222494060864e-07,3.321600504205483e-07,7.836044429745444e-10,2.848123906561451e-03,0.000000000000000e+00,5.840727064758992e-24,4.038317740048221e-25,2.163672756905899e-11,1.160735041908515e-10,4.337131880533706e-20,1.719332769808109e-09,2.341151583307182e-14,1.682176461587806e-24,1.211706505251187e-11,1.182128401888766e-07,1.235339388432784e-08,6.489313923071278e-30,1.316203987600986e-09,4.080174652772631e-21,3.432043698403706e-09,0.000000000000000e+00,1.194745882156387e-14,1.957921281278792e-23,1.614813181435939e-10,1.011319444768224e-17,1.576010141999261e-19,2.148383619776326e-12,0.000000000000000e+00,0.000000000000000e+00,0.000000000000000e+00,0.000000000000000e+00,0.000000000000000e+00,0.000000000000000e+00,0.000000000000000e+00,0.000000000000000e+00,0.000000000000000e+00,6.644927294175638e-14,1.501510506964690e-16,4.223373454879115e-18,1.534673205978686e-13,4.979866411879738e-14,2.068429839830314e-12,4.812039595707290e-13,8.670561032495672e-13,2.550226927190789e-27,0.000000000000000e+00,0.000000000000000e+00,0.000000000000000e+00,0.000000000000000e+00,0.000000000000000e+00,0.000000000000000e+00,1.130705912522168e-01,3.976915120108770e+03,0.000000000000000e+00,4.430027869851529e+02,1.013216114686970e+05,
-1.437879445410154e-07,3.949434050558983e+00,1.460857927504643e-01,6.096900216577897e-06,5.821966141752962e-05,4.689076006912444e-04,1.349675706157875e-07,5.699317929282117e-05,1.235208243805980e-02,1.207974428775849e-08,1.183500525390772e-03,5.118885129162441e-11,2.717698572967890e-10,2.295140291649786e-11,1.087933304733598e-09,2.984130216291797e-10,8.700839704596259e-10,1.628353040178314e-09,3.547250193941332e-12,1.172459639999453e-11,1.251074578344151e-11,3.567777817825366e-03,2.344015007676326e-02,8.751860790586228e-11,9.041340869573656e-09,1.001335843239753e-10,3.368086396935015e-09,6.915215212244110e-14,1.250594709409498e-15,2.998637908170126e-09,1.625334440014684e-09,4.097276549428248e-15,2.177116543118349e-12,4.877018700658292e-14,8.168018869532214e-14,1.573788902738495e-15,3.172786166173738e-15,2.784276035022537e-15,9.606688302111059e-19,4.460001846718369e-17,1.674892285115556e-20,7.843466440079198e-22,2.127021100561151e-17,7.840768233155745e-14,1.739011673268993e-17,1.196809344003025e-18,5.876065458191553e-07,3.996296440412845e-06,1.799829471069300e-08,1.328447240199742e-08,8.122517749792752e-09,4.245609971725475e-13,6.982453229613852e-16,0.000000000000000e+00,0.000000000000000e+00,5.899914706906264e-29,2.479593392033994e-28,5.444991630973343e-28,1.047751010998016e-01,7.926669854773355e+03,0.000000000000000e+00,2.330994397884579e+03,1.013249782432155e+05,
-2.919777330562552e-07,3.880550394625627e+00,1.469309422058057e-01,7.199162209842617e-06,6.940309066349886e-05,5.059806668279923e-04,1.327033572143220e-07,6.111004388242602e-05,1.235464700810588e-02,1.457826155828479e-08,1.323500863861179e-03,8.149290103061557e-11,3.926369147375332e-10,3.425873172868456e-11,1.509505225757503e-09,3.791360197315382e-10,1.128321116543132e-09,2.350104424665475e-09,5.142268464699342e-12,1.759640320148044e-11,1.780539878975942e-11,3.779097652152420e-03,2.305519433940750e-02,1.279780758393403e-10,1.259084638967387e-08,1.653503828707726e-10,5.012854669437508e-09,1.271481252479142e-13,2.307808418246011e-15,4.183313793225792e-09,2.192022238324620e-09,8.690749331090552e-15,3.976214066542875e-12,1.031749046348598e-13,1.074160819903109e-13,0.000000000000000e+00,0.000000000000000e+00,0.000000000000000e+00,0.000000000000000e+00,0.000000000000000e+00,0.000000000000000e+00,0.000000000000000e+00,0.000000000000000e+00,1.387065965391001e-13,3.851669641685936e-17,2.398651187876864e-18,9.297394737110906e-07,6.348523742107284e-06,2.481820505402578e-08,2.828420884546302e-08,1.745755135978518e-08,7.240025014627491e-13,1.041774011073637e-15,0.000000000000000e+00,0.000000000000000e+00,0.000000000000000e+00,0.000000000000000e+00,0.000000000000000e+00,1.053832154301991e-01,7.835112957720670e+03,0.000000000000000e+00,2.291924309987971e+03,1.013249481847332e+05,
-1.405365043117267e-06,3.629620297890387e+00,1.490395739437926e-01,1.040011036024139e-05,1.010504175706796e-04,5.929238306201115e-04,1.327108968350505e-07,7.157475027167303e-05,1.234043958584014e-02,2.215671389594337e-08,1.659426983624930e-03,1.367805663227754e-10,4.170910722433050e-10,5.026581859720402e-11,1.393856903617221e-09,1.991479766881452e-10,1.885771363662570e-09,2.863970829648654e-09,5.483583984764843e-12,2.609808859255969e-11,1.938408560214834e-11,4.281655912290992e-03,2.215904430809298e-02,1.323177897972128e-10,1.075048529144383e-08,2.988133049564350e-10,6.869878076618298e-09,0.000000000000000e+00,0.000000000000000e+00,3.001703523585021e-09,1.195150219183772e-09,2.432710701874814e-14,8.733947993330872e-12,2.143022137253753e-14,0.000000000000000e+00,0.000000000000000e+00,0.000000000000000e+00,0.000000000000000e+00,0.000000000000000e+00,0.000000000000000e+00,0.000000000000000e+00,0.000000000000000e+00,0.000000000000000e+00,5.752906040484488e-14,8.277931202647426e-17,3.296482902410504e-18,1.546363004481639e-06,1.065762275852825e-05,1.794658184440246e-08,9.414373232844669e-08,5.943905304351423e-08,1.423051712537047e-12,0.000000000000000e+00,0.000000000000000e+00,0.000000000000000e+00,0.000000000000000e+00,0.000000000000000e+00,0.000000000000000e+00,1.068999337478261e-01,5.959107177580025e+03,0.000000000000000e+00,2.148551196024620e+03,1.013249476157989e+05,

4,63
9.242433598679458e-07,3.627301122301219e+00,8.373181324425157e-01,5.051104019828227e-05,4.620460940927693e-04,9.693598248314436e-04,1.194957981121146e-04,3.373608904651598e-04,1.305906373553950e-02,2.143088748345840e-05,1.827756320065402e-01,1.350461606283842e-06,6.315949259269999e-06,7.143126329818869e-07,2.325210276632905e-04,2.553427410580534e-04,2.049653621994635e-05,5.129212390817834e-04,1.484332209991957e-05,9.632102852265136e-07,6.735994523224228e-05,1.406644684525293e-02,2.215446397129749e-02,7.641602187129296e-07,5.984823774063548e-04,2.210383033283244e-05,4.516630584753329e-03,1.013576028621503e-04,4.496654124812098e-04,3.180312605265574e-05,1.160197970131075e-04,1.353761915462959e-07,3.245364400580433e-05,3.863162522462486e-05,1.195517434147297e-05,5.740019187423382e-05,3.104951994704346e-05,4.097079602021299e-05,3.146326107491621e-06,6.538437672124421e-04,1.118871613645847e-05,4.180140334087639e-06,1.176240603885334e-04,1.611216311986287e-05,6.465941634955740e-07,1.473411831065026e-08,2.489234265268891e-06,1.757445321886045e-05,3.000254339666207e-05,1.274957273275365e-05,1.655152443448292e-05,1.709704627143861e-06,4.601883455425517e-04,9.843366719285547e-06,5.259392715148409e-02,1.683665888093004e-03,1.427308695710102e-04,4.585944536436137e-04,6.019473995362178e-01,7.575788896152712e+04,0.000000000000000e+00,2.147229496700576e+03,1.013320710126060e+05,
1.436895529993523e-07,3.979388770498703e+00,1.469265201327802e-01,7.192849828708453e-06,6.934006097654494e-05,5.057820162248449e-04,1.366944627628314e-07,6.108705492719304e-05,1.235464314527774e-02,1.456398570664258e-08,1.322772443718420e-03,8.134536744721209e-11,3.921274017077249e-10,3.420820280967619e-11,1.507845684563814e-09,3.788855697172552e-10,1.126864986280198e-09,2.347035544469276e-09,5.135503212020391e-12,1.756994219073958e-11,1.778372553094429e-11,3.777990614042902e-03,2.361232021731740e-02,1.278061323794842e-10,1.257707428787114e-08,1.650265993780504e-10,5.005738399750527e-09,1.268264518967715e-13,2.301955706521482e-15,4.178741357282624e-09,2.190037319325787e-09,8.662514724017646e-15,3.966494742861384e-12,1.028412993098664e-13,1.252496159583583e-13,3.207133016133093e-15,5.378660784567847e-15,4.821309698659166e-15,2.337640293734728e-18,9.952343379593268e-17,3.646895415932108e-20,2.156144991195584e-21,4.890145387006589e-17,1.384576260444778e-13,3.840200901770065e-17,2.392743694690438e-18,9.281297754994318e-07,6.337399938750960e-06,2.479314575057009e-08,2.819107874843981e-08,1.739920702155605e-08,7.224612983816671e-13,1.258890502914050e-15,2.029678719822176e-24,4.398490546717707e-21,1.231116856729495e-20,6.074546185763167e-20,2.411286693503195e-21,1.053800458091858e-01,7.943975676746938e+03,0.000000000000000e+00,2.347027300180544e+03,1.013250196821452e+05,
2.919880268540832e-07,3.949278200763872e+00,1.490263912002569e-01,1.037835249509165e-05,1.008387103072902e-04,5.924111325617965e-04,1.349580019740707e-07,7.150981714389951e-05,1.235708245462276e-02,2.210355748537461e-08,1.657379734389769e-03,1.365069409042405e-10,5.321694439290990e-10,5.020202056663754e-11,1.899037363337076e-09,4.053277963766377e-10,1.880508409106359e-09,3.217822883669329e-09,6.986487136193709e-12,2.606407834581684e-11,2.347016975297281e-11,4.278635740306081e-03,2.343926002448895e-02,1.758383801308725e-10,1.579696235426833e-08,2.980924970207780e-10,7.203265200932812e-09,2.953086384820602e-13,5.394908425351929e-15,5.169158529346713e-09,2.494846571116762e-09,2.694355989299803e-14,8.704036741215670e-12,3.253341949964684e-13,1.479933104083034e-13,9.769654905449784e-15,2.075030830087644e-14,3.670833275007198e-14,7.168954037530311e-17,2.502071999968760e-15,8.196488381185399e-17,8.591198230862011e-20,6.823855243571464e-16,1.788401825003181e-13,8.255910315005553e-17,4.138595035072467e-18,1.543172750861834e-06,1.063505232403900e-05,3.011831053853709e-08,9.356191392677832e-08,5.906360446377857e-08,1.420333766277707e-12,6.282492751298543e-15,5.066912913137734e-17,3.107376438064440e-16,2.969461475867919e-13,9.504932817614681e-14,8.008844087555621e-14,1.068904418232689e-01,7.929480148028299e+03,0.000000000000000e+00,2.330910083358890e+03,1.013250290725671e+05,
1.448104740921442e-06,3.880145442878375e+00,1.575284756145212e-01,2.832340287022028e-05,2.625173576005316e-04,8.502063441221897e-04,1.888297691688446e-07,1.105662328119914e-04,1.235712426644857e-02,7.084971142016000e-08,2.837475940062145e-03,1.963751766509297e-10,5.604928658018805e-10,5.834585940309066e-11,1.934609644995805e-09,3.970139030833031e-10,6.784603667654729e-09,3.478996660946003e-09,7.352203599330942e-12,3.075168883528455e-11,2.448154329722789e-11,5.907444351535135e-03,2.305299129854484e-02,1.852305016737415e-10,1.599579840353086e-08,5.171258110176043e-10,8.105025188938696e-09,2.118485889308143e-12,2.559482180404026e-14,5.190833950751123e-09,2.484760383752739e-09,1.800107049966788e-13,2.204976164246920e-11,2.263701209587646e-12,4.024372816268245e-12,1.837464361201221e-12,2.315104308348179e-12,5.694962192931772e-12,1.945971891898141e-13,5.344187232376167e-12,4.617846569998258e-12,1.184365870104042e-15,9.143369684361124e-13,1.783622658175254e-13,1.426233776249668e-16,4.503722925159917e-18,2.487709626323159e-06,1.755841585314251e-05,3.020182240778493e-08,1.507996508369824e-06,1.023742267035451e-06,3.640773523368245e-12,7.026392964478920e-12,2.310878571423219e-12,1.093286327237037e-10,4.855933753443219e-11,1.716462505525195e-11,1.348925656668511e-11,1.130095554087961e-01,7.834088496318061e+03,0.000000000000000e+00,2.291683107479601e+03,1.013250604275747e+05,

