1
0
63
1
(4 0
((0,0) (15,255) (0,0))
((0,768) (15,1023) (0,0))
((0,512) (15,767) (0,0))
((0,256) (15,511) (0,0))
)
4
FabOnDisk: SD_0_New_MF_D_0003 0
FabOnDisk: SD_0_New_MF_D_0000 0
FabOnDisk: SD_0_New_MF_D_0001 0
FabOnDisk: SD_0_New_MF_D_0002 0

4,63
-6.330911224827482e-07,4.693457534723989e-01,1.576063310654522e-01,2.146167611613146e-20,8.618348638254126e-19,4.793807489732434e-15,1.762240536318669e-09,6.391573186449772e-07,3.068127360327038e-07,7.225801376922519e-10,2.847259396822347e-03,0.000000000000000e+00,4.991689172259340e-24,3.433156803740678e-25,1.997355079293848e-11,1.168826857922364e-10,3.917838950736471e-20,1.720805975758707e-09,2.126351216243341e-14,1.427097314160817e-24,1.215032826158489e-11,1.090134988291525e-07,1.136096225702957e-08,5.506155565114600e-30,1.211227420211419e-09,3.466028839455780e-21,3.470483622958758e-09,7.540512475139256e-20,1.826473353075707e-14,1.686916991790080e-23,1.482872394967979e-10,9.172573481534355e-18,1.356857268028106e-19,2.253365386856613e-12,0.000000000000000e+00,0.000000000000000e+00,0.000000000000000e+00,0.000000000000000e+00,0.000000000000000e+00,0.000000000000000e+00,0.000000000000000e+00,0.000000000000000e+00,0.000000000000000e+00,6.362873330146344e-14,1.435960071343762e-16,4.030846070970923e-18,1.404653136562522e-13,4.557918693291230e-14,1.893117794520308e-12,4.404146274366965e-13,7.935599517619007e-13,1.685146101000657e-27,0.000000000000000e+00,0.000000000000000e+00,0.000000000000000e+00,0.000000000000000e+00,0.000000000000000e+00,0.000000000000000e+00,1.130655590305605e-01,3.942287968437864e+03,0.000000000000000e+00,4.430025443800660e+02,1.013213802501181e+05,
-1.576303691500294e-07,4.015346282328562e+00,1.460859136240283e-01,6.097938351638973e-06,5.822910584590420e-05,4.689450032677170e-04,1.349686523292422e-07,5.699855937468763e-05,1.235207613215530e-02,1.208157602422385e-08,1.183541485428579e-03,5.119195792346311e-11,2.717570487191830e-10,2.295112295473044e-11,1.087846249534099e-09,2.983789113485239e-10,8.702420340008422e-10,1.628292712456807e-09,3.547151106760605e-12,1.172458730889138e-11,1.250975279386065e-11,3.567906735908279e-03,2.344025734572736e-02,8.751440409900428e-11,9.040271415535912e-09,1.001361340517847e-10,3.367817308428911e-09,6.915906825028616e-14,1.250713044452760e-15,2.998312136657080e-09,1.625117505851889e-09,4.098191772631277e-15,2.177215965812516e-12,4.878171596437711e-14,8.168057932906813e-14,1.573997271604026e-15,3.172679500409934e-15,2.784367242979141e-15,9.609759610184019e-19,4.460948407147338e-17,1.675164795010328e-20,7.846498303945438e-22,2.127477226758018e-17,7.839926323479624e-14,1.739149896642669e-17,1.196813076646058e-18,5.876024855259566e-07,3.996275619087765e-06,1.799581510685908e-08,1.328716066925785e-08,8.124180566360932e-09,4.245804963055122e-13,6.983366318810981e-16,0.000000000000000e+00,0.000000000000000e+00,0.000000000000000e+00,0.000000000000000e+00,0.000000000000000e+00,1.047751508710735e-01,7.926625680012304e+03,0.000000000000000e+00,2.331006573742801e+03,1.013249798396465e+05,
-2.382647864246748e-07,3.946477879354255e+00,1.469303144768122e-01,7.198413494369796e-06,6.939563471535504e-05,5.059578219212528e-04,1.327042154501470e-07,6.110739439740453e-05,1.235464421666073e-02,1.457652319830208e-08,1.323404788493390e-03,8.147608563390601e-11,3.925788754173928e-10,3.425298063124688e-11,1.509326411414932e-09,3.791213623737681e-10,1.128148400547692e-09,2.349779117069254e-09,5.141543769748767e-12,1.759348230413235e-11,1.780304502840871e-11,3.778966464332793e-03,2.305535415038392e-02,1.279567469882529e-10,1.258907131453523e-08,1.653075993884385e-10,5.011884169024423e-09,1.271061321710207e-13,2.307043142002265e-15,4.182765995896914e-09,2.191792523809496e-09,8.687154529999735e-15,3.974925332458884e-12,1.031330687063976e-13,8.835650623363486e-14,3.215291671094804e-15,0.000000000000000e+00,0.000000000000000e+00,0.000000000000000e+00,0.000000000000000e+00,0.000000000000000e+00,0.000000000000000e+00,0.000000000000000e+00,1.386925239396684e-13,3.850715495159757e-17,2.398219018191805e-18,9.295253751246632e-07,6.347044099582436e-06,2.481460205840353e-08,2.827209749557439e-08,1.744995508589968e-08,7.237979753169743e-13,1.261568885003669e-15,0.000000000000000e+00,0.000000000000000e+00,0.000000000000000e+00,0.000000000000000e+00,0.000000000000000e+00,1.053827524662936e-01,7.835253336104470e+03,0.000000000000000e+00,2.291944663898046e+03,1.013249632011388e+05,
-1.519766640479708e-06,3.695750812659462e+00,1.490384650564865e-01,1.039810046030648e-05,1.010314975521295e-04,5.928772489630233e-04,1.327115446039491e-07,7.156853052464920e-05,1.234036014524969e-02,2.215201236603667e-08,1.659264545837709e-03,1.367559575218193e-10,4.173776674856770e-10,5.026044307213389e-11,1.394920582711019e-09,1.993030167456486e-10,1.885307257966928e-09,2.865603932499769e-09,5.487701510656694e-12,2.609552160359944e-11,1.939638272833112e-11,4.281424685830101e-03,2.215958737383939e-02,1.324093391061497e-10,1.075774979271603e-08,2.987494139960443e-10,6.874191980756116e-09,0.000000000000000e+00,0.000000000000000e+00,3.004145443765647e-09,1.196139438824316e-09,7.893126560267692e-15,8.731710911810455e-12,0.000000000000000e+00,0.000000000000000e+00,0.000000000000000e+00,0.000000000000000e+00,0.000000000000000e+00,0.000000000000000e+00,0.000000000000000e+00,0.000000000000000e+00,0.000000000000000e+00,0.000000000000000e+00,5.673499322650869e-14,8.276490826149106e-17,3.267193565679997e-18,1.546155777222976e-06,1.065614345573006e-05,1.796016886074189e-08,9.409678519229358e-08,5.940867767106501e-08,1.421187064896956e-12,0.000000000000000e+00,0.000000000000000e+00,0.000000000000000e+00,0.000000000000000e+00,0.000000000000000e+00,0.000000000000000e+00,1.068991347099801e-01,5.961405925363131e+03,0.000000000000000e+00,2.148661769789208e+03,1.013249410362568e+05,

4,63
7.730185750964703e-07,3.693433334802730e+00,8.373192295759533e-01,5.042118751848431e-05,4.615643866500447e-04,9.688101294913214e-04,1.195591450954457e-04,3.391626966416904e-04,1.304636153844495e-02,2.143500081954396e-05,1.827759056642906e-01,1.354615699828466e-06,6.324507628669709e-06,7.159285063966716e-07,2.325928079558594e-04,2.556808216665753e-04,2.048637008281834e-05,5.135131306880445e-04,1.487417983586991e-05,9.628873927531806e-07,6.745982680802147e-05,1.407215304069069e-02,2.215501992759279e-02,7.688752006663113e-07,5.999744513038157e-04,2.213975904415288e-05,4.524464471283878e-03,1.010944463285836e-04,4.505529524155200e-04,3.190033890028386e-05,1.160422679881618e-04,1.349837487518593e-07,3.244281208444353e-05,3.861424930319702e-05,1.201133371385170e-05,5.756460417477928e-05,3.114457106401600e-05,4.110252376903948e-05,3.143959139427554e-06,6.543263384752581e-04,1.116603648282183e-05,4.165456044755492e-06,1.176880249462090e-04,1.618469805228011e-05,6.450435313382680e-07,1.473249402610586e-08,2.489398126185974e-06,1.757576916462520e-05,3.006354034952195e-05,1.276858766312883e-05,1.656454521650594e-05,1.710967969819905e-06,4.604468836546917e-04,9.839929699918538e-06,5.259396851908887e-02,1.682474045993557e-03,1.430374977572920e-04,4.592503519024561e-04,6.019482644679091e-01,7.574686526396179e+04,0.000000000000000e+00,2.147340197503167e+03,1.013322549266718e+05,
1.575288634552377e-07,4.045272049338323e+00,1.469258561998283e-01,7.192074053625772e-06,6.933226983145992e-05,5.057581723010300e-04,1.366897723177584e-07,6.108432702506608e-05,1.235463965324446e-02,1.456216578735644e-08,1.322670865101095e-03,8.132805797596763e-11,3.920677305097266e-10,3.420228523826799e-11,1.507662583456880e-09,3.788712847603999e-10,1.126685178890058e-09,2.346701203508791e-09,5.134758985314798e-12,1.756693708691874e-11,1.778130213531971e-11,3.777851409274145e-03,2.361217444654876e-02,1.277841647211493e-10,1.257524659879364e-08,1.649821691753307e-10,5.004732249750777e-09,1.267828910366725e-13,2.301161767602217e-15,4.178176871949999e-09,2.189801611923148e-09,8.658777909166927e-15,3.965152033460470e-12,1.027977355915489e-13,1.252435308814240e-13,3.206193611355307e-15,5.377352236332112e-15,4.819937955925617e-15,2.336447704421721e-18,9.947762088822308e-17,3.645335360865183e-20,2.154840629569012e-21,4.887781304447350e-17,1.384439845769931e-13,3.839237340535133e-17,2.392312300487828e-18,9.279062474722174e-07,6.335855152844946e-06,2.478939547362315e-08,2.817845560345240e-08,1.739128919899246e-08,7.222487027425136e-13,1.258474086877880e-15,3.471578522460285e-23,7.969230764980724e-21,9.167585406575654e-20,5.608188329091238e-20,2.462064358018461e-20,1.053795561599653e-01,7.944820244480056e+03,0.000000000000000e+00,2.347022614627178e+03,1.013250302848103e+05,
2.169289100780587e-07,4.015190592229948e+00,1.490252708231950e-01,1.037632962169270e-05,1.008196835259520e-04,5.923640992401956e-04,1.349590762427005e-07,7.150353838235902e-05,1.235708071538020e-02,2.209883729423864e-08,1.657217478420638e-03,1.364824358015322e-10,5.321345817120298e-10,5.019642644067711e-11,1.898926445154158e-09,4.053714614165950e-10,1.880044067040184e-09,3.217596222226658e-09,6.985920055434570e-12,2.606062184623462e-11,2.346877360566633e-11,4.278404103443459e-03,2.343936080610629e-02,1.758288654626988e-10,1.579679630594611e-08,2.980272110375206e-10,7.202143901045921e-09,2.949069027549633e-13,5.305963518676710e-15,5.169206327581851e-09,2.495205036925723e-09,2.687880364725633e-14,8.701421183713747e-12,3.228004138682611e-13,1.613666789630826e-13,7.617013259373643e-15,1.018202739364901e-14,1.208130847623769e-14,1.027411994339927e-17,6.882295328574705e-16,4.920446276222198e-17,2.393162405976744e-20,2.318907317511585e-16,1.788948508936442e-13,8.254491354199543e-17,4.138347662892770e-18,1.542964849587256e-06,1.063356828833537e-05,3.011918467373444e-08,9.351506029431068e-08,5.903329548337588e-08,1.419951459036940e-12,4.895115864913685e-15,2.808285224409237e-17,2.140066258027523e-16,3.072586683282312e-14,3.093447207971190e-14,8.109353473366940e-15,1.068896348769992e-01,7.929598978065307e+03,0.000000000000000e+00,2.330921632291492e+03,1.013250321768627e+05,
1.183147126679792e-06,3.946071254749636e+00,1.575215813629583e-01,2.830508092165891e-05,2.623665242960182e-04,8.500410840324014e-04,1.887366749005303e-07,1.105343067128006e-04,1.235711838883335e-02,7.079685581632815e-08,2.836614236344760e-03,1.969691192715718e-10,5.605246264703600e-10,5.834989470406113e-11,1.935267723405504e-09,3.969727915878954e-10,6.779112324857102e-09,3.480463421183799e-09,7.347792042441426e-12,3.076052258666625e-11,2.446121327572072e-11,5.906304769177789e-03,2.305314857380137e-02,1.852416457697509e-10,1.599879878919640e-08,5.171590044821976e-10,8.107473144671149e-09,4.335519130037517e-12,3.246714646264296e-14,5.191093385218744e-09,2.484755503787531e-09,1.798750568425974e-13,2.204650744987903e-11,2.385681924657927e-12,6.672379875035222e-12,3.429344366384371e-12,5.067060911850482e-12,1.322554284395424e-11,2.393827318969659e-13,6.495736558130104e-12,4.493007320665963e-12,1.309491308387285e-15,1.660223111840846e-12,1.783785363960638e-13,1.371320588122885e-16,4.504295476696433e-18,2.487821061614285e-06,1.755930730292490e-05,3.020307951658361e-08,1.505464583104516e-06,1.021996294062999e-06,3.639270546337332e-12,7.054395291048100e-12,2.616424245106592e-12,1.407720718193865e-10,7.567145650993797e-11,4.389237749131903e-11,2.089368776756584e-11,1.130045585930571e-01,7.834240133288230e+03,0.000000000000000e+00,2.291703477875419e+03,1.013250656963726e+05,

