1
0
56
1
(4 0
((0,0) (15,255) (0,0))
((0,768) (15,1023) (0,0))
((0,512) (15,767) (0,0))
((0,256) (15,511) (0,0))
)
4
FabOnDisk: SD_5_New_MF_D_0003 0
FabOnDisk: SD_5_New_MF_D_0000 0
FabOnDisk: SD_5_New_MF_D_0001 0
FabOnDisk: SD_5_New_MF_D_0002 0

4,56
-7.670572698065596e+00,-1.833791690931838e+01,-2.718886994967108e+01,-6.122066560155040e+00,-8.148130961649837e+00,-8.976733837751279e+00,-1.156836511033839e+00,-6.268114024085046e+02,-2.486357435572903e-01,-7.480625390405173e-01,-8.804307721552772e-02,-1.369886102653441e+01,-1.207092852398399e+01,-1.458065702325641e+00,-9.933476608414736e+00,-4.667215327057123e-01,-7.165088638637546e-02,-2.784585523404042e+00,-1.362123028387530e+02,4.060770816827208e-15,-8.798487125510351e-02,-4.612588329533250e+01,-1.851901253389121e+00,-1.993191768741196e+02,-7.723130995210713e+00,-2.364291357983529e+01,-4.486155274376246e+00,-2.942755867888232e+00,-9.437279946447472e-03,-2.027107521296287e+00,-1.626795739285093e+00,-8.870738189085443e-01,-3.667003400777460e+00,-2.143216399782769e+00,-3.131799836016977e+00,-2.195463819177232e-01,-3.238369723278122e+01,-4.693482139633842e-01,-3.213480976532967e-01,-8.496393970495166e+00,-7.909937358638229e-01,-1.463975850408407e-02,-5.703631639419190e-04,-8.073815515082675e-02,-1.372994274008250e-01,-2.085300878379081e+00,-7.115544397082160e-02,-3.657408046254271e-01,-1.349292103195893e-01,-2.481902483000195e+01,-4.670160053184488e-01,-5.996312368256761e+02,-8.923625164972051e+01,-9.379143298172453e+00,-2.475564460967095e+01,-2.814886101987213e-10,
-4.432959432692809e-03,-2.954847976008646e-02,-8.647898567565895e-02,-3.024051953588850e-06,-1.106860585613130e-02,9.846929802349817e-02,-6.541038763539359e-06,-3.316922872613607e-01,-8.307258563006532e-08,-2.984084449251479e-07,-2.517703637181783e-08,-1.116461853502954e-06,-2.597598059438918e-07,-6.524216360425737e-07,-1.355552452886433e-06,-2.891052905765549e-09,-1.136841585009086e-08,-1.063732337824636e-08,-4.626348901092696e-01,2.616397054851718e-01,-8.136768127769473e-08,-8.509400389417153e-06,-1.479140251329687e-07,-3.492466121438769e-06,-1.477744835043962e-10,-2.680419697412407e-12,-3.705055041284605e-06,-1.305677850807292e-06,-1.296997943129072e-11,-4.465075201791345e-09,-1.528559625330470e-10,-7.420984898139399e-11,-3.868465366268486e-12,-4.570768686530476e-12,-4.530160998681221e-12,-4.147738316306415e-15,-1.559189941952175e-13,-1.494502481361566e-15,-5.982099787941625e-18,-8.020961611286061e-14,-9.696201792747858e-11,-4.670613626739416e-14,-2.321832212246892e-15,-7.166461389943139e-04,-4.955059469167203e-03,-1.381671640794612e-05,-4.225156113885357e-05,-2.654846894972123e-05,-6.900523200237574e-10,-1.377579144262790e-12,-4.365170414073880e-16,-1.656053134246242e-14,-4.176511774872904e-15,-1.088978920519679e-14,-1.022109933992228e-15,-2.327760206810581e-11,
-1.264274705298867e-02,-9.062492534273832e-02,-1.990806014396407e-01,3.616768117459607e-06,-2.871259405045030e-02,1.857931580069590e-01,-2.209543789017975e-05,-8.003776018075592e-01,-1.108659456416489e-07,-2.325794280480447e-07,-2.531182548401484e-08,-7.391671890594123e-07,-9.616738540022062e-08,-2.169847340558785e-06,-1.356346729034053e-06,-2.978524221924321e-09,-1.344098577219513e-08,-9.597765987666713e-09,-1.093615109136018e+00,7.467747009238731e-01,-7.786579771672115e-08,-6.225402497622573e-06,-2.879604398617787e-07,-3.416254623516478e-06,-2.267664951645487e-08,-1.335012781291280e-11,-2.105092430126389e-06,-8.562040129399737e-07,-9.713458926621181e-11,-1.221877000304919e-08,-2.124418760088095e-09,-6.555306017639173e-09,-1.909026794264672e-09,-3.372863255153886e-10,-1.259031641235717e-09,-3.586454597137906e-13,-2.545265646435581e-09,-6.809626689593373e-10,-1.934421670549948e-14,-2.529768422699572e-10,-9.612997025256037e-11,-8.084186405976060e-14,-2.526991787504801e-15,-1.189593054541458e-03,-8.442114182361286e-03,-1.112771747014509e-05,-2.384165879277654e-04,-1.541031669723886e-04,-2.336677168275548e-09,-2.315923404937691e-08,-2.766336665063479e-10,-6.331808449172528e-07,-8.079274313392702e-08,-2.995599935432053e-08,-2.227465313509792e-08,-2.412459121359234e-11,
-1.432714968390170e-01,-7.359862107617364e-01,-5.521544856036477e-01,-4.622478281589954e-04,-1.416760112902014e-01,4.857199479613241e-01,-2.531749473453069e-04,-3.730310313876839e+00,-5.828564476552766e-07,-1.190003244808762e-06,-4.643981934315509e-07,-3.754956903491011e-05,-3.707744641456535e-07,-2.580911886445038e-05,-1.000744176831768e-05,-3.870434381440258e-08,-2.841662484971672e-07,-1.436475692980138e-07,-4.223138366339293e+00,1.758496612412567e+00,-5.491559808104871e-08,-2.026227658779631e-06,-5.276031414321423e-06,-1.765190862212328e-04,-9.250088072866233e-06,-1.928834090109329e-08,-1.507606806336913e-07,4.384422568200808e-07,-5.273090437507713e-08,-1.519096117202125e-07,-3.480843223106909e-06,-3.384837584717546e-06,-2.587579940373142e-06,-4.599540173476595e-06,-1.843533014363719e-05,-4.033775883971006e-07,-1.068527668270706e-05,-1.452346489090470e-05,-2.807944469984683e-09,-1.912223539909437e-06,-3.526828281362222e-09,-8.970864744039665e-12,-2.554452797768933e-13,-1.404718035547680e-03,-1.032781554770083e-02,-7.959592422061967e-08,-1.293422714432207e-02,-9.004306623091372e-03,-4.035272684927149e-07,-9.221002194212685e-06,-2.151586532790438e-06,-1.596236176510753e-04,-9.956167667007423e-05,-2.625343527050936e-05,-2.773615498688135e-05,-9.535128242532664e-11,

4,56
5.427557858871081e+00,3.115351042895067e+01,4.406137192980473e+01,7.658230501102369e+00,1.342008382688926e+01,3.127746892623730e+02,6.439779643343049e-01,-1.517074632584325e-09,5.995486192788537e-01,1.364688450577126e+00,1.551173833773894e-01,2.632929110998714e+01,1.559499206925621e+01,1.956573302921012e+00,1.579862859879001e+01,4.370845739801119e-01,1.367784752074287e-01,2.812288368540337e+00,4.588461263125923e+02,2.820701439410439e+02,1.901172579385147e-01,5.866479472550117e+01,3.906785073927330e+00,3.000323044405709e+02,1.262091839192870e+01,2.550849611883889e+01,8.489361612188640e+00,3.585508009134101e+00,1.575477569798388e-02,3.822552384508477e+00,2.382106776096371e+00,1.101989020481713e+00,3.993764539895932e+00,2.370804226774097e+00,3.872918816257035e+00,2.004774207639366e-01,3.510157371958276e+01,1.064871516585873e+00,5.486930222824932e-01,7.957560811407227e+00,1.314005192957319e+00,3.476898322036705e-02,9.032904274721890e-04,8.001260037765623e-02,3.499742382755596e-01,2.455904278308422e+00,4.734115549943319e-01,6.711928006192479e-01,1.840787516613195e-01,1.671348297393868e+01,7.839186326364724e-01,7.979604136891176e-05,9.065054622154210e+01,1.471887666503659e+01,2.541571235072124e+01,2.860360837075859e-10,
-1.718007097798058e-03,-8.929066964213236e-03,-2.073823969358960e-02,6.905939527954660e-06,-5.244726314548410e-03,1.851525348961889e-01,-1.076841626320547e-06,-1.602206706718820e-01,-4.002490923465979e-08,-1.652732315837956e-07,-1.510733407451441e-08,-5.510622021367436e-07,-4.664656884482052e-08,-1.354431240620915e-07,-9.517500376505951e-07,-2.136172731235151e-09,-7.818435574014891e-09,-6.951191172513899e-09,-1.590008283369881e-01,7.459996970025119e-01,-5.732696371500099e-08,-5.102926651269632e-06,-8.439583976367303e-08,-2.382525003977014e-06,-6.324133770282354e-11,-1.157211894597728e-12,-1.636997826785262e-06,-6.640129506845778e-07,-4.098805763523508e-12,-2.105168129003975e-09,-4.766204945871267e-11,-4.247877513379966e-11,-1.639528712154291e-12,-2.940873442341824e-12,-2.456675385537674e-12,-8.831845593908825e-16,-4.209011558346350e-14,1.245842714426655e-15,3.454038049229792e-18,-1.796034459072028e-14,-6.944909998138448e-11,-2.048362553672086e-14,-1.411156189039327e-15,-4.501063984724531e-04,-3.065904116838342e-03,-1.029969888214045e-05,-1.053297502380163e-05,-6.454456569332666e-06,-3.179063472099711e-10,-4.967064177916435e-13,2.439011644647406e-16,5.555765781986974e-15,8.145510994796616e-14,1.823767964833385e-14,2.256624729138484e-14,2.376954189031721e-11,
-4.014765927718310e-03,-2.962330538892547e-02,-8.654104008614408e-02,8.107447607021730e-06,-1.109638199474023e-02,4.835829940767088e-01,-6.479272455803947e-06,-3.324075811922444e-01,-6.733080926993295e-08,-1.334035599405392e-07,-2.132459844844404e-08,-1.303657028533335e-07,1.292478576377696e-07,-6.526221997649195e-07,-9.493803970771988e-07,-1.658777157545079e-09,-1.120237926199719e-08,-4.494874620728491e-09,-4.631050790631908e-01,1.751518468728565e+00,-4.856567774941039e-08,-1.436429779157935e-06,-1.480745956346454e-07,-2.454095996570562e-06,3.246655939361774e-08,1.431597393571857e-10,-5.587511351480233e-08,4.728981988633596e-07,4.603442698510708e-11,-4.474290346519307e-09,4.119540485592864e-09,5.097225658862172e-09,3.034805131441970e-09,1.078506586689084e-08,1.617818215620750e-08,1.368972965052160e-10,8.466841812770866e-09,1.046948570068798e-07,3.530198669914449e-13,4.525511942224588e-10,5.624103673787747e-11,-4.669481941627530e-14,-1.491045320709668e-15,-7.179736980884944e-04,-4.964267063873363e-03,-1.438698546459957e-07,-4.238512454270538e-05,-2.655099359258274e-05,-6.912407778448895e-10,2.304939130843266e-09,4.041360680592709e-08,7.001106216815051e-08,4.660005386966715e-08,3.844688917574017e-08,1.313776392790087e-08,2.711614266459605e-11,
-1.270858851386707e-02,-9.106688959431920e-02,-1.996994317395036e-01,3.516671472404502e-06,-2.884517876377996e-02,2.856031131666674e+00,-2.219313979704616e-05,-8.038442519485669e-01,1.394500902313939e-06,4.163021157726937e-06,5.541910505366042e-07,3.848554654875290e-05,2.390983223990916e-06,-2.171986475363708e-06,3.665632076335854e-05,1.035196404842564e-07,4.846857659548054e-07,3.632429185013765e-07,-1.098005602861018e+00,6.687285796839515e+00,6.800534747361888e-07,5.530244103346204e-05,4.698183610330139e-06,1.636705023812957e-04,1.000528086649516e-05,1.814961411339848e-08,1.480495647759198e-05,5.322282447995318e-06,2.931331828690284e-08,1.681504988226197e-07,9.066747962011605e-07,2.702415663702309e-06,2.108397270630778e-06,2.660069583857741e-06,6.285748444102049e-06,2.190799612003397e-07,8.514106017043199e-06,1.427741595492513e-05,1.463075271933355e-09,1.442267295371247e-06,3.498677340023179e-10,1.139447676980010e-13,7.832210767220749e-15,7.348292471233770e-04,5.022414796146919e-03,6.111623948235279e-05,-2.405951944855944e-04,-1.555313384571097e-04,3.987858242920167e-07,8.539264162905445e-06,5.307720682530817e-06,1.514942767786030e-04,5.632087749065975e-05,2.370672578331342e-05,1.570328868156039e-05,1.390363379982773e-10,

