1
0
63
1
(4 0
((0,0) (7,127) (0,0))
((0,256) (7,383) (0,0))
((0,128) (7,255) (0,0))
((0,384) (7,511) (0,0))
)
4
FabOnDisk: SD_0_New_MF_D_0003 0
FabOnDisk: SD_0_New_MF_D_0001 0
FabOnDisk: SD_0_New_MF_D_0002 0
FabOnDisk: SD_0_New_MF_D_0000 0

4,63
-1.053595504887450e-03,2.019353499516538e+00,1.585464960572570e-01,1.184730088868600e-23,6.887113439277485e-22,2.635650408569591e-17,6.735535830567540e-12,5.231085638186780e-08,1.926844656146194e-09,2.694891303214894e-12,2.903391784238974e-03,-1.042207123031707e-43,1.259783113534187e-28,9.951517195531576e-30,1.054762597931165e-13,2.296111753457933e-11,1.047514756947586e-23,3.407479699733444e-12,9.698381256933823e-18,1.122929894226894e-29,3.560045445084477e-13,4.146802630522109e-10,1.689267749273188e-11,5.509514957584164e-35,2.264086810911575e-12,5.052486757147469e-27,-2.336492256349445e-11,-1.208383802915083e-12,-1.064834778392050e-11,6.144978169087962e-29,1.243219588104832e-13,3.166064793748763e-21,2.677740799037823e-25,-1.190141143239838e-13,-2.790771229249710e-14,-7.318526613497839e-13,-4.370018645958435e-13,-4.821724471715071e-13,-1.907614237433997e-14,-2.083171127826354e-11,-4.355682946034403e-13,-1.689338244004616e-13,-5.089420325871356e-12,1.004405980920080e-16,1.021623348990437e-17,1.513038776046742e-19,2.863500111884401e-17,9.250167885374658e-18,3.794094669904077e-16,8.787086957786869e-17,1.583298999854212e-16,-3.563134514749039e-14,-3.015069963760661e-11,-3.763791457985053e-13,-7.420925743725269e-09,-7.725505332370551e-11,-1.995986626873148e-12,-2.045140557349913e-11,1.136982038494510e-01,3.760246900604553e+03,0.000000000000000e+00,4.430000321402012e+02,1.012005974921320e+05,
-1.314514528619342e-07,5.492884081024973e+00,1.469623856977577e-01,7.240324602961399e-06,6.982526232001740e-05,5.072912542243847e-04,1.327275364029056e-07,6.125356461793965e-05,1.235466402392998e-02,1.467472328264258e-08,1.328790853879955e-03,8.283230320117923e-11,3.977732174564121e-10,3.474687269212177e-11,1.527284368908590e-09,3.824512971280532e-10,1.138860724645250e-09,2.381051300947593e-09,5.210266556629333e-12,1.785129036949012e-11,1.803115493358705e-11,3.787066657511712e-03,2.303934820016328e-02,1.296854753962003e-10,1.273854726134358e-08,1.682687173663321e-10,5.081823298988276e-09,2.796882990833833e-14,9.204001614508855e-16,4.232478692728230e-09,2.215084369052338e-09,8.361850990507160e-15,4.060866635885386e-12,4.681249841552525e-14,7.464323245008414e-14,-1.222516486936999e-15,-3.679307597097716e-15,-5.371739599852887e-15,-6.006911822473489e-17,-3.276747790633455e-15,-1.421106405473944e-14,-1.324186737328351e-19,-7.989174759136241e-17,1.416508185492902e-13,3.964501451054236e-17,2.460442941948847e-18,9.450717102178255e-07,6.454141004025263e-06,2.510532837392420e-08,2.905519170812959e-08,1.793951993564342e-08,7.378234597385630e-13,-5.289041053471072e-16,-1.366778825363467e-15,-1.030151503285615e-14,-1.885422304568260e-14,-1.247959362645278e-14,-5.888127990397956e-15,1.054057417218115e-01,7.827782249121081e+03,0.000000000000000e+00,2.290112538402696e+03,1.013249233275620e+05,
-2.032241608158464e-03,5.230736196222029e+00,1.491550796008748e-01,1.058436040559581e-05,1.028661397890741e-04,5.972581109516224e-04,1.327582553490833e-07,7.210889151511425e-05,1.226915299907453e-02,2.261373726828150e-08,1.677451828855443e-03,1.397209835248370e-10,4.000776658267323e-10,5.071058857906130e-11,1.343472978773800e-09,1.897925211334040e-10,1.932318277361780e-09,2.786249136301150e-09,5.235913410749383e-12,2.650641471198553e-11,1.876378199456767e-11,4.307899034340492e-03,2.222615073058128e-02,1.262002486679686e-10,1.028084434535497e-08,3.063581359431440e-10,6.698397096645498e-09,8.971272265449181e-14,4.186600917029564e-15,2.806734117223460e-09,1.112916401281300e-09,2.690137383857536e-14,9.037194360656781e-12,2.249020551248418e-13,-1.900891834233418e-15,-1.797498595648613e-15,-4.925070130617863e-15,-8.086094100622316e-15,-2.100521986960528e-16,-6.138671768113810e-15,-3.427993139503248e-15,-2.752815991167854e-18,-4.672631034889606e-15,4.800859956487714e-14,8.539181921286982e-17,2.989406505090327e-18,1.580810240146116e-06,1.090012576204415e-05,1.680013055420507e-08,9.968685834046109e-08,6.301284404441134e-08,1.447381334216699e-12,-1.199561601739200e-15,-9.744971488587477e-16,-1.318679516090293e-13,-5.135994208553234e-14,-2.865490099907895e-14,-1.396066986673020e-14,1.069828178613191e-01,5.362009209894101e+03,0.000000000000000e+00,2.136737937055867e+03,1.007302496180180e+05,
-6.250124151935173e-08,5.563375420347772e+00,1.461019007884618e-01,6.132850629190081e-06,5.856539109800716e-05,4.701837058539481e-04,1.349365091664337e-07,5.715134464990015e-05,1.235262652999078e-02,1.215210170727237e-08,1.187184840941780e-03,5.197141384149314e-11,2.749513735462450e-10,2.324727244690172e-11,1.099113672607470e-09,3.006318960890523e-10,8.778007116761412e-10,1.647104895119759e-09,3.589606422862796e-12,1.187755737728444e-11,1.264444106796653e-11,3.575610010670970e-03,2.343486575443726e-02,8.858604405173724e-11,9.133173115483078e-09,1.017267060830723e-10,3.409607012120520e-09,-7.312543794873824e-16,4.813737117528399e-18,3.029529432033605e-09,1.640105876903689e-09,2.301169180286974e-15,2.217697459029512e-12,-4.674542264898886e-16,1.009999871693058e-13,-9.121944024761826e-16,-4.609590501472132e-15,-6.583136137163001e-15,-7.200884807438269e-17,-3.503658843020620e-15,-1.073474240241113e-14,-6.664620417321722e-20,-4.986590479375514e-17,7.977809581230373e-14,1.782222251739324e-17,1.222643830694195e-18,5.960118210476260e-07,4.053883669735814e-06,1.817347009823144e-08,1.359487071822821e-08,8.314156038681107e-09,4.316802325963194e-13,-2.757024209666928e-16,-2.090508429627105e-15,-7.179017480682181e-15,-1.527914128078441e-14,-6.184412039666471e-15,-4.708650271195776e-15,1.047858990482456e-01,7.929435703629762e+03,0.000000000000000e+00,2.330512159101262e+03,1.013249703047678e+05,

4,63
1.273067082014288e-03,5.225357818011971e+00,8.373323770763743e-01,5.069254208516891e-05,4.307594307165728e-04,9.452824162943261e-04,1.179142575931488e-04,4.131895105811240e-04,1.302716971366532e-02,2.095956226992536e-05,1.827791752325458e-01,1.491786757965343e-06,6.520360213227538e-06,7.441816092500468e-07,2.348800464963620e-04,2.747123354431510e-04,2.017651338572147e-05,5.089983498334002e-04,1.539541952748278e-05,9.693284036306518e-07,6.982906956001420e-05,1.437898184870326e-02,2.222044980994240e-02,8.245343637778438e-07,6.305933129024668e-04,2.194323350619231e-05,4.493219288904246e-03,1.073987823183376e-04,4.746688728642984e-04,3.278081276177346e-05,1.105614174855414e-04,1.303136930677311e-07,3.087457194601320e-05,3.804065349670933e-05,1.219195106020473e-05,5.684127085833253e-05,3.079008274903600e-05,3.986121579595861e-05,3.085480570107602e-06,6.369186596021699e-04,1.114414624723858e-05,4.490085043153081e-06,1.124981881704305e-04,1.884691711016160e-05,7.028159282946919e-07,1.704962951524051e-08,2.523407050373023e-06,1.782040624137174e-05,2.906912302860069e-05,1.255289117442892e-05,1.597226290189515e-05,1.672250286681503e-06,4.339096594262408e-04,1.042324200043389e-05,5.259452627273160e-02,1.557270201383989e-03,1.359044877967822e-04,4.307755671725647e-04,6.019586208410944e-01,7.347551538512971e+04,0.000000000000000e+00,2.133872209583288e+03,1.014000315312897e+05,
1.588621050311269e-07,5.563035695731076e+00,1.491269242816576e-01,1.053778927142604e-05,1.024132054374339e-04,5.961743690600871e-04,1.349162159278005e-07,7.197143494283111e-05,1.235650280221019e-02,2.249948626284141e-08,1.673114751172935e-03,1.391631463100368e-10,5.377982132750599e-10,5.090894993869248e-11,1.913909773055242e-09,4.075235951342221e-10,1.921076320434633e-09,3.254423574522911e-09,7.059921973696247e-12,2.644154482023981e-11,2.369945247935221e-11,4.301524936638577e-03,2.343286202490601e-02,1.777411857202114e-10,1.591649531328273e-08,3.049371769416377e-10,7.298325768312372e-09,3.672054283837428e-13,6.497688530028317e-15,5.202547243181840e-09,2.507502758889238e-09,2.812237891925198e-14,8.975026203615386e-12,3.375193053015381e-13,4.298656740804311e-12,2.676015993448286e-13,5.393459540476670e-13,4.866305590156924e-13,5.145993036365135e-15,3.419183003537325e-13,1.132472093550511e-12,9.031007393785632e-18,6.812007990952198e-15,1.807929943322485e-13,8.494238138118816e-17,4.219116082446818e-18,1.574178437109036e-06,1.085313855071591e-05,3.030559794251194e-08,9.840437345300008e-08,6.218404749729227e-08,1.458933621617982e-12,6.903478642923418e-14,2.525079367726081e-13,3.738957956952918e-12,2.272986424945911e-12,4.219469135930314e-12,6.182712053401426e-13,1.069625578661347e-01,7.929759771892505e+03,0.000000000000000e+00,2.330317853044683e+03,1.013249774394012e+05,
3.515068675667532e-03,5.492005786826003e+00,1.583593980503631e-01,3.034751274198072e-05,2.766794194408584e-04,8.613760759649696e-04,1.966601360834572e-07,1.141579199159406e-04,1.242210076099886e-02,7.570186434330729e-08,2.885328459888451e-03,1.965611769799827e-10,5.669910794302685e-10,5.869237357308770e-11,1.942138610977931e-09,3.968439376113943e-10,7.486299066251120e-09,3.507419309944644e-09,7.438552007426276e-12,3.092037164436319e-11,2.470726604015028e-11,6.104605872547838e-03,2.303476777827433e-02,1.876840027109430e-10,1.608154718960889e-08,5.217640971623225e-10,8.128179612402550e-09,1.235048067304027e-12,2.168980352467418e-14,5.216846296129897e-09,2.490147544384486e-09,1.955680211428891e-13,2.220792354882712e-11,2.500386336596405e-12,2.089234094934622e-12,1.600879888894898e-13,2.648326423718006e-13,4.888506219334642e-13,7.215094148069075e-15,2.583894164920759e-13,2.320942970770525e-13,1.755934962032465e-17,1.557833012912988e-14,1.793946206324302e-13,1.377016462135218e-16,4.579651249560547e-18,2.522728022402951e-06,1.781483145810452e-05,3.035108031798376e-08,1.839355046906838e-06,1.254138050928180e-06,3.798816343780238e-12,1.589089007510841e-13,9.295845783876577e-14,4.804515400759101e-12,3.794416261505044e-12,2.436297460916505e-12,1.057539093332072e-12,1.135678442239641e-01,7.900330232364391e+03,0.000000000000000e+00,2.289600745651497e+03,1.019069536109534e+05,
7.943084892800609e-08,5.593244827093844e+00,1.469521108939072e-01,7.226260804256722e-06,6.968372688600319e-05,5.068491943844766e-04,1.366389075654414e-07,6.120311230682182e-05,1.235464525101823e-02,1.464244672774240e-08,1.327115112194079e-03,8.250590979049411e-11,3.966537152489562e-10,3.463562269040010e-11,1.523628182939390e-09,3.819207325565718e-10,1.135593393596839e-09,2.374251260603955e-09,5.195282571805798e-12,1.779238695616393e-11,1.798292755795964e-11,3.784551879625717e-03,2.360368668542073e-02,1.293170868312075e-10,1.270927682855293e-08,1.675661568779763e-10,5.067783651425657e-09,1.631668683797094e-13,2.337382969618264e-15,4.222685182088863e-09,2.210841533699704e-09,8.867819836377627e-15,4.039449271235491e-12,1.459540939949782e-13,2.772613493024489e-12,1.352946356778320e-13,5.964221737390896e-13,7.506148152545640e-13,7.570714212810822e-15,3.699570957236722e-13,1.193664334447861e-12,6.963428774818682e-18,6.416539634179335e-15,1.411187986966589e-13,3.939136072789361e-17,2.447526522923929e-18,9.413932537024674e-07,6.428713629420278e-06,2.504821893487091e-08,2.884007931320766e-08,1.780468410199304e-08,7.343258804841010e-13,5.209651201474267e-14,3.633598908765805e-13,3.367351775766508e-12,4.145669369317344e-12,2.008109137267926e-12,1.121248793541903e-12,1.053983485456782e-01,7.967064465161209e+03,0.000000000000000e+00,2.346654075611716e+03,1.013249938467339e+05,

