1
0
63
1
(4 0
((0,0) (7,127) (0,0))
((0,256) (7,383) (0,0))
((0,128) (7,255) (0,0))
((0,384) (7,511) (0,0))
)
4
FabOnDisk: SD_0_Old_MF_D_0003 0
FabOnDisk: SD_0_Old_MF_D_0001 0
FabOnDisk: SD_0_Old_MF_D_0002 0
FabOnDisk: SD_0_Old_MF_D_0000 0

4,63
-8.894711424680363e-04,2.036712412460065e+00,1.585296704707727e-01,0.000000000000000e+00,7.850633733940523e-22,2.885304259004458e-17,7.403885967515025e-12,5.426851277683056e-08,2.096838357375117e-09,2.963786435871402e-12,2.905749392104363e-03,0.000000000000000e+00,1.507767247291408e-28,1.190845489056343e-29,1.151836784712406e-13,2.278975189912975e-11,1.216678795397460e-23,3.813695101406414e-12,1.120837069583718e-17,1.379521777151968e-29,3.991110695597406e-13,4.558726372265147e-10,1.893506635264389e-11,6.736692599202595e-35,2.525747416356934e-12,6.397823778764203e-27,0.000000000000000e+00,0.000000000000000e+00,0.000000000000000e+00,7.624443250537433e-29,1.410358506524778e-13,3.814233720188035e-21,3.417450308720473e-25,0.000000000000000e+00,0.000000000000000e+00,0.000000000000000e+00,0.000000000000000e+00,0.000000000000000e+00,0.000000000000000e+00,0.000000000000000e+00,0.000000000000000e+00,0.000000000000000e+00,0.000000000000000e+00,1.172676776611578e-16,1.193245194747339e-17,1.767883819525533e-19,3.346723960574341e-17,1.081217592638647e-17,4.435943622285905e-16,1.027456914699067e-16,1.851320594799316e-16,0.000000000000000e+00,0.000000000000000e+00,0.000000000000000e+00,0.000000000000000e+00,0.000000000000000e+00,0.000000000000000e+00,0.000000000000000e+00,1.136898764371611e-01,3.768604961283917e+03,0.000000000000000e+00,4.430000330013898e+02,1.012673521359899e+05,
-1.114558687477128e-07,5.503320596066580e+00,1.469614195666905e-01,7.239049795774139e-06,6.981228748586827e-05,5.072509564584566e-04,1.327273238080801e-07,6.124908487457877e-05,1.235466661988885e-02,1.467176141238748e-08,1.328633831904893e-03,8.279492092728450e-11,3.976342640190484e-10,3.473357246763924e-11,1.526775778958306e-09,3.823607290895217e-10,1.138550020002611e-09,2.380158983082194e-09,5.208283755246573e-12,1.784374835925826e-11,1.802466043154872e-11,3.786837494491605e-03,2.303981280526661e-02,1.296489892927676e-10,1.273559806426895e-08,1.682132858834730e-10,5.081619923822218e-09,1.361353267548136e-17,0.000000000000000e+00,4.231379983444082e-09,2.214554872068586e-09,8.517436517059364e-15,4.059155651075381e-12,6.006826208493616e-14,1.654333814656051e-13,0.000000000000000e+00,0.000000000000000e+00,0.000000000000000e+00,0.000000000000000e+00,0.000000000000000e+00,0.000000000000000e+00,0.000000000000000e+00,0.000000000000000e+00,1.415740408985276e-13,3.961392225194703e-17,2.458761203773246e-18,9.446351750970751e-07,6.451131506938290e-06,2.509745794034420e-08,2.903237938279695e-08,1.792524707817188e-08,7.373689110357160e-13,0.000000000000000e+00,0.000000000000000e+00,0.000000000000000e+00,0.000000000000000e+00,0.000000000000000e+00,0.000000000000000e+00,1.054050477672512e-01,7.828069205128348e+03,0.000000000000000e+00,2.290169281345684e+03,1.013249704386713e+05,
-9.402669201774652e-04,5.240639160046017e+00,1.491519534058152e-01,1.057929481238506e-05,1.028164579380449e-04,5.971399456535071e-04,1.327571413656453e-07,7.209418611579692e-05,1.227214948263070e-02,2.260122874174586e-08,1.676970262117138e-03,1.396391336146589e-10,4.001147575033394e-10,5.067446984787982e-11,1.343430819493650e-09,1.898089883471050e-10,1.931039970839645e-09,2.785919457554019e-09,5.238561587455747e-12,2.649484370272408e-11,1.877227798920983e-11,4.307204540538136e-03,2.222580770163447e-02,1.262023260535850e-10,1.028284055012695e-08,3.061501990447606e-10,6.697762839692956e-09,8.747143144750406e-14,4.459637244696579e-15,2.810680863436030e-09,1.115000774665137e-09,2.080497696693201e-14,9.028927534896028e-12,0.000000000000000e+00,0.000000000000000e+00,0.000000000000000e+00,0.000000000000000e+00,0.000000000000000e+00,0.000000000000000e+00,0.000000000000000e+00,0.000000000000000e+00,0.000000000000000e+00,0.000000000000000e+00,4.791999713615172e-14,8.532624833710734e-17,2.984092251171292e-18,1.579901640142478e-06,1.089372274461687e-05,1.683164220894771e-08,9.953451559990780e-08,6.291454234552071e-08,1.466773669969472e-12,0.000000000000000e+00,0.000000000000000e+00,0.000000000000000e+00,0.000000000000000e+00,0.000000000000000e+00,0.000000000000000e+00,1.069805750499897e-01,5.371185819964398e+03,0.000000000000000e+00,2.137015923528019e+03,1.010651021773551e+05,
-8.066018208186258e-08,5.573757353372965e+00,1.461016286752853e-01,6.132398539706941e-06,5.856094043613762e-05,4.701677531906647e-04,1.349381944190220e-07,5.714945302462368e-05,1.235262046994801e-02,1.215114427210592e-08,1.187129776252166e-03,5.195216924630852e-11,2.748614060932715e-10,2.323933348321911e-11,1.098774708535684e-09,3.005506513737025e-10,8.776834247419947e-10,1.646570650611681e-09,3.588425873973808e-12,1.187348131957996e-11,1.264043476754145e-11,3.575510943020321e-03,2.343503771075628e-02,8.855628407843841e-11,9.130321619221071e-09,1.016873705766472e-10,3.408441156511592e-09,0.000000000000000e+00,0.000000000000000e+00,3.028584646214121e-09,1.639616430904245e-09,3.442795122919287e-15,2.216747970188068e-12,0.000000000000000e+00,1.005964602454763e-13,0.000000000000000e+00,0.000000000000000e+00,0.000000000000000e+00,0.000000000000000e+00,0.000000000000000e+00,0.000000000000000e+00,0.000000000000000e+00,0.000000000000000e+00,7.973167183071696e-14,1.781016092466288e-17,1.221867793618222e-18,5.957935158313501e-07,4.052392563020387e-06,1.816786766685479e-08,1.358824669113746e-08,8.310076159821914e-09,4.315080749490265e-13,0.000000000000000e+00,0.000000000000000e+00,0.000000000000000e+00,0.000000000000000e+00,0.000000000000000e+00,0.000000000000000e+00,1.047857094328323e-01,7.929332866151388e+03,0.000000000000000e+00,2.330530408211921e+03,1.013249867725553e+05,

4,63
1.186564319051236e-03,5.235275839889329e+00,8.373323480803306e-01,5.065804016020743e-05,4.305931201942578e-04,9.454278989971498e-04,1.185678888701035e-04,4.126625197189469e-04,1.302503625150949e-02,2.099029745080683e-05,1.827791684222968e-01,1.488670650788687e-06,6.448519292477690e-06,7.425577981126796e-07,2.362275811978360e-04,2.763499019435899e-04,2.014581784844002e-05,5.116088092717190e-04,1.546125105948569e-05,9.596735719945393e-07,6.998497258111603e-05,1.436959177229324e-02,2.222017293526151e-02,8.329493908732180e-07,6.318969361078702e-04,2.175980732764073e-05,4.462985318179897e-03,1.084022160566098e-04,4.702724407706915e-04,3.268631162165128e-05,1.101765468896163e-04,1.306377968654084e-07,3.033347020542451e-05,3.764876549843216e-05,1.223838175170611e-05,5.696314462350303e-05,3.061250128621705e-05,3.951105195243511e-05,3.120752580291614e-06,6.379748616074709e-04,1.152605025335868e-05,4.681398778418102e-06,1.128982317285991e-04,1.894399045956019e-05,6.995645422420764e-07,1.692977829414991e-08,2.521080557713794e-06,1.780402774147175e-05,2.870114597361889e-05,1.255204866902733e-05,1.603921344911352e-05,1.718976944500750e-06,4.384471070706369e-04,1.085592033826869e-05,5.259452437937877e-02,1.582238178939098e-03,1.331259846716302e-04,4.362965554815044e-04,6.019585983713481e-01,7.382937071521336e+04,0.000000000000000e+00,2.134151631889836e+03,1.014037674030910e+05,
1.546281427507415e-07,5.573417875892212e+00,1.491238282371096e-01,1.053278326530594e-05,1.023640771234241e-04,5.960571389108397e-04,1.349179177107870e-07,7.195686957698774e-05,1.235651994361279e-02,2.248713008497391e-08,1.672637175140226e-03,1.390823987916160e-10,5.376322679331478e-10,5.088766246421245e-11,1.913444316914688e-09,4.074801326368167e-10,1.919815316527384e-09,3.253341880877584e-09,7.057624046351742e-12,2.642973495062408e-11,2.369240677570777e-11,4.300836261626122e-03,2.343303576106275e-02,1.776882376685507e-10,1.591330486044390e-08,3.047358050764461e-10,7.295640521514155e-09,3.402609563061287e-13,5.778177172259278e-15,5.201707934283978e-09,2.507227850840008e-09,2.805165915346170e-14,8.966967703521347e-12,3.355898453774169e-13,2.740185249380412e-12,1.889146489652072e-13,5.398774259399051e-13,8.388902451696658e-13,9.697060820147390e-15,5.341427029302697e-13,2.348609044742580e-12,2.158894289427179e-17,1.447146792098627e-14,1.807536406147735e-13,8.487414630075318e-17,4.216930863264461e-18,1.573274303655809e-06,1.084676870812379e-05,3.030106311011506e-08,9.825479965338961e-08,6.208756376911900e-08,1.457765786863444e-12,8.616404492375243e-14,1.169126013338231e-13,4.362745944761415e-12,4.083658685522894e-12,3.166316096306089e-12,1.123540880099755e-12,1.069603365387840e-01,7.929819146308500e+03,0.000000000000000e+00,2.330336292127382e+03,1.013249938040735e+05,
1.723445744673700e-03,5.502443255529817e+00,1.583425120560226e-01,3.026090560197518e-05,2.763071812796010e-04,8.611138963558172e-04,1.965488535935734e-07,1.139446810631504e-04,1.238085004139066e-02,7.558672448741008e-08,2.887403554376106e-03,1.964937722013649e-10,5.641832152660132e-10,5.868633497532387e-11,1.941532378418161e-09,3.968169707399545e-10,7.452517691080836e-09,3.494935241279472e-09,7.398464501581277e-12,3.091756462204920e-11,2.461199406905246e-11,6.092564575203872e-03,2.303523494639261e-02,1.865109950804920e-10,1.607953786648366e-08,5.213709466689826e-10,8.110642047443679e-09,1.230623863445629e-12,2.160832282965067e-14,5.216135136003545e-09,2.489953091018730e-09,1.949864932998662e-13,2.222002547997821e-11,2.491201903739105e-12,1.791112994767777e-12,2.835903027971323e-13,7.821841015708459e-13,1.383527355875806e-12,2.422441567574721e-14,7.332062215489256e-13,6.826094516473144e-13,2.516630606755604e-17,2.504040525699539e-14,1.793693800953665e-13,1.350228825385381e-16,4.561397019591401e-18,2.520541611351360e-06,1.779951297953804e-05,3.034746690147867e-08,1.827487133247684e-06,1.245947265340707e-06,3.791482271546343e-12,1.559703820166451e-13,1.686980624294804e-13,4.811768945798603e-12,2.862498197247663e-12,2.859368118744979e-12,7.898396320717853e-13,1.135592432196930e-01,7.825532282179293e+03,0.000000000000000e+00,2.289657969344231e+03,1.015602775153860e+05,
8.170299292479694e-08,5.603616290867548e+00,1.469511555215660e-01,7.225001028145473e-06,6.967090211742159e-05,5.068093083820844e-04,1.366394382265952e-07,6.119868122252252e-05,1.235464782760421e-02,1.463952024536744e-08,1.326959673686883e-03,8.246908403675595e-11,3.965170175670337e-10,3.462246485922066e-11,1.523142273436139e-09,3.818301589128111e-10,1.135282441535901e-09,2.373402749937983e-09,5.193402706350766e-12,1.778532933518094e-11,1.797666680366728e-11,3.784325009745401e-03,2.360378899785913e-02,1.292715673282197e-10,1.270543906663954e-08,1.674830669755055e-10,5.065890471065938e-09,1.726650692056558e-13,2.336281021015220e-15,4.221431251517141e-09,2.210261349736250e-09,9.852934288285582e-15,4.037018005226679e-12,2.218322181376856e-13,1.793165916414970e-12,1.277051468666563e-13,5.974902299990022e-13,8.734217985363019e-13,8.942687123150548e-15,4.366086140243015e-13,1.788909493534340e-12,8.372923201852956e-18,7.608242798076102e-15,1.410424247286692e-13,3.936060246415339e-17,2.445869083903960e-18,9.409597243279919e-07,6.425725177375507e-06,2.504036680648278e-08,2.881757169250929e-08,1.779060427353185e-08,7.339258010026537e-13,5.657521037033501e-14,3.984201198710209e-13,3.125371618528379e-12,4.432414025828289e-12,2.228999200253438e-12,1.210446908070992e-12,1.053976622899416e-01,7.966895010490902e+03,0.000000000000000e+00,2.346659946030064e+03,1.013250008706418e+05,

