CheckPointVersion_1.0
2
0.00023784923976234783
0
0
(0 (0,0)(2.34375e-05,2.34375e-05) 1)
(RealBox 0 0.0001875 0 0.012 )((0,0) (7,511) (0,0)) 

3.294005444228319e-06 
3.3084233622026545e-06 
1 
90 
90 
0
(0 (0,0)(2.34375e-05,2.34375e-05) 1)
(RealBox 0 0.0001875 0 0.012 )((0,0) (7,511) (0,0))
(4 0
((0,0) (7,127) (0,0))
((0,256) (7,383) (0,0))
((0,128) (7,255) (0,0))
((0,384) (7,511) (0,0))
)6
((0,0) (7,511) (0,0))
(4 0
((0,0) (7,127) (0,0))
((0,256) (7,383) (0,0))
((0,128) (7,255) (0,0))
((0,384) (7,511) (0,0))
)0.00023455523431811952
0.00023455523431811952
0.00023784923976234783
0.00023784923976234783
2
Level_0/SD_0_New_MF
Level_0/SD_0_Old_MF
((0,0) (8,512) (1,1))
(4 0
((0,0) (8,128) (1,1))
((0,256) (8,384) (1,1))
((0,128) (8,256) (1,1))
((0,384) (8,512) (1,1))
)0.00023127570682170538
0.00023455523431811952
0.00023455523431811952
0.00023784923976234783
2
Level_0/SD_1_New_MF
Level_0/SD_1_Old_MF
((0,0) (7,511) (0,0))
(4 0
((0,0) (7,127) (0,0))
((0,256) (7,383) (0,0))
((0,128) (7,255) (0,0))
((0,384) (7,511) (0,0))
)0.00023455523431811952
0.00023455523431811952
0.00023784923976234783
0.00023784923976234783
2
Level_0/SD_2_New_MF
Level_0/SD_2_Old_MF
((0,0) (7,511) (0,0))
(4 0
((0,0) (7,127) (0,0))
((0,256) (7,383) (0,0))
((0,128) (7,255) (0,0))
((0,384) (7,511) (0,0))
)0.00023455523431811952
0.00023455523431811952
0.00023784923976234783
0.00023784923976234783
2
Level_0/SD_3_New_MF
Level_0/SD_3_Old_MF
((0,0) (7,511) (0,0))
(4 0
((0,0) (7,127) (0,0))
((0,256) (7,383) (0,0))
((0,128) (7,255) (0,0))
((0,384) (7,511) (0,0))
)0.00023455523431811952
0.00023455523431811952
0.00023784923976234783
0.00023784923976234783
2
Level_0/SD_4_New_MF
Level_0/SD_4_Old_MF
((0,0) (7,511) (0,0))
(4 0
((0,0) (7,127) (0,0))
((0,256) (7,383) (0,0))
((0,128) (7,255) (0,0))
((0,384) (7,511) (0,0))
)0.00023455523431811952
0.00023455523431811952
0.00023784923976234783
0.00023784923976234783
2
Level_0/SD_5_New_MF
Level_0/SD_5_Old_MF
