1
0
63
1
(4 0
((0,0) (15,255) (0,0))
((0,768) (15,1023) (0,0))
((0,512) (15,767) (0,0))
((0,256) (15,511) (0,0))
)
4
FabOnDisk: SD_0_New_MF_D_0003 0
FabOnDisk: SD_0_New_MF_D_0000 0
FabOnDisk: SD_0_New_MF_D_0001 0
FabOnDisk: SD_0_New_MF_D_0002 0

4,63
-9.592891070448505e-04,2.146452623545939e+00,1.582712834549727e-01,2.055247363737028e-23,8.528608678083924e-22,2.898515033965565e-17,7.433380850762301e-12,3.720226675262161e-08,1.994650541145744e-09,2.983138400276409e-12,2.902223944786231e-03,0.000000000000000e+00,1.749310809611697e-28,1.153337213701717e-29,1.117054389642230e-13,3.917625210609354e-12,1.461825192305905e-23,4.150978141818189e-12,1.310799396101771e-17,1.577202461678402e-29,4.372068101288147e-13,4.579153770288499e-10,2.072978889315564e-11,7.461298039088461e-35,2.713444555011222e-12,8.185475296972436e-27,0.000000000000000e+00,0.000000000000000e+00,0.000000000000000e+00,1.602852657245974e-28,1.608187263978802e-13,0.000000000000000e+00,1.327541570002528e-24,0.000000000000000e+00,0.000000000000000e+00,0.000000000000000e+00,0.000000000000000e+00,0.000000000000000e+00,0.000000000000000e+00,0.000000000000000e+00,0.000000000000000e+00,0.000000000000000e+00,0.000000000000000e+00,1.408200620715121e-16,1.433127657789996e-17,2.123580977861450e-19,4.020438034267082e-17,1.298909709740100e-17,5.329472176750025e-16,1.234447139851892e-16,2.224285397666757e-16,0.000000000000000e+00,0.000000000000000e+00,0.000000000000000e+00,0.000000000000000e+00,0.000000000000000e+00,0.000000000000000e+00,0.000000000000000e+00,1.135279154222072e-01,3.807114331833937e+03,0.000000000000000e+00,4.430000104459692e+02,1.000161372299840e+05,
-1.176314316566302e-07,5.730321061898374e+00,1.460975756066163e-01,6.126741222495545e-06,5.850430348241579e-05,4.699672875836934e-04,1.349531778202472e-07,5.712663788374212e-05,1.235256431573165e-02,1.213881328431829e-08,1.186401988490792e-03,5.172140074696322e-11,2.737850476171643e-10,2.314342193803723e-11,1.094261561447675e-09,2.996221074130349e-10,8.762384942702524e-10,1.640117131776579e-09,3.573882870522249e-12,1.182312356139630e-11,1.259062098474477e-11,3.574319026954593e-03,2.343658074997164e-02,8.821056208060817e-11,9.097212543045632e-09,1.012209281656171e-10,3.393560730630763e-09,0.000000000000000e+00,0.000000000000000e+00,3.017570630810896e-09,1.633928140043468e-09,0.000000000000000e+00,2.205368005554777e-12,0.000000000000000e+00,1.358162817211350e-13,0.000000000000000e+00,0.000000000000000e+00,0.000000000000000e+00,0.000000000000000e+00,0.000000000000000e+00,0.000000000000000e+00,0.000000000000000e+00,0.000000000000000e+00,7.919416876067105e-14,1.766861855973502e-17,1.212812713609043e-18,5.932120672694126e-07,4.034750264682535e-06,1.810257723166295e-08,1.350807519688639e-08,8.260653904440718e-09,4.294252214648658e-13,0.000000000000000e+00,0.000000000000000e+00,0.000000000000000e+00,0.000000000000000e+00,0.000000000000000e+00,0.000000000000000e+00,1.047828195288943e-01,7.928569468646136e+03,0.000000000000000e+00,2.330687169876712e+03,1.013249967044915e+05,
-9.860160256978461e-08,5.660341059633509e+00,1.469478751744522e-01,7.220846269235279e-06,6.962803174891313e-05,5.066767371522803e-04,1.327255865174752e-07,6.118442252472443e-05,1.235467169017700e-02,1.462972695384546e-08,1.326424923077403e-03,8.230561429653510e-11,3.958635803803084e-10,3.456136657928610e-11,1.520839813741689e-09,3.813750815352965e-10,1.134171294306791e-09,2.369482276019645e-09,5.184820701010434e-12,1.775365886868290e-11,1.794795301633081e-11,3.783565930492215e-03,2.304386202196849e-02,1.290538089176119e-10,1.268614456943109e-08,1.671329904057229e-10,5.057109392513719e-09,0.000000000000000e+00,1.789353214901915e-15,4.214987957757923e-09,2.207175169753947e-09,8.824460672619412e-15,4.027120460585000e-12,0.000000000000000e+00,1.345598832813126e-13,0.000000000000000e+00,0.000000000000000e+00,0.000000000000000e+00,0.000000000000000e+00,0.000000000000000e+00,0.000000000000000e+00,0.000000000000000e+00,0.000000000000000e+00,1.406652528525110e-13,3.922406944299073e-17,2.438254925226013e-18,9.391262001088978e-07,6.413110448810389e-06,2.500386089789661e-08,2.873065799365214e-08,1.773632596739799e-08,7.322898830270806e-13,0.000000000000000e+00,0.000000000000000e+00,0.000000000000000e+00,0.000000000000000e+00,0.000000000000000e+00,0.000000000000000e+00,1.053953108433318e-01,7.830575862667208e+03,0.000000000000000e+00,2.290648719331439e+03,1.013249955932312e+05,
-1.549294983986212e-06,5.399386404737395e+00,1.491111556137009e-01,1.051270446915018e-05,1.021655361502189e-04,5.955850031626050e-04,1.327451314526937e-07,7.189922156151325e-05,1.229387613102238e-02,2.243727329578629e-08,1.670681312752975e-03,1.386793165454971e-10,4.021237796593301e-10,5.059342237852438e-11,1.347121143355790e-09,1.907973182009260e-10,1.914518532307613e-09,2.791131318604063e-09,5.272161972486362e-12,2.636247232638725e-11,1.886699444033501e-11,4.298061280353664e-03,2.222162314993972e-02,1.269114886053209e-10,1.035033595041081e-08,3.035159948536084e-10,6.709580460968634e-09,0.000000000000000e+00,0.000000000000000e+00,2.853090139892413e-09,1.134971114282599e-09,2.199463421890312e-14,8.922739996893652e-12,0.000000000000000e+00,0.000000000000000e+00,0.000000000000000e+00,0.000000000000000e+00,0.000000000000000e+00,0.000000000000000e+00,0.000000000000000e+00,0.000000000000000e+00,0.000000000000000e+00,0.000000000000000e+00,4.738172405035776e-14,8.453656106808868e-17,2.946988197276888e-18,1.569044462509567e-06,1.081705675479459e-05,1.713119614423784e-08,9.761682049155322e-08,6.167650739099768e-08,1.442034473886366e-12,0.000000000000000e+00,0.000000000000000e+00,0.000000000000000e+00,0.000000000000000e+00,0.000000000000000e+00,0.000000000000000e+00,1.069512611508287e-01,5.440980799406158e+03,0.000000000000000e+00,2.139589631207006e+03,1.013249188751602e+05,

4,63
9.469925380954920e-04,5.396811701454654e+00,8.373326321249874e-01,5.044781918144661e-05,4.321595661103435e-04,9.472473096855549e-04,1.172664613411061e-04,4.058055424685179e-04,1.313532912200174e-02,2.097476171258966e-05,1.827792339610188e-01,1.512807629212089e-06,6.632051215219552e-06,7.516728661425369e-07,2.357182425803503e-04,2.730514736623126e-04,2.019839146434700e-05,5.112345738629841e-04,1.480161892340085e-05,9.757054632334951e-07,6.854998451052829e-05,1.440771323188569e-02,2.221905272574916e-02,8.698534914493513e-07,6.449276593461525e-04,2.232799646420629e-05,4.562259678969522e-03,1.021687318253776e-04,4.696921260450906e-04,3.327483798293540e-05,1.118718755940563e-04,1.323501748778682e-07,3.161384299105349e-05,3.785958701993525e-05,1.238919005601291e-05,5.824650383318108e-05,3.127057566397213e-05,4.062785849982387e-05,3.108649918006352e-06,6.424211541086595e-04,1.059055889508242e-05,4.355559322778759e-06,1.133757259194778e-04,1.924864425130725e-05,7.178537981949965e-07,1.738997687665321e-08,2.508621341576757e-06,1.771602815616953e-05,2.963394773090124e-05,1.269292440809606e-05,1.626768901471948e-05,1.708816744326099e-06,4.347207686229336e-04,9.532836302780976e-06,5.259454298032963e-02,1.603478001293872e-03,1.406172601888059e-04,4.403339271698757e-04,6.019588154388746e-01,7.412985807021562e+04,0.000000000000000e+00,2.138168491051770e+03,1.027600036262312e+05,
1.291844552398604e-07,5.760135685219375e+00,1.469427996313034e-01,7.213905354356201e-06,6.955817724880759e-05,5.064582093840204e-04,1.366474434971222e-07,6.115948869315134e-05,1.235466184276212e-02,1.461380583546778e-08,1.325596857559709e-03,8.214233805132014e-11,3.952995905515768e-10,3.450545405855946e-11,1.519012630592950e-09,3.811056389758044e-10,1.132554112628764e-09,2.366089293772415e-09,5.177354841298902e-12,1.772439176972520e-11,1.792387118435418e-11,3.782322645715763e-03,2.360490821351178e-02,1.288626844786391e-10,1.267076127266600e-08,1.667686587507842e-10,5.049107733366509e-09,3.184012637974512e-13,3.154009421258421e-15,4.209900794560230e-09,2.204968842262755e-09,1.777931957225792e-14,4.016105965309173e-12,6.854647595268919e-13,2.598098588615775e-12,1.410230040972175e-13,5.948465133030274e-13,1.187355698282690e-12,1.596139985471980e-14,8.092186494121650e-13,3.772770664307026e-12,1.645025921444794e-17,1.135039491770122e-14,1.403981282425749e-13,3.909821328298560e-17,2.431829067398164e-18,9.373038925252344e-07,6.400515564206409e-06,2.497536835476069e-08,2.862489712953700e-08,1.767004630100499e-08,7.305504056647115e-13,1.329478071641750e-13,2.303368818772777e-12,4.133744987502533e-12,4.539154436957815e-12,1.658865568609987e-12,1.248541053476995e-12,1.053916586906953e-01,7.965903771273085e+03,0.000000000000000e+00,2.346740872926100e+03,1.013250039921098e+05,
1.024356811373164e-07,5.730152862881964e+00,1.490972548325976e-01,1.048977210374037e-05,1.019423782480500e-04,5.950488528839056e-04,1.349431226273167e-07,7.183132910645679e-05,1.235664442002555e-02,2.238106835263695e-08,1.668537655395203e-03,1.384402430275269e-10,5.364080968560641e-10,5.072425661621456e-11,1.910472896479303e-09,4.071750994817056e-10,1.909131473916415e-09,3.245506576490806e-09,7.042061892550963e-12,2.634314614083431e-11,2.364617916040924e-11,4.294909666926802e-03,2.343558806686451e-02,1.772745832189181e-10,1.589001156486436e-08,3.030465195710599e-10,7.273909223280434e-09,3.843146167437363e-13,5.510357741343647e-15,5.195628726967687e-09,2.505295997685117e-09,2.874319315463285e-14,8.899448394516419e-12,3.778021890476907e-13,2.074909392434888e-12,3.226383825863642e-13,1.093464850204995e-12,1.772782035946382e-12,2.789546440665982e-14,1.373217946737073e-12,3.854230449390042e-12,3.792347801666518e-17,2.142639465950551e-14,1.804741831783266e-13,8.431282410578104e-17,4.199287907770199e-18,1.565753815475141e-06,1.079375129311734e-05,3.026659444578481e-08,9.699171923014385e-08,6.127272439757843e-08,1.448168617886346e-12,1.853772978941249e-13,9.218023900577638e-13,6.267704194645063e-12,7.449111400500323e-12,2.767325792831276e-12,2.055690792910775e-12,1.069412577218284e-01,7.930460847339315e+03,0.000000000000000e+00,2.330591171369937e+03,1.013250039715237e+05,
1.510789711443260e-06,5.659907822244564e+00,1.581780185174911e-01,2.959804017751977e-05,2.727879515597175e-04,8.583145233021677e-04,1.950782990750069e-07,1.124602508880964e-04,1.235662999504150e-02,7.446460228921396e-08,2.892011414810728e-03,1.983345794707458e-10,5.634792809358513e-10,5.869484379172759e-11,1.943412903734968e-09,3.972777292933403e-10,7.208859268935718e-09,3.498283150574437e-09,7.386892266098039e-12,3.093753106751668e-11,2.459102141844304e-11,6.011964501996971e-03,2.304159178918212e-02,1.862168031914499e-10,1.606493985950211e-08,5.198904532054571e-10,8.153420623437256e-09,3.929508998929238e-12,3.320252931364254e-14,5.211829998658597e-09,2.490365160782038e-09,1.978451139157624e-13,2.229295620190989e-11,3.600780549166818e-12,9.764195176488941e-12,4.950379622764233e-12,6.009717856908483e-12,1.339679110100398e-11,4.154453213873772e-13,1.188851363506874e-11,7.937605422901912e-12,2.385406365060973e-15,2.061253805893809e-12,1.793277768046676e-13,1.186935319889730e-16,4.549454722944738e-18,2.508559425863314e-06,1.771491814041640e-05,3.032121926833863e-08,1.734288528040438e-06,1.181446702239525e-06,3.834844406426865e-12,1.068804340907378e-11,1.976532194471764e-12,2.615796901664109e-10,8.368166382321188e-11,5.193398583092688e-11,2.322235528627674e-11,1.134619089337027e-01,7.829327812673072e+03,0.000000000000000e+00,2.290395792651029e+03,1.013250611620678e+05,

