1
0
63
1
(4 0
((0,0) (15,255) (0,0))
((0,768) (15,1023) (0,0))
((0,512) (15,767) (0,0))
((0,256) (15,511) (0,0))
)
4
FabOnDisk: SD_0_Old_MF_D_0003 0
FabOnDisk: SD_0_Old_MF_D_0000 0
FabOnDisk: SD_0_Old_MF_D_0001 0
FabOnDisk: SD_0_Old_MF_D_0002 0

4,63
-9.701878921427917e-04,2.150190581520833e+00,1.582596275953224e-01,2.225632956737818e-23,9.134630785843234e-22,3.064089839254387e-17,7.890171372077418e-12,3.811093663838280e-08,2.104088408546840e-09,3.167445345338997e-12,2.902088171105043e-03,0.000000000000000e+00,1.955799321535632e-28,1.289077631384312e-29,1.180877662390468e-13,2.854175201273962e-12,1.605206064126725e-23,4.456432124833541e-12,1.431933832435913e-17,1.792140127648197e-29,4.698824574134683e-13,4.860844141032268e-10,2.227677316598127e-11,8.452363241943565e-35,2.907056361872835e-12,9.507654798075263e-27,0.000000000000000e+00,0.000000000000000e+00,0.000000000000000e+00,1.836480117533250e-28,1.741748221850218e-13,0.000000000000000e+00,1.543089251190535e-24,0.000000000000000e+00,0.000000000000000e+00,0.000000000000000e+00,0.000000000000000e+00,0.000000000000000e+00,0.000000000000000e+00,0.000000000000000e+00,0.000000000000000e+00,0.000000000000000e+00,0.000000000000000e+00,1.555352222996954e-16,1.583325211640642e-17,2.346775999529901e-19,4.443868691105840e-17,1.435806686558905e-17,5.892274989631192e-16,1.364899059392505e-16,2.459339852627367e-16,0.000000000000000e+00,0.000000000000000e+00,0.000000000000000e+00,0.000000000000000e+00,0.000000000000000e+00,0.000000000000000e+00,0.000000000000000e+00,1.135206053210596e-01,3.808123970590138e+03,0.000000000000000e+00,4.430000110197954e+02,9.993863311002374e+04,
-1.616895659670399e-07,5.731927411292906e+00,1.460973931211077e-01,6.126476942180956e-06,5.850167602354621e-05,4.699579491325098e-04,1.349540999896097e-07,5.712555841772795e-05,1.235256023295321e-02,1.213824181595150e-08,1.186368118701859e-03,5.171464569454601e-11,2.737586226252853e-10,2.314169492758969e-11,1.094536832421022e-09,2.995915408073338e-10,8.761824191588497e-10,1.640021725372171e-09,3.573915697993567e-12,1.182318700225883e-11,1.259090430288467e-11,3.574260946424812e-03,2.343667758858542e-02,8.819379505497841e-11,9.095610034248478e-09,1.012000244799462e-10,3.393817151887756e-09,0.000000000000000e+00,0.000000000000000e+00,3.017030131086603e-09,1.633641927033922e-09,0.000000000000000e+00,2.204858562791492e-12,0.000000000000000e+00,1.368627821773627e-13,0.000000000000000e+00,0.000000000000000e+00,0.000000000000000e+00,0.000000000000000e+00,0.000000000000000e+00,0.000000000000000e+00,0.000000000000000e+00,0.000000000000000e+00,7.916700339788226e-14,1.766155994654176e-17,1.212358120846453e-18,5.930841602143773e-07,4.033876439617663e-06,1.809929524122684e-08,1.350417821243453e-08,8.258252731052904e-09,4.292811300871255e-13,0.000000000000000e+00,0.000000000000000e+00,0.000000000000000e+00,0.000000000000000e+00,0.000000000000000e+00,0.000000000000000e+00,1.047826898247577e-01,7.928516802535308e+03,0.000000000000000e+00,2.330696954374037e+03,1.013249970929311e+05,
-1.036458591538044e-07,5.661976119919509e+00,1.469473495231901e-01,7.220149164432227e-06,6.962094621922839e-05,5.066546751398903e-04,1.327254736763577e-07,6.118196234955552e-05,1.235467253449420e-02,1.462811043294445e-08,1.326339085192276e-03,8.228506836886166e-11,3.957870145735779e-10,3.455400787178279e-11,1.520579734532746e-09,3.813292288416976e-10,1.133999690984787e-09,2.369022547147121e-09,5.183810398271319e-12,1.774982484074755e-11,1.794462585966072e-11,3.783439702437432e-03,2.304411961336375e-02,1.290281146596939e-10,1.268396079315085e-08,1.670877402366981e-10,5.056046331308127e-09,0.000000000000000e+00,1.850447371707136e-15,4.214263242700062e-09,2.206842061025577e-09,8.820743702424118e-15,4.025797070558109e-12,1.265653285690272e-14,1.352077858562227e-13,0.000000000000000e+00,0.000000000000000e+00,0.000000000000000e+00,0.000000000000000e+00,0.000000000000000e+00,0.000000000000000e+00,0.000000000000000e+00,0.000000000000000e+00,1.406243634088569e-13,3.920746850818437e-17,2.437365416194659e-18,9.388942430841251e-07,6.411511076426392e-06,2.499971764573459e-08,2.871847896562975e-08,1.772870597263773e-08,7.320770239652135e-13,0.000000000000000e+00,0.000000000000000e+00,0.000000000000000e+00,0.000000000000000e+00,0.000000000000000e+00,0.000000000000000e+00,1.053949332534741e-01,7.830736778395471e+03,0.000000000000000e+00,2.290679190893226e+03,1.013249947895244e+05,
-1.303293631546949e-06,5.401367473981395e+00,1.491094565391297e-01,1.050995968324665e-05,1.021386110299951e-04,5.955206427783481e-04,1.327446318643542e-07,7.189121677652821e-05,1.229524916057645e-02,2.243049950505253e-08,1.670419148830704e-03,1.386565751540674e-10,4.027258751431752e-10,5.064866398668603e-11,1.350029843926510e-09,1.911763494221800e-10,1.913940508301493e-09,2.796208324996941e-09,5.284861078565394e-12,2.636629569399214e-11,1.891124583451813e-11,4.297682575013038e-03,2.222111156841976e-02,1.270432825702564e-10,1.036164385138661e-08,3.036537234088131e-10,6.719219514685700e-09,0.000000000000000e+00,3.533166066954408e-16,2.857295064456372e-09,1.136768187327275e-09,2.329199350698741e-14,8.924636688907013e-12,0.000000000000000e+00,0.000000000000000e+00,0.000000000000000e+00,0.000000000000000e+00,0.000000000000000e+00,0.000000000000000e+00,0.000000000000000e+00,0.000000000000000e+00,0.000000000000000e+00,0.000000000000000e+00,4.734167469476371e-14,8.450052276081296e-17,2.945007010072477e-18,1.568561601883030e-06,1.081365309665396e-05,1.715180206185410e-08,9.753601416389118e-08,6.162438204536995e-08,1.443334407214922e-12,0.000000000000000e+00,0.000000000000000e+00,0.000000000000000e+00,0.000000000000000e+00,0.000000000000000e+00,0.000000000000000e+00,1.069500412280132e-01,5.445488752296810e+03,0.000000000000000e+00,2.139765856151633e+03,1.013249040550155e+05,

4,63
8.467042101622105e-04,5.398800006697528e+00,8.373326182934157e-01,5.042941061333766e-05,4.322343953033054e-04,9.473918893421366e-04,1.172987610830433e-04,4.053780103295598e-04,1.311166493306308e-02,2.100521003732348e-05,1.827792307016208e-01,1.515593163767865e-06,6.628984914914322e-06,7.523501411989383e-07,2.364382451563691e-04,2.732242016451487e-04,2.019125136540594e-05,5.111046771684725e-04,1.479717575216723e-05,9.755213961162579e-07,6.844474521627523e-05,1.441121702638461e-02,2.221855404251272e-02,8.724554244470711e-07,6.461577349765683e-04,2.226961882007517e-05,4.556204185068239e-03,1.026336458579380e-04,4.691205440251994e-04,3.330730864115828e-05,1.118761195422714e-04,1.325319230087865e-07,3.178889550923579e-05,3.776836814664139e-05,1.242204369177564e-05,5.836306887002191e-05,3.122873531212887e-05,4.054257408980462e-05,3.102998396236688e-06,6.423556606278735e-04,1.051191506997059e-05,4.364563179374221e-06,1.137432475388939e-04,1.931848807482565e-05,7.196752813376263e-07,1.741085263836421e-08,2.508053413419099e-06,1.771198637112250e-05,2.959956559190145e-05,1.269698989353442e-05,1.626306845675759e-05,1.705443738852755e-06,4.345652224618485e-04,9.537112140099841e-06,5.259454208125198e-02,1.609352551340516e-03,1.415042665958409e-04,4.411011368840116e-04,6.019588047133939e-01,7.406775508425452e+04,0.000000000000000e+00,2.138344850530823e+03,1.027701711541947e+05,
1.218993694120554e-07,5.761737064077523e+00,1.469422775880586e-01,7.213213009417432e-06,6.955113987598716e-05,5.064362824877430e-04,1.366477627329169e-07,6.115704393066440e-05,1.235466267878308e-02,1.461220071023168e-08,1.325511553452857e-03,8.212187499229956e-11,3.952231979811854e-10,3.449811781230634e-11,1.518753072104523e-09,3.810597189290256e-10,1.132383611082029e-09,2.365630628228033e-09,5.176346981609123e-12,1.772057025983525e-11,1.792055050314525e-11,3.782197172467509e-03,2.360496583408368e-02,1.288370485305567e-10,1.266858031672845e-08,1.667236128517781e-10,5.048047775522405e-09,3.143161319551864e-13,2.892008882336131e-15,4.209176954204173e-09,2.204635757304194e-09,1.596607806879008e-14,4.014789987927428e-12,5.868218202688213e-13,2.746080413909543e-12,1.368887980315580e-13,5.875058434403413e-13,1.064727553256129e-12,1.454506485423955e-14,7.216865453208952e-13,5.195579598635239e-12,1.501823432483845e-17,1.058274966972166e-14,1.403572785401446e-13,3.908168631149515e-17,2.430942355507623e-18,9.370728088831499e-07,6.398922318628703e-06,2.497122883095706e-08,2.861280701265988e-08,1.766248262581890e-08,7.303386027500865e-13,2.138291163201167e-13,1.729783055647891e-12,3.685113361847019e-12,4.585500206520677e-12,1.622583671670590e-12,1.258001516273365e-12,1.053912836946046e-01,7.965833339596421e+03,0.000000000000000e+00,2.346744565570205e+03,1.013250035325038e+05,
1.454880852572551e-07,5.731759297673658e+00,1.490955635134866e-01,1.048704364540405e-05,1.019156077998758e-04,5.949847588387529e-04,1.349440502829448e-07,7.182336273142808e-05,1.235665252581417e-02,2.237433774076929e-08,1.668276683547083e-03,1.384026043469004e-10,5.363434867248178e-10,5.071498553560884e-11,1.910310787581494e-09,4.071542196599227e-10,1.908451097096261e-09,3.244918028313835e-09,7.041157843644421e-12,2.633838419819703e-11,2.364279677660844e-11,4.294532584787353e-03,2.343568538901673e-02,1.772461534783321e-10,1.588835568906736e-08,3.029425721596867e-10,7.272630264887059e-09,3.620183001748891e-13,5.567396698000343e-15,5.195160285202803e-09,2.505126401196935e-09,2.864431113766761e-14,8.895263419913356e-12,3.729538093289500e-13,2.034950286995596e-12,2.967593937817896e-13,1.017855414219380e-12,1.718863489980447e-12,1.996901558213927e-14,4.321343153486325e-13,1.632932101322402e-12,6.508303493468686e-18,2.062368985414837e-14,1.804553256761104e-13,8.427628855049147e-17,4.198126820317819e-18,1.565272208594980e-06,1.079035699360605e-05,3.026431080367498e-08,9.691166740252051e-08,6.122109327980322e-08,1.447696933216293e-12,1.718734078092463e-13,6.118790884264705e-13,8.509997755005201e-12,6.426148019055811e-12,2.461879351009139e-12,1.770887592386703e-12,1.069400433230777e-01,7.930487622898045e+03,0.000000000000000e+00,2.330601018907934e+03,1.013250046592245e+05,
1.185276181416746e-06,5.661543111096531e+00,1.581663871380907e-01,2.955812703954952e-05,2.725471632317326e-04,8.581155401887632e-04,1.949649424538101e-07,1.123775350523680e-04,1.235663925799770e-02,7.438713597963359e-08,2.891812372884734e-03,1.983729183421843e-10,5.634385246878694e-10,5.868601073865731e-11,1.943890690368635e-09,3.973267962438074e-10,7.194694329558229e-09,3.499526021071079e-09,7.386479212207556e-12,3.091077094502256e-11,2.458832079929440e-11,6.007584668374750e-03,2.304185024253670e-02,1.862096125917340e-10,1.606395259860759e-08,5.205471891939969e-10,8.138900041257104e-09,3.517442623744971e-12,3.055166998247014e-14,5.211517955039058e-09,2.490481494804370e-09,1.964391031208791e-13,2.229745229203490e-11,3.434561831232237e-12,7.380216138993123e-12,3.303455351900181e-12,5.635978813530014e-12,1.494914077515484e-11,3.066730613811746e-13,5.239611129115685e-12,7.836385169845970e-12,1.486014942204335e-15,1.049700425520863e-12,1.793215838752884e-13,1.179774376227605e-16,4.548866608854019e-18,2.508003021520469e-06,1.771093785962540e-05,3.031946132170309e-08,1.728573500885382e-06,1.177483904166061e-06,3.742728988442127e-12,3.856984663082676e-12,1.148613273492689e-12,7.786036548908874e-11,7.693201641583515e-11,3.925471245026688e-11,2.127003629515946e-11,1.134545619288738e-01,7.829489985719521e+03,0.000000000000000e+00,2.290426407408695e+03,1.013250510685102e+05,

