1
0
56
1
(4 0
((0,0) (15,255) (0,0))
((0,768) (15,1023) (0,0))
((0,512) (15,767) (0,0))
((0,256) (15,511) (0,0))
)
4
FabOnDisk: SD_5_New_MF_D_0003 0
FabOnDisk: SD_5_New_MF_D_0000 0
FabOnDisk: SD_5_New_MF_D_0001 0
FabOnDisk: SD_5_New_MF_D_0002 0

4,56
-7.707457265499713e+00,-1.596823435716025e+01,-2.594097375133390e+01,-5.973900014865279e+00,-8.329700641806639e+00,-8.718029361639161e+00,-1.113419138975271e+00,-6.338600019034355e+02,-2.772655587595161e-01,-7.702397985175815e-01,-8.936423835105836e-02,-1.366817234447594e+01,-1.286355901212744e+01,-1.404094974819191e+00,-9.522612858138451e+00,-4.505698299338458e-01,-7.194397429472192e-02,-2.795210412068888e+00,-1.338917170145760e+02,1.071496678276690e-19,-9.614667297851617e-02,-4.924970705677977e+01,-1.834838267805040e+00,-2.031551546170289e+02,-7.721250210955668e+00,-2.479282182186880e+01,-4.443607158099049e+00,-2.830255044195641e+00,-9.020959683011668e-03,-1.995021627233087e+00,-1.608688800158963e+00,-9.428141940189471e-01,-3.789994864756525e+00,-2.209702943082932e+00,-3.170757359162046e+00,-2.142971336840279e-01,-3.220443007125382e+01,-5.188188628134239e-01,-3.165322413613481e-01,-8.424306847356139e+00,-1.012398526861394e+00,-1.699613896521349e-02,-7.059696988933301e-04,-8.148718161483270e-02,-1.835977363640199e-01,-2.067726656244156e+00,-6.942026815949193e-02,-4.084312768695252e-01,-1.371581149660438e-01,-2.443366073896668e+01,-4.924279011002205e-01,-5.946726160692075e+02,-9.017496864320474e+01,-9.579246916916336e+00,-2.483051852814579e+01,-2.945625965367071e-10,
-4.021616482454709e-03,-3.021903713322270e-02,-8.894665839081392e-02,1.671206829845268e-07,-1.105099466825742e-02,1.045988451694064e-01,-6.751860944445151e-06,-3.385258492700152e-01,-9.961096000041260e-08,-3.834034044910289e-07,-3.859873732408581e-08,-2.721029863215110e-06,-2.848769712653168e-07,-6.804422191330628e-07,-2.548755295978081e-06,-6.936135133064003e-09,-2.531183640428797e-08,-2.386179200562843e-08,-4.821759753029257e-01,2.682911289577428e-01,-9.588357162148650e-08,-8.391946052601020e-06,-2.440322480868242e-07,-9.186573300132453e-06,-1.972787051334895e-06,-3.397092111382929e-09,-3.789865481536920e-06,-1.249208534863021e-06,-1.068143739100850e-08,-5.986288391125263e-09,-7.320900401732384e-07,-3.336708891182683e-07,-3.156196273599817e-08,-1.495326029020664e-07,-2.591632253726244e-07,-6.904861145287933e-09,-5.040388042576258e-07,-3.417553020838034e-06,-9.189568540092977e-12,-5.099350764857117e-09,-1.065124201760860e-10,-5.016288103619778e-14,-2.503924536846303e-15,-7.233954060782359e-04,-5.005355569051380e-03,-1.277172728371644e-05,-4.407901658896402e-05,-2.765134635045939e-05,-2.157729265780181e-09,-9.681297062641568e-08,-1.242569014423476e-06,-2.718094325380992e-06,-7.717466417367852e-07,-4.456872643205127e-07,-2.176087429010607e-07,-2.204815496842372e-11,
-1.240923247601920e-02,-9.324504559271753e-02,-2.038179874939949e-01,2.827820105709696e-06,-2.912904393398610e-02,1.840872906849956e-01,-2.300052487670062e-05,-8.258896554797008e-01,-1.385101967326770e-07,-3.510685013323795e-07,-4.964748658786054e-08,-2.306549376333531e-06,-8.823739559013918e-08,-2.324929758916664e-06,-3.147438496668648e-06,-6.701685260383156e-09,-3.205315919311752e-08,-2.594066757054628e-08,-1.143359630729025e+00,7.792925304161838e-01,-1.005624392751623e-07,-6.759562490184793e-06,-4.310974327841085e-07,-1.248338976065504e-05,-4.667042991944132e-07,-3.266424202317480e-09,-1.899993627163046e-06,-7.962580214677877e-07,-6.774074612631034e-09,-1.594408694308472e-08,-2.716516551124771e-07,-2.344580397057790e-07,-3.717060307401096e-08,-1.733750619468376e-07,-4.313163488040254e-07,-1.505769787672869e-08,-6.051490500018810e-07,-4.601476464032665e-06,-2.066114534101160e-11,-1.089522312255629e-08,-9.901754317436482e-11,-8.189036382775505e-14,-2.696641986411041e-15,-1.203965091992658e-03,-8.557941383668654e-03,-1.058179348088908e-05,-2.542751040068257e-04,-1.645123204413333e-04,-5.367898214608786e-09,-7.391550477194034e-08,-1.556285883372134e-06,-4.812377485179803e-06,-1.294132590113137e-06,-6.918918906057656e-07,-3.592911504273787e-07,-2.105438046129393e-11,
-1.598361854168612e-01,-7.642614247077968e-01,-5.176052442851568e-01,-5.207723989254395e-04,-1.539406921333069e-01,4.901138369507018e-01,-2.723954992422869e-04,-4.015005648815411e+00,-1.516747476842051e-06,-2.960139216512357e-06,-6.991825364997397e-07,-5.042966583910157e-05,-7.312051463601516e-07,-2.881794881238918e-05,-2.656108565535656e-05,-8.957226627209876e-08,-5.836676116875864e-07,-3.355173300736316e-07,-4.333404134391403e+00,1.837252238887128e+00,-1.164965850553872e-07,-7.595725185125077e-06,-7.736891186615196e-06,-2.278767022588088e-04,-8.355514456587779e-06,-2.734427555168252e-08,-9.221392241020715e-07,2.029532255043245e-07,-4.048556864684526e-08,-2.869601973099223e-07,-1.445814615765566e-06,-3.866630382526481e-06,-3.927500539505941e-06,-4.519347969081178e-06,-1.184557245487494e-05,-5.527102727299484e-07,-1.513017256793122e-05,-1.118257219515834e-05,-3.079896234612932e-09,-2.081919759741099e-06,-1.510419076992019e-09,-4.463358339295370e-12,-1.217931721429514e-13,-1.410997017194691e-03,-1.040156486170944e-02,9.117781317166948e-07,-1.541494545591108e-02,-1.076578180002946e-02,-8.317275504320018e-07,-1.531559698745054e-05,-3.645845245877527e-06,-2.062038484818226e-04,-1.013225881980812e-04,-4.288400942954434e-05,-2.811517938117724e-05,-1.344797606606107e-10,

4,56
5.718724145722822e+00,2.905992870006711e+01,4.446804280680455e+01,7.450146516657973e+00,1.331637260862512e+01,3.153640379588525e+02,6.091341552086413e-01,1.208035827460208e-05,6.385008435379823e-01,1.375061030622912e+00,1.637620882809886e-01,2.556883316421790e+01,1.615915711531702e+01,1.936545939938957e+00,1.562389196156446e+01,4.220860724114280e-01,1.323147568505065e-01,2.759888376688666e+00,4.614818410265867e+02,2.849491165862562e+02,2.074666606684748e-01,5.921303424519731e+01,3.863029350800571e+00,3.005686662650443e+02,1.293052126755336e+01,2.650898640146867e+01,8.692675173133622e+00,3.443021659789960e+00,1.584082302061346e-02,3.701323758649095e+00,2.428046115424083e+00,1.099142096214709e+00,3.913644821339556e+00,2.309262148514712e+00,3.920247777110083e+00,1.982709264622169e-01,3.480282653256096e+01,1.082276766094951e+00,6.059712492190373e-01,7.984806900230821e+00,1.503406880825388e+00,4.271270348598531e-02,1.103317075213219e-03,7.682877418947257e-02,3.973597427709458e-01,2.450161243490643e+00,4.737063308553142e-01,6.880417835693066e-01,1.854179704204076e-01,1.664107007087273e+01,8.101441968855558e-01,6.790025658667472e-01,9.158948742078742e+01,1.445824867783624e+01,2.568030735129799e+01,2.787601260934025e-10,
-1.963329913103179e-03,-1.168187773747043e-02,-3.244137743963470e-02,6.401860789777395e-06,-5.898085369513964e-03,1.835031145777016e-01,-1.748786286193551e-06,-1.563799066049485e-01,-3.741462933520406e-08,-1.345407748258224e-07,-8.738475617288410e-09,3.381613837707681e-07,-6.430007287127897e-08,-1.881694400350860e-07,-8.092529332387175e-07,-8.321462954933429e-10,-2.907674377049215e-09,-3.632238458610560e-09,-1.631549531488145e-01,7.768988104645740e-01,-5.819842753573196e-08,-4.924979356109106e-06,-6.069991862794254e-08,-5.448970920032264e-07,5.968661344518040e-07,1.588157459399706e-09,-1.741338005578076e-06,-7.781119912003597e-07,5.660408292430117e-09,-1.861101133034049e-09,1.180926009091808e-07,7.954788791782100e-07,1.282997860171714e-07,6.878310348274863e-07,1.350440406983411e-06,1.935059432274542e-08,9.259692910740598e-07,5.388169923265378e-06,1.920100489601546e-11,1.117587665035020e-08,-9.210227681696502e-11,-2.242991589560876e-14,-1.505781812043894e-15,-4.544933557225326e-04,-3.097905223426269e-03,-1.059451201529766e-05,-1.188111563656744e-05,-7.281483483819544e-06,2.724821971467601e-09,1.975556968106650e-07,2.435543974444010e-06,5.236668547035037e-06,4.615027159504523e-06,1.352872112334482e-06,1.274847739467625e-06,1.960673290390957e-11,
-3.670100977182490e-03,-3.032945749977094e-02,-8.920653094960913e-02,7.533300190082861e-06,-1.108675280211443e-02,4.878700487972779e-01,-6.772580649865443e-06,-3.395745930254728e-01,-6.714960232912582e-08,-1.041156075118174e-07,-1.409668628928004e-08,6.921283983650531e-07,1.502989469403132e-07,-6.820595788624831e-07,-6.986409538358558e-07,-1.036312724407003e-09,-7.308844693583759e-09,-1.837862861985871e-09,-4.836738572387720e-01,1.830187430207582e+00,-4.225597137493926e-08,-8.482283716594947e-07,-1.075325467322189e-07,9.220582060311601e-07,3.889383346519566e-07,1.374002288433320e-09,2.407143918078931e-07,5.956356617552322e-07,3.100002250000977e-09,-4.534203964720868e-09,6.043927848946212e-08,1.151959694971071e-06,3.006700868237895e-07,1.132358745369362e-06,2.213693065562241e-06,2.842105979435924e-08,1.493347371190773e-06,6.272341721974497e-06,4.132429535773188e-11,3.120093118203756e-08,6.038691293569241e-11,-5.027849533502023e-14,-1.763505435101740e-15,-7.248428384148905e-04,-5.015689099690473e-03,8.906625690397270e-07,-4.431203632020419e-05,-2.779790417272611e-05,3.824710914219441e-09,1.933188676716444e-07,2.289248712362097e-06,7.104328751121345e-06,7.534843993326181e-06,2.618076043540660e-06,2.088668982213923e-06,2.150035705028586e-11,
-1.248273285966701e-02,-9.375101468959487e-02,-2.045535762345342e-01,2.733535692945174e-06,-2.926019283066665e-02,3.090788015927707e+00,-2.314029037759658e-05,-8.292810636872243e-01,1.836364649205619e-06,5.066071882567485e-06,8.090748107292124e-07,5.782439017552809e-05,2.142119732489185e-06,-2.085089652098298e-06,3.724652099064145e-05,1.253193197304666e-07,6.284687687887725e-07,4.187862117971417e-07,-1.147803713744252e+00,6.860200531909421e+00,6.500585389592986e-07,5.479825666286395e-05,7.895968124307570e-06,2.623457131875407e-04,4.966327829801772e-06,2.140583503514272e-08,1.552502126551968e-05,5.602620496238988e-06,3.526193461056615e-08,2.292973525975346e-07,1.070300008193892e-06,4.299161051321067e-06,2.134802015849454e-06,3.631369545397061e-06,1.035067276469897e-05,5.460913104983982e-07,1.602118251239350e-05,1.337520724636353e-05,3.391753815422826e-09,2.524498183664133e-06,3.831589160111433e-10,2.357303141743047e-13,1.141273239828337e-14,1.254238054543439e-03,8.752561688696097e-03,6.288083275940731e-05,-2.566137215057083e-04,-1.660568065974124e-04,7.313203817053350e-07,1.501775605272080e-05,5.143549047395429e-06,2.061809359516307e-04,9.683346603680776e-05,2.777338120594791e-05,2.704815337383920e-05,5.531042290840560e-11,

