1
0
56
1
(4 0
((0,0) (15,255) (0,0))
((0,768) (15,1023) (0,0))
((0,512) (15,767) (0,0))
((0,256) (15,511) (0,0))
)
4
FabOnDisk: SD_5_Old_MF_D_0003 0
FabOnDisk: SD_5_Old_MF_D_0000 0
FabOnDisk: SD_5_Old_MF_D_0001 0
FabOnDisk: SD_5_Old_MF_D_0002 0

4,56
-7.731121734080613e+00,-1.587417421485702e+01,-2.600822078340215e+01,-6.017729006427386e+00,-8.337525846292065e+00,-8.719748051069587e+00,-1.112165329536521e+00,-6.328242803744700e+02,-2.753940382669221e-01,-7.762752166293111e-01,-8.901727048636340e-02,-1.372650905357700e+01,-1.285240011043019e+01,-1.394697425948444e+00,-9.546656715883564e+00,-4.523570888600105e-01,-7.121598299818756e-02,-2.793288868447865e+00,-1.341197055553884e+02,1.226080191150600e-19,-9.590007430312839e-02,-4.873523461174265e+01,-1.822361140378722e+00,-2.025796046463629e+02,-7.792832296141547e+00,-2.454397238242608e+01,-4.403677243085382e+00,-2.846612963731827e+00,-8.948320758008735e-03,-1.975013574509592e+00,-1.598816171987093e+00,-9.359318916016021e-01,-3.818848022582279e+00,-2.227986110302745e+00,-3.199472024145783e+00,-2.161858990202300e-01,-3.243963043558489e+01,-5.131138211800998e-01,-3.211916740202611e-01,-8.382627038319168e+00,-1.016398518140205e+00,-1.698680132400117e-02,-7.026389850799011e-04,-8.314618927081037e-02,-1.832525200418308e-01,-2.063041827337381e+00,-6.945789398391916e-02,-4.067695578224838e-01,-1.372419296179186e-01,-2.468606859065442e+01,-4.904423991359319e-01,-5.909428630596597e+02,-9.036068590048131e+01,-9.529836802881126e+00,-2.494537619238884e+01,-2.949036570498720e-10,
-4.023320897975165e-03,-3.020784827760749e-02,-8.891933082424247e-02,1.633101679371818e-07,-1.104831417431872e-02,1.045628945769512e-01,-6.748971571035144e-06,-3.384031270885102e-01,-9.423912012454968e-08,-3.264899885403194e-07,-3.861356289566623e-08,-3.145537750261264e-06,-2.733465857003982e-07,-6.801461544564809e-07,-2.292032005293307e-06,-5.624306285444154e-09,-2.179416886550017e-08,-2.030848144974491e-08,-4.819670135792425e-01,2.680751672182631e-01,-9.334734737209704e-08,-8.751816696924327e-06,-2.595784186432424e-07,-1.060389190714170e-05,-2.141870748982915e-06,-4.189084376163178e-09,-3.776650802841750e-06,-1.264530682130365e-06,-1.507523171597121e-08,-6.163256106245082e-09,-1.132545347433615e-06,-4.469428722000541e-07,-3.183813844429415e-08,-1.760915549889756e-07,-3.096155483992783e-07,-7.885120607031237e-09,-4.622647466075678e-07,-3.185189486047116e-06,-8.831452615260245e-12,-5.389175185317881e-09,-1.061532333915412e-10,-5.014655945999728e-14,-2.503519618543895e-15,-7.232146708085463e-04,-5.004066367879114e-03,-1.277224040842627e-05,-4.405100073226049e-05,-2.763359708075510e-05,-1.909268969429283e-09,-7.987474637762294e-08,-1.237488032638233e-06,-2.836076332435400e-06,-8.114841794983356e-07,-5.235093096313914e-07,-2.278868745282432e-07,-2.177924507407170e-11,
-1.240205207111675e-02,-9.318283316565326e-02,-2.037236404229422e-01,2.840915577748858e-06,-2.911355012760474e-02,1.840456581344927e-01,-2.298258006063012e-05,-8.254499614785324e-01,-1.252384838875066e-07,-2.858843029901028e-07,-3.931645678411604e-08,-1.945435327867343e-06,-8.831368773625515e-08,-2.325343305382461e-06,-2.801984218346077e-06,-5.443087027575459e-09,-2.207432022448486e-08,-2.215533896089091e-08,-1.142732012667153e+00,7.789576685493086e-01,-9.514312741764506e-08,-6.242324966575176e-06,-4.234776419312741e-07,-1.197013068438756e-05,-5.300481401867745e-07,-3.059504810582538e-09,-1.900214281706991e-06,-7.965227269898544e-07,-6.145449237622193e-09,-1.617350744048111e-08,-2.730736236926570e-07,-1.962521802660901e-07,-3.279643096268922e-08,-1.483237551684867e-07,-4.092953578272855e-07,-1.427485681268096e-08,-7.552034705763757e-07,-5.026116127382899e-06,-2.483890577373790e-11,-1.130368277812694e-08,-9.903716246199051e-11,-8.169916045039786e-14,-2.711473486697982e-15,-1.203635385282849e-03,-8.555396601450591e-03,-1.058351321505551e-05,-2.539666166740702e-04,-1.643084383014169e-04,-5.511988741687643e-09,-6.253281285402567e-08,-1.761943904286149e-06,-5.303671231930518e-06,-2.038314560850534e-06,-7.420397751174761e-07,-5.654317808748391e-07,-2.443156787990119e-11,
-1.593681640295712e-01,-7.635824998286584e-01,-5.183976232758492e-01,-5.195238492691882e-04,-1.534970022548174e-01,4.898571640371346e-01,-2.719507153139681e-04,-4.007547567468780e+00,-7.102558785175360e-07,-1.286214479259065e-06,-2.247219608117838e-07,-2.140765518690974e-05,-9.418461718880801e-07,-2.880464252773911e-05,-1.973987390194729e-05,-5.418289180853616e-08,-2.428385800653719e-07,-2.010577688900699e-07,-4.332620589340922e+00,1.836257956597920e+00,-1.045293967988655e-07,-6.447019715854201e-06,-4.432515268392288e-06,-1.074255250869885e-04,-4.786505387667266e-06,-2.848343118573386e-08,-7.701743939856184e-07,2.787821759557353e-07,-4.955590373974725e-08,-1.134895554365786e-07,-1.970789350066434e-06,-5.254604559695144e-06,-4.639894397590810e-06,-6.519111335680581e-06,-1.829809012772759e-05,-3.982675228803717e-07,-1.405833024113023e-05,-1.208589325980016e-05,-3.828263316403976e-09,-2.322682300088304e-06,-1.439007467198759e-09,-4.270171975794365e-12,-1.165080153887060e-13,-1.410899644655940e-03,-1.040094291207936e-02,9.139935585227760e-07,-1.534944989727678e-02,-1.071976801899484e-02,-4.304613683444447e-07,-1.533366540240459e-05,-4.087759456165491e-06,-2.488157323925835e-04,-7.437737885185417e-05,-5.414799684986597e-05,-2.070766469034124e-05,-1.119024872764385e-10,

4,56
5.723558754437637e+00,2.912443794444734e+01,4.445846529361309e+01,7.549363419959725e+00,1.335421960961252e+01,3.151190949913933e+02,6.145694190264384e-01,1.200540390300375e-05,6.296995339189038e-01,1.378228114725122e+00,1.639646170869341e-01,2.578390021051619e+01,1.622457386868750e+01,1.939840477356027e+00,1.556993990968048e+01,4.170932515307089e-01,1.315990695817088e-01,2.782863909977217e+00,4.604718009240195e+02,2.840868411222713e+02,2.047229099383145e-01,5.947040939189215e+01,3.902374340723078e+00,3.013271590519304e+02,1.284845258570544e+01,2.666846325389584e+01,8.681955800626302e+00,3.419623584364316e+00,1.580008117856276e-02,3.672438747358283e+00,2.399619785863900e+00,1.098633126126550e+00,3.933460549059022e+00,2.287151578536212e+00,3.933457987115331e+00,1.975873845135582e-01,3.446258276964332e+01,1.056149438540896e+00,6.153788446153665e-01,8.003503737458594e+00,1.520491248575918e+00,4.344054403868133e-02,1.105208364043120e-03,7.714626002602862e-02,3.950093169100840e-01,2.470871922762353e+00,4.730614000606945e-01,6.910345290990871e-01,1.865178981148451e-01,1.652717989079029e+01,8.126256365941767e-01,6.424701706092860e-01,9.102008945282914e+01,1.458576792906778e+01,2.555973924503849e+01,2.660272002685815e-10,
-1.961786432942284e-03,-1.167688403851996e-02,-3.241900464790447e-02,6.401050045385768e-06,-5.896947711498363e-03,1.834618842564373e-01,-1.746902529979797e-06,-1.563203909689757e-01,-3.824303956318748e-08,-1.340642733747545e-07,-1.019393408617284e-08,2.567770736557420e-07,-7.521357729641905e-08,-1.851092636823153e-07,-8.259141751751150e-07,-8.607065697311506e-10,-2.706265672964776e-09,-3.714889662230958e-09,-1.630192851355829e-01,7.765654749427942e-01,-5.781134827447599e-08,-5.232078077395130e-06,-6.249125364378165e-08,-4.736816039482546e-07,6.094809524121197e-07,1.361039434547998e-09,-1.752683988958773e-06,-7.712219746749845e-07,5.782752132429955e-09,-1.883120271028968e-09,1.118048192628927e-07,8.226026155308560e-07,1.164841778957610e-07,5.890642437906072e-07,1.068349899222896e-06,1.472118111402533e-08,8.777906178873975e-07,6.941289223776747e-06,1.678309742072690e-11,1.001314160122728e-08,-9.226093940523597e-11,-2.237661411153312e-14,-1.503607274094460e-15,-4.544016745196099e-04,-3.097195214579976e-03,-1.059621273600828e-05,-1.187291497519136e-05,-7.276164667240993e-06,4.410309560149777e-09,2.786616862879417e-07,2.580592397527693e-06,5.423526657414994e-06,4.618398621293792e-06,1.157686798173954e-06,1.279284340311269e-06,2.051706027295097e-11,
-3.669917966190753e-03,-3.031816872931029e-02,-8.917897705176868e-02,7.533299707898140e-06,-1.108405536286550e-02,4.876155400847699e-01,-6.769473616765781e-06,-3.394512644543904e-01,-6.712580688256328e-08,-9.558159178236197e-08,-1.431056913344374e-08,6.820885719942409e-07,1.456328515637057e-07,-6.817180682902821e-07,-5.963315626035474e-07,-6.938387487605712e-10,-6.878962543997574e-09,-7.022793734304026e-10,-4.834639372413764e-01,1.829192844981969e+00,-4.223011721210931e-08,-9.001114576769106e-07,-1.462061604629503e-07,6.939687451869123e-07,3.944640134068774e-07,1.281680685898267e-09,2.359500373312575e-07,6.132906160827043e-07,3.610464038003491e-09,-4.532417195952180e-09,8.807280428428755e-08,1.196349070299316e-06,2.969614650457929e-07,1.135964712354555e-06,1.879248397107716e-06,1.877168592074999e-08,5.125187606399775e-07,6.122447739236101e-06,3.050320989610298e-11,2.230451537470427e-08,6.088244065227254e-11,-5.026128295938991e-14,-1.758485393570231e-15,-7.246613823771587e-04,-5.014394688635191e-03,8.746245885050820e-07,-4.428382699377398e-05,-2.777990834664105e-05,3.099140553566874e-09,2.044658377067601e-07,2.290507263825993e-06,1.101117628511142e-05,6.638282747671171e-06,2.499046479630171e-06,1.831027017422859e-06,2.455013969893116e-11,
-1.247545636496882e-02,-9.368852572637597e-02,-2.044590348094387e-01,2.744670225576307e-06,-2.924477080036516e-02,3.083102005853572e+00,-2.312276756563065e-05,-8.288393718783590e-01,1.090041025727458e-06,3.145799201392966e-06,6.453428525292116e-07,4.630797413555112e-05,2.762863983212154e-06,-2.115658045867578e-06,3.395276607676018e-05,7.786838319614516e-08,3.665414461087438e-07,2.864738657227180e-07,-1.147178060498929e+00,6.858986973947641e+00,7.644361918176484e-07,5.853855360264746e-05,5.970513786770877e-06,2.146789591277104e-04,5.098480674076783e-06,1.939138213066455e-08,1.890503736359182e-05,6.155226016240077e-06,3.255956352830228e-08,1.110330363159029e-07,1.131840659566153e-06,3.200265599262439e-06,1.939113638224799e-06,3.497211373158498e-06,8.320048720190085e-06,2.637534643043599e-07,6.370976455932736e-06,1.482930901637464e-05,1.560331576950385e-09,1.019232388729023e-06,3.922394089514695e-10,2.072525200273301e-13,1.066861656008581e-14,1.241650812323417e-03,8.656967186429516e-03,6.279810917066456e-05,-2.563050725086636e-04,-1.658514819138222e-04,3.798201253264890e-07,7.544619112156530e-06,3.387852036178624e-06,1.458802978609683e-04,4.761368912372581e-05,2.392960776617960e-05,1.313748052065091e-05,1.002249394588262e-10,

