1
0
63
1
(4 0
((0,0) (7,127) (0,0))
((0,256) (7,383) (0,0))
((0,128) (7,255) (0,0))
((0,384) (7,511) (0,0))
)
4
FabOnDisk: SD_0_New_MF_D_0003 0
FabOnDisk: SD_0_New_MF_D_0001 0
FabOnDisk: SD_0_New_MF_D_0002 0
FabOnDisk: SD_0_New_MF_D_0000 0

4,63
-5.040345677991249e-06,1.015524169158400e+00,1.591880275393148e-01,0.000000000000000e+00,2.575738197533843e-24,3.333396890384399e-18,9.099805625905727e-13,2.679650974861781e-08,3.341860493273002e-10,3.594863780536783e-13,2.804952754941149e-03,0.000000000000000e+00,2.466593398240203e-30,1.961809698708349e-31,1.675455994822750e-14,0.000000000000000e+00,4.775222124662904e-25,2.892819629222680e-13,0.000000000000000e+00,0.000000000000000e+00,0.000000000000000e+00,5.588233925053226e-11,1.377959251663882e-12,6.298443439241535e-37,2.093933819226522e-13,0.000000000000000e+00,0.000000000000000e+00,0.000000000000000e+00,0.000000000000000e+00,4.047145288771001e-31,7.344859812496550e-15,0.000000000000000e+00,0.000000000000000e+00,0.000000000000000e+00,0.000000000000000e+00,0.000000000000000e+00,0.000000000000000e+00,0.000000000000000e+00,0.000000000000000e+00,0.000000000000000e+00,0.000000000000000e+00,0.000000000000000e+00,0.000000000000000e+00,2.634664204633800e-18,2.649072665036475e-19,4.061664196104255e-21,7.282982998240912e-19,2.346139478364540e-19,9.548260195021997e-18,2.205212086464621e-18,3.973455725482477e-18,0.000000000000000e+00,0.000000000000000e+00,0.000000000000000e+00,0.000000000000000e+00,0.000000000000000e+00,0.000000000000000e+00,0.000000000000000e+00,1.140176778131042e-01,3.311752007391072e+03,0.000000000000000e+00,4.430000024509727e+02,1.013055788119755e+05,
-1.126219148059742e-07,4.475381952137954e+00,1.469735856934987e-01,7.254025306741141e-06,6.996989599365165e-05,5.077347421585603e-04,1.327476392743536e-07,6.129853297721517e-05,1.235438730754767e-02,1.470751305375971e-08,1.330629082358606e-03,8.365293755628657e-11,4.012677111426549e-10,3.506587850223497e-11,1.539918472023732e-09,3.852170391948655e-10,1.143101860508192e-09,2.401886386245304e-09,5.255894865828206e-12,1.801517855296618e-11,1.818574386353008e-11,3.789510933334845e-03,2.303181568186648e-02,1.308537237567897e-10,1.284625962233166e-08,1.700480387352253e-10,5.130286527845719e-09,0.000000000000000e+00,2.296656329594096e-15,4.268286949135567e-09,2.232813433336575e-09,8.386854596371645e-15,4.109027992554301e-12,0.000000000000000e+00,0.000000000000000e+00,0.000000000000000e+00,0.000000000000000e+00,0.000000000000000e+00,0.000000000000000e+00,0.000000000000000e+00,0.000000000000000e+00,0.000000000000000e+00,0.000000000000000e+00,1.438794195388798e-13,4.037469389485682e-17,2.502706156987341e-18,9.544703201254117e-07,6.518640069825663e-06,2.531332167866468e-08,2.944803718716025e-08,1.818418271164626e-08,7.457650191015844e-13,0.000000000000000e+00,0.000000000000000e+00,0.000000000000000e+00,0.000000000000000e+00,0.000000000000000e+00,0.000000000000000e+00,1.054136711616161e-01,7.838629024701531e+03,0.000000000000000e+00,2.289177414111715e+03,1.013249889885034e+05,
-5.220489702485073e-07,4.198285277105247e+00,1.492082322477585e-01,1.067469718072064e-05,1.037657784619753e-04,5.993870868548708e-04,1.328010303157207e-07,7.236345106677986e-05,1.218789246342048e-02,2.283418654007640e-08,1.686162703280553e-03,1.417899958646865e-10,4.013885587789592e-10,5.163420553428124e-11,1.354537114155316e-09,1.914427137296365e-10,1.956451646599039e-09,2.811260790890869e-09,5.165514166638708e-12,2.682081166796068e-11,1.866096832260064e-11,4.320478079554413e-03,2.225884155758928e-02,1.267292853576519e-10,1.033307416065090e-08,3.115631040941727e-10,6.760160339618179e-09,0.000000000000000e+00,3.014137915347975e-16,2.692616160454883e-09,1.050048780183204e-09,2.649564950168813e-14,9.229615695711163e-12,2.008899524190054e-13,0.000000000000000e+00,0.000000000000000e+00,0.000000000000000e+00,0.000000000000000e+00,0.000000000000000e+00,0.000000000000000e+00,0.000000000000000e+00,0.000000000000000e+00,0.000000000000000e+00,5.112438726340835e-14,8.742365608356096e-17,3.337833525039279e-18,1.604739286223905e-06,1.106747462412614e-05,1.581097187456654e-08,1.028785008523511e-07,6.506514142607135e-08,1.493276486380125e-12,0.000000000000000e+00,0.000000000000000e+00,0.000000000000000e+00,0.000000000000000e+00,0.000000000000000e+00,0.000000000000000e+00,1.070206269550967e-01,4.359881639394562e+03,0.000000000000000e+00,2.126913622936832e+03,1.013249136980606e+05,
-4.038701511757464e-08,4.546701582628929e+00,1.460989307963018e-01,6.134322931166434e-06,5.857473998103843e-05,4.702349019144100e-04,1.349236908792710e-07,5.716250171749467e-05,1.235280518305843e-02,1.215306583820440e-08,1.187177816560319e-03,5.216183866606761e-11,2.759176014606721e-10,2.333037201810710e-11,1.102915670504886e-09,3.016502110316629e-10,8.785064267047708e-10,1.652797573425011e-09,3.602298825305212e-12,1.191974352803457e-11,1.268655804602013e-11,3.576442817235426e-03,2.343344233414590e-02,8.890565258827443e-11,9.164840669744334e-09,1.020991400389904e-10,3.421582095759887e-09,0.000000000000000e+00,1.104643457164175e-15,3.039874524074803e-09,1.645657847733790e-09,1.369151899905027e-15,2.225720834735749e-12,0.000000000000000e+00,4.514480992864878e-15,0.000000000000000e+00,0.000000000000000e+00,0.000000000000000e+00,0.000000000000000e+00,0.000000000000000e+00,0.000000000000000e+00,0.000000000000000e+00,0.000000000000000e+00,8.031688165562805e-14,1.794463240029082e-17,1.230998126908124e-18,5.981721004052640e-07,4.068555966614797e-06,1.823747220278101e-08,1.364374348436265e-08,8.343877611337777e-09,4.332618786787652e-13,0.000000000000000e+00,0.000000000000000e+00,0.000000000000000e+00,0.000000000000000e+00,0.000000000000000e+00,0.000000000000000e+00,1.047833474666562e-01,7.929227210843418e+03,0.000000000000000e+00,2.330313409969890e+03,1.013249925811338e+05,

4,63
4.553964904458653e-06,4.192865849913591e+00,8.373327917851342e-01,5.049241745708693e-05,4.497731707604307e-04,9.548026867292115e-04,1.187768971707990e-04,4.296946513808403e-04,1.311886699646922e-02,1.955494793039942e-05,1.827792716914761e-01,1.336109825796397e-06,6.246866407449681e-06,7.032467397932825e-07,2.328186676643931e-04,2.740038251439946e-04,2.038505854347412e-05,4.946582021397864e-04,1.547257668247160e-05,9.615313734655905e-07,7.146900240931639e-05,1.406147289800959e-02,2.224758504569839e-02,7.603580411157181e-07,5.851107499567418e-04,2.115234829647095e-05,4.288108500809531e-03,1.048669596282611e-04,4.639681274539092e-04,3.105890938645222e-05,1.062237918911660e-04,1.376277409221058e-07,3.014769697245970e-05,3.887834259496146e-05,1.150398764674125e-05,5.453181031864323e-05,2.904487719548763e-05,3.783825218085860e-05,3.159424080207328e-06,6.117596593944072e-04,1.157084730738258e-05,4.475451764687458e-06,1.115391010361920e-04,1.597166009807463e-05,6.168697004185817e-07,1.405873407732980e-08,2.578003597713541e-06,1.819814096734426e-05,2.723739705597851e-05,1.206874109031854e-05,1.526266686625683e-05,1.741542565716328e-06,4.216927795225171e-04,1.068719193777146e-05,5.259455326369122e-02,1.526650921392954e-03,1.318367946987578e-04,4.211649005567891e-04,6.019589396346646e-01,7.278792461206403e+04,0.000000000000000e+00,2.123459229358546e+03,1.013448167775892e+05,
1.489026448761176e-07,4.546357545205965e+00,1.491797177633936e-01,1.062698267095913e-05,1.033020554442464e-04,5.982839288173549e-04,1.349032654286624e-07,7.222326058525505e-05,1.235546545005368e-02,2.271723736578454e-08,1.681752759546137e-03,1.412290252386373e-10,5.430937883446151e-10,5.151196266261459e-11,1.929696964648883e-09,4.097714886384429e-10,1.944887898116135e-09,3.287684788194136e-09,7.128752454010061e-12,2.675697954554329e-11,2.391410761361864e-11,4.313977611160342e-03,2.343140378278526e-02,1.795392199096869e-10,1.604515653675849e-08,3.100062925136033e-10,7.380257740616756e-09,3.123454317365930e-13,5.629597792817536e-15,5.242053285034048e-09,2.523995997481906e-09,2.889362229610537e-14,9.163531852536393e-12,5.508149840904875e-13,4.744845700932727e-12,4.327651014684467e-13,1.061873402526174e-12,1.970180430894994e-12,2.638967901281865e-14,1.465508820508635e-12,3.841352733466434e-12,3.268627922480832e-17,3.077121029144064e-14,1.831759698992453e-13,8.696037702572191e-17,4.297227439414909e-18,1.597977306475348e-06,1.101954688121763e-05,3.053145373505495e-08,1.015401439465519e-07,6.419977103922253e-08,1.486386413756030e-12,1.172460230919843e-13,1.068757539104364e-12,4.467925534438695e-12,5.719552287230415e-12,4.301186836166128e-12,1.564370979106415e-12,1.070001089663370e-01,7.928974145944678e+03,0.000000000000000e+00,2.330117241944851e+03,1.013250079957633e+05,
4.139372969551983e-07,4.474487885967590e+00,1.589606338142723e-01,3.318198815932214e-05,2.854143046626546e-04,8.642368618019940e-04,1.986064123766957e-07,1.215930414206717e-04,1.235455862299196e-02,7.892159041568735e-08,2.778497318460473e-03,2.178197844840638e-10,5.681666942313542e-10,6.083907035059647e-11,1.955576865348324e-09,3.984088283855986e-10,8.715547545196379e-09,3.533661316540954e-09,7.443165357484433e-12,3.212004098501905e-11,2.475264650853599e-11,6.551926889158601e-03,2.302715012926857e-02,1.878222234770498e-10,1.618957187098927e-08,5.511182801314430e-10,8.251915346528510e-09,1.393908466123765e-12,2.168101676925348e-14,5.253104685697600e-09,2.503313723481572e-09,2.122743806001600e-13,2.154693516376930e-11,2.802189253427629e-12,5.046518135554331e-12,1.244234024700710e-12,2.308567556668224e-12,5.398017669758122e-12,1.480730838989214e-13,3.022230168952454e-12,1.286783420525346e-12,6.185688274339648e-16,1.616808048757431e-12,1.814400714898955e-13,3.218091858410197e-16,8.309711118948819e-18,2.611087727283580e-06,1.842807246443666e-05,3.056372414800909e-08,2.272794639719055e-06,1.553891892480443e-06,4.042527460185927e-12,1.911519258853285e-12,4.936664263064540e-13,2.105453500549176e-11,3.405625365882706e-11,1.604801345132154e-11,9.401774254431490e-12,1.138540430351532e-01,7.836892124804737e+03,0.000000000000000e+00,2.288659334593836e+03,1.013250696965502e+05,
5.379264301955670e-08,4.576511818770063e+00,1.469632198068085e-01,7.239744349477947e-06,6.982628352286460e-05,5.072865372022062e-04,1.366530130711724e-07,6.124728148865939e-05,1.235437027264797e-02,1.467477340848993e-08,1.328934119022952e-03,8.331995642936258e-11,4.001294906403131e-10,3.495249326556553e-11,1.536253843898844e-09,3.846895996506006e-10,1.139777215618414e-09,2.395061127188842e-09,5.240874161897220e-12,1.795590580043324e-11,1.813756172097531e-11,3.786959342802823e-03,2.360217397547328e-02,1.304668178554791e-10,1.281533288400049e-08,1.693027291020043e-10,5.114161280859418e-09,1.420322844284820e-13,2.390057583032849e-15,4.258070119342144e-09,2.228422447780873e-09,9.064158409356172e-15,4.086384381861793e-12,1.634458154068299e-13,1.243912053925618e-12,8.666938546351879e-14,4.087551891240460e-13,7.526833401504659e-13,9.223699052065161e-15,4.752725541459366e-13,2.171110616487625e-12,8.753711860411196e-18,6.374368581964850e-15,1.433400547782653e-13,4.011533516062274e-17,2.489556251771647e-18,9.507426091760702e-07,6.492868895659034e-06,2.525592238292151e-08,2.922840354867116e-08,1.804649169353152e-08,7.422140849682564e-13,3.970383398532896e-14,7.219251988108222e-13,5.480075925200104e-13,3.732468404978383e-12,2.223207683798741e-12,1.017596921715593e-12,1.054062172903747e-01,7.976466717463310e+03,0.000000000000000e+00,2.346688149925345e+03,1.013250036569938e+05,

