1
0
56
1
(4 0
((0,0) (7,127) (0,0))
((0,256) (7,383) (0,0))
((0,128) (7,255) (0,0))
((0,384) (7,511) (0,0))
)
4
FabOnDisk: SD_5_Old_MF_D_0003 0
FabOnDisk: SD_5_Old_MF_D_0001 0
FabOnDisk: SD_5_Old_MF_D_0002 0
FabOnDisk: SD_5_Old_MF_D_0000 0

4,56
-7.761367298758048e+00,-1.753469235117746e+01,-2.686405923986517e+01,-5.705283805323246e+00,-8.584023950845753e+00,-8.512812505210697e+00,-1.087425807937041e+00,-6.263476515092382e+02,-2.245299906151539e-01,-6.919745148497638e-01,-8.108383441509509e-02,-1.353803201160895e+01,-1.303554787466636e+01,-1.343497466340739e+00,-9.976477267248098e+00,-4.556217167590147e-01,-6.954789108622214e-02,-2.959745303846731e+00,-1.341080697099817e+02,1.834686598642615e-21,-8.033634231643273e-02,-4.436700314494248e+01,-1.753666704458331e+00,-1.977277729286960e+02,-7.125701911025069e+00,-2.360028286139850e+01,-4.031086268108848e+00,-2.940069462220937e+00,-9.222966107491926e-03,-1.828185449127033e+00,-1.625504678260710e+00,-8.258176812718885e-01,-3.588911337807169e+00,-2.073765826581194e+00,-2.885457582538058e+00,-2.082027421054929e-01,-3.053006274138797e+01,-5.357208225401081e-01,-2.858560493968537e-01,-7.648920829931533e+00,-8.197461046351580e-01,-1.560277126393447e-02,-5.663751983047647e-04,-7.523406226448018e-02,-1.457434945339309e-01,-1.834393745066383e+00,-6.644079939947355e-02,-3.174492932697185e-01,-1.256151156103305e-01,-2.336888131702412e+01,-5.001534592353115e-01,-5.861587208609561e+02,-8.601505058536789e+01,-9.109504620434519e+00,-2.352404159731609e+01,-9.151790436590090e-11,
-1.286378341488085e-02,-9.639382847031785e-02,-2.083401485832843e-01,2.180195422633024e-06,-2.992351095520661e-02,1.862644287123148e-01,-2.386649275507547e-05,-8.472830158995759e-01,-1.203194081469908e-07,-2.768060285789244e-07,-3.583836963726832e-08,-1.262365836393031e-06,-8.793722443821381e-08,-2.359696014748070e-06,-1.987287059267083e-06,-4.778994790551372e-09,-2.014602471706503e-08,-1.604207361810224e-08,-1.171467278996450e+00,7.953034335944806e-01,-9.412408415453268e-08,-6.602719075898494e-06,-3.257704270316881e-07,-6.595972370444267e-06,-4.161357671629681e-07,-1.076012382785881e-09,-1.971106352170361e-06,-7.946137623144077e-07,-3.136718120789989e-09,-1.359321559403358e-08,-4.314755422855520e-07,-5.435445844737298e-07,-5.554872223859432e-08,-1.871703947035807e-07,-2.484837199075796e-07,-7.838143857143744e-09,-2.974641561940143e-07,-1.528604860373900e-06,-1.253579908769602e-11,-6.115692460886723e-08,-9.914825171254802e-11,-8.482630518278251e-14,-2.847529230305265e-15,-1.226688130065418e-03,-8.729413033405610e-03,-1.054104641284839e-05,-2.711024548525212e-04,-1.755981072001288e-04,-3.134451599621851e-09,-4.980033091244747e-08,-6.031640937303932e-07,-1.323636103790968e-06,-1.279479149177004e-06,-1.140540488900063e-06,-3.502435613731064e-07,-1.055017184725671e-11,
-1.834380495236816e-01,-9.009907647036624e-01,-5.598622974891508e-01,-6.482612232805704e-04,-1.253323474265232e-01,5.064746966850048e-01,-3.217909383390529e-04,-4.504169321015703e+00,-2.833789960019221e-07,-3.111094936432064e-07,-9.515482428718246e-08,-8.318661506435052e-06,3.809937215505155e-08,-3.719301032712054e-05,-4.798730910064563e-06,-1.286843981096726e-08,-1.058071188666651e-07,-5.701584723465730e-08,-5.609068851420514e+00,1.889675048909063e+00,-5.775253105120935e-08,-2.112224428223665e-06,-1.521747868996015e-06,-3.970948553694107e-05,-4.988795289284305e-07,-2.926266933066153e-09,-1.296154461681187e-07,4.937109400389895e-07,-1.277282245993926e-08,-6.752108089257972e-08,-5.460199346236002e-07,-1.805816249541330e-06,-6.651562963850850e-07,-8.295254567577664e-07,-2.085113872400672e-06,-9.692959433465344e-08,-2.268290434019607e-06,-1.329220105136671e-06,-4.169374206839116e-10,-5.788339302242259e-06,-1.703437073723164e-08,-8.562813478736135e-14,-1.762065027095636e-15,-1.424977187599787e-03,-1.050881892937827e-02,1.706307909836117e-06,-2.166106413257548e-02,-1.513054528318806e-02,-9.872737380624655e-08,-1.732192107481647e-06,-4.701865535840359e-07,-2.041475614372523e-05,-1.565531327855141e-05,-7.450138732599976e-06,-4.440418673868110e-06,-2.807376553448648e-11,
-3.723288955046573e-03,-3.066291722564298e-02,-9.004101084145620e-02,1.180990054800023e-06,-1.115276923584992e-02,1.062445365008776e-01,-6.870467864814321e-06,-3.434795923218881e-01,-8.567789157715483e-08,-2.999146418451321e-07,-2.582106355407352e-08,-1.218226302018263e-06,-2.582200854585798e-07,-6.948113512157666e-07,-1.540284958591725e-06,-3.636413270056639e-09,-1.312346435809981e-08,-1.250037403583059e-08,-4.906623099690166e-01,2.814351084611044e-01,-8.106581760981343e-08,-8.058626452821053e-06,-1.517224550396081e-07,-4.033937118548578e-06,-3.825859881527316e-07,-4.009398422733724e-10,-3.579902517519643e-06,-1.222652117216519e-06,-8.911855418374873e-10,-4.666603810252470e-09,-9.484964233448086e-08,-1.452127758111158e-07,-8.210220692908850e-09,-5.297436626158212e-08,-5.354251076134733e-08,-7.811352664473422e-10,-8.208679034939986e-08,-6.034041636919662e-07,-1.449925709537003e-12,-7.935525724017331e-10,-1.046476697592443e-10,-5.130536910237926e-14,-2.542758374732651e-15,-7.338904931112282e-04,-5.079577379294173e-03,-1.244850150103777e-05,-4.542113642569010e-05,-2.850238308983635e-05,-7.890033569759666e-10,-9.101444100085404e-09,-2.146128826956673e-07,-4.200895921739775e-07,-1.487297369572065e-07,-8.875022361116782e-08,-4.069143335495982e-08,-9.600875650050966e-12,

4,56
5.631731034631042e+00,3.058219207676125e+01,4.387596373194770e+01,6.891343757288361e+00,1.262674789823033e+01,3.154034141882813e+02,6.221531083053179e-01,7.561551665575313e-12,5.292749502094579e-01,1.285433187872920e+00,1.412141585406178e-01,2.480245362956089e+01,1.595745044186627e+01,1.875076631566480e+00,1.566968766984559e+01,4.644637799563492e-01,1.302154801543343e-01,2.848651729332813e+00,4.589921845865145e+02,2.835644359960295e+02,1.776441957786002e-01,5.640912678073528e+01,3.466911667514352e+00,2.871720301664487e+02,1.374766691824826e+01,2.599147712512503e+01,7.487026189668711e+00,3.393969660908986e+00,1.595506926318028e-02,3.329863444498410e+00,2.596054497859537e+00,1.058286020523573e+00,3.833428481081630e+00,2.301953566638775e+00,3.694751125309911e+00,2.047387098247635e-01,3.459462334283759e+01,1.197295110012801e+00,5.696007679132936e-01,7.916697807151573e+00,1.266383915315849e+00,3.361805867962451e-02,8.478427408228301e-04,8.305576269803690e-02,3.023101579434341e-01,2.393783904014938e+00,4.605893833716176e-01,6.523433874467165e-01,1.818974784520727e-01,1.689303544085609e+01,9.263104863802143e-01,4.635589737741977e-01,8.574746268205566e+01,1.360078032789321e+01,2.414279648039301e+01,8.662937034387141e-11,
-3.683368764308959e-03,-3.089064699623254e-02,-9.057408959354042e-02,7.551029534345140e-06,-1.122653566323652e-02,5.016189328106924e-01,-6.924706113612282e-06,-3.456010367312062e-01,-6.729139875805001e-08,-9.820553795550109e-08,-1.997511670106536e-08,7.379588811999288e-08,1.766678081545615e-07,-6.977087338615335e-07,-6.982589611384442e-07,-1.045452436320571e-09,-9.946609346919996e-09,-2.375578515316148e-09,-4.936538342141447e-01,1.875081099980764e+00,-3.829743878284182e-08,-4.069976175537574e-07,-1.474285122397282e-07,-2.004945013994306e-06,3.357090022992062e-07,3.919979938476044e-10,4.130984484162543e-07,7.168106162393345e-07,2.415444831970544e-09,-4.601524357716981e-09,1.373580987977148e-07,1.232474376011923e-06,1.297142803086826e-07,3.556467570175507e-07,7.050358601739686e-07,7.214807436090052e-09,5.167034936854425e-07,1.794360037640308e-06,1.972286763004571e-11,5.613845366200544e-08,6.922024437450697e-11,-5.146529750138482e-14,-1.699987812839425e-15,-7.368536044103386e-04,-5.100733958162175e-03,1.507158666001411e-06,-4.590407101625334e-05,-2.881025704253141e-05,4.980291565968340e-10,4.981170532847530e-08,4.803433128574941e-07,3.396679703997743e-06,4.652408740922044e-06,3.441869523327538e-06,1.267146032175751e-06,8.826356312496841e-12,
-1.302941201873473e-02,-9.747631430404208e-02,-2.098875393615691e-01,1.950591556146425e-06,-3.020435317084338e-02,3.011041611640173e+00,-2.416328547142615e-05,-8.544198689342313e-01,7.178703596566355e-07,1.782936879493423e-06,1.812403490507777e-07,1.077469180052623e-05,1.554444455611901e-06,-2.345879719355585e-06,1.049561664321435e-05,3.108758379433736e-08,1.346964524574595e-07,1.023099414259658e-07,-1.180649627602141e+00,8.866135842093222e+00,5.732969426061063e-07,4.377169026705816e-05,9.783387012553246e-07,4.054096343362865e-05,4.048488330180704e-07,6.443691079855568e-08,1.387388044773838e-05,4.732799808715208e-06,5.993758852680460e-09,2.695958454658991e-08,1.846936984186789e-07,2.992250212982902e-06,9.010584040188783e-07,1.118409048857765e-06,2.468885076661278e-06,1.267642821598612e-07,3.256806976599885e-06,1.133297884992580e-06,6.183426474395180e-10,1.660896677768986e-06,4.035482760386609e-10,3.162844760746047e-11,2.586070247151107e-13,2.401692423732741e-03,1.751343099752961e-02,6.863231199758310e-05,-2.762601019830732e-04,-1.789911867338514e-04,1.490411047575864e-07,2.698795390781398e-06,5.591118958671207e-07,2.981529727440900e-05,2.309237683868099e-05,9.776213084076008e-06,6.475063665184562e-06,3.190991915147379e-11,
-2.008839858563361e-03,-1.238505126132292e-02,-3.613256465511747e-02,6.434708687670255e-06,-6.086923954704844e-03,1.850460392410822e-01,-2.026173570132952e-06,-1.579108322132746e-01,-4.338363363752688e-08,-1.848718510728999e-07,-1.664388519395432e-08,-5.265997044819732e-07,-8.298918136666951e-08,-2.229866841675370e-07,-1.084942873903707e-06,-2.247726995838166e-09,-7.969830416914068e-09,-7.507036897477987e-09,-1.714539921048432e-01,7.905207278265176e-01,-6.132432392019167e-08,-5.636526755178468e-06,-8.475149996938492e-08,-2.242291949754528e-06,1.768987801001999e-07,2.004596078908981e-10,-1.879022916550561e-06,-7.846466042698329e-07,7.632835881729643e-10,-2.094198791914971e-09,4.467446892877082e-08,6.228862625154972e-07,3.263721977987456e-08,1.580535635894145e-07,3.139074298730553e-07,3.702226366789845e-09,1.874877314272774e-07,1.038362662455939e-06,3.155387436518437e-12,2.309817019715938e-09,-9.501212338793564e-11,-2.369084390623208e-14,-1.558912829004821e-15,-4.581369333843491e-04,-3.125410767285657e-03,-1.056655103507488e-05,-1.278406394204118e-05,-7.862943926427243e-06,-2.412690234369605e-10,1.272739891930002e-08,4.528323737393010e-07,7.268312751615796e-07,1.057427448461849e-06,7.067576189967718e-07,2.874124670819521e-07,9.886286234106478e-12,

