1
0
56
1
(4 0
((0,0) (7,127) (0,0))
((0,256) (7,383) (0,0))
((0,128) (7,255) (0,0))
((0,384) (7,511) (0,0))
)
4
FabOnDisk: SD_5_New_MF_D_0003 0
FabOnDisk: SD_5_New_MF_D_0001 0
FabOnDisk: SD_5_New_MF_D_0002 0
FabOnDisk: SD_5_New_MF_D_0000 0

4,56
-7.774853209415890e+00,-1.760034252652051e+01,-2.673603565479430e+01,-5.646891901357678e+00,-8.552896413955628e+00,-8.490158402796794e+00,-1.089477798995759e+00,-6.274460689266599e+02,-2.194661712301981e-01,-6.964929221512807e-01,-8.125654027679932e-02,-1.358107887792760e+01,-1.301060790190067e+01,-1.332572058175177e+00,-1.000711989000461e+01,-4.574628705071702e-01,-6.917209709411772e-02,-2.965628097692479e+00,-1.342794716085813e+02,1.773475233313691e-21,-8.038586110137841e-02,-4.395254643852319e+01,-1.756592436192570e+00,-1.974977930683119e+02,-6.975128779133162e+00,-2.322691753363383e+01,-4.052073303535901e+00,-2.933989093744939e+00,-9.233669355623560e-03,-1.844443142899198e+00,-1.635873663300857e+00,-8.153768807602495e-01,-3.565826288469305e+00,-2.060351880891255e+00,-2.909711531321518e+00,-2.094581811785524e-01,-3.019130989625877e+01,-5.414330433177390e-01,-2.826288170440868e-01,-7.519132744719157e+00,-8.126344581362361e-01,-1.560221767648955e-02,-5.676335643966954e-04,-7.400341854171998e-02,-1.489714051618315e-01,-1.798359074330557e+00,-6.640806525170094e-02,-3.178029734845734e-01,-1.276364245809124e-01,-2.364480246512266e+01,-5.070053556144731e-01,-5.832645721275416e+02,-8.528727159319986e+01,-9.084928982029734e+00,-2.329272688823885e+01,-8.679990060045384e-11,
-1.286447564524286e-02,-9.636551160521743e-02,-2.082851487175094e-01,2.187312275261054e-06,-2.991915007540480e-02,1.862139303087792e-01,-2.385721686301643e-05,-8.470862661044711e-01,-1.197755397006258e-07,-2.642674852674856e-07,-3.653627518898060e-08,-1.211219993166229e-06,-8.791482428993328e-08,-2.357546416703055e-06,-2.054549414106511e-06,-4.719288207482429e-09,-2.168402859311961e-08,-1.621653671275976e-08,-1.171076827715625e+00,7.950874804303272e-01,-8.561166461534496e-08,-6.502624443770205e-06,-3.239384591287341e-07,-5.735808194040688e-06,-3.801391127550783e-07,-8.678536106045108e-10,-2.067620638499583e-06,-8.392526681008386e-07,-4.579458410144639e-09,-1.343898905518150e-08,-3.196716919498841e-07,-4.716084303381997e-07,-5.655882535852332e-08,-1.679931493731783e-07,-2.389045907424074e-07,-6.417824792623357e-09,-2.483427619614850e-07,-1.290534538998159e-06,-1.353749323018946e-11,-5.562970052789928e-08,-9.925805652427225e-11,-8.402471474971170e-14,-2.817092445712570e-15,-1.226770810555122e-03,-8.729896261466179e-03,-1.054350171013949e-05,-2.709991883631181e-04,-1.755270255295423e-04,-2.976367216699662e-09,-4.453950332564437e-08,-4.998495953642309e-07,-1.086922624341084e-06,-9.090527266738972e-07,-1.724799818737313e-06,-2.525084507573938e-07,-8.771275372687626e-12,
-1.834824389714611e-01,-9.026183174195782e-01,-5.603469323877653e-01,-6.503543716597974e-04,-1.249480272399613e-01,5.064127547176930e-01,-3.225319094688704e-04,-4.510589911214449e+00,-2.269192704162772e-07,-2.051333052149003e-07,-4.946461101302371e-08,-2.269614406728615e-06,1.273862490522667e-07,-3.724143104360449e-05,-2.444956972629018e-06,-5.958514951762205e-09,-4.603120921574418e-08,-2.339227725084987e-08,-5.625317493261148e+00,1.888985997662024e+00,-4.683909429219694e-08,-1.187438557318490e-06,-8.748625143869642e-07,-1.432248466674888e-05,-4.763573223505456e-07,-2.367240419759139e-09,8.569120895356531e-08,5.731115379261595e-07,-4.427479859639277e-09,-4.247460377524626e-08,-1.653782179735853e-07,-3.545040650801312e-06,-1.176083563741178e-06,-1.765687476189708e-06,-3.056993752643986e-06,-7.414060573209097e-08,-1.742184304351850e-06,-1.070682020196493e-06,-3.908857323745528e-10,-2.125185065355431e-05,-1.805723945311685e-08,-8.473525962437472e-14,-1.755223864786657e-15,-1.425386114194360e-03,-1.051249344321076e-02,1.693226444991933e-06,-2.170605776331316e-02,-1.516228454664708e-02,-6.038054997584636e-08,-1.415815742126547e-06,-3.869158074780304e-07,-1.673761616699558e-05,-1.616516376523402e-05,-1.531857374334249e-05,-4.455178328579937e-06,-1.543010164084535e-11,
-3.716619276674010e-03,-3.065234318959657e-02,-9.001614679362265e-02,1.193406986996658e-06,-1.114954716967148e-02,1.062279468919253e-01,-6.868024671806193e-06,-3.433824761565313e-01,-8.578420538727216e-08,-3.007867666833633e-07,-2.590420663652975e-08,-1.183500516732369e-06,-2.587062243969567e-07,-6.944410785270250e-07,-1.585679945347693e-06,-3.782519139225272e-09,-1.424591611364719e-08,-1.259479264123612e-08,-4.905186491255741e-01,2.815436237108993e-01,-8.648008051606433e-08,-8.059789933888456e-06,-1.514672687110452e-07,-4.256667779520790e-06,-3.400960638135334e-07,-2.393629119651648e-10,-3.579710167931232e-06,-1.222798255749243e-06,-1.551965630261617e-09,-4.657519569029925e-09,-1.215924391681496e-07,-9.612340751817385e-08,-5.742274939929915e-09,-3.350212914076961e-08,-5.439426897014859e-08,-7.033703077455966e-10,-7.175883293371706e-08,-5.942949637468752e-07,-1.262197266932097e-12,-7.253979207291865e-10,-1.081485741946370e-10,-5.132295519614320e-14,-2.543439857983618e-15,-7.338495218660475e-04,-5.079265040620474e-03,-1.244154345676804e-05,-4.540518456685503e-05,-2.849217861998975e-05,-7.886549710539579e-10,-8.781878376677851e-09,-2.068785255261301e-07,-4.345274404948986e-07,-1.257667305548513e-07,-1.114649155122995e-07,-3.562664445391224e-08,-8.845674193125319e-12,

4,56
5.636250360634431e+00,3.052337535804402e+01,4.370811380799000e+01,6.769861967146181e+00,1.265258231696293e+01,3.160815005007108e+02,6.225203034114917e-01,6.529926220648049e-13,5.213127332311993e-01,1.271600624202993e+00,1.437049758345360e-01,2.492285778970504e+01,1.602730977071111e+01,1.884424720139330e+00,1.564188813670053e+01,4.705538641746947e-01,1.299281155378135e-01,2.824909053614149e+00,4.589400076506684e+02,2.836028900543864e+02,1.778482548951490e-01,5.650913149746393e+01,3.414883870802426e+00,2.841614865801970e+02,1.367147185786943e+01,2.568015896321862e+01,7.631624782549689e+00,3.387263016677729e+00,1.586358719230526e-02,3.428079659715381e+00,2.582081763039648e+00,1.051637035776785e+00,3.853996955513708e+00,2.297847920530144e+00,3.749361096517670e+00,2.023675045968970e-01,3.443252856743017e+01,1.210454180257690e+00,5.545532449091262e-01,7.857569920544417e+00,1.269481789963678e+00,3.286444563256455e-02,8.428279592610712e-04,8.472159312082621e-02,3.028014205559943e-01,2.417443596936415e+00,4.600082410862259e-01,6.540555693491193e-01,1.796382063657850e-01,1.683078760465705e+01,9.307244986861355e-01,4.303897577199840e-01,8.722131892959052e+01,1.338619325685912e+01,2.453394618519168e+01,1.555235940031707e-10,
-3.682127871226763e-03,-3.088060096275377e-02,-9.055087904524997e-02,7.551029775011365e-06,-1.122353155590575e-02,5.015579227618010e-01,-6.922239241129715e-06,-3.455091323664172e-01,-6.762218188274082e-08,-9.764312734288242e-08,-2.006122217618934e-08,5.402254507106066e-08,1.662686419143978e-07,-6.974845715535800e-07,-7.390215778045685e-07,-1.100076764634274e-09,-1.040766602758200e-08,-2.600468253711073e-09,-4.935171431696937e-01,1.874469199850076e+00,-3.873263857061647e-08,-4.293994114557015e-07,-1.483075036675372e-07,-1.919218523177597e-06,3.180216643867117e-07,4.374731538320998e-10,3.764464038677556e-07,7.054859077765022e-07,2.195347224125767e-09,-4.599926754836052e-09,1.916558229133935e-07,1.459907050186773e-06,1.620965133853528e-07,4.858042754457312e-07,9.068124829963159e-07,9.303653106131875e-09,5.235212293547078e-07,1.724974254030782e-06,1.985602032037162e-11,4.927367948838252e-08,6.850940586813466e-11,-5.148784135385504e-14,-1.709334820047755e-15,-7.368155173845983e-04,-5.100439893510706e-03,1.498839759212164e-06,-4.588789839140214e-05,-2.879979546410802e-05,-3.885536509177362e-10,4.519036785540284e-08,4.320006630478248e-07,1.683681941596032e-06,2.296950997553808e-06,1.542973301506062e-06,6.400659718175867e-07,8.958500608002851e-12,
-1.303022853228306e-02,-9.744602916435850e-02,-2.098277567835238e-01,1.957213039562425e-06,-3.020026902647552e-02,3.009307217059871e+00,-2.415399333664166e-05,-8.542000370563591e-01,7.153676310367607e-07,1.777550784171581e-06,1.808318835979973e-07,6.884933022404119e-06,1.532439911289048e-06,-2.351232311582852e-06,9.769338584372788e-06,2.351437472840351e-08,8.359526829669536e-08,8.597403534740708e-08,-1.180215584506799e+00,8.891603012925319e+00,5.720623055753526e-07,4.365601475593996e-05,9.795166299679443e-07,2.576055916489471e-05,3.913328607101680e-07,6.338082631466043e-08,1.382903831246398e-05,4.724452890088372e-06,4.063252680290294e-09,2.702194459414101e-08,1.421749002392388e-07,1.683779282946447e-06,4.855836860535713e-07,9.597962274015221e-07,2.185302054895489e-06,7.095471224703698e-08,1.580907772129655e-06,1.288175594114558e-06,2.979929913331527e-10,1.984025413140478e-06,4.106869582920031e-10,2.706679784521807e-11,2.172733661472906e-13,2.412388791323983e-03,1.759723140986272e-02,6.859463568958296e-05,-2.761512451465095e-04,-1.789202635989251e-04,6.840314175004115e-08,1.216550376994679e-06,4.124214471400745e-07,1.223152885616169e-05,1.206271967854419e-05,6.117748068366289e-06,3.343863787415274e-06,2.639954921335175e-11,
-2.009281036674191e-03,-1.238957277095033e-02,-3.617248454379843e-02,6.433185419525388e-06,-6.087065140116472e-03,1.849918319565251e-01,-2.029117962446877e-06,-1.578741278899777e-01,-4.339201702117900e-08,-1.848911280483819e-07,-1.664443970802290e-08,-5.366561302668518e-07,-7.599130281646344e-08,-2.231867246421489e-07,-1.080767712782445e-06,-2.260050324146290e-09,-8.385780504560014e-09,-7.094163986381024e-09,-1.715242346630982e-01,7.902937074355145e-01,-6.131719152085609e-08,-5.642316308620477e-06,-8.316713400964687e-08,-2.295999769613141e-06,1.734605536524265e-07,2.295890192423912e-10,-1.883495931614279e-06,-7.853488802013624e-07,9.062174162328826e-10,-2.055944352132341e-09,4.202725069958498e-08,4.956612592208590e-07,3.433151159978634e-08,1.790528001028249e-07,3.117112626378924e-07,3.668320566737503e-09,1.820516009941909e-07,1.003914128576786e-06,3.128994713178324e-12,2.404197458952028e-09,-9.502596758600573e-11,-2.369886285320835e-14,-1.559148709861762e-15,-4.580647951869669e-04,-3.124946373073157e-03,-1.056903414683536e-05,-1.279046245973375e-05,-7.867069281593777e-06,-1.770053862870550e-10,1.149195323990002e-08,3.968629226501390e-07,4.654545538263674e-07,1.704519272202800e-06,1.126840254113588e-06,4.639519435429738e-07,8.778214266591533e-12,

