1
0
63
1
(4 0
((0,176) (15,223) (0,0))
((0,288) (15,343) (0,0))
((0,224) (15,287) (0,0))
((0,344) (15,407) (0,0))
)
4
FabOnDisk: SD_0_Old_MF_D_0003 0
FabOnDisk: SD_0_Old_MF_D_0001 0
FabOnDisk: SD_0_Old_MF_D_0002 0
FabOnDisk: SD_0_Old_MF_D_0000 0

4,63
-1.227747752640355e-03,1.844427031514279e+00,1.645854936911473e-01,7.802458534269115e-07,8.026025620294179e-07,1.881296879959768e-05,3.156060748147214e-07,1.365939567215767e-04,1.132881801784506e-02,1.294504779754037e-07,3.692160405590307e-03,1.258284176300888e-10,2.104080723485958e-10,3.125057479968035e-11,7.481597455253060e-10,1.245072116539711e-10,1.397463190404448e-08,1.697784779902657e-09,2.795582336864877e-12,1.705170862932757e-11,1.176915896052576e-11,7.451770187092489e-03,3.871881888934411e-03,7.004545487839737e-11,5.464246288969709e-09,3.078636882122306e-10,3.189392451961731e-09,1.291836831556082e-12,2.804362076160799e-14,1.308484165041587e-09,5.321748149477064e-10,2.491274474596196e-13,1.601041318825872e-11,3.553281110480812e-12,1.114970904467995e-13,3.097571446349343e-14,1.338655643894798e-14,0.000000000000000e+00,0.000000000000000e+00,0.000000000000000e+00,0.000000000000000e+00,0.000000000000000e+00,3.655969838372241e-15,1.859166372778973e-09,1.087615544354676e-11,2.422305327207091e-13,5.020459308978875e-07,4.571512264028093e-07,3.244958083410690e-09,3.638078000167750e-06,4.167688011961441e-06,2.676518811620593e-12,0.000000000000000e+00,0.000000000000000e+00,0.000000000000000e+00,0.000000000000000e+00,0.000000000000000e+00,0.000000000000000e+00,1.180775956448963e-01,4.258150812953856e+03,0.000000000000000e+00,9.900571341114400e+02,1.013234779643344e+05,
-4.479805081052737e-07,4.271681240075767e+00,1.532057489262730e-01,1.891271396024851e-05,1.735141935452018e-04,7.307383571913896e-04,1.415610782590285e-07,9.469901249850526e-05,1.219811362852015e-02,4.185355257316689e-08,2.157783686269881e-03,2.088168106083708e-10,4.944206719432688e-10,5.922807532885477e-11,1.639859401523007e-09,2.436388589407588e-10,4.214595708170386e-09,3.288683549728661e-09,6.349328029148763e-12,3.127862277637456e-11,2.190080139417332e-11,5.387601076916809e-03,2.241244970336187e-02,1.595054233219366e-10,1.289095005674038e-08,4.941682864856994e-10,7.819525194584428e-09,4.738039465894572e-13,1.234187709726546e-14,3.567227381111661e-09,1.402659513178497e-09,8.825590540174792e-14,1.735647571355864e-11,8.293412034609207e-13,1.333572049668210e-13,9.549570571548974e-15,0.000000000000000e+00,0.000000000000000e+00,0.000000000000000e+00,0.000000000000000e+00,0.000000000000000e+00,0.000000000000000e+00,0.000000000000000e+00,6.813107445109057e-14,1.289790655148143e-16,3.830491520675095e-18,2.333704655390207e-06,1.632834533997196e-05,2.055477668916332e-08,4.888352872625610e-07,3.212903290698073e-07,2.822522644212571e-12,0.000000000000000e+00,0.000000000000000e+00,0.000000000000000e+00,0.000000000000000e+00,0.000000000000000e+00,0.000000000000000e+00,1.098046359447882e-01,5.424829024253529e+03,0.000000000000000e+00,2.168498779919633e+03,1.013249910207819e+05,
-1.404231820353419e-04,4.071932783662894e+00,1.563930221022206e-01,2.634381418171878e-05,2.325438850768216e-04,8.084935472627557e-04,1.662609513621789e-07,1.099634653302782e-04,1.219481510583291e-02,6.051278871156045e-08,2.492323632186913e-03,1.274813228964982e-10,2.128017704736423e-10,3.142926515142051e-11,7.609736474240179e-10,1.151259320913281e-10,6.491029756777463e-09,1.705127927564662e-09,2.833291445832705e-12,1.716372985045473e-11,1.181450002489626e-11,6.068172962997974e-03,2.145967392336088e-02,6.814587680560675e-11,5.512655249203865e-09,3.743846895330781e-10,3.914094628501784e-09,1.139074577403440e-12,2.012063035329268e-14,1.325800936355141e-09,5.531060987529264e-10,1.615754854783512e-13,1.792426042295826e-11,2.063914454639222e-12,2.739363088637196e-14,1.001538314936465e-14,3.683510791101988e-15,0.000000000000000e+00,0.000000000000000e+00,0.000000000000000e+00,0.000000000000000e+00,0.000000000000000e+00,0.000000000000000e+00,5.383500312478787e-14,1.229214166813017e-16,3.444077589830828e-18,2.018401025518307e-06,1.414910652440162e-05,7.905233916191930e-09,1.210106824807461e-06,8.152951690857305e-07,3.614676480316879e-12,0.000000000000000e+00,0.000000000000000e+00,0.000000000000000e+00,0.000000000000000e+00,0.000000000000000e+00,0.000000000000000e+00,1.120255215444188e-01,3.724307289044514e+03,0.000000000000000e+00,2.045249097886544e+03,1.013248852442435e+05,
-6.280991338029789e-07,4.353524916310179e+00,1.510332399856457e-01,1.432952916575272e-05,1.373400045819678e-04,6.702665556677271e-04,1.351269198347596e-07,8.269550702124157e-05,1.225800237110664e-02,3.154568010214718e-08,1.956784870616724e-03,1.776180123466069e-10,5.733981517847055e-10,5.825976633737193e-11,1.910325913949943e-09,3.137123493743861e-10,2.887721759086155e-09,3.545747980741903e-09,7.417296911405660e-12,3.056032299935508e-11,2.468101834158620e-11,4.801493897522990e-03,2.256389886215856e-02,1.884552865250288e-10,1.544419851877903e-08,4.095962069223090e-10,8.157294680174049e-09,4.160409691606734e-13,9.073262132383050e-15,4.603592412871558e-09,1.912611953078958e-09,5.710625849905052e-14,1.361168298126655e-11,6.799298390643310e-13,1.274548105748014e-13,1.253899553127614e-14,8.068297988012654e-15,2.115441282040154e-15,0.000000000000000e+00,0.000000000000000e+00,0.000000000000000e+00,0.000000000000000e+00,1.887793075107960e-16,1.195684199320748e-13,1.129654669586627e-16,4.699314839892254e-18,2.007320271650232e-06,1.394619160418888e-05,2.631074806703521e-08,2.327967732369604e-07,1.500437617002075e-07,2.136167623408904e-12,3.099360839528962e-15,0.000000000000000e+00,0.000000000000000e+00,0.000000000000000e+00,0.000000000000000e+00,0.000000000000000e+00,1.083209802804923e-01,7.027428226912558e+03,0.000000000000000e+00,2.219481112090406e+03,1.012511404116835e+05,

4,63
3.106272618872601e-04,4.066455387337292e+00,3.530269969015380e-01,5.473112277056694e-05,4.666040469354216e-04,9.771507572234721e-04,1.162410091359227e-04,5.677536624650215e-04,1.353425728714713e-02,1.753436719086110e-05,5.737501928646162e-02,1.469946030465365e-06,6.396328138471797e-06,7.361619263383681e-07,2.471107041141312e-04,3.180470240251696e-04,2.119501256494870e-05,5.203527701636375e-04,1.365837413428238e-05,1.071003671368808e-06,8.385288709926901e-05,1.395467816048016e-02,2.138843710888239e-02,7.280641500838017e-07,5.783449917074595e-04,2.120844057590314e-05,4.241244050321362e-03,1.069364664576444e-04,5.531924517288356e-04,2.910212034608113e-05,9.935337263294717e-05,1.561246244221652e-07,2.803984682039965e-05,4.313414464613536e-05,9.719405339796675e-06,5.278653707573410e-05,2.802083279030849e-05,3.628262346413666e-05,3.477600091710281e-06,6.704788891036809e-04,1.151837047157397e-05,5.743047593082981e-06,1.109081908814285e-04,1.391582579575269e-05,6.052282224241743e-07,1.426272273575500e-08,1.988879783097406e-06,1.393886539862697e-05,2.832751625125897e-05,1.195016720722432e-05,1.490133924969471e-05,2.016930340653028e-06,4.769215849640992e-04,1.051411431835396e-05,1.414111026201870e-02,1.556241461877355e-03,1.327829602670387e-04,4.265273769591163e-04,2.469123853585752e-01,7.064432487616385e+04,0.000000000000000e+00,2.042136998778478e+03,1.013316445933211e+05,
2.910637619702444e-07,4.352361050074174e+00,1.563153743936385e-01,2.616088647181228e-05,2.310254159578572e-04,8.067052950910897e-04,1.654284993199342e-07,1.096484578144491e-04,1.225665995237041e-02,6.000593954969306e-08,2.482910592833637e-03,2.205855827936810e-10,5.730696722527408e-10,6.285236801039222e-11,1.908942529833120e-09,3.129362430257451e-10,6.435028041558088e-09,3.628149490642007e-09,7.412152948131214e-12,3.297853420859897e-11,2.467039426699759e-11,6.055623437893264e-03,2.256148049278498e-02,1.883044196000959e-10,1.542532927233071e-08,5.460692166117647e-10,8.473730718583180e-09,1.496165903967311e-12,2.075134785154032e-14,4.592600408356167e-09,1.905926992373602e-09,1.609314586896722e-13,2.073431395262435e-11,2.288429548552578e-12,4.139664271450831e-13,1.777958813895006e-13,2.331415409558546e-13,6.478015603242967e-13,3.548095510349862e-14,1.159644438390579e-12,2.759472140578857e-12,1.240901134680972e-16,6.000634166607516e-14,1.188935626604972e-13,1.371377627921620e-16,4.768262131087854e-18,2.568766467053058e-06,1.810145397238188e-05,2.624391218025267e-08,1.187090759758593e-06,7.993654182318530e-07,3.601243896155417e-12,2.980052501361273e-13,9.812546879132003e-13,4.731871835326293e-12,5.612337796130988e-12,2.530279421599010e-12,1.550472285670244e-12,1.119697902595366e-01,7.006104765930600e+03,0.000000000000000e+00,2.218795098587104e+03,1.013250142747111e+05,
1.657156451441989e-07,4.269792621471654e+00,1.643874063264817e-01,4.657478244187607e-05,4.043514634619038e-04,9.571945722844851e-04,3.102090425626130e-07,1.360422141714827e-04,1.238061164360612e-02,1.273993871095531e-07,3.656478662377977e-03,2.173424235056143e-10,4.915833380110122e-10,5.901938147131983e-11,1.630902229017918e-09,2.418457433292751e-10,1.370346006740107e-08,3.274474697163644e-09,6.313348522252921e-12,3.117706491638943e-11,2.180335860090902e-11,7.392475005852468e-03,2.240901430670605e-02,1.584936548326413e-10,1.280988987879945e-08,5.461075178900365e-10,7.789003373242716e-09,1.525467875009061e-12,2.805177725819298e-14,3.539432597688655e-09,1.390882262796850e-09,2.493560268076280e-13,2.150269596462905e-11,3.538984177006024e-12,1.211384627633561e-13,4.101182731147318e-14,2.536436768328110e-14,6.417743759546132e-14,3.397237561416361e-15,7.317839619199544e-14,7.129741902326222e-15,2.689131326602810e-17,2.234986263864935e-14,1.406359679747058e-09,8.027696464656912e-12,1.800027401920728e-13,2.576597146233013e-06,1.817696307070900e-05,2.040665857934103e-08,5.804868348358163e-06,4.041727398906606e-06,4.013499041639369e-12,7.194008431694694e-14,1.830886041258680e-15,5.560882540994685e-13,4.891884520193771e-13,2.027858378933615e-13,1.322754048791317e-13,1.179275128891728e-01,5.389964150498668e+03,0.000000000000000e+00,2.167277253180804e+03,1.013250162838564e+05,
5.097900765306950e-02,4.419064677523846e+00,1.531646057950842e-01,1.881796786620829e-05,1.727886644886962e-04,7.296553163610046e-04,1.413726262393910e-07,9.446802714261960e-05,1.233284096436138e-02,4.163867843145869e-08,2.154090524316243e-03,2.083527440235994e-10,5.775831126343526e-10,6.248848914944442e-11,1.959284218154809e-09,3.543311157244544e-10,4.185986665006851e-09,3.628765192571697e-09,7.525427942288733e-12,3.274585802776817e-11,2.490502981327596e-11,5.376375785948777e-03,2.275264297518955e-02,1.905548889418114e-10,1.608938630538134e-08,4.927957196928233e-10,8.469392020159413e-09,7.671896416913421e-13,1.357791565947503e-14,5.070178701401739e-09,2.245636012401062e-09,9.555293579648859e-14,1.729341920716309e-11,1.170499161185271e-12,3.254153414281296e-13,3.781868914763650e-14,3.950815735564954e-14,5.727479521053993e-14,3.064165992302701e-16,6.818352491128270e-15,6.545672510915655e-16,5.699647895572383e-19,3.204620644030229e-15,1.532383232876152e-13,1.326982990838491e-16,4.790835402510128e-18,2.328174874695369e-06,1.628768843160888e-05,2.928786667087122e-08,4.822302337142798e-07,3.168361501342104e-07,2.810944260641921e-12,1.274605727588234e-14,3.539430354222636e-16,1.491571645168706e-13,3.630947702948355e-13,3.228511794386946e-13,9.792347728132817e-14,1.097768418242528e-01,7.907733762880117e+03,0.000000000000000e+00,2.254354332050099e+03,1.014202084720416e+05,

