1
0
63
1
(4 0
((0,176) (15,223) (0,0))
((0,288) (15,343) (0,0))
((0,224) (15,287) (0,0))
((0,344) (15,407) (0,0))
)
4
FabOnDisk: SD_0_New_MF_D_0003 0
FabOnDisk: SD_0_New_MF_D_0001 0
FabOnDisk: SD_0_New_MF_D_0002 0
FabOnDisk: SD_0_New_MF_D_0000 0

4,63
-1.201535817953708e-03,1.843417633171694e+00,1.645799884386583e-01,7.810645947269518e-07,8.090880009385644e-07,1.890585947758579e-05,3.157848056222252e-07,1.367755830554104e-04,1.132908467734296e-02,1.295731553549186e-07,3.691170785789908e-03,1.187083749477805e-10,2.099837541208542e-10,3.122129088781142e-11,7.470573896925875e-10,1.243287614803937e-10,1.399424821288642e-08,1.695394071464856e-09,2.790738080720048e-12,1.704112553813876e-11,1.175379132707848e-11,7.452950878320352e-03,3.868871868167341e-03,6.986283525611570e-11,5.452847011061853e-09,3.075806954455622e-10,3.187289333536100e-09,1.199062555892370e-12,2.813231002828574e-14,1.304927138349296e-09,5.306473702284167e-10,2.491886778578193e-13,1.596777549640631e-11,3.552377828333389e-12,1.121653264891144e-13,3.609387504289640e-14,1.261383168648292e-14,0.000000000000000e+00,0.000000000000000e+00,5.488388294027242e-17,-2.427173425422827e-16,3.426666891980071e-19,1.747301790143915e-17,1.840030418034030e-09,1.078205825596629e-11,2.400870767762702e-13,5.024376994400696e-07,4.585007333633735e-07,3.239589548054761e-09,3.634942755205612e-06,4.172490737036216e-06,2.678404827346896e-12,1.066687546081698e-16,-1.388194957270746e-17,-1.181586293091263e-16,4.691639727452072e-18,0.000000000000000e+00,2.462106638128661e-18,1.180736155290035e-01,4.277604678746556e+03,0.000000000000000e+00,9.904315192340057e+02,1.013249666818072e+05,
-3.598358557941508e-07,4.269889422670877e+00,1.532058830734766e-01,1.891460539839505e-05,1.735020652338680e-04,7.307032396057159e-04,1.415405081902552e-07,9.471047317679163e-05,1.219809182014089e-02,4.184993108817362e-08,2.157316076677423e-03,2.088988961842118e-10,4.942816537999348e-10,5.921338383438193e-11,1.639398631160765e-09,2.435586739647474e-10,4.215710178567605e-09,3.287898219405924e-09,6.347637218354190e-12,3.127134814470015e-11,2.189603035236743e-11,5.388482294728228e-03,2.241266687853028e-02,1.594565880506133e-10,1.288718900494439e-08,4.942729933317878e-10,7.817780214187632e-09,7.254905385643991e-13,1.337493156558956e-14,3.566210444511823e-09,1.402268968474161e-09,9.555506864603606e-14,1.735615013753059e-11,1.150927262800214e-12,1.180794066968564e-13,3.619383898007633e-15,0.000000000000000e+00,0.000000000000000e+00,0.000000000000000e+00,0.000000000000000e+00,-9.408592893475211e-16,0.000000000000000e+00,0.000000000000000e+00,6.809117693407795e-14,1.289307843312351e-16,3.828677041174973e-18,2.334013075855699e-06,1.633051665275618e-05,2.054984594999583e-08,4.889502824716518e-07,3.213662957325309e-07,2.823240597738901e-12,0.000000000000000e+00,-4.917582292844916e-16,-1.078905909230815e-14,0.000000000000000e+00,0.000000000000000e+00,0.000000000000000e+00,1.098042692593959e-01,5.422959514516356e+03,0.000000000000000e+00,2.168469989873753e+03,1.013250227042413e+05,
-1.531276488912201e-04,4.069604864451339e+00,1.563952580157672e-01,2.634618134294546e-05,2.325799835056772e-04,8.085352021371290e-04,1.662861992012753e-07,1.099625526278847e-04,1.219489277181837e-02,6.052517216653230e-08,2.492736889095913e-03,1.273873022518363e-10,2.124427873765912e-10,3.139587183872691e-11,7.599789997804762e-10,1.149831687285371e-10,6.491425577269394e-09,1.702422295520144e-09,2.828993493141845e-12,1.714567364590681e-11,1.179399324918367e-11,6.068008455795197e-03,2.145378908333278e-02,6.801438620109095e-11,5.503103233270182e-09,3.740798338818750e-10,3.909364931072936e-09,1.139437854148002e-12,2.012703978350014e-14,1.322789466983370e-09,5.519377566401735e-10,1.616184615498460e-13,1.789342785226407e-11,2.065132086736774e-12,2.407012177707330e-14,8.463466838124284e-15,3.848001514246499e-15,2.992531213418185e-15,0.000000000000000e+00,0.000000000000000e+00,-1.769476718453124e-16,0.000000000000000e+00,9.603809331733335e-16,5.380064628750152e-14,1.228609679815388e-16,3.442100207779688e-18,2.016678170657991e-06,1.413653841241477e-05,7.889852232460073e-09,1.210437014124574e-06,8.155307131699956e-07,3.614526650311155e-12,2.991653972355464e-17,-5.019171625139988e-18,-1.788155241394063e-15,-1.106065236272811e-17,0.000000000000000e+00,-2.489863902324810e-18,1.120272383663777e-01,3.742698317371397e+03,0.000000000000000e+00,2.045205640804405e+03,1.013249865736664e+05,
-5.605442791317165e-07,4.351737179299699e+00,1.511011511034276e-01,1.434632291167940e-05,1.374642037878942e-04,6.706187600537554e-04,1.351962900020376e-07,8.275347484639664e-05,1.225768682988132e-02,3.154688599659029e-08,1.957239793318021e-03,1.778920472406832e-10,5.735461157491778e-10,5.828451535983047e-11,1.910814186800495e-09,3.138055936311949e-10,2.893028170775841e-09,3.546396440807313e-09,7.418843127774224e-12,3.058280273759702e-11,2.468599828682700e-11,4.804130434170367e-03,2.256432623409740e-02,1.885052036420530e-10,1.544833078144336e-08,4.098538463777597e-10,8.162112825079023e-09,4.278381356386036e-13,9.093564927959817e-15,4.604345744221841e-09,1.912856931946800e-09,5.721446131933408e-14,1.362169758440938e-11,6.802869097282012e-13,1.254369844460903e-13,1.243572805135996e-14,1.129492777787650e-14,1.203110609937260e-14,0.000000000000000e+00,0.000000000000000e+00,-8.502070924110307e-16,0.000000000000000e+00,4.348162378873772e-16,1.196211493909463e-13,1.130624346926110e-16,4.701611655006665e-18,2.008113801972953e-06,1.395208209362481e-05,2.631286409005598e-08,2.329707774780776e-07,1.501313176419982e-07,2.137455628015106e-12,3.435478414134135e-15,-2.658195057869730e-16,-8.594764619976367e-15,1.336759601051172e-16,1.928281118562704e-15,-3.350833179531698e-18,1.083692978093394e-01,7.024471414492766e+03,0.000000000000000e+00,2.219481538285070e+03,1.012936591724658e+05,

4,63
3.447448990678466e-04,4.064113352544673e+00,3.529971949837691e-01,5.480840135656901e-05,4.665745537069293e-04,9.775981106567983e-04,1.161796776908555e-04,5.611655186881093e-04,1.354407086999462e-02,1.751645250663086e-05,5.737607941589880e-02,1.471344382223549e-06,6.402897563181972e-06,7.367859432439827e-07,2.470599550032808e-04,3.181303214821794e-04,2.120654997869178e-05,5.197746420164418e-04,1.360322754062755e-05,1.071957235855188e-06,8.365448493183393e-05,1.395559716439065e-02,2.138225835820554e-02,7.293331096821080e-07,5.786028247285540e-04,2.123270690852548e-05,4.242045901899974e-03,1.068422694209205e-04,5.523322835829321e-04,2.913861988281029e-05,9.923582959210051e-05,1.562181725018910e-07,2.810758823169868e-05,4.311155554521546e-05,9.738287160687555e-06,5.280865530258690e-05,2.804663850826882e-05,3.634873751332278e-05,3.476725606883260e-06,6.698369311886740e-04,1.153659118803658e-05,5.712809525503115e-06,1.109088208239693e-04,1.390765378584247e-05,6.026494330663172e-07,1.422160365875989e-08,1.987122656006401e-06,1.392596944082773e-05,2.832973479730463e-05,1.194113985977439e-05,1.487321405992111e-05,2.013030737933161e-06,4.756250436128938e-04,1.058501373312066e-05,1.415745740676072e-02,1.555456920378775e-03,1.328287542725905e-04,4.263145736510500e-04,2.468886368199102e-01,7.072586709220872e+04,0.000000000000000e+00,2.042094921587493e+03,1.013334225134493e+05,
3.911829414006870e-07,4.350573430544443e+00,1.563175561635979e-01,2.616318168825621e-05,2.310597018669445e-04,8.067443300807732e-04,1.654522138690501e-07,1.096477038714155e-04,1.225634616525068e-02,6.001773339401809e-08,2.483299785712332e-03,2.205869800843090e-10,5.731802549613937e-10,6.286328264137245e-11,1.909239758068488e-09,3.130100041702079e-10,6.435434219939623e-09,3.628838578204922e-09,7.412846931431310e-12,3.298340443374176e-11,2.467293819546050e-11,6.055484675464212e-03,2.256191280487577e-02,1.883477407226259e-10,1.542893507442065e-08,5.459927443725276e-10,8.476039152249042e-09,1.143246980482716e-12,2.003290963682582e-14,4.593247412048170e-09,1.906141715569592e-09,1.601535382032548e-13,2.073442457025458e-11,2.045662975160243e-12,4.419411723298931e-13,1.931031855008149e-13,2.713378805473433e-13,7.489334824142216e-13,2.433139750298734e-14,6.859033604559895e-13,1.638747814539871e-12,7.476530381155694e-17,6.093010419095737e-14,1.189452049712960e-13,1.371701215626228e-16,4.770922951753211e-18,2.568511439261937e-06,1.809974172372343e-05,2.624599865235584e-08,1.187410401591027e-06,7.995931516742133e-07,3.601044855258735e-12,3.378630784435506e-13,1.222897232384018e-12,5.325461299262407e-12,6.259289783947294e-12,2.833003107163221e-12,1.726348431046970e-12,1.119714528326755e-01,7.003094105688611e+03,0.000000000000000e+00,2.218795236231593e+03,1.013250502150932e+05,
2.341499101004942e-07,4.268000113660961e+00,1.643824830332511e-01,4.664573783561920e-05,4.046712442134586e-04,9.576735286334670e-04,3.103915771922988e-07,1.362144927092540e-04,1.238374447148133e-02,1.275199416644912e-07,3.655725935208061e-03,2.172855366912421e-10,4.914362990496951e-10,5.900394717888083e-11,1.630414006090013e-09,2.417620465629881e-10,1.372200542835767e-08,3.273637542202040e-09,6.311524638057347e-12,3.116916650362715e-11,2.179810308389395e-11,7.393563074142693e-03,2.240922215002373e-02,1.584429322455632e-10,1.280596739216410e-08,5.460277464001806e-10,7.787109641944703e-09,1.516636802368965e-12,2.810500204077125e-14,3.538381901634605e-09,1.390481464588896e-09,2.493343974730199e-13,2.150176265612532e-11,3.537428303713136e-12,1.084553006066663e-13,3.135092457764890e-14,2.915167095294926e-14,9.610602478921345e-14,2.032327781923013e-15,4.877663933006727e-14,3.124259010633144e-15,2.058530805562279e-17,1.678102200288179e-14,1.392188895618752e-09,7.959668620336906e-12,1.784367239710901e-13,2.576210354005955e-06,1.817415252476505e-05,2.040157762395811e-08,5.811694080441642e-06,4.046406041168409e-06,4.012797032319181e-12,5.560081550457982e-14,1.084810091387318e-15,4.019382815258058e-13,5.697186475607070e-13,2.075217913404025e-13,1.622772074927451e-13,1.179239665333640e-01,5.388205787468711e+03,0.000000000000000e+00,2.167247790574189e+03,1.013250858480718e+05,
4.753638375264860e-02,4.419199710236527e+00,1.531647125694079e-01,1.881987641303808e-05,1.727764737609754e-04,7.296201575482125e-04,1.413518551021067e-07,9.447964193637759e-05,1.232337442672322e-02,4.163501469179832e-08,2.153617923743653e-03,2.084234237633239e-10,5.777100668472336e-10,6.250418908304301e-11,1.957395946121071e-09,3.540682032519576e-10,4.187064336821807e-09,3.629679566407802e-09,7.517575207403219e-12,3.275331068964268e-11,2.488961849393529e-11,5.377262276876349e-03,2.273531484930205e-02,1.905913429026780e-10,1.607568085870196e-08,4.928912925157933e-10,8.471307139248061e-09,7.673125269486610e-13,1.358668071044875e-14,5.067826781662913e-09,2.244237977706230e-09,9.556328710153597e-14,1.729265432737640e-11,1.170803076885495e-12,2.924354337302619e-13,3.760134837901998e-14,3.944063228089707e-14,9.004686594136896e-14,8.479270052199628e-16,1.785438362620676e-14,1.998145549741072e-14,1.543306851890858e-18,4.078735645866860e-15,1.531071215644176e-13,1.327701314602648e-16,4.793555212600319e-18,2.328484314452256e-06,1.628986639136910e-05,2.927206903379204e-08,4.823433662270632e-07,3.169108181768637e-07,2.811442628792426e-12,2.223475523928057e-14,7.847437294258492e-15,1.155152388876913e-13,7.436385353006501e-13,3.194823496961653e-13,2.029363706546028e-13,1.097764540491793e-01,7.914090205913482e+03,0.000000000000000e+00,2.254431715492460e+03,1.013384801526618e+05,

