1
0
56
1
(4 0
((0,176) (15,223) (0,0))
((0,288) (15,343) (0,0))
((0,224) (15,287) (0,0))
((0,344) (15,407) (0,0))
)
4
FabOnDisk: SD_5_Old_MF_D_0003 0
FabOnDisk: SD_5_Old_MF_D_0001 0
FabOnDisk: SD_5_Old_MF_D_0002 0
FabOnDisk: SD_5_Old_MF_D_0000 0

4,56
-9.130287899849039e+00,-1.650097520478387e+01,-2.716114728827206e+01,-6.122321431525156e+00,-1.390750607964019e+01,-5.010151468548074e+00,-1.114288795352745e+00,-6.867488636055150e+02,-2.752424176429387e-01,-7.902434685924390e-01,-9.220714837343376e-02,-1.517520155615116e+01,-1.599759010378689e+01,-1.517849315083664e+00,-1.057355656076105e+01,-5.062652794078581e-01,-8.019918463034952e-02,-3.560055321236752e+00,-1.330805391016069e+02,3.545183027617053e+00,-8.492803260348142e-02,-4.660541696244766e+01,-1.869601145104741e+00,-1.998995088481858e+02,-8.633773774323654e+00,-3.070847906698316e+01,-4.190518151662821e+00,-2.804908217320107e+00,-1.159838651007453e-02,-1.894106295613644e+00,-1.944781209661086e+00,-7.765655129063088e-01,-3.674561274897715e+00,-2.110794429339311e+00,-3.031330591904035e+00,-2.554544079908141e-01,-3.507526024524298e+01,-6.506844570369845e-01,-4.725162965767559e-01,-8.302649923936485e+00,-7.837629384657362e-01,-1.663394701149518e-02,-6.382825449581096e-04,-8.002300071548633e-02,-1.512984881959307e-01,-2.113640526037539e+00,-5.990352537929310e-02,-3.076374560873686e-01,-1.683199818058794e-01,-2.624113194945246e+01,-5.975932308617504e-01,-5.839266517256051e+02,-9.160515149879183e+01,-9.449318779782603e+00,-2.528214231056848e+01,-1.718163389341498e-10,
-1.166941427713704e-01,-6.024753073506293e-01,-5.390129629500753e-01,-3.242553193745177e-04,-1.111499516598268e-01,1.439558155119901e+00,-1.925989656538080e-04,-3.090843016321297e+00,-3.793786003304569e-08,4.823244723446097e-07,9.030178938330709e-09,-3.951176593238940e-07,4.766911606833319e-07,-2.128659225590163e-05,1.653882834184490e-06,4.607275921620178e-09,-2.004662578553101e-09,1.149421729793657e-08,-3.648392698406119e+00,3.982098593187610e+00,1.832302558299776e-07,1.709839687791378e-05,-4.492893508560206e-07,-3.053407611682253e-06,-2.130458511865423e-06,-2.987966650836744e-09,6.818718951122822e-06,3.289242377641910e-06,-2.168166696939158e-08,-2.741130394788328e-08,-8.585773109464072e-07,-7.421705339744652e-08,-9.018589333617456e-08,-1.101009164804800e-07,-4.583694128704562e-07,-4.308615823004528e-08,-1.136727277249288e-06,-7.703924394792405e-06,-1.332471897466213e-10,-5.085918242380387e-08,3.554526689924754e-10,3.192884779920065e-14,6.415242862220573e-15,-1.337915340710250e-03,-1.012165137802701e-02,3.329632787819380e-05,-8.972867971740789e-03,-6.220541785029285e-03,-1.257216803202783e-08,-2.481601467556495e-07,-2.212590057309477e-06,-5.101110057021303e-06,-3.476155116605334e-06,-9.142656023149687e-07,-9.509777190042445e-07,-4.141842424587594e-11,
-2.325815529049150e-01,-1.052833222627189e+00,-5.428211620653535e-01,-2.135928011365389e-03,-1.278149417643211e-01,-6.349362619978116e-01,-6.198590639286566e-04,-1.543459073735260e+01,-4.134776542135688e-06,-4.317942730603764e-06,-5.971367769575468e-07,-1.092533922298304e-05,-1.419384391362658e-05,-9.991171020247846e-05,-2.929255479311366e-05,-3.756482508079343e-08,-2.268536643454333e-07,-1.936099839794500e-07,-2.804197613278468e+01,5.836226737614585e+00,-3.314175148450301e-06,-8.136725358606184e-05,1.461365144556255e-07,1.104338505991855e-05,-3.314848696573623e-06,-4.207989746710244e-09,-3.253346083170515e-05,-2.400102564978677e-06,-7.398601727933976e-09,-1.083799383032282e-08,-1.704456776596475e-07,-7.441158247995940e-08,-3.883773124030113e-08,-4.187106769818713e-08,-2.313609960466479e-07,-1.454392276692360e-08,-1.531652131140487e-07,-3.228021595519959e-06,-1.147928976224962e-10,-4.421770354172817e-08,-3.943089825029483e-04,-2.545380283988329e-06,-5.503070115198794e-08,-1.058360735267130e-04,-1.351830846117914e-03,5.430318622232148e-05,-5.648583863731993e-02,-4.157388056976279e-02,-2.026858198468628e-08,-2.224570731333161e-07,-1.157023556894577e-06,-1.601071264279285e-05,-2.569851634445925e-06,-3.540810530324876e-07,-7.178497053045108e-07,-5.962075277921031e-11,
-5.527467155269983e-02,-3.172178376952046e-01,-4.895459327479929e-01,-8.929780382447737e-04,-7.842132532705567e-02,7.093453179594391e-01,-3.930490695099639e-03,-2.017518935663061e+00,-6.393898604944870e-06,-3.479371432484037e-05,-7.438137462313345e-05,-1.380988590131052e-05,3.064337992558579e-07,-2.213891842426464e-04,-8.257363257511122e-06,-6.839403365600078e-08,-5.803340008523196e-07,-7.548193945220335e-08,-2.485412087868165e+00,2.597621780413583e+00,-1.485174438116074e-06,7.338446037060026e-07,-1.500084147378079e-05,-5.682286594193646e-06,-5.082985579525624e-06,-8.413200162919956e-09,-2.797349906498087e-06,1.921827987553543e-06,-1.557924803518739e-09,-9.951296934782411e-08,-1.157492232638789e-07,-3.524194771768351e-08,-7.288938952556759e-09,-1.506598000690377e-08,-3.272302583432132e-08,-1.129771912893543e-09,-1.549518917641655e-08,-1.128592291874254e-06,-3.984624185803829e-12,-4.667936578843951e-09,1.933293016207928e-10,-8.334700382642739e-12,-1.167895852402880e-14,-1.770320095608932e-03,-1.323333185624006e-02,1.609132258890741e-05,-2.521444100948573e-03,-4.975115512423118e-03,-5.190325960137861e-08,-1.809919279614798e-08,-3.976370743937177e-07,-7.832826649894037e-06,-2.599193407679876e-07,-1.281726776960966e-07,-6.785661017896545e-08,-6.516742701023759e-11,

4,56
7.298779889067790e+00,3.181146444249326e+01,4.861688406025441e+01,7.193641030529976e+00,1.115965225122296e+01,3.638760945199858e+02,5.678363881826844e-01,-1.644685779961376e+01,6.436030894825631e-01,1.395130988205253e+00,1.688553820489573e-01,2.900760354937151e+01,2.033965728646980e+01,2.224770001825558e+00,1.532863382460839e+01,7.737102596368645e-02,1.584314062454082e-01,3.062489547177814e+00,4.745612503145543e+02,2.791875227641426e+02,1.810870612594574e-01,5.639252667776115e+01,3.954370509627550e+00,2.907298453780070e+02,1.366077764990283e+01,3.118218305781809e+01,8.007771113906751e+00,2.927299534392526e+00,1.974672626610095e-02,3.608367977754195e+00,2.807540922769217e+00,9.334153267587540e-01,3.878926566302751e+00,2.189798186653073e+00,3.830223510089455e+00,2.370930816957186e-01,3.477405798680260e+01,5.894640441951307e-01,7.213676829448172e-01,8.146313619297914e+00,1.120965689705504e+00,3.362924783402999e-02,9.121924256755822e-04,7.462648669918262e-02,2.851406921808489e-01,2.467897002696700e+00,4.474350606478115e-01,5.862655003097297e-01,2.208575453025083e-01,1.452496120507250e+01,4.405286393781643e-01,2.652032470981073e-05,8.667331695652679e+01,1.440728985953532e+01,2.433542285567890e+01,2.129922904714476e-10,
-5.587091551550067e-02,-3.205311107640472e-01,-4.189057855612575e-01,-1.088693430473115e-04,-7.881145996846309e-02,2.338407435550188e+00,-9.282651400169012e-05,-2.030152957973704e+00,3.066512005838045e-07,1.204731318931065e-06,1.061139479886885e-07,5.850481193175686e-06,7.083423425278557e-07,-9.857016049750354e-06,6.208369956327373e-06,1.541977622488663e-08,5.028485823515293e-08,4.521733858503638e-08,-2.501449038429874e+00,5.787630400990650e+00,3.948134277566185e-07,3.112131224654178e-05,2.552988559782416e-07,1.619319427202048e-05,6.938315434891936e-07,1.198376299666949e-09,1.102502805480501e-05,4.256739804964416e-06,9.789803664230317e-09,-1.011342793234421e-08,2.781239987205295e-07,1.959632005697215e-07,2.295638818927327e-07,3.181158352173620e-07,9.667433386169073e-07,6.195306223717636e-08,1.907702151146979e-06,8.267777482628436e-06,1.944192672301577e-10,9.555693364586832e-08,3.935933207825484e-10,2.018309738086591e-13,1.144406746244903e-14,-1.548842753965155e-04,-1.716859713633813e-03,5.392506222763262e-05,-2.571527063764966e-03,-1.742061254115518e-03,2.067155126768036e-08,5.879066204443725e-07,3.258527262041520e-06,9.525320571927185e-06,8.945106144007683e-06,3.020133942698857e-06,2.488595459930447e-06,4.745137616168904e-11,
-9.357798459069951e-02,-6.102184033934956e-01,8.575084971160460e-01,-3.314715971977022e-04,1.168042489864065e-01,3.166270775246212e+00,-1.956539055467157e-04,-3.121810285441097e+00,9.500851170021702e-07,1.862188328281232e-06,2.190970965584838e-07,6.210584003613083e-06,7.170052696551577e-07,-2.157237879756432e-05,1.041920167807270e-05,2.597901880665327e-08,1.490442414162570e-07,6.626377094687520e-08,-3.679346695733126e+00,4.409749294068107e+01,5.699095813791488e-07,4.122178577418579e-05,3.357614128200000e-06,3.959924286305025e-05,3.424096968417849e-06,4.986019185644277e-09,1.224940168042360e-05,4.334411290133576e-06,6.367922038159146e-09,8.614782947070756e-08,1.812934419426265e-07,7.091076174888852e-09,1.765781091255193e-08,3.352527530927541e-08,1.610005747214236e-07,1.078766895120622e-08,2.549680988472397e-07,3.600411968825658e-06,1.490729056311468e-10,5.863313353575425e-08,3.487857350993906e-10,1.923291301631376e-13,1.089095531560732e-14,1.072998181572620e-02,7.452486747986298e-02,6.472552514876155e-05,-9.214539821826562e-03,-6.390519679237914e-03,3.944472589297813e-08,2.937228960660949e-07,7.306479891509301e-07,1.623147788424000e-05,1.429950116351663e-06,3.410551355236676e-07,4.028349798032918e-07,5.696643157193648e-11,
-1.579410148787702e-02,-1.901680369914155e-01,1.715648790414792e-02,8.682126664409529e-04,-3.206659358274594e-02,1.429288350111573e+00,3.700777458903258e-03,-1.336935154349679e+00,3.963992575418587e-06,5.173259713837162e-05,5.059509015895697e-05,2.284898734888044e-05,5.311775828084925e-07,1.734813412292615e-04,1.468578786987024e-05,1.133401429756236e-07,8.177438819301514e-07,1.375137063810993e-07,-1.625062593957836e+00,3.956783010620639e+00,1.593332795771817e-06,2.344502342640624e-05,9.573889914592415e-06,5.047107853823236e-06,4.223951112608287e-06,1.068284547796314e-08,1.031815668378938e-05,4.080364121002007e-06,1.109154332217089e-09,9.627464678510476e-08,1.402123343787080e-07,1.298189599268343e-08,9.417786906047574e-09,2.449899215310074e-08,8.414785369141181e-08,7.691706871018507e-10,1.865706419214297e-08,3.221948809384248e-06,5.081415940258129e-12,5.071747312797329e-09,3.597688887134423e-10,6.660452282029038e-12,1.600634051110029e-14,-1.055731567578961e-03,-6.090980494323081e-03,3.722657406764409e-05,-7.679750308085315e-04,2.340689551002101e-03,3.876421192653390e-08,3.908335037236918e-08,1.051366181867725e-06,7.307369171646525e-06,9.250631585565227e-07,2.592455459013546e-07,2.618371265426917e-07,6.510703087769798e-11,

