1
0
63
1
(4 0
((0,0) (7,127) (0,0))
((0,256) (7,383) (0,0))
((0,128) (7,255) (0,0))
((0,384) (7,511) (0,0))
)
4
FabOnDisk: SD_0_New_MF_D_0003 0
FabOnDisk: SD_0_New_MF_D_0001 0
FabOnDisk: SD_0_New_MF_D_0002 0
FabOnDisk: SD_0_New_MF_D_0000 0

4,63
-8.762793136986683e-05,7.505187160654300e-01,1.597836116745131e-01,0.000000000000000e+00,4.276253783100772e-25,2.872476488696201e-18,8.424183123763834e-13,2.723388675061117e-08,3.177380021347034e-10,3.322816655830755e-13,3.009420122273655e-03,0.000000000000000e+00,0.000000000000000e+00,0.000000000000000e+00,1.574658817314014e-14,3.419705779983365e-12,2.285321642415426e-25,2.518412511625405e-13,2.996266029505243e-20,0.000000000000000e+00,2.500443712920782e-14,5.171392816982673e-11,1.192323477270682e-12,4.784448364537049e-37,1.845784624715015e-13,1.842991557021442e-29,1.583626453876792e-12,0.000000000000000e+00,1.269044778312891e-14,2.814197000974777e-31,6.025874469807781e-15,9.740404847458572e-23,5.210893056654175e-28,1.195635221396238e-15,0.000000000000000e+00,0.000000000000000e+00,0.000000000000000e+00,0.000000000000000e+00,0.000000000000000e+00,0.000000000000000e+00,0.000000000000000e+00,0.000000000000000e+00,0.000000000000000e+00,1.826654783063358e-18,1.831624573259552e-19,2.828989030391310e-21,5.012478681179624e-19,1.613646182804425e-19,6.554925296460125e-18,1.512876918212275e-18,2.725973386548433e-18,0.000000000000000e+00,0.000000000000000e+00,0.000000000000000e+00,0.000000000000000e+00,0.000000000000000e+00,0.000000000000000e+00,0.000000000000000e+00,1.145537080289805e-01,3.390565880167398e+03,0.000000000000000e+00,4.430000020471763e+02,1.012237844083973e+05,
-1.228149361142665e-07,4.163180616705541e+00,1.469388192516977e-01,7.208763174175431e-06,6.951559726375686e-05,5.063206259591703e-04,1.327287550569014e-07,6.113579189877591e-05,1.234989252775915e-02,1.460258842567551e-08,1.325222014895795e-03,8.300402055564962e-11,3.995874542395968e-10,3.487376214258756e-11,1.535141556304853e-09,3.854504881921442e-10,1.133391117938860e-09,2.391520719037960e-09,5.232613364973447e-12,1.791023086647934e-11,1.811423103783321e-11,3.781530236802408e-03,2.303927412554113e-02,1.302854628266054e-10,1.281186066767624e-08,1.685266215255916e-10,5.102229991619405e-09,8.080251773598463e-14,1.737897975238673e-15,4.257202456915807e-09,2.229975157538149e-09,8.515820853294472e-15,4.057496000077542e-12,9.399428937588040e-15,0.000000000000000e+00,0.000000000000000e+00,0.000000000000000e+00,0.000000000000000e+00,0.000000000000000e+00,0.000000000000000e+00,0.000000000000000e+00,0.000000000000000e+00,0.000000000000000e+00,1.436046554216855e-13,3.995016037263489e-17,2.485674118403763e-18,9.474396794417264e-07,6.469590466920515e-06,2.525895028048376e-08,2.889371028086288e-08,1.783507994814350e-08,7.381088415661083e-13,0.000000000000000e+00,0.000000000000000e+00,0.000000000000000e+00,0.000000000000000e+00,0.000000000000000e+00,0.000000000000000e+00,1.053883859924008e-01,7.908376377254250e+03,0.000000000000000e+00,2.290396771631119e+03,1.013249934052881e+05,
-1.558354675009223e-06,3.893362125113523e+00,1.491391128444077e-01,1.059549904322808e-05,1.029009375021643e-04,5.973277899376917e-04,1.327296101823960e-07,7.216618763067533e-05,1.219894149352700e-02,2.259359925209374e-08,1.675688248553820e-03,1.416549104643651e-10,3.651326199459947e-10,4.739558065266775e-11,1.236782053123574e-09,1.731629505065105e-10,1.939217846822720e-09,2.598191998351261e-09,4.765947048266550e-12,2.544747952199029e-11,1.752475145530088e-11,4.312856793930732e-03,2.230621316243972e-02,1.138434297569242e-10,9.377841492934614e-09,3.101715008087244e-10,6.264360871161086e-09,8.738256093480247e-14,4.190870526401878e-15,2.495108169157870e-09,9.911654120676995e-10,2.751912889561152e-14,9.136481266396004e-12,8.221530135458442e-16,0.000000000000000e+00,0.000000000000000e+00,0.000000000000000e+00,0.000000000000000e+00,0.000000000000000e+00,0.000000000000000e+00,0.000000000000000e+00,0.000000000000000e+00,0.000000000000000e+00,5.216379601704448e-14,8.743645090723466e-17,3.278786567032381e-18,1.599907920740604e-06,1.103122609112999e-05,1.502889111802498e-08,1.007559972893448e-07,6.367859220277990e-08,1.485008985529045e-12,0.000000000000000e+00,0.000000000000000e+00,0.000000000000000e+00,0.000000000000000e+00,0.000000000000000e+00,0.000000000000000e+00,1.069704148268843e-01,4.205648307394453e+03,0.000000000000000e+00,2.120360322296786e+03,1.013249472573712e+05,
-1.432641227759838e-07,4.233142996100236e+00,1.460754836637195e-01,6.108940158953514e-06,5.831163318958541e-05,4.693260333478811e-04,1.350015429235816e-07,5.706791795398884e-05,1.235289185959663e-02,1.209466600499241e-08,1.183657708311526e-03,5.157328588109391e-11,2.734676785889449e-10,2.310515061067122e-11,1.094291171783412e-09,2.999619636767014e-10,8.730319319530549e-10,1.638146682541036e-09,3.569980655551563e-12,1.180271439803954e-11,1.257728062364910e-11,3.571794262082663e-03,2.343986470932620e-02,8.809027259827484e-11,9.092053756187433e-09,1.008526908796753e-10,3.388616972514527e-09,0.000000000000000e+00,1.582149545842041e-16,3.015230015476599e-09,1.633631924834710e-09,4.062237680515235e-15,2.192559320428544e-12,1.458751255383525e-14,2.323372337240817e-14,0.000000000000000e+00,0.000000000000000e+00,0.000000000000000e+00,0.000000000000000e+00,0.000000000000000e+00,0.000000000000000e+00,0.000000000000000e+00,0.000000000000000e+00,7.921288071584479e-14,1.759723570564938e-17,1.210290392092402e-18,5.915314914349838e-07,4.022961149380663e-06,1.809776180156207e-08,1.338982080347792e-08,8.186514521150907e-09,4.276339502076257e-13,0.000000000000000e+00,0.000000000000000e+00,0.000000000000000e+00,0.000000000000000e+00,0.000000000000000e+00,0.000000000000000e+00,1.047661371015485e-01,7.936226646735653e+03,0.000000000000000e+00,2.330964543291258e+03,1.013249935163439e+05,

4,63
8.682704088805518e-05,3.887788583869071e+00,8.373327857656327e-01,4.932079375412350e-05,4.650908901739258e-04,9.643096950119755e-04,1.216566727521955e-04,4.242099425787637e-04,1.313293941586361e-02,1.979471047607090e-05,1.827792702818291e-01,1.264244687447801e-06,6.075769529532382e-06,6.874162576158091e-07,2.248626280034127e-04,2.678251017942087e-04,2.043042892561370e-05,4.942016698209806e-04,1.618683845945555e-05,9.591053091676314e-07,7.162010998542505e-05,1.381940655827191e-02,2.229307212657328e-02,6.896203495312946e-07,5.635294519802985e-04,2.122127109360795e-05,4.245334899130543e-03,9.803925485724696e-05,4.573206946884591e-04,3.062596177383688e-05,1.061272374922853e-04,1.387686694955524e-07,3.129197087843426e-05,3.937047320052635e-05,1.108686299256958e-05,5.400719679270466e-05,2.908637260682627e-05,3.829163450204715e-05,3.078923916081890e-06,6.196673748352806e-04,1.226543708048594e-05,4.450667525865491e-06,1.096666637866837e-04,1.429328879361093e-05,5.724214166940504e-07,1.291357079315963e-08,2.474015268273639e-06,1.747061249026030e-05,2.786524061471609e-05,1.215338786611573e-05,1.534815915496151e-05,1.707175832392969e-06,4.310634035046888e-04,1.070737846539343e-05,5.259455285367596e-02,1.552499024413096e-03,1.340859398697250e-04,4.238064614916858e-04,6.019589350188669e-01,7.162901091840818e+04,0.000000000000000e+00,2.116629466081635e+03,1.014283392409037e+05,
1.222934916556486e-07,4.232806512821270e+00,1.491110819918110e-01,1.054716301430758e-05,1.024393305443940e-04,5.962243138438934e-04,1.349815164829911e-07,7.202046860480086e-05,1.235442792573437e-02,2.247821881035585e-08,1.671433512566607e-03,1.410555988611028e-10,5.445969553783298e-10,5.156962330074846e-11,1.937528512823444e-09,4.121364967088059e-10,1.927452857445370e-09,3.294510218733594e-09,7.147289743878900e-12,2.677009297393542e-11,2.396060101983943e-11,4.306010170409624e-03,2.343783634550445e-02,1.800704351332898e-10,1.610888859148998e-08,3.086695924262802e-10,7.385958154412213e-09,4.393141282433183e-13,6.958009630852123e-15,5.265288211605636e-09,2.537631656914077e-09,2.844439526736341e-14,9.073965808374322e-12,3.651938040259391e-13,2.762824528579552e-12,1.567719304639970e-13,3.248954723689984e-13,6.920437310199696e-13,7.926714416167673e-15,4.745416413793482e-13,2.254852858355879e-12,1.094551056979708e-17,6.908353405909356e-15,1.851796904785953e-13,8.695782028138206e-17,4.318456476616678e-18,1.593096478634146e-06,1.098297842769486e-05,3.065925302500713e-08,9.943719492781335e-08,6.282727857515575e-08,1.475989264333874e-12,3.470540769920684e-14,7.894576200146203e-14,2.129024560397837e-12,2.608093533136737e-12,3.448826044940010e-12,6.873645745940910e-13,1.069502755724257e-01,7.936219830533806e+03,0.000000000000000e+00,2.330772426162204e+03,1.013250142447467e+05,
9.148464304789624e-07,4.162299401149862e+00,1.595321370581353e-01,3.276717939441414e-05,2.948233695583899e-04,8.740635198179492e-04,2.091045129291075e-07,1.177415656079412e-04,1.234966726165220e-02,8.254180636722552e-08,2.972216094924026e-03,2.187595019469718e-10,5.925095653272469e-10,6.352374873906724e-11,1.997106152619199e-09,4.016130895216214e-10,8.363121886360605e-09,3.706515951336193e-09,7.691958130823263e-12,3.326182606354637e-11,2.546966244002527e-11,6.331414099511081e-03,2.303447578046965e-02,1.954594348710276e-10,1.638022181200718e-08,5.390115606115537e-10,8.606709106323338e-09,1.338792937633621e-12,2.361796378032776e-14,5.279930760197010e-09,2.518817595760102e-09,2.091753937086162e-13,2.183689214629565e-11,2.745389535252058e-12,1.124132191827489e-11,5.248001165802434e-12,5.416955813886612e-12,1.032965799545732e-11,4.485075649738646e-13,1.121416760919717e-11,8.944166606720381e-13,3.100444679156655e-15,5.284942850740161e-12,2.671204732028824e-13,7.781935703845984e-16,2.121562679486412e-17,2.540961118993783e-06,1.792493297684574e-05,3.069197379980450e-08,2.301743431049460e-06,1.577622001087784e-06,4.051841498792950e-12,9.377478051267894e-12,1.205166952234027e-13,1.186389576911659e-10,7.446421912770240e-11,5.349011478314172e-11,2.064845259869872e-11,1.143671963110724e-01,7.920381578738976e+03,0.000000000000000e+00,2.289884645679336e+03,1.013250747469156e+05,
1.926569184342852e-07,4.262283483626041e+00,1.469286994428531e-01,7.194736383531675e-06,6.937458794998429e-05,5.058783101918698e-04,1.367117230290927e-07,6.108521272907841e-05,1.235398449331825e-02,1.457053654232729e-08,1.323555568161391e-03,8.268546858753607e-11,3.985162867479703e-10,3.476849834449617e-11,1.532222680953621e-09,3.849167545928919e-10,1.130154212986389e-09,2.385169549835896e-09,5.219200810325985e-12,1.785716531516278e-11,1.807194373508342e-11,3.779008247416719e-03,2.360536473122059e-02,1.298994375140035e-10,1.278086637160728e-08,1.677899316631013e-10,5.088119626842682e-09,1.296889666613961e-13,2.352761248935204e-15,4.246952645466815e-09,2.225533011343641e-09,8.883446446021994e-15,4.035236654851685e-12,1.082928129348129e-13,1.549953571203017e-12,5.128285161720671e-14,1.788842742113619e-13,2.673074038891749e-13,9.207610327778224e-16,3.327726773084747e-14,3.645923909038449e-13,1.700461172441882e-18,2.396261090509692e-15,1.430584750915411e-13,3.969286066870251e-17,2.472535932288420e-18,9.437405291061538e-07,6.444026411385946e-06,2.520113098824285e-08,2.867987789086714e-08,1.770110129156986e-08,7.346191230973432e-13,5.946601256050825e-14,5.442484464085004e-14,4.241944659550334e-12,3.983986463433691e-12,3.155276120015164e-12,1.085141045812161e-12,1.053811135769522e-01,7.984178624239278e+03,0.000000000000000e+00,2.347120323712900e+03,1.013250084930999e+05,

