1
0
63
1
(4 0
((0,0) (7,127) (0,0))
((0,256) (7,383) (0,0))
((0,128) (7,255) (0,0))
((0,384) (7,511) (0,0))
)
4
FabOnDisk: SD_0_Old_MF_D_0003 0
FabOnDisk: SD_0_Old_MF_D_0001 0
FabOnDisk: SD_0_Old_MF_D_0002 0
FabOnDisk: SD_0_Old_MF_D_0000 0

4,63
-7.612562715528034e-05,7.525344822804956e-01,1.597688294869167e-01,0.000000000000000e+00,4.363316471883685e-25,2.883989384684809e-18,8.451733623262656e-13,2.725529965893514e-08,3.185979927089375e-10,3.333790570967518e-13,3.002929402907990e-03,0.000000000000000e+00,0.000000000000000e+00,0.000000000000000e+00,1.579330713882013e-14,3.429656959370470e-12,2.331171825069212e-25,2.529734849263658e-13,3.084201419318696e-20,0.000000000000000e+00,2.512016565520007e-14,5.188347498891996e-11,1.197826743846399e-12,4.823999854566110e-37,1.853632209387777e-13,1.862287006433097e-29,1.590642182913175e-12,0.000000000000000e+00,1.774339304005535e-14,2.841432117561461e-31,6.059945072431539e-15,1.001248669248783e-22,5.265755634820270e-28,1.202496488915117e-15,0.000000000000000e+00,0.000000000000000e+00,0.000000000000000e+00,0.000000000000000e+00,0.000000000000000e+00,0.000000000000000e+00,0.000000000000000e+00,0.000000000000000e+00,0.000000000000000e+00,1.843051681470451e-18,1.848166520193974e-19,2.926439771457679e-21,5.058210442092654e-19,1.628389934041166e-19,6.615062699595217e-18,1.526776924017415e-18,2.751019076219713e-18,0.000000000000000e+00,0.000000000000000e+00,0.000000000000000e+00,0.000000000000000e+00,0.000000000000000e+00,0.000000000000000e+00,0.000000000000000e+00,1.145395357791732e-01,3.388014306014198e+03,0.000000000000000e+00,4.430000020544578e+02,1.012390838298270e+05,
-1.255565593886112e-07,4.166404173922279e+00,1.469399004690928e-01,7.210145009097403e-06,6.952949641191889e-05,5.063639552705273e-04,1.327351214152964e-07,6.114075349900713e-05,1.235008725637664e-02,1.460580160438136e-08,1.325388392640744e-03,8.303702097272744e-11,3.997154187065397e-10,3.488798774415443e-11,1.536011363774680e-09,3.854357621095416e-10,1.133707886824427e-09,2.392233738967073e-09,5.234862622628833e-12,1.791914336858812e-11,1.812164948046828e-11,3.781773349659109e-03,2.303917321179902e-02,1.303038363078127e-10,1.281291867958145e-08,1.685679585939011e-10,5.104334512534390e-09,5.205073847596609e-14,1.872998128397143e-15,4.257532718431185e-09,2.230065742829876e-09,8.162080827859813e-15,4.058972350465013e-12,4.371008422302853e-14,0.000000000000000e+00,0.000000000000000e+00,0.000000000000000e+00,0.000000000000000e+00,0.000000000000000e+00,0.000000000000000e+00,0.000000000000000e+00,0.000000000000000e+00,0.000000000000000e+00,1.436208094831103e-13,3.996526343091728e-17,2.486336115882359e-18,9.476896460290712e-07,6.471329220961995e-06,2.526155064211641e-08,2.891164670009049e-08,1.784636173982651e-08,7.384138604681612e-13,0.000000000000000e+00,0.000000000000000e+00,0.000000000000000e+00,0.000000000000000e+00,0.000000000000000e+00,0.000000000000000e+00,1.053891716999808e-01,7.906378664811458e+03,0.000000000000000e+00,2.290356705745245e+03,1.013249936423708e+05,
-1.302226549795170e-06,3.896408510541238e+00,1.491415152402929e-01,1.059733838832801e-05,1.029281244199263e-04,5.973931195289342e-04,1.327373826347092e-07,7.216800968630021e-05,1.219864342509570e-02,2.260137410964978e-08,1.676123468146039e-03,1.416549065686456e-10,3.660386741194584e-10,4.751493102865088e-11,1.239856334526631e-09,1.736503231076992e-10,1.939593161345166e-09,2.603693944668043e-09,4.776029358810601e-12,2.550758365242731e-11,1.755387726860291e-11,4.312844084015863e-03,2.230477271995207e-02,1.141576377900825e-10,9.401152030867386e-09,3.102848726807279e-10,6.276745895099843e-09,1.978988578781428e-15,4.686808027875685e-15,2.499252813887432e-09,9.921909366908506e-10,2.816919092326609e-14,9.142332315863255e-12,2.623265428778148e-13,0.000000000000000e+00,0.000000000000000e+00,0.000000000000000e+00,0.000000000000000e+00,0.000000000000000e+00,0.000000000000000e+00,0.000000000000000e+00,0.000000000000000e+00,0.000000000000000e+00,5.228398287914536e-14,8.743762782111237e-17,3.288984848521918e-18,1.600138576183044e-06,1.103290785677994e-05,1.504013578436856e-08,1.008225063910655e-07,6.372257518261865e-08,1.485338743830426e-12,0.000000000000000e+00,0.000000000000000e+00,0.000000000000000e+00,0.000000000000000e+00,0.000000000000000e+00,0.000000000000000e+00,1.069721884402823e-01,4.202672143479560e+03,0.000000000000000e+00,2.120509274333540e+03,1.013249631562221e+05,
-9.715289410291787e-08,4.236404429986354e+00,1.460761992667773e-01,6.109714481012205e-06,5.831966025674267e-05,4.693538241968099e-04,1.349991213553808e-07,5.707081588323170e-05,1.235289166899313e-02,1.209644926623758e-08,1.183765812278268e-03,5.159320999687499e-11,2.735531542247512e-10,2.311292759169189e-11,1.094597579488866e-09,3.000249306541662e-10,8.732035273563497e-10,1.638659213808004e-09,3.571102841662359e-12,1.180673814260057e-11,1.258108784590021e-11,3.571939146026799e-03,2.343967202611228e-02,8.811811248315022e-11,9.094580201444671e-09,1.008942308731449e-10,3.389712544660312e-09,2.705931514032220e-14,8.621508766286261e-16,3.016080587542616e-09,1.634054950495744e-09,4.043169051362538e-15,2.193646340720258e-12,2.428418504029069e-14,0.000000000000000e+00,0.000000000000000e+00,0.000000000000000e+00,0.000000000000000e+00,0.000000000000000e+00,0.000000000000000e+00,0.000000000000000e+00,0.000000000000000e+00,0.000000000000000e+00,7.925286935214083e-14,1.760919141854790e-17,1.211017021609286e-18,5.917588696402561e-07,4.024520631062097e-06,1.810279422307166e-08,1.339808998769793e-08,8.191633563635776e-09,4.278232351919362e-13,0.000000000000000e+00,0.000000000000000e+00,0.000000000000000e+00,0.000000000000000e+00,0.000000000000000e+00,0.000000000000000e+00,1.047666610915268e-01,7.935971395863953e+03,0.000000000000000e+00,2.330944420317420e+03,1.013249944854795e+05,

4,63
7.706939035043679e-05,3.890838057133822e+00,8.373327854638316e-01,4.934181583335682e-05,4.647607710972066e-04,9.641574397712498e-04,1.216357607805173e-04,4.244005554717069e-04,1.313164899496352e-02,1.979041236826321e-05,1.827792702112592e-01,1.266367466185121e-06,6.080736243031326e-06,6.880116407000574e-07,2.249617770814818e-04,2.679883428218792e-04,2.043322863311882e-05,4.942494694755207e-04,1.618553643336901e-05,9.595641112596029e-07,7.161965195147540e-05,1.382449925627409e-02,2.229162840514538e-02,6.908265541093662e-07,5.640263856378589e-04,2.123056753160560e-05,4.247011417848607e-03,9.806976139897294e-05,4.576089307353880e-04,3.064344799542408e-05,1.061127128871659e-04,1.387995846682050e-07,3.129480479963801e-05,3.937277306223510e-05,1.109120732443214e-05,5.402560561145181e-05,2.909581952775207e-05,3.830325990670988e-05,3.079858107323277e-06,6.197565866697830e-04,1.226222969709241e-05,4.453092289348585e-06,1.096507205988681e-04,1.431882808586391e-05,5.734077774987955e-07,1.293888535761747e-08,2.475881589072986e-06,1.748355542877044e-05,2.787015250556992e-05,1.215043200609533e-05,1.534108296596231e-05,1.707734609467623e-06,4.309600799233000e-04,1.070496572413503e-05,5.259455283394573e-02,1.552659415926727e-03,1.341344233704932e-04,4.238618782019423e-04,6.019589347848953e-01,7.165114292079154e+04,0.000000000000000e+00,2.116781582957564e+03,1.014117990212196e+05,
1.142342939269241e-07,4.236067693554634e+00,1.491134579308780e-01,1.054904015617993e-05,1.024662595823668e-04,5.962890861201393e-04,1.349790856583046e-07,7.202264288262788e-05,1.235445423765977e-02,2.248589106507830e-08,1.671856286154161e-03,1.410546774600673e-10,5.445466742550744e-10,5.156714440588736e-11,1.937297428599544e-09,4.120749354012252e-10,1.927820110987270e-09,3.294281069418753e-09,7.146782360303185e-12,2.676973516604887e-11,2.395970170739684e-11,4.306020703996574e-03,2.343764302322679e-02,1.800516400977932e-10,1.610685780340644e-08,3.087194371554034e-10,7.386120280078723e-09,4.502594820787147e-13,7.241034127854823e-15,5.264699676858902e-09,2.537279522502829e-09,2.844102301361310e-14,9.077646416000272e-12,3.968001720721161e-13,2.707769265374799e-12,1.589281396211246e-13,3.590509098459544e-13,5.980177836063911e-13,6.991828344798726e-15,4.179540445418188e-13,1.222533027157524e-12,6.582231896409419e-18,4.484675563342441e-15,1.851368261981667e-13,8.696103412191971e-17,4.317960930320104e-18,1.593328347847198e-06,1.098466785114676e-05,3.065747086527703e-08,9.950311125173537e-08,6.287031032063983e-08,1.476341493804724e-12,3.580052757403154e-14,3.854874216523581e-13,1.995744882830969e-12,1.774973132845034e-12,2.440785505399577e-12,4.697151054844281e-13,1.069520261291721e-01,7.935960757223986e+03,0.000000000000000e+00,2.330752201920442e+03,1.013250142686200e+05,
1.032539178208188e-06,4.165522732461889e+00,1.595176885477162e-01,3.279159981755856e-05,2.945763856211498e-04,8.737912881643655e-04,2.088021369285307e-07,1.178871610683161e-04,1.234987084231652e-02,8.244960195739678e-08,2.965863446352050e-03,2.190527319278277e-10,5.940980905055646e-10,6.350333782461505e-11,2.018530799669291e-09,4.014963241127757e-10,8.378431475415030e-09,3.710618149128611e-09,7.764496091974713e-12,3.325495223904438e-11,2.571912970666685e-11,6.339592830882301e-03,2.303438189978662e-02,1.955908931337442e-10,1.636338321966957e-08,5.373453591354721e-10,8.617231254432400e-09,1.725217799777126e-12,2.332813948204889e-14,5.279167460861504e-09,2.518340140829105e-09,2.097485645676423e-13,2.181384898531149e-11,2.762616482779209e-12,1.912093928599084e-11,5.744334348554316e-12,6.875436173187094e-12,1.016126939768506e-11,3.656800588631010e-13,9.049316933900137e-12,2.855251578627382e-13,2.037454246688327e-15,4.154077356960759e-12,2.646297454917506e-13,7.709485451710108e-16,2.102367094256036e-17,2.543143338655503e-06,1.794015337781029e-05,3.069010818465926e-08,2.301805553301802e-06,1.577567413278771e-06,3.885650858970147e-12,7.235984202568778e-12,7.121766370134599e-14,9.248430046376118e-11,6.189112759586020e-11,7.080508253843303e-11,1.713696075199259e-11,1.143533097254162e-01,7.916229903858241e+03,0.000000000000000e+00,2.289844249975129e+03,1.013250698685105e+05,
1.094839205665559e-07,4.265564604551551e+00,1.469297688901933e-01,7.196110232807020e-06,6.938840860055417e-05,5.059214375716718e-04,1.367099951696031e-07,6.109014860275682e-05,1.235399672599163e-02,1.457372917784339e-08,1.323721157835345e-03,8.270818799927455e-11,3.985815443466322e-10,3.477544930648090e-11,1.532395978510161e-09,3.849221165470330e-10,1.130453622406406e-09,2.385560229448345e-09,5.220047881301686e-12,1.786081581047037e-11,1.807462399588650e-11,3.779250210758446e-03,2.360526165172686e-02,1.299213001303196e-10,1.278237265004009e-08,1.678407975353434e-10,5.088978402892856e-09,1.297651358616537e-13,2.350932444392492e-15,4.247446307317929e-09,2.225701733384748e-09,8.826523653671201e-15,4.036905991640650e-12,1.259209357871239e-13,1.825282124492040e-12,6.098528535152400e-14,2.036785213833978e-13,1.826105421767288e-13,5.495868681797343e-16,1.383614659189759e-14,5.857004229208157e-14,6.962266984860300e-19,1.602718343567280e-15,1.430776618985245e-13,3.970869114799488e-17,2.473240018906277e-18,9.439897400666947e-07,6.445759648562363e-06,2.520374801271834e-08,2.869764239415526e-08,1.771227281724939e-08,7.348800901384104e-13,4.019325019911174e-14,1.130549806886636e-14,2.731468018383751e-12,2.439032117319550e-12,2.072746975186223e-12,6.556931553649790e-13,1.053818907715750e-01,7.983946690496224e+03,0.000000000000000e+00,2.347107100371162e+03,1.013250077919666e+05,

