1
0
56
1
(4 0
((0,0) (7,127) (0,0))
((0,256) (7,383) (0,0))
((0,128) (7,255) (0,0))
((0,384) (7,511) (0,0))
)
4
FabOnDisk: SD_5_New_MF_D_0003 0
FabOnDisk: SD_5_New_MF_D_0001 0
FabOnDisk: SD_5_New_MF_D_0002 0
FabOnDisk: SD_5_New_MF_D_0000 0

4,56
-7.450847707096380e+00,-1.738358756562444e+01,-2.687250989911308e+01,-6.025960429511446e+00,-8.635433725205937e+00,-8.229312256369594e+00,-1.003749246853972e+00,-6.263009569435507e+02,-2.190429339398203e-01,-7.046453158201027e-01,-7.605882618988975e-02,-1.332329841376860e+01,-1.238657733496654e+01,-1.430461112372576e+00,-9.982485927612634e+00,-4.406940770249302e-01,-6.948911569444975e-02,-2.783318011674796e+00,-1.342600674275882e+02,1.448393252580351e-21,-7.192212140073734e-02,-4.356479629528003e+01,-1.634488165944305e+00,-1.877417509324058e+02,-7.646901280669078e+00,-2.434925297475460e+01,-3.986445587564557e+00,-2.941725716621007e+00,-8.795176567572845e-03,-1.925379542570107e+00,-1.668615324907989e+00,-8.363654682557026e-01,-3.478255036552226e+00,-2.009337891748292e+00,-2.830946801609271e+00,-2.026840706799634e-01,-3.137118565088687e+01,-5.529814092318095e-01,-3.348893867710367e-01,-8.124214595577349e+00,-7.178454218783238e-01,-1.365270948132534e-02,-5.171765925633440e-04,-7.977404573813252e-02,-1.391210511574135e-01,-1.971015805831313e+00,-6.580652074240112e-02,-2.818288610742367e-01,-1.257918713183361e-01,-2.256971972273085e+01,-4.439658268397696e-01,-5.586549161342741e+02,-8.419372393188735e+01,-8.461629556960434e+00,-2.334056364808120e+01,-5.106803868670795e-11,
-1.294918150744983e-02,-9.370495481437471e-02,-2.029815894208911e-01,2.537028450022262e-06,-3.017092069365049e-02,1.824449326835805e-01,-2.312474008916776e-05,-8.313215142049121e-01,-1.126500379328619e-07,-2.534131486073999e-07,-2.707458675876671e-08,-1.176994184983957e-06,-1.039158570072796e-07,-2.288259114234396e-06,-1.626799777514250e-06,-3.784497131334170e-09,-1.551456087077633e-08,-1.255609649709330e-08,-1.129978151659508e+00,7.790258270051464e-01,-8.567390612307246e-08,-6.290036340259413e-06,-3.188925239000003e-07,-4.686245150667851e-06,-8.450981059855719e-08,-4.685515803630898e-10,-2.044237740206916e-06,-8.476066338966335e-07,-1.787887820283297e-09,-1.330989514973664e-08,-8.849980222761205e-08,-1.826914855781223e-07,-2.079538100564470e-08,-7.295659276660280e-08,-1.640778705654092e-07,-7.070772802588572e-09,-2.036515305152760e-07,-6.238440846490275e-07,-2.063802354392465e-11,-1.058308912443561e-08,-1.011746255718612e-10,-8.361065678568739e-14,-2.828798993335273e-15,-1.225702122687308e-03,-8.714477160409481e-03,-1.068871691048494e-05,-2.612316721917243e-04,-1.691971728066526e-04,-5.177041709503755e-09,-1.384623699911708e-07,-2.209142491748869e-07,-2.564995436603620e-06,-1.261631500622096e-06,-7.656768388775068e-07,-3.641127046951153e-07,-8.808898055434611e-12,
-1.826008327028880e-01,-9.294940992844289e-01,-5.436100806828696e-01,-7.141646961907196e-04,-1.310684087942415e-01,5.069490103724478e-01,-3.424076554165099e-04,-4.718640668395809e+00,-2.601245243207264e-07,-1.478382031653460e-07,-6.085694933287623e-08,-6.245315655559918e-06,-2.663191144832725e-08,-3.654160254274007e-05,-4.501210241125120e-06,-7.830736831446874e-09,-7.658179132717383e-08,-3.896643972361680e-08,-5.877924277679898e+00,1.822838006333672e+00,-4.574815109806520e-08,-1.038669688050773e-06,-1.332316126231955e-06,-3.164272763024440e-05,-4.181728662918492e-07,-2.685895214036941e-09,1.296884391638171e-07,5.915006359956297e-07,-6.228566556354693e-09,-6.439088919037914e-08,-2.197189443390863e-07,-2.380145178962561e-06,-1.252525584057282e-06,-1.577406509028681e-06,-4.237474879559798e-06,-1.127994357106675e-07,-2.362463009964645e-06,-6.652859734525634e-07,-6.166480584927255e-10,-2.912995732275448e-06,-5.617094191136888e-08,-1.836020882224021e-10,-5.052615868781504e-12,-1.465409995834311e-03,-1.083386458635220e-02,1.023401274719387e-06,-2.236413629480290e-02,-1.564289938528295e-02,-8.289099252485749e-08,-1.725290998673169e-06,-1.118298429148041e-07,-4.299820927356965e-05,-2.453652976219200e-05,-1.471921615479246e-05,-7.063098146740880e-06,-1.596811571857870e-11,
-3.572931967644790e-03,-2.993582067166301e-02,-8.830397298693350e-02,1.456330523077366e-06,-1.091844869949097e-02,1.043688077887401e-01,-6.693779438284758e-06,-3.365615219047384e-01,-8.333860043257460e-08,-2.968591841950475e-07,-2.568136022488715e-08,-1.187563119190993e-06,-2.556573406253623e-07,-6.778184389652708e-07,-1.396662129798743e-06,-3.051276187422280e-09,-1.200429813149261e-08,-1.072419645889822e-08,-4.805097932110314e-01,2.799888474171329e-01,-8.493027180652328e-08,-7.889677725197302e-06,-1.609504500282748e-07,-5.238017971862812e-06,-8.459576183503567e-08,-8.326687698501735e-10,-3.475420665833621e-06,-1.210667020393878e-06,-4.900839663003233e-10,-4.622080416891964e-09,-2.533262814311150e-08,-5.365545343084984e-08,-4.898085357208745e-09,-1.793773422256425e-08,-1.699935272950531e-08,-1.548567112419156e-09,-7.647806733146536e-08,-5.564481905963463e-07,-1.632501259745520e-12,-4.930110889996130e-10,-1.088026751942907e-10,-5.094486941703957e-14,-2.548198307869131e-15,-7.282745184503915e-04,-5.038590375202575e-03,-1.223378711811324e-05,-4.411074044320005e-05,-2.766497234154801e-05,-8.032453458073264e-10,-1.002955943853163e-08,-2.465821589683399e-07,-6.406569770622277e-07,-1.666954733289780e-07,-1.978660957918284e-07,-4.628780085523591e-08,-9.663658762093519e-12,

4,56
5.541164853870955e+00,3.160511253219744e+01,4.467930629542206e+01,7.435902284850594e+00,1.230767270643793e+01,3.147946282477852e+02,5.927283291743637e-01,3.735687178026874e-12,5.350688159275705e-01,1.278487393556250e+00,1.458340825199375e-01,2.402591812580156e+01,1.513773379204296e+01,1.843073797642296e+00,1.504784684297989e+01,4.687616881771056e-01,1.275115232622042e-01,2.917908418254268e+00,4.417678749333664e+02,2.792590974491184e+02,1.479969391885040e-01,4.993297592010681e+01,3.637990383395274e+00,2.856469126376269e+02,1.144487185222436e+01,2.567356720556115e+01,8.002660482590288e+00,3.361270767822977e+00,1.604702260780233e-02,3.570545715161887e+00,2.468791839702349e+00,9.650668678353456e-01,3.676977611817927e+00,2.013333540967577e+00,3.512246167055355e+00,2.150962234903710e-01,3.214276998689329e+01,1.152536862956208e+00,5.760395052044105e-01,7.942454200651199e+00,1.089305225561187e+00,3.384858657110765e-02,8.312899339567401e-04,7.436681220392849e-02,2.735626586171347e-01,2.156670512095137e+00,4.439404652535107e-01,6.370388167939890e-01,1.882939313776255e-01,1.533616022949177e+01,8.697325014219354e-01,5.613206361548050e-02,8.534038761801919e+01,1.374316025414809e+01,2.385473694022172e+01,7.525979839329011e-11,
-3.601097538653340e-03,-3.015626750495875e-02,-8.882306772559047e-02,7.552524206034651e-06,-1.098984760298597e-02,5.017190595386806e-01,-6.746045832261778e-06,-3.386139110137271e-01,-6.544881593352726e-08,-1.155608156953522e-07,-2.057621899434512e-08,-1.851483885087796e-08,1.519527486706846e-07,-6.787225814931738e-07,-8.779918100333300e-07,-1.483188936878486e-09,-9.812304609194885e-09,-3.965928130765482e-09,-4.833969398615086e-01,1.809790406957571e+00,-4.183813572225645e-08,-7.106880972590453e-07,-1.470318273946612e-07,9.621455990063955e-08,1.128212886381608e-07,1.203119929640611e-09,2.262058842618493e-07,6.110723101782282e-07,1.687802106547291e-09,-4.445812237345601e-09,4.914082476730708e-08,9.854420928731939e-07,5.335166751723045e-08,1.797814614471058e-07,2.915017757642200e-07,4.869631879615940e-09,2.349439248413449e-07,1.282342398395810e-06,1.502102799898303e-11,8.019687874352663e-09,6.125393670170792e-11,-5.091068186848007e-14,-1.809140354825174e-15,-7.311980869939878e-04,-5.059443574619166e-03,8.280541263642646e-07,-4.457121116426904e-05,-2.795784519575911e-05,5.406447913812881e-11,8.316353673763960e-08,1.817799973276868e-07,1.488116146216554e-06,9.560049252562565e-07,1.207339686549051e-06,2.528471620440174e-07,9.207690165879967e-12,
-1.312484920821586e-02,-9.473592482362160e-02,-2.044163030718012e-01,2.307215740168058e-06,-3.048888217552762e-02,3.066789188844499e+00,-2.341090138016122e-05,-8.384066503569373e-01,6.460689335973707e-07,1.773600609638803e-06,1.983974548393750e-07,8.982322335910379e-06,1.136499323224790e-06,-2.288286172265521e-06,1.244594093554663e-05,2.883316056466787e-08,1.288746254843474e-07,9.796360275839887e-08,-1.138179301720278e+00,9.285151957642409e+00,5.172518040935827e-07,3.863608051453583e-05,1.019285452418527e-06,3.883367601908023e-05,6.430719415992266e-07,3.227490984554540e-09,1.250679555730559e-05,4.627955063895362e-06,2.671377982551090e-09,2.736580394311300e-08,1.056654663194291e-07,4.370863255254187e-06,2.004560041469146e-06,1.947226540971109e-06,3.510188351534742e-06,1.188967361954794e-07,2.979310951330906e-06,8.125997249838771e-07,8.010888261143638e-10,1.961634778042386e-06,4.079403150046548e-10,2.108189022382173e-13,1.120451500859186e-14,2.655932555343119e-03,1.949461038307388e-02,6.706125127002280e-05,-2.662173835702340e-04,-1.721640900800145e-04,1.451773153807599e-07,2.511660441359041e-06,1.158261040579006e-07,3.191696791286632e-05,1.932533272190055e-05,1.984766225660758e-05,5.368304758970801e-06,2.503863782976623e-11,
-1.995242973521547e-03,-1.227743834799261e-02,-3.652076918375763e-02,6.348197783630927e-06,-5.997957666553826e-03,1.812588805507775e-01,-2.058584602259937e-06,-1.548033984775714e-01,-4.317627022744051e-08,-1.855853513697378e-07,-1.668037741698547e-08,-5.302024591650982e-07,-8.665013104661481e-08,-2.271221428177891e-07,-1.104363133531903e-06,-2.352652227843182e-09,-8.548726192774114e-09,-7.645646030455376e-09,-1.706246789394197e-01,7.744082970229136e-01,-6.107607934169439e-08,-5.682048265567608e-06,-8.607627621230773e-08,-2.439191086045378e-06,9.576208577684921e-08,2.081173720140091e-10,-1.899144946932107e-06,-8.036252396556595e-07,2.839937085531512e-10,-2.145479905930093e-09,4.196203054098152e-09,3.709248497977910e-07,2.033589911917693e-08,7.068945991451992e-08,1.029653272992621e-07,6.356559304204442e-10,3.654105744123226e-08,3.670058884269558e-07,1.258442825337407e-12,9.262018727368369e-10,-9.478441157286401e-11,-2.348833153380087e-14,-1.543229997138170e-15,-4.526574444642875e-04,-3.088421382535414e-03,-1.071096702716758e-05,-1.272835149852648e-05,-7.830663989406980e-06,-2.097009914789468e-10,2.780185229663004e-08,1.753176152695328e-07,1.714247822116499e-06,1.428629772257838e-06,1.020923389767523e-06,3.874220534287445e-07,8.242767579602628e-12,

