1
0
56
1
(4 0
((0,0) (7,127) (0,0))
((0,256) (7,383) (0,0))
((0,128) (7,255) (0,0))
((0,384) (7,511) (0,0))
)
4
FabOnDisk: SD_5_Old_MF_D_0003 0
FabOnDisk: SD_5_Old_MF_D_0001 0
FabOnDisk: SD_5_Old_MF_D_0002 0
FabOnDisk: SD_5_Old_MF_D_0000 0

4,56
-7.455385017787809e+00,-1.737400792828263e+01,-2.687456656460241e+01,-6.026306622156358e+00,-8.640269829921571e+00,-8.235894100941708e+00,-1.003621403684617e+00,-6.265719011249849e+02,-2.192019453227223e-01,-7.049375706519718e-01,-7.609795603238689e-02,-1.332871504516342e+01,-1.239688752708851e+01,-1.430782995958397e+00,-9.981671119335950e+00,-4.408263007496300e-01,-6.952688870941320e-02,-2.784014776822438e+00,-1.342574465848268e+02,1.461007756921785e-21,-7.203131084307927e-02,-4.360982842763391e+01,-1.634843475687179e+00,-1.878504598234158e+02,-7.650735892231098e+00,-2.437240992840224e+01,-3.986879946145176e+00,-2.941633890066395e+00,-8.796854497326230e-03,-1.926048661950633e+00,-1.669352875895797e+00,-8.370417672836381e-01,-3.480677628609369e+00,-2.010661058737607e+00,-2.832602943491660e+00,-2.027617964526507e-01,-3.138698424413204e+01,-5.534104043586417e-01,-3.349964890616602e-01,-8.128199293666228e+00,-7.195605224382197e-01,-1.367367228796869e-02,-5.183438218661096e-04,-7.977998495716931e-02,-1.392783191994980e-01,-1.971892744146601e+00,-6.580499288873475e-02,-2.821122055213152e-01,-1.258429463322404e-01,-2.257554490503910e+01,-4.446429310965575e-01,-5.589714663369999e+02,-8.423001552745372e+01,-8.466844107763825e+00,-2.335082451960076e+01,-7.166389703883169e-11,
-1.294711459386300e-02,-9.379286336611101e-02,-2.031573086655445e-01,2.535367724792850e-06,-3.014896381243401e-02,1.825631633345533e-01,-2.314630512775003e-05,-8.317226456378672e-01,-1.126430399229218e-07,-2.529770594055587e-07,-2.817052183428586e-08,-9.413715875834594e-07,-1.030450629272359e-07,-2.291510958536178e-06,-1.614036681628693e-06,-3.758898924434942e-09,-1.578893304355378e-08,-1.219198158903565e-08,-1.131307546430945e+00,7.795124753545007e-01,-8.116578690963606e-08,-6.062035183522954e-06,-3.180247038864480e-07,-5.014596821800199e-06,-1.005106921297332e-07,-5.449005368750080e-10,-1.988680249360965e-06,-8.323908795675007e-07,-1.511365712125837e-09,-1.330333232288579e-08,-8.744807833535228e-08,-2.151556192203578e-07,-2.350424404311976e-08,-6.580594483115317e-08,-1.411068603163114e-07,-6.455398988359630e-09,-2.021307164530430e-07,-5.236315511198797e-07,-1.832048082606740e-11,-8.926696627490163e-09,-1.019856421743752e-10,-8.376402036093386e-14,-2.799212425787650e-15,-1.225763488870305e-03,-8.715167305022855e-03,-1.068470612558157e-05,-2.615182796550976e-04,-1.693818226947858e-04,-4.308419477020138e-09,-1.277916700177098e-07,-1.675976115297820e-07,-2.105815057770840e-06,-1.137347382722048e-06,-6.109633355448719e-07,-3.300233871626488e-07,-1.066868815513544e-11,
-1.826374393024482e-01,-9.293897696937135e-01,-5.445267574292316e-01,-7.130038945954641e-04,-1.307091105813376e-01,5.068211681716573e-01,-3.421042122680654e-04,-4.715200587074314e+00,-3.569737779168141e-07,-1.723956389187816e-07,-1.312778086519054e-07,-9.529185922706656e-06,-6.216338996002808e-08,-3.658936917122517e-05,-5.625087581410756e-06,-1.747779399247126e-08,-1.349305484479059e-07,-7.222726032783255e-08,-5.877526812803797e+00,1.824946909506334e+00,-4.429028121427851e-08,-9.842811127075420e-07,-1.903000053512123e-06,-4.858249870002533e-05,-4.580276059819741e-07,-2.630731884080062e-09,1.546238038644351e-07,6.065099431876054e-07,-7.504441710835278e-09,-8.500379954105317e-08,-2.142613770341238e-07,-2.484093964066804e-06,-1.590276557804790e-06,-3.998533644743172e-06,-8.965525432770149e-06,-9.661969734629502e-08,-2.110738056885533e-06,-6.727084761141809e-07,-5.067766692249283e-10,-3.358839019154285e-06,-5.559853707045590e-08,-1.807354204287325e-10,-4.988363980889957e-12,-1.464292998240647e-03,-1.082883291216015e-02,1.042093533474665e-06,-2.235835017994849e-02,-1.563818536571192e-02,-9.435452380710425e-08,-1.967176189879661e-06,-1.038761141759105e-07,-3.887563812241143e-05,-4.965440483060686e-05,-2.310715521965560e-05,-1.378087284380059e-05,-2.410871502434020e-11,
-3.575409304344945e-03,-2.995772836790629e-02,-8.835672462220127e-02,1.454125951017895e-06,-1.092579064686750e-02,1.044344092450700e-01,-6.699139104950298e-06,-3.367721023231055e-01,-8.325973399838929e-08,-2.971643751107860e-07,-2.575807158912427e-08,-1.194494004247805e-06,-2.572128577737667e-07,-6.781404472443549e-07,-1.400994525297682e-06,-3.084311346815741e-09,-1.199902575034370e-08,-1.080106099054898e-08,-4.808144065750776e-01,2.801402012009866e-01,-8.061246162675254e-08,-7.893368299446170e-06,-1.485473705851974e-07,-4.171094357015166e-06,-9.007219713140677e-08,-5.018531383526752e-10,-3.474511154719635e-06,-1.211376273955214e-06,-3.009123966165680e-10,-4.610425432187020e-09,-1.332086276249103e-08,-7.589958060795062e-08,-4.406462991780665e-09,-2.278040060598097e-08,-1.976662159868410e-08,-9.237152749437930e-10,-5.030808753979622e-08,-5.343564143572244e-07,-9.864169466069926e-13,-4.208435138279680e-10,-1.081944254792542e-10,-5.098335318225472e-14,-2.549660066716974e-15,-7.284729895615897e-04,-5.040030030423232e-03,-1.223702730663038e-05,-4.415206715154204e-05,-2.769146127757139e-05,-8.209965591101137e-10,-9.696432447417781e-09,-2.121598858545032e-07,-6.242621938581788e-07,-2.559469887557954e-07,-2.738803377191670e-07,-6.920139081340756e-08,-8.604339463147426e-12,

4,56
5.544359531087374e+00,3.160336169269008e+01,4.467127770525249e+01,7.437769097491827e+00,1.231610780198033e+01,3.149091012992857e+02,5.927077599837607e-01,9.676644939304131e-12,5.359003814676340e-01,1.279759791355833e+00,1.459901250691330e-01,2.403602076575777e+01,1.514932020660409e+01,1.843564527289088e+00,1.505593884245500e+01,4.687847664093118e-01,1.275886237916320e-01,2.919318370415046e+00,4.419334360125142e+02,2.793026856020481e+02,1.482851822474416e-01,4.997445302851488e+01,3.640096570973063e+00,2.858148766251883e+02,1.145826691673792e+01,2.569835123212524e+01,8.007860140314346e+00,3.361291710765530e+00,1.605968566312628e-02,3.571993192176115e+00,2.469892107086525e+00,9.661040334756509e-01,3.678798545476691e+00,2.015394858184250e+00,3.514785710617833e+00,2.152414081312673e-01,3.216567139231919e+01,1.151919792896313e+00,5.767424155444493e-01,7.945712001136707e+00,1.091434805280971e+00,3.391726059301830e-02,8.330549075789774e-04,7.438660086217962e-02,2.738712195746038e-01,2.157593350833023e+00,4.441112821470423e-01,6.371588826413921e-01,1.884169885454271e-01,1.535159310345989e+01,8.692045327357358e-01,6.261151310443717e-02,8.539400650331072e+01,1.375237187531778e+01,2.386945196922849e+01,5.245937018116820e-11,
-3.603628706571752e-03,-3.017837709405969e-02,-8.887586061490317e-02,7.551501096923759e-06,-1.099727349671815e-02,5.015984421272677e-01,-6.751367607518966e-06,-3.388260151405033e-01,-6.539239590918298e-08,-1.169690130822274e-07,-1.921326575861368e-08,2.833935027066654e-08,1.507639819328458e-07,-6.795120837139786e-07,-8.860241492203703e-07,-1.487817713605198e-09,-8.994311827904587e-09,-3.957718830080908e-09,-4.837031092744550e-01,1.811882409141703e+00,-4.186074272225573e-08,-7.073973822080584e-07,-1.457161665726251e-07,-4.187464803237389e-07,1.217674814171583e-07,8.862590321470623e-10,2.452285189603355e-07,6.190089349410820e-07,9.448096617035370e-10,-4.449546434630025e-09,3.803093949715868e-08,8.910365802645822e-07,5.500559865641481e-08,1.342603372722031e-07,2.589420224628709e-07,4.776986711466977e-09,1.796981031551569e-07,6.512888319696201e-07,1.661239477644782e-11,9.391807476692759e-09,6.132297884689990e-11,-5.096778789548657e-14,-1.815802657242153e-15,-7.313982672620738e-04,-5.060891243537761e-03,8.467234432735469e-07,-4.461289080644150e-05,-2.798449580670294e-05,4.978176731011960e-10,8.135463305910407e-08,2.066615434608633e-07,1.498599170727808e-06,6.353779600937038e-07,8.300737886570681e-07,1.664882798050919e-07,9.994061134221965e-12,
-1.312280873217956e-02,-9.482534342973165e-02,-2.045939707945571e-01,2.306874268054397e-06,-3.046602370232816e-02,3.064321988061866e+00,-2.343244218213977e-05,-8.388051148051249e-01,6.498036913806538e-07,1.806443685673805e-06,2.054311036294133e-07,1.061321920444176e-05,1.529909010795709e-06,-2.278210327961304e-06,1.522241547344526e-05,3.838750116446302e-08,1.344774346778699e-07,1.386947251384459e-07,-1.139519142581064e+00,9.284604639622929e+00,5.191455062587940e-07,3.886736223249569e-05,1.134467415233184e-06,4.304092153884930e-05,6.937794799360161e-07,3.986758951600498e-09,1.246951088981097e-05,4.577222666091879e-06,1.677444774570888e-08,2.924865509828885e-08,6.403394929777948e-07,5.797945110101450e-06,2.292164002297901e-06,2.693266154225980e-06,3.430439377821090e-06,1.545619385259582e-07,3.854471260079587e-06,8.816238882244656e-07,8.166424758571546e-10,2.006513184273180e-06,4.022596707660844e-10,2.179518261724560e-13,1.164732102840407e-14,2.651994398050282e-03,1.946468116546119e-02,6.709569973697934e-05,-2.665075644720381e-04,-1.723333825016421e-04,1.822970677686002e-07,3.060134622019512e-06,1.294360645904343e-07,3.634448864378199e-05,2.775443592450124e-05,2.797306296469247e-05,7.756290727562660e-06,1.994715503883526e-11,
-1.996276252765409e-03,-1.228487949294109e-02,-3.653463827550863e-02,6.350560607466834e-06,-6.001845517501378e-03,1.813760947628849e-01,-2.059464258969605e-06,-1.549083580047978e-01,-4.317769318058988e-08,-1.855698952851156e-07,-1.668023993922643e-08,-5.811114059642741e-07,-8.795435098371128e-08,-2.270225801173733e-07,-1.104432706197845e-06,-2.425170635611738e-09,-8.549378801756454e-09,-8.195008791966951e-09,-1.707179667808669e-01,7.748925399026227e-01,-6.108237879002420e-08,-5.588635348948582e-06,-8.610342408172907e-08,-2.439214129944672e-06,1.003547037842670e-07,2.149573774784327e-10,-1.884962622855123e-06,-8.042938256476497e-07,3.043870185050468e-10,-2.146671223865312e-09,4.076713164494704e-09,3.775972989626744e-07,1.331884043963281e-08,4.289845481866246e-08,6.935654691037435e-08,7.513405048120651e-10,4.206384644890400e-08,3.687278136512266e-07,1.253065776891037e-12,7.998872984006980e-10,-9.480422480697676e-11,-2.349569041350901e-14,-1.543625681594925e-15,-4.528375419780038e-04,-3.089659713220647e-03,-1.070695134403503e-05,-1.273568049185942e-05,-7.835205554507113e-06,-2.497516346704485e-10,1.908455700457301e-08,1.876350680368013e-07,1.200863307735716e-06,9.051937189139717e-07,7.623741832109806e-07,2.429624104988106e-07,8.192557743313955e-12,

