1
0
63
1
(4 0
((0,0) (7,127) (0,0))
((0,256) (7,383) (0,0))
((0,128) (7,255) (0,0))
((0,384) (7,511) (0,0))
)
4
FabOnDisk: SD_0_Old_MF_D_0003 0
FabOnDisk: SD_0_Old_MF_D_0001 0
FabOnDisk: SD_0_Old_MF_D_0002 0
FabOnDisk: SD_0_Old_MF_D_0000 0

4,63
-4.438520245997415e-06,1.855968566671044e+00,1.577651806906484e-01,2.601009945993074e-21,1.116586938903499e-19,1.138501021927364e-15,3.878189078818170e-10,3.118883293206638e-07,7.582735832037953e-08,1.581289522064341e-10,2.864976319540633e-03,0.000000000000000e+00,2.605284367822816e-25,2.004939355209199e-26,4.737060655887215e-12,9.232886606163080e-13,4.329702334832763e-21,3.863851923853352e-10,2.713252906819520e-15,6.154157066349259e-26,8.033589605771203e-12,2.396448928317495e-08,2.027334196534955e-09,0.000000000000000e+00,2.271263844578266e-10,1.056605046268078e-22,1.894717365134294e-12,5.711911325808941e-21,0.000000000000000e+00,5.530093041596598e-25,2.344803469313561e-11,0.000000000000000e+00,4.346560697950751e-21,0.000000000000000e+00,0.000000000000000e+00,1.042031903795115e-15,0.000000000000000e+00,0.000000000000000e+00,0.000000000000000e+00,0.000000000000000e+00,0.000000000000000e+00,1.312520661682848e-25,0.000000000000000e+00,4.541928012251291e-14,1.050238043264416e-16,2.872283333234450e-18,1.677299762817816e-14,5.437971462641884e-15,2.253242232285410e-13,5.237459025847132e-14,9.437102010223751e-14,0.000000000000000e+00,0.000000000000000e+00,0.000000000000000e+00,0.000000000000000e+00,0.000000000000000e+00,0.000000000000000e+00,0.000000000000000e+00,1.131790267073525e-01,3.572951796103090e+03,0.000000000000000e+00,4.430004854122268e+02,1.012830089386987e+05,
-1.449927816300770e-07,5.337858954384431e+00,1.469322499713316e-01,7.200382098232836e-06,6.941900828896219e-05,5.060269038771584e-04,1.327180780710884e-07,6.111273235907466e-05,1.235468965403260e-02,1.458200674922337e-08,1.323835027327796e-03,8.162244752314457e-11,3.932251995743842e-10,3.431134462795731e-11,1.511711214760415e-09,3.796602848058509e-10,1.128934873240093e-09,2.353663268408374e-09,5.150062744977087e-12,1.762369665353464e-11,1.783247800189516e-11,3.779732955878041e-03,2.305472300638852e-02,1.281704399357079e-10,1.260925906666384e-08,1.656339857712361e-10,5.020739730326263e-09,0.000000000000000e+00,3.996399366700746e-16,4.189487278265380e-09,2.195175479661521e-09,8.708867594416201e-15,3.984002207354210e-12,4.654547358919595e-15,1.281631031403255e-13,0.000000000000000e+00,0.000000000000000e+00,0.000000000000000e+00,0.000000000000000e+00,0.000000000000000e+00,0.000000000000000e+00,0.000000000000000e+00,0.000000000000000e+00,1.391900576773061e-13,3.866126520723964e-17,2.407422299885015e-18,9.313425856407160e-07,6.359505373635750e-06,2.485621660261390e-08,2.834393841139280e-08,1.749462426062830e-08,7.252893339694900e-13,0.000000000000000e+00,0.000000000000000e+00,0.000000000000000e+00,0.000000000000000e+00,0.000000000000000e+00,0.000000000000000e+00,1.053840898273979e-01,7.836516307434307e+03,0.000000000000000e+00,2.291907500373113e+03,1.013249626591630e+05,
-2.273931372226694e-05,5.087869019295645e+00,1.490544714108653e-01,1.042192675675350e-05,1.012723515675252e-04,5.934466985594095e-04,1.327272427818292e-07,7.163510533752736e-05,1.233571861684236e-02,2.221283856107050e-08,1.661893527568911e-03,1.372350468852634e-10,4.170818565509461e-10,5.039675851132242e-11,1.394337334781702e-09,1.990952160041569e-10,1.891767705445810e-09,2.866467465737124e-09,5.483641540794402e-12,2.616700386914182e-11,1.942415155135590e-11,4.285361189313657e-03,2.217561670498953e-02,1.321780420093637e-10,1.075378993423083e-08,2.999499128023182e-10,6.880207243970043e-09,3.212740546107038e-17,1.255862393047550e-15,3.002621297834842e-09,1.196106551888077e-09,2.624479743029571e-14,8.779288625623137e-12,1.799106613612505e-13,0.000000000000000e+00,0.000000000000000e+00,0.000000000000000e+00,0.000000000000000e+00,0.000000000000000e+00,0.000000000000000e+00,0.000000000000000e+00,0.000000000000000e+00,0.000000000000000e+00,4.676293149329398e-14,8.323277524954023e-17,2.876773509657822e-18,1.552051259835897e-06,1.069744450646574e-05,1.797039773157636e-08,9.490281680910585e-08,5.992705066685738e-08,1.431112396870770e-12,0.000000000000000e+00,0.000000000000000e+00,0.000000000000000e+00,0.000000000000000e+00,0.000000000000000e+00,0.000000000000000e+00,1.069105824732088e-01,5.839775000279346e+03,0.000000000000000e+00,2.147904172923818e+03,1.013192308735139e+05,
-4.429583287499648e-08,5.406706223932477e+00,1.460897684126091e-01,6.113943880226689e-06,5.837852864857921e-05,4.695168995677492e-04,1.349859776069013e-07,5.707359066340799e-05,1.235229886770645e-02,1.211168166284812e-08,1.184776071896096e-03,5.129018489752262e-11,2.718389875178641e-10,2.297031027374318e-11,1.087484822284128e-09,2.979241955989371e-10,8.730905589025048e-10,1.628620388075329e-09,3.548613330247480e-12,1.173494970368110e-11,1.250586204483902e-11,3.571213052619178e-03,2.344053617610703e-02,8.756094231666732e-11,9.036180654298293e-09,1.003380001494839e-10,3.369359214952297e-09,6.939174305651363e-14,1.254850596234750e-15,2.997169879446121e-09,1.623564431761401e-09,4.120370080323231e-15,2.183429294468109e-12,4.904045749195374e-14,8.164170116383786e-14,1.578186879152852e-15,3.175615788664653e-15,2.790222940149305e-15,9.674057814281923e-19,4.483903075708535e-17,1.682603108168945e-20,7.909139546353977e-22,2.138815272708871e-17,7.825920732831281e-14,1.741307761453211e-17,1.196705157368487e-18,5.883864542618374e-07,4.001752283848567e-06,1.798464471304263e-08,1.335220956800226e-08,8.164518789082790e-09,4.255696240069664e-13,7.007698682393570e-16,0.000000000000000e+00,0.000000000000000e+00,1.594947786425184e-29,0.000000000000000e+00,0.000000000000000e+00,1.047773350407297e-01,7.926355478374611e+03,0.000000000000000e+00,2.331068652959286e+03,1.013249810510757e+05,

4,63
4.264820347439639e-06,5.083256958726595e+00,8.373278911100994e-01,4.963869580860992e-05,4.463455369549879e-04,9.581569264684812e-04,1.172883369546509e-04,3.737037962850992e-04,1.294304104782568e-02,2.142011172914359e-05,1.827780936600374e-01,1.461199699321680e-06,6.538335738846695e-06,7.412727631703242e-07,2.337879076121429e-04,2.635332435412315e-04,2.006306955487460e-05,5.123114708593518e-04,1.455558519602030e-05,9.575749493727970e-07,6.747489847026187e-05,1.423705292721438e-02,2.216843390501921e-02,8.312541287067336e-07,6.363574409890366e-04,2.222408294376189e-05,4.594992129959313e-03,1.002534978047854e-04,4.592225508785108e-04,3.321512975168655e-05,1.147776784146294e-04,1.275857169313884e-07,3.159386372057529e-05,3.745478231387047e-05,1.268741465314405e-05,5.872697398941909e-05,3.186861214293900e-05,4.147659395578245e-05,3.056617753981508e-06,6.514129614513465e-04,1.015477222859157e-05,3.950233995923371e-06,1.161242410578037e-04,1.864611596348223e-05,6.635698520103394e-07,1.620307043212136e-08,2.495933441343596e-06,1.762166739086262e-05,3.021442741476220e-05,1.296127040561684e-05,1.666567454947491e-05,1.617677466198773e-06,4.438805987448084e-04,9.168559888551204e-06,5.259425625347346e-02,1.620992494446538e-03,1.415931977388632e-04,4.402626289564193e-04,6.019551227089246e-01,7.456411087578599e+04,0.000000000000000e+00,2.145185528953702e+03,1.013615602674251e+05,
1.107324219283585e-07,5.406379285004228e+00,1.490274843069101e-01,1.037749877447560e-05,1.008398663667989e-04,5.923997797570758e-04,1.349665829959356e-07,7.150273738457593e-05,1.235697103650014e-02,2.210423450225736e-08,1.657721439011636e-03,1.366798750496085e-10,5.328799619726821e-10,5.026820492623085e-11,1.901535187902461e-09,4.060476318821079e-10,1.881027933648169e-09,3.222136480133224e-09,6.995630362327602e-12,2.609790170470718e-11,2.350252924447924e-11,4.279211692135073e-03,2.343860259755178e-02,1.760755296625059e-10,1.581899782063254e-08,2.985205431625624e-10,7.213027937692461e-09,2.948418987267374e-13,5.309941438584366e-15,5.176512634977236e-09,2.499914782294371e-09,2.684814453762644e-14,8.718449960712219e-12,3.195604354857293e-13,1.819485540240944e-12,1.542342825434752e-13,4.405314815054957e-13,7.865759769270305e-13,6.931895404598983e-15,2.013033251363870e-13,3.807657415241141e-13,1.647780988697948e-17,1.218115658571176e-14,1.796711261607525e-13,8.278651349236032e-17,4.149952070149724e-18,1.545593981602632e-06,1.065174550305580e-05,3.016514909893931e-08,9.371443908298243e-08,5.916004399332794e-08,1.422386224760334e-12,2.111032806733208e-13,1.532463242735571e-14,4.581286274022103e-12,8.868932157011129e-12,5.252507242455834e-12,2.437322743958728e-12,1.068911602665610e-01,7.930669203110846e+03,0.000000000000000e+00,2.330883712186636e+03,1.013250075026209e+05,
3.427968851749728e-05,5.337016957098570e+00,1.575884007397265e-01,2.830694534219393e-05,2.626982215594759e-04,8.498315160278951e-04,1.891171882453868e-07,1.103918027451157e-04,1.235698384942347e-02,7.097535701107740e-08,2.843134612818054e-03,1.960023130413252e-10,5.616322940173251e-10,5.846692488310066e-11,1.936313774719066e-09,3.972654625887219e-10,6.786958720024281e-09,3.475164392889174e-09,7.362110868795711e-12,3.080900403107119e-11,2.450895323925563e-11,5.907882495413131e-03,2.305025637168269e-02,1.855985072963564e-10,1.602254103193454e-08,5.181157466142160e-10,8.077204371609091e-09,1.147507523710906e-12,2.006628409737180e-14,5.198567297801774e-09,2.487573434155186e-09,1.803690922182829e-13,2.213837039602752e-11,2.267979337142035e-12,1.902029226505543e-12,1.453486617954588e-13,3.486539107154650e-13,6.249674875896237e-13,4.320957999886384e-14,1.354290103819588e-12,2.632799261172154e-13,1.462252460826703e-16,2.040758905696213e-13,1.787892761859298e-13,1.172177812213904e-16,4.521992494558619e-18,2.494538138546248e-06,1.760737401921639e-05,3.024631697669330e-08,1.520864362761857e-06,1.032730138680443e-06,3.649378585635514e-12,1.199959884693528e-12,7.062774614678231e-14,2.377343741731441e-11,5.132584582670580e-12,2.379457249655203e-12,1.427972802174722e-12,1.130518513176552e-01,7.834277624463446e+03,0.000000000000000e+00,2.291415565459139e+03,1.013306684016685e+05,
4.659297069169022e-08,5.436311438216754e+00,1.469224908819307e-01,7.187006035006452e-06,6.928448176360723e-05,5.056049400299645e-04,1.366562530249850e-07,6.106451759290497e-05,1.235466740263774e-02,1.455137667261222e-08,1.322238451024704e-03,8.130378060278694e-11,3.921143599470966e-10,3.420160735940771e-11,1.508086353552998e-09,3.791155633023634e-10,1.125814294130098e-09,2.346987323762645e-09,5.135361508713996e-12,1.756629222252469e-11,1.778499753777006e-11,3.777329628652266e-03,2.360826347720844e-02,1.277941820124824e-10,1.257879031786229e-08,1.649239517240014e-10,5.005002133229158e-09,1.266784389347718e-13,2.299264959828587e-15,4.179413627388513e-09,2.190773005343178e-09,8.647572356675797e-15,3.962665048836803e-12,1.026614482970417e-13,1.269607833358926e-13,3.231022625147870e-15,5.388145216158370e-15,4.819936463096034e-15,2.333114344467596e-18,9.936446343974046e-17,4.170838735851206e-20,2.149963118530079e-21,4.882217826001107e-17,1.386597751967395e-13,3.841642798064017e-17,2.394834279830187e-18,9.277835475878943e-07,6.334915402637584e-06,2.479961330949855e-08,2.814065388305251e-08,1.736727661638481e-08,7.219076602296438e-13,1.257677705492248e-15,2.173179280278647e-21,7.094475073571293e-20,2.279897111977490e-19,1.555210057700274e-19,6.235000325059415e-20,1.053770650894607e-01,7.959515149831876e+03,0.000000000000000e+00,2.346908153812628e+03,1.013250093333173e+05,

