1
0
56
1
(4 0
((0,0) (7,127) (0,0))
((0,256) (7,383) (0,0))
((0,128) (7,255) (0,0))
((0,384) (7,511) (0,0))
)
4
FabOnDisk: SD_5_Old_MF_D_0003 0
FabOnDisk: SD_5_Old_MF_D_0001 0
FabOnDisk: SD_5_Old_MF_D_0002 0
FabOnDisk: SD_5_Old_MF_D_0000 0

4,56
-7.506452077938701e+00,-1.781295289578761e+01,-2.704569260606364e+01,-5.483505037137968e+00,-7.879796012349142e+00,-7.870272747686118e+00,-1.104131068883443e+00,-6.268754973336117e+02,-2.553137933023623e-01,-6.942971205699386e-01,-7.505727964969383e-02,-1.337793241604972e+01,-1.176365379799751e+01,-1.315199766289992e+00,-9.600967208067418e+00,-4.110296285048601e-01,-6.637457004147569e-02,-2.653683006261505e+00,-1.302999909431342e+02,1.797336151437845e-16,-7.825918522034882e-02,-4.712768383341424e+01,-1.696233144604764e+00,-1.969820272737813e+02,-6.266955051768135e+00,-2.354895451126414e+01,-3.900487767639024e+00,-2.830691098600507e+00,-7.939888043827798e-03,-1.887076358052847e+00,-1.557615172394570e+00,-9.281508027675294e-01,-3.606634592289967e+00,-2.076010219237815e+00,-3.111118606064367e+00,-2.064242756303865e-01,-3.172284205807012e+01,-4.818208238842079e-01,-2.760497950795602e-01,-8.274420169336656e+00,-9.244895528962603e-01,-1.528405526681186e-02,-6.205367224971968e-04,-7.508624166784784e-02,-1.703021042870332e-01,-2.013257231918701e+00,-7.173204819636034e-02,-3.935011624389936e-01,-1.351601092040715e-01,-2.512836575489034e+01,-4.861968505709278e-01,-5.778982197124379e+02,-8.077417606546413e+01,-8.744296489021712e+00,-2.257652408547057e+01,-1.584794517839327e-10,
-1.218327144450030e-02,-9.071468560475510e-02,-1.999793502524427e-01,3.434917759418679e-06,-2.854752049149000e-02,1.838612201110063e-01,-2.226019588403822e-05,-8.065046657950612e-01,-1.077673490141908e-07,-2.598248154185622e-07,-2.970300057440119e-08,-7.750148688111502e-07,-9.355516175599585e-08,-2.187592377583208e-06,-1.514150336930748e-06,-3.290789429395104e-09,-1.548553853559405e-08,-9.894215985185265e-09,-1.113835294660587e+00,7.639903787585193e-01,-9.938665764123989e-08,-7.105775877473507e-06,-3.028366323573399e-07,-8.191289946839408e-06,-1.016259287087142e-07,-1.431608600899619e-09,-2.006851060270071e-06,-8.232175306565393e-07,-1.848094870518561e-09,-1.212457699641510e-08,-9.411501201857802e-08,-1.034290449208436e-07,-1.755659321475911e-08,-7.102804827484174e-08,-5.932143128108346e-08,-1.467386860483727e-09,-6.312399842324211e-08,-4.001111665447756e-07,-2.428596895760314e-12,-1.439985366797927e-09,-9.993587502857928e-11,-8.120619641315437e-14,-2.736318296952625e-15,-1.190120927061968e-03,-8.450850892294691e-03,-1.066745665543127e-05,-2.413470789979654e-04,-1.560054556770667e-04,-1.907251144241753e-09,-1.365215425854932e-08,-1.707582747624074e-07,-4.011063027571055e-07,-5.571506868920310e-07,-6.519329056027902e-07,-1.531928245244201e-07,-1.111380432128328e-11,
-1.406638684569234e-01,-7.421265009476280e-01,-5.604122702409912e-01,-4.690498303694785e-04,-1.389945272543150e-01,4.829340141833427e-01,-2.558157840136959e-04,-3.751265729693668e+00,-1.531912713694912e-07,-1.495068711356069e-07,-3.968167463342406e-08,-1.335891596429964e-06,1.211183349623453e-07,-2.607599474755257e-05,-1.115429733298379e-06,-2.889544592345387e-09,-2.656374066895533e-08,-6.947721720727355e-09,-4.350744775749464e+00,1.797106168845474e+00,-5.299415963355047e-08,-1.801869745164160e-06,-6.025128177001084e-07,-1.109208562635649e-05,-2.770009286339039e-07,-2.244551672151871e-09,-7.709356343815155e-08,4.756284341785936e-07,-2.136989418798519e-09,-2.905026850470359e-08,-5.917365286882695e-08,-3.996369765019610e-07,-6.201866590579126e-08,-2.127127581294143e-07,-7.344622657910072e-07,-4.130728894078332e-08,-9.261188020237515e-07,-9.019206788215312e-07,-1.905494845006072e-10,-3.371171149043903e-07,3.909622798851658e-11,-8.247890268900163e-14,-1.897673847455208e-15,-1.405473150211363e-03,-1.036542703085350e-02,4.583025573880997e-07,-1.313730724834586e-02,-9.154628976236746e-03,-2.220646808361138e-08,-6.718914931280055e-07,-3.714763203976871e-07,-8.338484243513049e-06,-6.136000150854678e-06,-1.838308331253021e-06,-1.743546001909994e-06,-2.129940668282870e-11,
-4.142918477214842e-03,-2.980692492088623e-02,-8.790288699648122e-02,2.108458408231347e-07,-1.098378869400777e-02,1.023242907530957e-01,-6.620344897092751e-06,-3.327930085597869e-01,-8.749255243016235e-08,-3.044798515502353e-07,-2.599522852428049e-08,-1.129022773816360e-06,-2.644313680239166e-07,-6.670492404403570e-07,-1.380795525477671e-06,-2.950856690541395e-09,-1.156808930995158e-08,-1.055779152064814e-08,-4.711772694307751e-01,2.504135518277563e-01,-8.149842519756996e-08,-8.243852532782720e-06,-1.469523916572569e-07,-3.411685927969699e-06,-1.438694322706732e-10,-2.663341239122139e-12,-3.702957443562939e-06,-1.246931201846360e-06,-1.311894270171710e-11,-4.465157871228671e-09,-1.555866053867814e-10,-2.026696593595552e-10,-5.626973082687867e-12,-4.401944025961082e-12,-4.274741894404656e-12,-4.082597525758273e-15,-1.403441601174250e-13,-2.730872749611864e-12,-1.981805693407596e-18,-7.376816942960821e-14,-1.013739047534650e-10,-4.945966563409891e-14,-2.489047776015536e-15,-7.159625430615035e-04,-4.952005669528238e-03,-1.279755471783409e-05,-4.286039440961432e-05,-2.687571659271612e-05,-6.921263926294492e-10,-2.631870536743459e-12,-4.542447595296647e-13,-2.744674799789918e-15,-2.973518249408255e-15,-4.171276905955385e-14,-6.928336238420895e-16,-1.045337427729720e-11,

4,56
5.462351213844941e+00,2.833863819165582e+01,4.317724750751516e+01,6.686450567256310e+00,1.334846849062162e+01,3.114449822471688e+02,6.154036231810328e-01,-2.585858402404106e-10,5.297770588792221e-01,1.293763964559361e+00,1.580415236392879e-01,2.492855551167754e+01,1.582718014094097e+01,1.708499312926303e+00,1.524410606911763e+01,4.507136359449548e-01,1.113808998116254e-01,2.651679210187997e+00,4.553848942867512e+02,2.782046726045625e+02,1.973895746624575e-01,6.027740410361159e+01,3.428439103945930e+00,2.792084314464905e+02,1.460958469586264e+01,2.386218520179071e+01,8.590439103502373e+00,3.385449124628882e+00,1.360235342417823e-02,3.703567255996989e+00,2.300415466373031e+00,1.075153427043542e+00,4.051220050167574e+00,2.332794617836537e+00,4.194469976580229e+00,1.960415992297879e-01,3.402862738933251e+01,1.460874000477400e+00,5.657164287550537e-01,7.440812273469388e+00,1.540996726861654e+00,4.138085977667277e-02,1.072818907077633e-03,8.937299471340587e-02,3.866758524621927e-01,2.536664901972452e+00,4.665475511081140e-01,7.056631608470625e-01,1.764869813328430e-01,1.654397087545732e+01,1.272772852667292e+00,1.124769651693564e+00,9.369432323165864e+01,1.335283663614993e+01,2.630469465394589e+01,1.373336999677122e-10,
-3.729392596104967e-03,-3.001370110792618e-02,-8.838797740966399e-02,7.575558973673019e-06,-1.105541865172388e-02,4.784975770416044e-01,-6.666235909897157e-06,-3.348351974206161e-01,-6.746747191264765e-08,-1.278133850868121e-07,-2.158424813370002e-08,-1.376518361156255e-07,1.341172466957695e-07,-6.717025010576463e-07,-9.441967101961196e-07,-1.669899375561881e-09,-1.073793679280497e-08,-4.554404662326495e-09,-4.740422269202470e-01,1.783331294959131e+00,-4.593654771204802e-08,-1.168727089949393e-06,-1.474816974738048e-07,-2.518064738161169e-06,2.647904096325050e-08,2.491474933569425e-10,4.754043881977965e-08,5.238947637523408e-07,2.288665864229619e-10,-4.493881222838440e-09,1.154548055848768e-08,9.719880083764351e-07,7.695166959288114e-08,2.094636982705138e-07,3.908869278977575e-07,3.651090178878789e-09,1.193343560269275e-07,3.529391064434720e-07,8.841859113177607e-12,5.830489754020008e-09,5.118134674258265e-11,-4.971377442284310e-14,-1.880394864999676e-15,-7.187778906247621e-04,-4.972126677659133e-03,2.826798765506190e-07,-4.330928607727583e-05,-2.715990002062683e-05,1.993947988458325e-09,9.499028871845625e-08,7.575790318538698e-08,2.030422661053315e-06,4.284733565678314e-06,2.409223395052710e-06,1.173514314139553e-06,1.036232211149013e-11,
-1.232747808147044e-02,-9.169704609392085e-02,-2.014290692107873e-01,3.240593305426660e-06,-2.880904234920255e-02,2.813211187830310e+00,-2.252898185324432e-05,-8.131622345405382e-01,3.651657392499763e-07,1.318879536842273e-06,1.178551065803828e-07,4.176758549023016e-06,6.688243749521779e-07,-2.211869368837774e-06,6.921590978204522e-06,1.642842698445847e-08,5.577165459610554e-08,4.720727228070758e-08,-1.122503982524609e+00,6.887800737394772e+00,4.414107000284879e-07,3.405353788301763e-05,4.267846855271745e-07,1.654803141442329e-05,2.129316941761402e-07,1.906247193876884e-09,1.183087334403106e-05,4.424658537376375e-06,2.860856073520782e-09,2.792483930088797e-10,8.815466463085601e-08,1.133092248927067e-06,7.400110969972884e-08,1.902483657882422e-07,3.848975978960362e-07,1.366335007334353e-08,4.553281372717368e-07,4.635041806731258e-07,8.253288510271340e-11,1.623417801384170e-07,3.453225046173758e-10,8.804085584230823e-13,1.226938821120440e-14,7.908319810116727e-04,5.302944672385413e-03,6.217490659141466e-05,-2.458150198304131e-04,-1.589514207813254e-04,1.758876333344302e-08,4.379049417060222e-07,1.477763059113487e-07,8.042968936076993e-06,2.577325389556797e-06,9.148165686007931e-07,7.198823987016176e-07,1.657607384686344e-11,
-1.826934337179971e-03,-1.145927343964109e-02,-3.166432131052940e-02,6.411756113212013e-06,-6.061364346933712e-03,1.827224067516871e-01,-1.684965479275406e-06,-1.526643690508701e-01,-4.221574730976587e-08,-1.815705251027633e-07,-1.642710534358434e-08,-6.548333028165478e-07,-9.500073576047389e-08,-1.872680545682841e-07,-1.084890168475883e-06,-2.391315988491144e-09,-8.453294636555736e-09,-8.140514560640233e-09,-1.518424630834381e-01,7.594106886997626e-01,-6.008347654913452e-08,-5.541206239272213e-06,-8.525272831571707e-08,-2.416243022375049e-06,-6.647509478196564e-11,-1.214621866693792e-12,-1.847501684139367e-06,-8.200102741011523e-07,-4.447499024519956e-12,-2.130538623971589e-09,-5.255432713970278e-11,-6.793047393487382e-11,-1.804925489914319e-12,-1.430683268131812e-12,-1.881416788555319e-12,4.161768835141577e-15,1.196535331195752e-13,5.118476530690819e-13,1.917593414592335e-17,-1.989965326430580e-14,-9.118709046870774e-11,-2.272427399450307e-14,-1.527196904383341e-15,-4.506646372798931e-04,-3.071281106788711e-03,-1.069148149064088e-05,-1.165398017125372e-05,-7.152844223315348e-06,-3.266665384805646e-10,-5.391086749372606e-13,2.952877175510537e-13,1.215259579025579e-11,3.196349386216696e-12,5.988276605558350e-12,9.189718523610384e-13,1.006098936801036e-11,

