1
0
56
1
(4 0
((0,0) (7,127) (0,0))
((0,256) (7,383) (0,0))
((0,128) (7,255) (0,0))
((0,384) (7,511) (0,0))
)
4
FabOnDisk: SD_5_New_MF_D_0003 0
FabOnDisk: SD_5_New_MF_D_0001 0
FabOnDisk: SD_5_New_MF_D_0002 0
FabOnDisk: SD_5_New_MF_D_0000 0

4,56
-7.466628078308093e+00,-1.743991060805412e+01,-2.755791745140750e+01,-5.577373401355983e+00,-7.883618064171000e+00,-7.909702508782972e+00,-1.059044740073238e+00,-6.276894611553163e+02,-2.681302838070128e-01,-6.819483937116940e-01,-7.338727215445784e-02,-1.319436037585373e+01,-1.201540492437492e+01,-1.319706529673202e+00,-9.481469841253267e+00,-3.981152931130155e-01,-6.724843443691743e-02,-2.584451687374724e+00,-1.297184073487379e+02,1.323133226246997e-16,-7.840107271012532e-02,-4.793346552380960e+01,-1.640446372160867e+00,-1.952041107368983e+02,-6.694580505824725e+00,-2.395617566666230e+01,-3.776294963056202e+00,-2.873787993144854e+00,-7.677159064817027e-03,-1.894955560583957e+00,-1.564504062609752e+00,-9.395646548862242e-01,-3.708692100904881e+00,-2.139435828283854e+00,-3.068294521302064e+00,-2.022635528269351e-01,-3.227923661033760e+01,-4.723237531628878e-01,-2.845767582902338e-01,-8.467185139137330e+00,-9.490952866878331e-01,-1.515388730461189e-02,-6.234931961497442e-04,-7.869214358622750e-02,-1.715164452660199e-01,-2.066029478878588e+00,-7.172574999390305e-02,-3.910347577354695e-01,-1.362335851577796e-01,-2.456204287070601e+01,-4.865018298863571e-01,-5.536534660517095e+02,-8.446798831722171e+01,-8.655405852249881e+00,-2.350812841353873e+01,-1.655280357226729e-10,
-1.218401327057851e-02,-9.079384218112549e-02,-2.000985716061816e-01,3.408842757762465e-06,-2.856222344196936e-02,1.837959309541233e-01,-2.228473056428535e-05,-8.072732240170152e-01,-1.081674601231366e-07,-2.284057292253699e-07,-2.708923159324727e-08,-7.515372149590997e-07,-9.293816698100556e-08,-2.191543950766946e-06,-1.636470726340750e-06,-3.394151453716238e-09,-1.540076504014770e-08,-1.121798787046772e-08,-1.115175531760431e+00,7.649964823949191e-01,-8.599104115429180e-08,-6.079332379242640e-06,-2.839093851460573e-07,-6.140194419416408e-06,-7.519853103644737e-08,-1.065608822269552e-09,-1.961777181627037e-06,-8.129981266166711e-07,-6.744849333184503e-10,-1.216148469592654e-08,-3.150264286938294e-08,-1.909279973853371e-07,-1.323175292458600e-08,-4.996669673165054e-08,-4.670473852674975e-08,-3.600565246306333e-09,-1.507379820547424e-07,-6.418678500644145e-07,-4.433821626881164e-12,-1.925587827316508e-09,-9.986542058164138e-11,-8.132166923822671e-14,-2.724697123889905e-15,-1.190610890466228e-03,-8.454636502322329e-03,-1.066042557461721e-05,-2.418059902854164e-04,-1.563058369921847e-04,-1.873611279870833e-09,-2.548797022474045e-08,-2.622603278106468e-07,-7.433868107095915e-07,-5.158103746178061e-07,-3.519121780601551e-07,-1.441033768825640e-07,-1.187530629387368e-11,
-1.410325623087819e-01,-7.430517070078065e-01,-5.591370189749814e-01,-4.709186139658489e-04,-1.388345465023872e-01,4.831401326782417e-01,-2.563866377723418e-04,-3.759947365440218e+00,-1.237574366584719e-07,-1.435451759358656e-07,-2.546798897075663e-08,-4.326543380151016e-07,1.265335959999433e-07,-2.612733166239854e-05,-1.122650803102592e-06,-2.247002538618938e-09,-1.796707434480838e-08,-6.517652791539044e-09,-4.363613961785807e+00,1.799268441010457e+00,-5.669781406466813e-08,-2.124036929000657e-06,-5.175430951151883e-07,-7.707508211832073e-06,-1.832217746737705e-07,-1.441049188901469e-09,-1.615305880578902e-07,4.395399662593994e-07,-1.554649905163487e-09,-3.378592769212566e-08,-7.991424607563041e-08,-7.939777791169009e-07,-6.168441903375782e-07,-7.613340265296638e-07,-2.195065055696171e-06,-7.496095819794768e-08,-1.625089191868506e-06,-1.311826827171185e-06,-3.191740721751070e-10,-7.056626731913222e-07,3.807795359729064e-11,-8.326915986878513e-14,-1.924807631422171e-15,-1.405943110387975e-03,-1.036723794600860e-02,4.849663577891707e-07,-1.320240164329541e-02,-9.200920478463923e-03,-7.565030388329683e-08,-1.111044844765374e-06,-5.394882521931310e-07,-1.038663520560947e-05,-1.373126147159640e-05,-7.399303779248834e-06,-3.792238734854728e-06,-1.555022777210979e-11,
-4.134918777453670e-03,-2.981516323626204e-02,-8.793018079868282e-02,2.165206695481773e-07,-1.098237654224496e-02,1.024631087604148e-01,-6.625173126329362e-06,-3.330618841939740e-01,-8.782184212497193e-08,-3.050187991633883e-07,-2.604120154007841e-08,-1.130308781910426e-06,-2.643548262047622e-07,-6.675026027342199e-07,-1.379824843267765e-06,-2.948768616635763e-09,-1.155525106310346e-08,-1.054610825050344e-08,-4.718006260703178e-01,2.516029014472181e-01,-8.158953739036242e-08,-8.250445140377943e-06,-1.468854299388931e-07,-3.418108903849123e-06,-1.520351181144428e-10,-2.745896579578572e-12,-3.711868958634449e-06,-1.245403732529507e-06,-1.309654198978689e-11,-4.466527869878463e-09,-1.538927411421737e-10,-2.589674442444155e-10,-8.519860632878777e-12,-1.376356650712252e-11,-1.240187607945765e-11,-4.144746418271397e-14,-2.242555259173254e-12,-9.366924051674985e-12,-3.971318692980560e-17,-1.527872106873564e-13,-1.014764916731488e-10,-4.948269491208320e-14,-2.489341758205373e-15,-7.162031837715855e-04,-4.953776580382240e-03,-1.279134686958320e-05,-4.291034393454088e-05,-2.690735857658135e-05,-6.924719557237884e-10,-1.329423180593670e-12,-4.242936195202916e-12,-3.102052005356046e-14,-1.407317857775440e-11,-4.359232494611535e-11,-3.580077398238022e-12,-1.130670557181190e-11,

4,56
5.451544150009788e+00,2.846190445409100e+01,4.317123368635809e+01,7.070273893440283e+00,1.326930675581282e+01,3.114587855558445e+02,6.047869936028210e-01,-2.288465042465937e-10,5.496565932446242e-01,1.339497581950658e+00,1.585817809322997e-01,2.454592885683841e+01,1.567933108920192e+01,1.705591399009202e+00,1.495667093424737e+01,4.572339036748654e-01,1.151246758829214e-01,2.706098423872054e+00,4.510146736159018e+02,2.775527539544604e+02,1.897310577589325e-01,5.858689584029807e+01,3.551077970641814e+00,2.903357044055934e+02,1.394991596508560e+01,2.511337697882068e+01,8.669016756915829e+00,3.312114640413548e+00,1.299201959757297e-02,3.772560170987165e+00,2.204058243446970e+00,1.111726662010186e+00,3.998745412551189e+00,2.223934863460286e+00,4.131478599184882e+00,2.033311531880096e-01,3.258042344856969e+01,1.410471512892857e+00,5.567160120279246e-01,7.771355117022757e+00,1.509012921319442e+00,4.353798601706844e-02,1.101826276137006e-03,8.542485513476415e-02,3.860037694539895e-01,2.457319919579229e+00,4.652446661411053e-01,6.998840333657289e-01,1.715099459075502e-01,1.610839733353221e+01,1.237702083688332e+00,1.301280430274469e+00,9.403049312710597e+01,1.422989954269339e+01,2.636818508697139e+01,1.371063262922689e-10,
-3.721672348426857e-03,-3.002280527724010e-02,-8.841788585876226e-02,7.567113494554025e-06,-1.105389572121261e-02,4.787030975345813e-01,-6.671631464811229e-06,-3.351082606377181e-01,-6.737274645763512e-08,-1.260358218363627e-07,-2.148895172837922e-08,-1.307506427092109e-07,1.357395034848527e-07,-6.721956106497885e-07,-9.221802906215122e-07,-1.656988138063385e-09,-1.119159417127653e-08,-4.404392690202872e-09,-4.746780987416073e-01,1.785453333510959e+00,-4.514662582773317e-08,-1.088884873956874e-06,-1.474220529761744e-07,-2.429480525745076e-06,3.767675338315189e-08,3.634326234337544e-10,8.796812274445999e-08,5.322164718183848e-07,2.405195932554677e-10,-4.495389762572978e-09,1.221811763795382e-08,1.012003744527842e-06,1.075187820465799e-07,3.083111373330997e-07,2.865620988936511e-07,1.092181444635747e-08,2.942155186674380e-07,3.137084628658837e-07,2.068913330504342e-11,1.129977827953441e-08,5.138487931510225e-11,-4.973841028448296e-14,-1.879055802626752e-15,-7.190252021750924e-04,-4.973949856731134e-03,3.064459955746577e-07,-4.336017755335088e-05,-2.719273858393634e-05,5.493231942602865e-10,4.805102208841131e-08,7.588266270660747e-08,2.067793968877349e-06,2.624469954388564e-06,2.083557306904303e-06,7.136575936133522e-07,1.242500546894121e-11,
-1.232815594285684e-02,-9.177854508285643e-02,-2.015517889607242e-01,3.215614392552948e-06,-2.882376245497300e-02,2.814416386080266e+00,-2.255545569374849e-05,-8.139381743227113e-01,3.673092359038499e-07,1.321682022651463e-06,1.179761763115462e-07,6.028979739925769e-06,7.627494100285102e-07,-2.170824275108517e-06,7.185863785458416e-06,1.925940618431023e-08,7.884789401029731e-08,6.558943663993790e-08,-1.123873211102937e+00,6.908006826571762e+00,4.417482582063694e-07,3.406323200647028e-05,4.268078678177705e-07,2.422482929443688e-05,2.033876366932416e-07,1.764983737829344e-09,1.182863519660307e-05,4.420178120508080e-06,2.122697883300400e-09,2.390624056154344e-09,6.934596643479969e-08,1.594060590361696e-06,1.443020042447877e-07,1.906771680831386e-07,7.460548669266243e-07,3.128953248100289e-08,7.031795801297201e-07,4.624276889444345e-07,1.398261633849326e-10,2.979458258355672e-07,3.457741287954341e-10,9.399152912051324e-13,1.287403217962190e-14,8.037766116618387e-04,5.403456132979646e-03,6.217676633430032e-05,-2.462912956245952e-04,-1.592589073439905e-04,2.137110745748358e-08,4.968993519362997e-07,1.406311284164871e-07,5.085257415382641e-06,5.488570162020816e-06,1.792288895425021e-06,1.520980083811296e-06,1.357403078827701e-11,
-1.835586546712526e-03,-1.148069513809824e-02,-3.173856870469369e-02,6.406795982843729e-06,-6.045281543933982e-03,1.826571057596181e-01,-1.690833454209074e-06,-1.528519184988088e-01,-4.218946804238880e-08,-1.815534466993051e-07,-1.642141524620786e-08,-6.550445498078197e-07,-9.439034096446103e-08,-1.878629900448499e-07,-1.084906038024352e-06,-2.391234676049284e-09,-8.450883183108859e-09,-8.142741411617030e-09,-1.525969545153575e-01,7.603969262256611e-01,-6.007676524778106e-08,-5.543687542213716e-06,-8.522994570324907e-08,-2.415966490839421e-06,-6.649191159995365e-11,-1.214899463938646e-12,-1.848130289954642e-06,-8.180957468737182e-07,-4.453143076277003e-12,-2.130867474992258e-09,-5.263884800950315e-11,-6.825800230391394e-11,-1.803792451791797e-12,-3.005818313249035e-12,-2.543489036486764e-12,-1.020533459874625e-15,-4.626596407837643e-14,8.631576618509468e-14,3.157740727631020e-19,-1.990388085740381e-14,-9.138463972492320e-11,-2.268202140899899e-14,-1.523936520779206e-15,-4.508107397213139e-04,-3.072276494983359e-03,-1.068439323504213e-05,-1.166661834983547e-05,-7.160485919348162e-06,-3.268063348705625e-10,5.208227615782508e-13,1.295654495214928e-15,2.046652446606557e-11,1.550467876897398e-12,1.422056521515823e-12,4.215485748133581e-13,1.142895500461094e-11,

