1
0
63
1
(4 0
((0,0) (15,255) (0,0))
((0,768) (15,1023) (0,0))
((0,512) (15,767) (0,0))
((0,256) (15,511) (0,0))
)
4
FabOnDisk: SD_0_Old_MF_D_0003 0
FabOnDisk: SD_0_Old_MF_D_0000 0
FabOnDisk: SD_0_Old_MF_D_0001 0
FabOnDisk: SD_0_Old_MF_D_0002 0

4,63
-3.642513635841414e-08,2.054355447775444e+00,1.578486298751361e-01,3.149314648883476e-22,1.196278876902681e-20,2.052353629387825e-16,6.221702877536196e-11,9.279938364041008e-08,1.355974397155792e-08,2.522995952581920e-11,2.871941882194039e-03,0.000000000000000e+00,9.149682751517683e-27,5.994419742173393e-28,8.159914889472942e-13,0.000000000000000e+00,3.696100697999001e-22,5.067838330123640e-11,2.692989346930338e-16,1.420126671980881e-27,5.530445450511268e-12,3.840494360166402e-09,2.613258658670681e-10,6.066265938285156e-33,3.092029206714644e-11,1.581461357415330e-24,0.000000000000000e+00,0.000000000000000e+00,0.000000000000000e+00,1.793587091013365e-26,2.623762126064032e-12,0.000000000000000e+00,1.870829854781306e-22,0.000000000000000e+00,0.000000000000000e+00,0.000000000000000e+00,0.000000000000000e+00,0.000000000000000e+00,0.000000000000000e+00,0.000000000000000e+00,0.000000000000000e+00,0.000000000000000e+00,0.000000000000000e+00,4.379331717444614e-15,1.064072516389273e-16,2.905990967710832e-18,1.281298013605566e-15,4.148718573421679e-16,1.712801033529070e-14,3.976084438490683e-15,7.164297487927325e-15,0.000000000000000e+00,0.000000000000000e+00,0.000000000000000e+00,0.000000000000000e+00,0.000000000000000e+00,0.000000000000000e+00,0.000000000000000e+00,1.132389577448390e-01,3.689098744359677e+03,0.000000000000000e+00,4.430000786873852e+02,1.012980544842416e+05,
-9.938163066734542e-10,5.618258080337879e+00,1.460913027331342e-01,6.117514593761473e-06,5.841260465911300e-05,4.696416374911957e-04,1.349796932324763e-07,5.708910241603024e-05,1.235241082179396e-02,1.211887617025596e-08,1.185200794477213e-03,5.136996477213235e-11,2.721672265546401e-10,2.300075233551790e-11,1.088655533558815e-09,2.981621950318604e-10,8.739069233852424e-10,1.630554283206797e-09,3.552993585899315e-12,1.175067999896701e-11,1.251983582331748e-11,3.572200470427185e-03,2.343954286687833e-02,8.766946248176738e-11,9.045665816347418e-09,1.004968551832818e-10,3.373578538864424e-09,6.952633083677190e-14,1.257297238518102e-15,3.000393996525388e-09,1.625099411863106e-09,4.130424138422281e-15,2.187581530540598e-12,4.915750331508568e-14,8.174419016348581e-14,1.581578433995161e-15,3.180802936988510e-15,2.795132493318987e-15,9.701725379341633e-19,4.495268251312018e-17,1.686796529437726e-20,7.934550346168635e-22,2.144354334644840e-17,7.837791931007800e-14,1.745206730658156e-17,1.198999031027631e-18,5.892093876316577e-07,4.007391999384921e-06,1.800194569346830e-08,1.338281979039843e-08,8.183429750681188e-09,4.262742528771885e-13,7.020930205813331e-16,1.147624129391658e-24,0.000000000000000e+00,3.302389678215889e-31,2.521717676649588e-30,1.988543350892745e-28,1.047783543251499e-01,7.926962553048906e+03,0.000000000000000e+00,2.330978485949227e+03,1.013249980593158e+05,
-1.984507124660755e-09,5.549135445536729e+00,1.469322369427873e-01,7.200040988649012e-06,6.941660353221720e-05,5.060176817933444e-04,1.327210896678319e-07,6.111089192585142e-05,1.235468621072110e-02,1.458151447871826e-08,1.323853576179286e-03,8.168366066300144e-11,3.935323448320866e-10,3.433782309450047e-11,1.512901247661864e-09,3.799607451228210e-10,1.129024912490069e-09,2.355489093510990e-09,5.154064574037634e-12,1.763723460211704e-11,1.784657080500710e-11,3.779757254387761e-03,2.305184279049744e-02,1.282713433569983e-10,1.261940077360778e-08,1.657640264185456e-10,5.024778483036758e-09,1.274757104300376e-13,2.313801019938059e-15,4.192847478080755e-09,2.196957912279145e-09,8.715470714145239e-15,3.987203578076979e-12,1.034642192266317e-13,1.259193391806205e-13,3.229394161203827e-15,5.406883959398002e-15,4.845498097727467e-15,2.354495252632537e-18,1.001861365965708e-16,3.671040487585849e-20,2.173194532521950e-21,4.923883159571858e-17,1.394134189528170e-13,3.872134126840160e-17,2.411208665061862e-18,9.320940686711010e-07,6.364633636665690e-06,2.487696440802415e-08,2.836524891858965e-08,1.750775840383884e-08,7.258583466999372e-13,1.265211727136788e-15,2.040361961105501e-24,0.000000000000000e+00,0.000000000000000e+00,0.000000000000000e+00,5.196162143369162e-28,1.053840798216198e-01,7.835241111284757e+03,0.000000000000000e+00,2.291580236627271e+03,1.013249975282997e+05,
-1.238495006090759e-09,5.297107852259646e+00,1.490592428315377e-01,1.042896341750031e-05,1.013438916091615e-04,5.936153924688950e-04,1.327309304109466e-07,7.165442508843874e-05,1.232801616274384e-02,2.223074807300780e-08,1.662654985559364e-03,1.374351445621025e-10,4.130401725005084e-10,5.045885648910669e-11,1.382019243280417e-09,1.968747202274026e-10,1.893774614189375e-09,2.847330337828343e-09,5.430439350367061e-12,2.620030681464465e-11,1.930808520460575e-11,4.286433628503320e-03,2.219218399122576e-02,1.306591653581144e-10,1.064664461963300e-08,3.004873686653066e-10,6.838768694407910e-09,2.971922761894515e-13,5.368175622908144e-15,2.965451194325825e-09,1.181594567384327e-09,2.714787160917374e-14,8.797747638192191e-12,3.207371104909826e-13,2.876199203041053e-14,7.296140788296499e-15,7.917660647039068e-15,8.798510028264554e-15,9.353538105359725e-18,3.301185493739693e-16,0.000000000000000e+00,1.154477319367713e-20,1.753474609942547e-16,4.641731627359118e-14,8.342556571010178e-17,2.891425461109844e-18,1.554291146186683e-06,1.071307963875047e-05,1.777599646343173e-08,9.517134708190412e-08,6.009941454620042e-08,1.433603563624440e-12,2.843406224296581e-15,0.000000000000000e+00,0.000000000000000e+00,0.000000000000000e+00,0.000000000000000e+00,0.000000000000000e+00,1.069139809988668e-01,5.678173383696956e+03,0.000000000000000e+00,2.145598312758219e+03,1.013249897173333e+05,

4,63
3.609789981377691e-08,5.294768700230033e+00,8.373317218944536e-01,4.984663329625654e-05,4.397081987940760e-04,9.540267031392880e-04,1.174554180725514e-04,3.859876909591523e-04,1.295740389233149e-02,2.132702906142825e-05,1.827790174235918e-01,1.502116610499858e-06,6.632784440905583e-06,7.514241509693234e-07,2.356531127303395e-04,2.680740677173949e-04,2.010815247106985e-05,5.157604456037012e-04,1.464241967456880e-05,9.673561544276583e-07,6.788297687168726e-05,1.434612600795826e-02,2.218931785263608e-02,8.760963546891085e-07,6.491048970617939e-04,2.241333655372879e-05,4.607270610196266e-03,1.018305233219797e-04,4.646670325515999e-04,3.356734851859922e-05,1.141973167124606e-04,1.305027603786496e-07,3.200623816971434e-05,3.756643582888818e-05,1.269328332791786e-05,5.934815425059177e-05,3.183800222967346e-05,4.142028339269522e-05,3.094502819555694e-06,6.506724859552677e-04,1.029852938141463e-05,4.283509593506315e-06,1.155317904308394e-04,1.931381570133585e-05,6.973376921336585e-07,1.697977634654814e-08,2.498988020157209e-06,1.764539997586651e-05,3.021675281390321e-05,1.291235963650950e-05,1.661882895905569e-05,1.699638649464974e-06,4.440433366710179e-04,9.310053165606267e-06,5.259448457968529e-02,1.641768318719843e-03,1.434928529753962e-04,4.497730515410021e-04,6.019581087458551e-01,7.457909067492127e+04,0.000000000000000e+00,2.144212321401868e+03,1.013357447886821e+05,
9.367300711148772e-10,5.647931488394777e+00,1.469272929565301e-01,7.193273187407888e-06,6.934851584099160e-05,5.058041959368449e-04,1.366565582562222e-07,6.108651827434157e-05,1.235467547775457e-02,1.456600944920071e-08,1.323045607352286e-03,8.152273518995183e-11,3.929722266340922e-10,3.428245525844207e-11,1.511075076616075e-09,3.796872869795638e-10,1.127446386951999e-09,2.352122213738714e-09,5.146651118772058e-12,1.760826731860454e-11,1.782263250490369e-11,3.778542048487089e-03,2.360706904076798e-02,1.280816318456671e-10,1.260405490121921e-08,1.654053966836107e-10,5.016841186774425e-09,1.271213398663628e-13,2.307349204792325e-15,4.187772561579066e-09,2.194742936373054e-09,8.684429347320915e-15,3.976415790248963e-12,1.030973427037134e-13,1.257401592267038e-13,3.219500059767054e-15,5.395289491862684e-15,4.834229586559241e-15,2.344466216405825e-18,9.980777177838863e-17,3.657980285497927e-20,2.162424437728985e-21,4.904398151999773e-17,1.391462286021289e-13,3.859758223114236e-17,2.404852817011267e-18,9.302972450158957e-07,6.352218362627546e-06,2.484847271931152e-08,2.826234946463985e-08,1.744329285707158e-08,7.241496714174634e-13,1.261816484361150e-15,2.035119255591897e-24,9.575684924022476e-30,6.209196813432348e-27,5.022317713377760e-26,5.175714691153238e-28,1.053805215895966e-01,7.962864427527105e+03,0.000000000000000e+00,2.346869814543737e+03,1.013250021318570e+05,
1.725938949972286e-09,5.618092842357354e+00,1.490456308554991e-01,1.040657526597268e-05,1.011259278272427e-04,5.930885378500745e-04,1.349698623173905e-07,7.158781869304859e-05,1.235688273451929e-02,2.217597913013291e-08,1.660553166168881e-03,1.371504300424093e-10,5.338551823111939e-10,5.039212804354138e-11,1.904055692931967e-09,4.064447935566775e-10,1.888344502499870e-09,3.228467648132707e-09,7.008355377913434e-12,2.616411276070354e-11,2.354180787465297e-11,4.283338480318315e-03,2.343856760318542e-02,1.764064740171134e-10,1.583926143893128e-08,2.997336405145299e-10,7.229733123332653e-09,2.959978248667194e-13,5.346962158972348e-15,5.182079187331444e-09,2.501516083385268e-09,2.699652178453525e-14,8.766446200933088e-12,3.189508244366230e-13,1.486185769332410e-13,7.272416721729196e-15,8.926867144460924e-15,8.778650417203154e-15,9.288914672631609e-18,3.281864906248658e-16,1.112522540594880e-19,1.144466053787370e-20,1.742348883125695e-16,1.799191134775138e-13,8.320066977872029e-17,4.163717449221596e-18,1.551044097803153e-06,1.069009646218713e-05,3.019600503999643e-08,9.457016407521301e-08,5.971133689489738e-08,1.429197024720349e-12,2.832579621546030e-15,4.277017501632408e-24,6.005348411560276e-29,3.521126588289098e-28,2.810123056654746e-27,1.427625088052843e-27,1.069041848654295e-01,7.930936765153959e+03,0.000000000000000e+00,2.330884869510106e+03,1.013250016786633e+05,
1.235307432040229e-09,5.548711142033076e+00,1.577577632473379e-01,2.857017906587134e-05,2.651490609861249e-04,8.518106279568169e-04,1.907605323994967e-07,1.106953161217182e-04,1.235688454122548e-02,7.188139677916590e-08,2.860873761591950e-03,1.961012911470882e-10,5.622138588765999e-10,5.852376921181063e-11,1.935876569228733e-09,3.974301750205032e-10,6.869893335268212e-09,3.478746468938893e-09,7.369681354376459e-12,3.083772018777113e-11,2.453263835526226e-11,5.923727831188813e-03,2.304959985025796e-02,1.857929762698902e-10,1.603540223835080e-08,5.184415734724685e-10,8.085131053008342e-09,1.159145863137683e-12,2.028068501527379e-14,5.202390109440625e-09,2.488987788458233e-09,1.827936681795091e-13,2.222785872551972e-11,2.305549082307952e-12,1.457189026154946e-13,1.197402769348896e-14,1.044536048940674e-14,1.218113114756726e-14,1.210977957373633e-16,2.663350576357126e-15,1.843528405198516e-18,3.972906975848399e-19,2.142343860948032e-15,1.790171195022692e-13,1.174536098240266e-16,4.531039410353176e-18,2.498483466114744e-06,1.763859890435445e-05,3.026926114099636e-08,1.572237184461534e-06,1.068644235018008e-06,3.672005835669059e-12,9.786476865361948e-15,7.156459871685386e-19,8.034378617474570e-18,1.918469319343479e-18,2.930592250082412e-18,5.193015964058692e-19,1.131736436084183e-01,7.834070134709476e+03,0.000000000000000e+00,2.291332349394108e+03,1.013250126880681e+05,

