1
0
63
1
(4 0
((0,0) (15,255) (0,0))
((0,768) (15,1023) (0,0))
((0,512) (15,767) (0,0))
((0,256) (15,511) (0,0))
)
4
FabOnDisk: SD_0_New_MF_D_0003 0
FabOnDisk: SD_0_New_MF_D_0000 0
FabOnDisk: SD_0_New_MF_D_0001 0
FabOnDisk: SD_0_New_MF_D_0002 0

4,63
-4.138846810236165e-08,2.066284146873532e+00,1.578626482840440e-01,2.864904210059130e-22,1.074614779339144e-20,1.913326648640012e-16,5.762836506335793e-11,8.958948275349048e-08,1.264743069809516e-08,2.336107253459865e-11,2.873362923600429e-03,0.000000000000000e+00,7.934937723375390e-27,5.199001943429221e-28,7.592579696258526e-13,0.000000000000000e+00,3.299913410102926e-22,4.635516325456617e-11,2.423529544186203e-16,1.209323010766147e-27,5.052720036739176e-12,3.557008128919442e-09,2.387793311605457e-10,5.183491426636509e-33,2.834732201756976e-11,1.311229391021915e-24,0.000000000000000e+00,0.000000000000000e+00,0.000000000000000e+00,1.519203623412719e-26,2.377030842951987e-12,0.000000000000000e+00,1.572167864023420e-22,0.000000000000000e+00,0.000000000000000e+00,0.000000000000000e+00,0.000000000000000e+00,0.000000000000000e+00,0.000000000000000e+00,0.000000000000000e+00,0.000000000000000e+00,0.000000000000000e+00,0.000000000000000e+00,3.884013929524012e-15,1.066655841306736e-16,2.911911365836478e-18,1.135461930096266e-15,3.676248097488063e-16,1.517431704814015e-14,3.522298654346629e-15,6.346644743935353e-15,0.000000000000000e+00,0.000000000000000e+00,0.000000000000000e+00,0.000000000000000e+00,0.000000000000000e+00,0.000000000000000e+00,0.000000000000000e+00,1.132489774904375e-01,3.696912353789377e+03,0.000000000000000e+00,4.430000729325105e+02,1.013044492047567e+05,
-1.054022730636112e-09,5.630627387603833e+00,1.460915072455964e-01,6.117843622134565e-06,5.841584551464168e-05,4.696532128707999e-04,1.349790103162338e-07,5.709045608950890e-05,1.235241719734802e-02,1.211957609131269e-08,1.185243144380520e-03,5.138061873942982e-11,2.722150720271076e-10,2.300503815866951e-11,1.088833058192663e-09,2.982027279830335e-10,8.739871746204353e-10,1.630838401619750e-09,3.553625253150949e-12,1.175288942580595e-11,1.252195848550906e-11,3.572280629241659e-03,2.343945661234272e-02,8.768520214936149e-11,9.047138538538973e-09,1.005184792650211e-10,3.374196295480400e-09,6.954363942785730e-14,1.257612531181647e-15,3.000887524228192e-09,1.625349031166258e-09,4.131645772942061e-15,2.188122713558157e-12,4.917188732764769e-14,8.176201141419876e-14,1.582059774487058e-15,3.181562695033129e-15,2.795805905499102e-15,9.705101687215732e-19,4.496700201512158e-17,1.687337256708267e-20,7.937602148034758e-22,2.145050642533560e-17,7.840021905832958e-14,1.745824578956950e-17,1.199386349845176e-18,5.893268922956230e-07,4.008195778408340e-06,1.800477909804421e-08,1.338667921774276e-08,8.185811137578106e-09,4.263695830554320e-13,7.022641220808571e-16,1.147905349369419e-24,0.000000000000000e+00,2.428192722482660e-31,2.087383720185968e-30,1.989364500517137e-28,1.047784986036237e-01,7.927011155933485e+03,0.000000000000000e+00,2.330970334179631e+03,1.013249977339450e+05,
-1.912302493523560e-09,5.561480409520469e+00,1.469326745358085e-01,7.200622963467731e-06,6.942252367679075e-05,5.060361424921352e-04,1.327212761806787e-07,6.111294755917732e-05,1.235468622257848e-02,1.458286443391328e-08,1.323926315457721e-03,8.170204018804585e-11,3.936024133852019e-10,3.434449738225637e-11,1.513142018757525e-09,3.800048809724055e-10,1.129171359932583e-09,2.355909112459345e-09,5.154988120875887e-12,1.764070613267460e-11,1.784962638527030e-11,3.779865911193751e-03,2.305160357323447e-02,1.282948503808458e-10,1.262142896996049e-08,1.658044480275370e-10,5.025748158820889e-09,1.275135716819077e-13,2.314490790290858e-15,4.193519513149189e-09,2.197271612371290e-09,8.718664155121962e-15,3.988372226381440e-12,1.035019105178836e-13,1.259455392999980e-13,3.230527315479793e-15,5.408297874248180e-15,4.846796514757651e-15,2.355524109973809e-18,1.002256932210383e-16,3.672439484490139e-20,2.174277143418587e-21,4.925906331350590e-17,1.394518326721711e-13,3.873630956879004e-17,2.412022777257365e-18,9.323029553878343e-07,6.366072769691309e-06,2.488084620334029e-08,2.837580866560457e-08,1.751435996586948e-08,7.260475767983409e-13,1.265576698769250e-15,2.040951521519962e-24,0.000000000000000e+00,0.000000000000000e+00,0.000000000000000e+00,5.198548855726833e-28,1.053843942256009e-01,7.835118425329369e+03,0.000000000000000e+00,2.291552756034130e+03,1.013249974843296e+05,
-5.739219043412054e-10,5.309254739027660e+00,1.490607742415920e-01,1.043142897377857e-05,1.013681017091189e-04,5.936735808866673e-04,1.327313453071250e-07,7.166164389350234e-05,1.232726321715582e-02,2.223682703893938e-08,1.662892684379000e-03,1.374734709498662e-10,4.126874705625487e-10,5.046877051534318e-11,1.380937888467592e-09,1.966806258998999e-10,1.894390951693062e-09,2.845610203312940e-09,5.425751168133530e-12,2.620561770977007e-11,1.929678495282400e-11,4.286779127673790e-03,2.219344115501315e-02,1.305301155400618e-10,1.063714678766669e-08,3.005864104094127e-10,6.834962678523192e-09,2.973398462892958e-13,5.370799956061796e-15,2.962139061606179e-09,1.180282381952258e-09,2.716611161451459e-14,8.801701544063055e-12,3.209521922621525e-13,2.869876888007596e-14,7.299344998810152e-15,7.925257535096607e-15,8.801236349284957e-15,9.361270738328365e-18,3.303527372147697e-16,0.000000000000000e+00,1.155659429567557e-20,1.754818992227503e-16,4.642035476499839e-14,8.345887024946840e-17,2.893626818955954e-18,1.554733455208706e-06,1.071619525372644e-05,1.775818022899204e-08,9.524322056097013e-08,6.014574625791234e-08,1.434166480324520e-12,2.844749115610035e-15,0.000000000000000e+00,0.000000000000000e+00,0.000000000000000e+00,0.000000000000000e+00,0.000000000000000e+00,1.069150806500083e-01,5.667005401537959e+03,0.000000000000000e+00,2.145407819684107e+03,1.013249868882041e+05,

4,63
3.921020216690464e-08,5.306909943350935e+00,8.373317780331740e-01,4.986488996219534e-05,4.392970151375346e-04,9.537650939307922e-04,1.174018410776122e-04,3.868586279237735e-04,1.295861689205944e-02,2.129924285895396e-05,1.827790308857807e-01,1.500059409957220e-06,6.655500088849358e-06,7.504704458078345e-07,2.357128538590117e-04,2.682048498583314e-04,2.010228070368796e-05,5.158663329816679e-04,1.463794162400300e-05,9.702689367526417e-07,6.796945972310537e-05,1.434634851586094e-02,2.219061480085380e-02,8.734044787802222e-07,6.480760584403416e-04,2.245048696642607e-05,4.613199754641167e-03,1.013218787834495e-04,4.657794768723533e-04,3.351573838186302e-05,1.141780660840643e-04,1.301871508316415e-07,3.193511981448341e-05,3.763956320101376e-05,1.270173849832355e-05,5.921973432052983e-05,3.187343779775536e-05,4.147609439649894e-05,3.097646891624795e-06,6.514758807824374e-04,1.036752204801197e-05,4.269065542583959e-06,1.152464572774802e-04,1.935486668535935e-05,6.965306923022435e-07,1.705393761166979e-08,2.499196386158167e-06,1.764695106925647e-05,3.029547621626714e-05,1.291136812253642e-05,1.662691253467253e-05,1.700488125711833e-06,4.439866395478858e-04,9.301197969989898e-06,5.259448811298462e-02,1.635071972052080e-03,1.428812522763848e-04,4.487214852066386e-04,6.019581523719048e-01,7.463193236269277e+04,0.000000000000000e+00,2.144019498023910e+03,1.013356832373539e+05,
8.896379966202572e-10,5.660304302547701e+00,1.469277258033472e-01,7.193848760976376e-06,6.935437023050949e-05,5.058224649829534e-04,1.366563467632955e-07,6.108855308956786e-05,1.235467554803107e-02,1.456734403735895e-08,1.323117588394845e-03,8.154102445252892e-11,3.930421226732697e-10,3.428910653757037e-11,1.511315541253790e-09,3.797315370868205e-10,1.127591413804281e-09,2.352541111325256e-09,5.147572296642205e-12,1.761172629851320e-11,1.782568146627650e-11,3.778649644584996e-03,2.360698307657584e-02,1.281050792839927e-10,1.260608093444794e-08,1.654456012975535e-10,5.017807952010162e-09,1.271589247764765e-13,2.308033967943163e-15,4.188443826833566e-09,2.195056772145899e-09,8.687593873052011e-15,3.977576243232665e-12,1.031346907883836e-13,1.257663705160128e-13,3.220626224557584e-15,5.396698107628248e-15,4.835521637494652e-15,2.345485039674158e-18,9.984697883917293e-17,3.659368051138284e-20,2.163494645606334e-21,4.906402458268981e-17,1.391846283095508e-13,3.861247489407841e-17,2.405664266285228e-18,9.305051838549227e-07,6.353650830559809e-06,2.485235306305112e-08,2.827281044701763e-08,1.744983187730775e-08,7.243377641966821e-13,1.262178932888083e-15,2.035705200791965e-24,9.085431518272520e-30,4.542482665558267e-27,3.673876566145048e-26,5.178086267149219e-28,1.053808326304233e-01,7.963025288228820e+03,0.000000000000000e+00,2.346865447756358e+03,1.013250024060204e+05,
1.920811386148815e-09,5.630462036405681e+00,1.490471519183971e-01,1.040902288162083e-05,1.011499644976683e-04,5.931464051495798e-04,1.349691703207077e-07,7.159499479606831e-05,1.235687579649019e-02,2.218201046044524e-08,1.660789394151216e-03,1.371886448993023e-10,5.339316978897828e-10,5.040203614644543e-11,1.904248952613089e-09,4.064715927818439e-10,1.888956221130295e-09,3.228968336900187e-09,7.009354313669764e-12,2.616941912167428e-11,2.354486968942800e-11,4.283682037934076e-03,2.343848069502018e-02,1.764324389312180e-10,1.584079521442490e-08,2.998322735411516e-10,7.231051989509312e-09,2.961443578189510e-13,5.349568515539816e-15,5.182492144193792e-09,2.501628931306883e-09,2.701459939316481e-14,8.770376544432606e-12,3.191639665458133e-13,1.486304311815345e-13,7.275607518408972e-15,8.929138011947871e-15,8.781369846078848e-15,9.296566139014653e-18,3.284185135035302e-16,1.113275951386811e-19,1.145633013925773e-20,1.743679811648925e-16,1.799364512614375e-13,8.323389091651536e-17,4.164793558571531e-18,1.551484856914479e-06,1.069320068628776e-05,3.019825275714794e-08,9.464128159527173e-08,5.975717325786085e-08,1.429756822076089e-12,2.833913602723821e-15,4.278868913908131e-24,5.930391820919417e-29,2.449603734079257e-28,1.936826463654689e-27,1.428561995302050e-27,1.069052770798119e-01,7.930937980017242e+03,0.000000000000000e+00,2.330876628010553e+03,1.013250017863058e+05,
5.720959783528468e-10,5.561055802632262e+00,1.577715843840857e-01,2.859475150716234e-05,2.653667139070716e-04,8.519936081364381e-04,1.909001026248233e-07,1.107276726813970e-04,1.235687721972864e-02,7.195929692531750e-08,2.862286057325992e-03,1.961060353108282e-10,5.622541616026874e-10,5.852763669913664e-11,1.935994175806907e-09,3.974243809155893e-10,6.877555741286656e-09,3.478984232320169e-09,7.370201056872474e-12,3.083972733896085e-11,2.453424891664287e-11,5.925276194482176e-03,2.304935970093307e-02,1.858064403571489e-10,1.603632906109977e-08,5.184602367410384e-10,8.085677696439749e-09,1.160150259134619e-12,2.029914141923683e-14,5.202667386859625e-09,2.489035643494282e-09,1.830027749630018e-13,2.223356499431455e-11,2.308743881006250e-12,1.457181818666685e-13,1.197367906496779e-14,1.044630306315876e-14,1.217928158326367e-14,1.212959433584196e-16,2.666907725730362e-15,1.759155159696347e-18,3.984124799296980e-19,2.153144285522652e-15,1.790275573923392e-13,1.174706362308126e-16,4.531655383867416e-18,2.498734812428433e-06,1.764062626590831e-05,3.027089517908746e-08,1.576669128846539e-06,1.071740104040072e-06,3.673845089309455e-12,9.792670086205053e-15,6.691549919546978e-19,7.533907649898893e-18,1.009929089454793e-18,2.587231629932091e-16,2.664484382698834e-19,1.131835322683140e-01,7.833943681198427e+03,0.000000000000000e+00,2.291304689906531e+03,1.013250123413204e+05,

