1
0
56
1
(4 0
((0,0) (15,255) (0,0))
((0,768) (15,1023) (0,0))
((0,512) (15,767) (0,0))
((0,256) (15,511) (0,0))
)
4
FabOnDisk: SD_5_New_MF_D_0003 0
FabOnDisk: SD_5_New_MF_D_0000 0
FabOnDisk: SD_5_New_MF_D_0001 0
FabOnDisk: SD_5_New_MF_D_0002 0

4,56
-7.564685465978173e+00,-1.639195231151256e+01,-2.596779993793821e+01,-5.899596941401665e+00,-8.087888834270174e+00,-8.237084680528564e+00,-1.129830680612977e+00,-6.298186835833866e+02,-2.757820543752311e-01,-7.666385558867214e-01,-8.919899920379232e-02,-1.366921659021134e+01,-1.254293718626776e+01,-1.382042109428652e+00,-9.466520696109585e+00,-4.465062436734933e-01,-7.087681327209304e-02,-2.751586802322971e+00,-1.318340224077106e+02,5.387129544537350e-18,-9.626685997004870e-02,-4.932046715229470e+01,-1.835561083385845e+00,-2.035047748191528e+02,-7.522085217413561e+00,-2.444435963124371e+01,-4.496051273839483e+00,-2.828342305097769e+00,-8.848346674462004e-03,-1.997129408904190e+00,-1.581937431322160e+00,-9.548977485463345e-01,-3.789352804713753e+00,-2.213123875649719e+00,-3.180849556758914e+00,-2.147235875183096e-01,-3.249947359061817e+01,-4.971079245941764e-01,-3.093920169093791e-01,-8.534732920088022e+00,-9.903893583304297e-01,-1.638616725284170e-02,-6.794049023784372e-04,-8.182124043577879e-02,-1.823730753405999e-01,-2.105455138145542e+00,-7.067359695586464e-02,-4.096003826879311e-01,-1.349910208500187e-01,-2.443158030330667e+01,-4.753270372832044e-01,-5.957837952912225e+02,-9.048841424597603e+01,-9.648494995530632e+00,-2.486526620832615e+01,-8.374172466574237e-10,
-4.082260394817490e-03,-2.989923379947848e-02,-8.815854929888950e-02,1.722734335192728e-07,-1.098495930275818e-02,1.032152131489473e-01,-6.659552886856697e-06,-3.347131344377171e-01,-9.025286614816051e-08,-3.088507003868642e-07,-2.633628545544277e-08,-1.140136101729661e-06,-2.646652244184588e-07,-6.706881022015970e-07,-1.376768982839936e-06,-2.942708059038751e-09,-1.150181277052096e-08,-1.050974540342039e-08,-4.753326678441240e-01,2.585528051939702e-01,-8.227919917044225e-08,-8.310512126583091e-06,-1.467203456307698e-07,-3.466984834284839e-06,-1.481138780515746e-10,-2.694497190175949e-12,-3.774110750385514e-06,-1.238439257092012e-06,-1.319082540486558e-11,-4.479981173374776e-09,-1.558890620116155e-10,-8.015397545942344e-11,-4.045193358286445e-12,-4.601652151325402e-12,-4.545316050679003e-12,-4.253071987874446e-15,-1.590788221528072e-13,-5.447947559541575e-17,-9.253972961607215e-19,-8.184216510641194e-14,-1.020143642637963e-10,-4.966825787548056e-14,-2.492468114171672e-15,-7.180550058280344e-04,-4.967200233127339e-03,-1.276576718082532e-05,-4.324090238279775e-05,-2.711878141641252e-05,-6.954649754004107e-10,-1.396742937973409e-12,-3.404915737824712e-20,-3.736186530490382e-20,-1.140245993656831e-21,-9.222224712029642e-21,-2.522646180915157e-24,-4.449104279435900e-11,
-1.221766578046530e-02,-9.140975417405911e-02,-2.010251833420405e-01,3.235613765459815e-06,-2.869060672203898e-02,1.831109793637690e-01,-2.247680896758476e-05,-8.124811309097664e-01,-1.069869009168693e-07,-2.189807993179083e-07,-2.442042649687320e-08,-6.927852854521550e-07,-9.060038968783944e-08,-2.210295947581311e-06,-1.323822389050821e-06,-2.896016829179437e-09,-1.303877205021713e-08,-9.230737220764142e-09,-1.123681258607352e+00,7.683264253449978e-01,-7.472153283191323e-08,-5.810666323859929e-06,-2.861473667694738e-07,-3.310551539557444e-06,-4.777957004252020e-10,-8.461502771725743e-12,-1.919319939814096e-06,-8.063099155481332e-07,-6.202582236831651e-11,-1.227329523529678e-08,-7.323960569563417e-10,-6.548371388305807e-11,-8.963127949750710e-12,-5.454268173798046e-12,-7.271987263257441e-12,-2.657845957270792e-14,-7.839714760683732e-13,-2.530640399229576e-16,-3.354380326383509e-15,-4.514074360349967e-13,-9.965307352505467e-11,-8.106877941947501e-14,-2.685465721114876e-15,-1.194138919730925e-03,-8.482147149632493e-03,-1.063837612573721e-05,-2.451584102156017e-04,-1.585128717679413e-04,-1.693444573597015e-09,-4.241878663514787e-12,-5.838227658101028e-20,-1.733554675883697e-19,-1.025610090308324e-22,-6.161506822490796e-22,-2.252454994083767e-23,-5.144973336257408e-11,
-1.452612395082813e-01,-7.484941303800803e-01,-5.469051359798474e-01,-4.837279375876065e-04,-1.400782690923948e-01,4.829080768612556e-01,-2.602196367761016e-04,-3.819213816159174e+00,-1.103736898786461e-07,-1.253968581789217e-07,-2.247238364656756e-08,-1.518726582409616e-07,1.385745807053942e-07,-2.638214977281119e-05,-9.313955878212534e-07,-1.674830267988779e-09,-1.239012902505640e-08,-4.523745683429121e-09,-4.389865412827358e+00,1.806014465429696e+00,-4.461474219422297e-08,-1.033847394689713e-06,-3.603181556334634e-07,-2.795426594176049e-06,-3.400724158873623e-09,-4.971814850861095e-11,1.165784254074925e-07,5.592164622910183e-07,-5.861409486262591e-10,-2.369693722601204e-08,-8.731884854527072e-09,6.504518163350934e-11,-2.862561376273037e-11,-2.665441935977778e-11,-2.202466228562405e-10,-8.776488324997441e-12,-1.143964462240164e-10,-4.259817723044330e-10,-2.441682253952545e-14,-3.010868956791410e-11,-1.658319324123545e-10,-9.063865102731513e-13,-2.200287346098061e-14,-1.407775744965769e-03,-1.037997042949083e-02,5.663264945701723e-07,-1.368888534853213e-02,-9.546395480745384e-03,-4.531432235678914e-09,-2.451592333185186e-10,-1.478267806797209e-10,-1.126858018732837e-08,-1.568457593118022e-11,-2.560903661563955e-10,-4.395371457923317e-12,-9.123279909317716e-11,

4,56
5.626719711402340e+00,2.893534066193351e+01,4.337616212220231e+01,7.354114740939178e+00,1.339961036014757e+01,3.126301415191184e+02,6.140251516953551e-01,5.548672721289449e-06,6.404855115326396e-01,1.393991966667679e+00,1.632127767607073e-01,2.539335744811321e+01,1.583645411769054e+01,1.896046038671837e+00,1.560596784799085e+01,4.049840425556482e-01,1.306787087664203e-01,2.700468711511875e+00,4.614560879569617e+02,2.796958201366243e+02,2.104210125640562e-01,6.048131381321082e+01,3.822224125732266e+00,3.015567356618151e+02,1.282396108260932e+01,2.592518887433755e+01,8.752665113132117e+00,3.480650019906128e+00,1.543671188307442e-02,3.734377681156595e+00,2.367140765800081e+00,1.120487977786352e+00,3.930586724615914e+00,2.343877560120065e+00,3.941466114002524e+00,1.975166089145571e-01,3.488153673058050e+01,1.026754654888910e+00,5.838609431389328e-01,7.963643162277434e+00,1.532733969453558e+00,4.235657940995797e-02,1.109410949523633e-03,7.687180331561926e-02,4.014705648459718e-01,2.456806382933296e+00,4.787206139249489e-01,6.997041919562339e-01,1.812528192668305e-01,1.657827375579352e+01,7.586672401825645e-01,6.705226790924084e-01,9.140889472682817e+01,1.445174434030940e+01,2.562982019686348e+01,8.956249075708911e-10,
-1.886922980930678e-03,-1.156246277799319e-02,-3.199906018246697e-02,6.388890489701701e-06,-5.946693954221552e-03,1.825377682311516e-01,-1.704129624712024e-06,-1.539840805518554e-01,-4.203607777927633e-08,-1.813827813546183e-07,-1.635796067456556e-08,-6.557753178758599e-07,-9.125515137710513e-08,-1.890162854914252e-07,-1.084511188443879e-06,-2.389278518836724e-09,-8.437605066618541e-09,-8.151885183722459e-09,-1.570090793945056e-01,7.659983411462034e-01,-6.000525506241225e-08,-5.554618835519593e-06,-8.506546481877238e-08,-2.413335173213013e-06,-6.651283787756460e-11,-1.215532803219393e-12,-1.850533101214586e-06,-8.086750247394951e-07,-4.478334941125125e-12,-2.131320490398697e-09,-5.306304118239754e-11,-6.566415293188450e-11,-1.792646806635271e-12,-3.004023516931775e-12,-2.547211584696013e-12,-1.026493461260418e-15,-4.643547368733097e-14,-1.761485580443669e-17,8.857896458658863e-19,-1.966665961343992e-14,-9.215995171126260e-11,-2.238576357825931e-14,-1.506722312532096e-15,-4.514582966538213e-04,-3.076741447630622e-03,-1.065045052019128e-05,-1.167383299794259e-05,-7.152089127829338e-06,-3.262018696859454e-10,-5.402072492627470e-13,3.927244190738809e-20,4.042197691929583e-20,4.575524966279860e-24,-4.343559221758481e-25,2.548586851864325e-24,4.629768443620286e-11,
-3.678679032324208e-03,-3.000572804768591e-02,-8.840937501525220e-02,7.543138246462975e-06,-1.102046263794164e-02,4.806736469864933e-01,-6.680688331840421e-06,-3.357404840210810e-01,-6.721994777881751e-08,-1.266745451651802e-07,-2.207796392657833e-08,-1.570505557325123e-07,1.371010331521486e-07,-6.730742445704085e-07,-9.372546430998531e-07,-1.691342622678433e-09,-1.150879399440420e-08,-4.576857208766999e-09,-4.767891804838782e-01,1.798937702850462e+00,-4.504714273610744e-08,-1.079554206571944e-06,-1.470064486420434e-07,-2.806216065203811e-06,-1.485950256617068e-10,-2.703815901945557e-12,9.750896769523320e-08,5.487399414443380e-07,-1.325390688506357e-11,-4.494480422395990e-09,-1.566371017204898e-10,6.402752797052408e-11,-4.057889931835230e-12,-4.608159215874870e-12,-4.555363139017169e-12,-4.277199297910854e-15,-1.598752884084323e-13,-5.472072265764110e-17,2.159829575243377e-16,-8.225986953705764e-14,5.388654290617096e-11,-4.977988046707984e-14,-1.849613740945861e-15,-7.194808731531636e-04,-4.977381007044561e-03,4.684131663341038e-07,-4.346726356886100e-05,-2.726000777982007e-05,-6.975222102791684e-10,-1.401731813277202e-12,6.402498409403464e-20,1.731163256009172e-19,8.044227917086484e-23,2.263773003203809e-24,2.342752035007029e-23,4.728156755007262e-11,
-1.229017512906410e-02,-9.190932416208883e-02,-2.017645236100155e-01,3.136412768997980e-06,-2.882204470418797e-02,2.856355506989857e+00,-2.260943866431804e-05,-8.158706775983104e-01,3.806119701420487e-07,1.327958829245331e-06,1.195640545308234e-07,4.000801415151367e-06,6.403812427941056e-07,-2.223635087489050e-06,6.910562530001818e-06,1.621026063211648e-08,5.666475899554857e-08,4.588101351955717e-08,-1.128136661081790e+00,6.949129043028292e+00,4.453982273789783e-07,3.409356161100144e-05,4.382738572655557e-07,1.597967558984573e-05,-4.804941304483848e-10,-8.508034314542833e-12,1.179948856131997e-05,4.384687366194390e-06,-6.249668332471526e-11,8.939338257939325e-10,-7.380132638891577e-10,3.024166374873367e-10,4.272928438867014e-11,5.854512368171457e-11,3.055563136270229e-10,8.732557824355493e-12,1.016319210369789e-10,4.544815013383823e-10,2.274733385696806e-14,1.317807891773499e-11,3.471822349893977e-10,1.909273732949015e-13,1.026277848470643e-14,9.008320336896234e-04,6.160014557549271e-03,6.201257247986285e-05,-2.474336050501888e-04,-1.600112513889393e-04,-1.700545065073431e-09,1.776829711498624e-10,1.647304238945606e-10,9.990507717159164e-09,1.317556004528624e-10,1.442576436024038e-12,3.924642529753657e-11,8.083933522584630e-11,

