1
0
56
1
(4 0
((0,0) (15,255) (0,0))
((0,768) (15,1023) (0,0))
((0,512) (15,767) (0,0))
((0,256) (15,511) (0,0))
)
4
FabOnDisk: SD_5_Old_MF_D_0003 0
FabOnDisk: SD_5_Old_MF_D_0000 0
FabOnDisk: SD_5_Old_MF_D_0001 0
FabOnDisk: SD_5_Old_MF_D_0002 0

4,56
-7.593862918523719e+00,-1.638855465124568e+01,-2.610192956708264e+01,-5.957754224058168e+00,-8.086471631183807e+00,-8.225310216069317e+00,-1.111162567473523e+00,-6.291954252169267e+02,-2.752186742671358e-01,-7.671164595748898e-01,-8.899690226351645e-02,-1.359144144775709e+01,-1.254912557195626e+01,-1.382521545118105e+00,-9.459967701790553e+00,-4.417573042522517e-01,-7.050418287710267e-02,-2.728164119588981e+00,-1.320679688462276e+02,6.278208205048874e-18,-9.621546632669409e-02,-4.896495922242023e+01,-1.826854257866915e+00,-2.032123671377669e+02,-7.626794869715958e+00,-2.421798353716840e+01,-4.461837876307007e+00,-2.836980980040742e+00,-8.799433165925850e-03,-1.981875411330466e+00,-1.574797899870205e+00,-9.520101751286213e-01,-3.828145310667479e+00,-2.237875606731136e+00,-3.221230467664847e+00,-2.125131379437596e-01,-3.231353507700529e+01,-4.912396886319181e-01,-3.065441474439101e-01,-8.437490606859189e+00,-9.918961439283996e-01,-1.629767894500008e-02,-6.762980059391596e-04,-8.187070491198715e-02,-1.823240547310950e-01,-2.078955532360951e+00,-7.071922470345650e-02,-4.120319523459161e-01,-1.358125157029959e-01,-2.478686634161402e+01,-4.759391448131011e-01,-5.937677349411223e+02,-9.101132112686835e+01,-9.634709822192917e+00,-2.507067042856218e+01,-1.081161826732568e-09,
-4.084726896642632e-03,-2.989066065476560e-02,-8.813688645020204e-02,1.768613598425380e-07,-1.098381993099802e-02,1.031582015430403e-01,-6.656879258328165e-06,-3.345878031223850e-01,-9.015291364782135e-08,-3.086732152707017e-07,-2.632134754853350e-08,-1.139661132209914e-06,-2.646537358460025e-07,-6.704183865005538e-07,-1.376857954240222e-06,-2.942935334754184e-09,-1.150384033323000e-08,-1.051115690081522e-08,-4.750866026648357e-01,2.580823192937972e-01,-8.224440020166383e-08,-8.307451466636167e-06,-1.467118594277086e-07,-3.464693323326636e-06,-1.480713159951992e-10,-2.693700572091596e-12,-3.771280674475183e-06,-1.238651133987277e-06,-1.318447496469553e-11,-4.478633877901512e-09,-1.558149533182390e-10,-8.018377931196334e-11,-4.044025613820745e-12,-4.601371737534933e-12,-4.544377469019019e-12,-4.250441043057599e-15,-1.589919740729125e-13,-5.445289785745946e-17,-9.319150754625540e-19,-8.179210741771620e-14,-1.019807147212307e-10,-4.965436548289382e-14,-2.492174454922441e-15,-7.178946431741616e-04,-4.966049016758437e-03,-1.276542160114665e-05,-4.321464922964500e-05,-2.710222042088322e-05,-6.952239541397552e-10,-1.396158821360968e-12,-3.468706128211548e-20,-3.937937673841463e-20,-1.559212081116292e-21,-1.261340172335653e-20,-2.676932627554997e-24,-4.621059784826187e-11,
-1.221318784778508e-02,-9.135540629165151e-02,-2.009425549866643e-01,3.248870704552564e-06,-2.867835432970860e-02,1.830988735045407e-01,-2.246083860259866e-05,-8.120582511030527e-01,-1.069863439757855e-07,-2.190068116073110e-07,-2.442414131487423e-08,-6.933109131510098e-07,-9.076846553160603e-08,-2.208666606949401e-06,-1.323997172293063e-06,-2.896164284220859e-09,-1.304047795435781e-08,-9.234148936437986e-09,-1.123027102071952e+00,7.679343109304183e-01,-7.473002827346748e-08,-5.813523221581499e-06,-2.860622752993646e-07,-3.310970332168721e-06,-4.774640508473012e-10,-8.455820437457268e-12,-1.921153637247939e-06,-8.068384723104674e-07,-6.196811672332832e-11,-1.226637551019707e-08,-7.317121744028704e-10,-6.551984832556481e-11,-8.960327801634999e-12,-5.454042707090845e-12,-7.271317277523532e-12,-2.654835376892330e-14,-7.831981001381523e-13,-2.528089934194737e-16,-3.074323713027172e-15,-4.509181501713279e-13,-9.967777915685223e-11,-8.106573366892751e-14,-2.685058094833041e-15,-1.193840446032168e-03,-8.479832342648694e-03,-1.064050560947007e-05,-2.448795352564681e-04,-1.583293814736456e-04,-1.692529205812419e-09,-4.238984190119107e-12,-5.963935987557498e-20,-1.755816226850632e-19,-1.416087957803335e-22,-8.926446790383432e-22,-2.277332110539037e-23,-4.315370283336506e-11,
-1.448377993894562e-01,-7.480635995455649e-01,-5.479636764939423e-01,-4.826245658617224e-04,-1.398328635910639e-01,4.827107751626532e-01,-2.598919919866169e-04,-3.814241324028854e+00,-1.103670335190818e-07,-1.255751395025713e-07,-2.248103481611022e-08,-1.525930837512209e-07,1.383689966001020e-07,-2.635918730400502e-05,-9.322203631588856e-07,-1.677054821764151e-09,-1.239358548191609e-08,-4.531177029638572e-09,-4.390768810560592e+00,1.804969656869143e+00,-4.467276244316471e-08,-1.040135162510356e-06,-3.602874500351229e-07,-2.796922574269904e-06,-3.451233471457118e-09,-4.961425508595196e-11,1.139890279812473e-07,5.577845817391783e-07,-5.866692468051376e-10,-2.369456638162757e-08,-8.726195629924029e-09,6.490208477982676e-11,-2.896122019459093e-11,-3.817728549385975e-11,-2.474554832725776e-10,-9.485853627556180e-12,-1.311817881826860e-10,-4.488878857710755e-10,-2.720056823770622e-14,-2.447754706531952e-11,-1.424863172310667e-10,-8.483681455308125e-13,-2.035178933947927e-14,-1.407656611526876e-03,-1.037918658679903e-02,5.531046151286206e-07,-1.364384662908805e-02,-9.514220664186265e-03,-4.532286394953851e-09,-2.725346840360115e-10,-1.562492685426213e-10,-1.202601899432231e-08,-1.708054045142100e-11,-1.221775730106590e-10,-4.789328509864741e-12,-9.104361708978104e-11,

4,56
5.631196845108922e+00,2.886083514572853e+01,4.339467684420161e+01,7.473017175397162e+00,1.345100809923321e+01,3.126033284372963e+02,6.180118719244121e-01,5.013794815766914e-06,6.342437954000907e-01,1.375208883599086e+00,1.640152613090702e-01,2.544682063968717e+01,1.592667092814465e+01,1.904125211785617e+00,1.556994229422758e+01,4.002426158721225e-01,1.304297654072841e-01,2.700038605627394e+00,4.608950780393683e+02,2.794110053671454e+02,2.085306185109874e-01,5.979065855318817e+01,3.870854277202047e+00,3.031154848896604e+02,1.246649588121708e+01,2.612577377733215e+01,8.781495540925677e+00,3.458096870955036e+00,1.544952666899806e-02,3.651214152544661e+00,2.346929329555210e+00,1.123809463674788e+00,3.956101968690566e+00,2.329692094767797e+00,3.980190144764872e+00,1.972341619248885e-01,3.466633534720356e+01,1.002987671655901e+00,5.946434279213827e-01,8.002066198103778e+00,1.549169657646315e+00,4.200309162307225e-02,1.092555947164846e-03,7.767794418266101e-02,4.029598534858977e-01,2.486844106737611e+00,4.788735954285868e-01,7.032161449740949e-01,1.836413586760753e-01,1.651535877457971e+01,7.600167068163501e-01,6.366427800700707e-01,9.118077713090385e+01,1.463570878497373e+01,2.560219617752498e+01,7.876224117353559e-10,
-1.883339277228040e-03,-1.155933011700587e-02,-3.199194971830563e-02,6.389363555509205e-06,-5.952335457535518e-03,1.825259518480771e-01,-1.702994803279181e-06,-1.538824018009351e-01,-4.204483682235174e-08,-1.813880398550543e-07,-1.635867366608107e-08,-6.557148192199244e-07,-9.143170204576355e-08,-1.888602699055425e-07,-1.084488445544837e-06,-2.389286206863297e-09,-8.438076946309375e-09,-8.151089992424794e-09,-1.567112215296669e-01,7.656072614397550e-01,-6.000609162392806e-08,-5.553793553323046e-06,-8.506726246887666e-08,-2.413328401948102e-06,-6.650421309011424e-11,-1.215365543226070e-12,-1.850324860721509e-06,-8.092223544475702e-07,-4.476508984861307e-12,-2.130955394519512e-09,-5.303421956197143e-11,-6.570130039125479e-11,-1.792715981142245e-12,-3.003797454829723e-12,-2.546711779566044e-12,-1.025916396617913e-15,-4.641365395486594e-14,-1.761057040300067e-17,9.014179257356205e-19,-1.966365922027073e-14,-9.211908062959135e-11,-2.239282510359791e-14,-1.507284953511371e-15,-4.513645648160654e-04,-3.076098986681972e-03,-1.065257319611166e-05,-1.166909709062542e-05,-7.149231737713925e-06,-3.261251815004628e-10,-5.400191342829937e-13,4.042477261564661e-20,4.210262132847048e-20,4.537947659645269e-24,-5.296505340899771e-25,2.674849349830518e-24,5.060490915198557e-11,
-3.679891147250849e-03,-2.999697350844828e-02,-8.838727266369256e-02,7.544128213416102e-06,-1.101933823849259e-02,4.804776973868193e-01,-6.677817007253746e-06,-3.356150889756725e-01,-6.725515012700224e-08,-1.268541150360412e-07,-2.208656096193466e-08,-1.577753955079222e-07,1.368944176954569e-07,-6.727947486502421e-07,-9.380809614334820e-07,-1.693570554712865e-09,-1.151058640222491e-08,-4.584303177874987e-09,-4.765424601001961e-01,1.797899810240064e+00,-4.510510984116689e-08,-1.085840623048108e-06,-1.469940551004072e-07,-2.807714501974273e-06,-1.485484891119044e-10,-2.702981111053814e-12,9.490502108869736e-08,5.473107967396137e-07,-1.324739634771678e-11,-4.493068078129548e-09,-1.565613971437553e-10,6.388471702623395e-11,-4.056694344129859e-12,-4.607848861317158e-12,-4.554397003026333e-12,-4.274539683707310e-15,-1.597874873435266e-13,-5.469374963130269e-17,1.937185552010785e-16,-8.220842103765044e-14,5.370549025866844e-11,-4.976494074007681e-14,-1.851633380739226e-15,-7.193203740005582e-04,-4.976227429438736e-03,4.552475106226811e-07,-4.344085096182952e-05,-2.724314627885494e-05,-6.972787463275864e-10,-1.401140872220912e-12,6.581586307219619e-20,1.754612691787863e-19,8.088096333667819e-23,3.407982911948455e-24,2.375327230071537e-23,5.392442048446355e-11,
-1.228565005227687e-02,-9.185448382604453e-02,-2.016811776651456e-01,3.149826526091772e-06,-2.880973077773856e-02,2.851055639426181e+00,-2.259312542241177e-05,-8.154452135178463e-01,3.792858793275964e-07,1.326706388718503e-06,1.192892661542820e-07,3.997627072641372e-06,6.405945159870091e-07,-2.221983807993930e-06,6.901124811148512e-06,1.619536300402118e-08,5.652681940399315e-08,4.586090211735741e-08,-1.127478119687782e+00,6.950559317782869e+00,4.448788806681256e-07,3.407487422445650e-05,4.350743349773902e-07,1.595670351248410e-05,-4.801574222764027e-10,-8.502323300025983e-12,1.180084851443548e-05,4.387850900421638e-06,-6.243829952558093e-11,8.037848339637979e-10,-7.373239993166151e-10,3.089984227995728e-10,4.178966128084621e-11,6.426222575281928e-11,3.336827523609606e-10,9.075358340568711e-12,1.146669056705867e-10,4.699475631613747e-10,2.462865035727649e-14,1.576127788169130e-11,3.471986626319683e-10,1.911829284943662e-13,1.027277245577922e-14,8.913386846864924e-04,6.090485388300213e-03,6.202443648281890e-05,-2.471515412858386e-04,-1.598253630627513e-04,-1.699619676720188e-09,1.914308050108528e-10,1.709205980550444e-10,1.087798476580773e-08,3.389506463965339e-10,2.660707456123325e-12,9.184740782610503e-11,9.641798470738649e-11,

