0.000000000000000000e+00 9.999999979388463078e-01
5.012531328320801727e-02 9.999999998435955550e-01
1.002506265664160345e-01 9.999999996831830940e-01
1.503759398496240518e-01 9.999999995153077137e-01
2.005012531328320691e-01 9.999999993364117046e-01
2.506265664160400863e-01 9.999999991426479218e-01
3.007518796992481036e-01 9.999999989298343772e-01
3.508771929824561209e-01 9.999999986933501006e-01
4.010025062656641381e-01 9.999999984279982490e-01
4.511278195488721554e-01 9.999999981279765748e-01
5.012531328320801727e-01 9.999999977866605994e-01
5.513784461152881899e-01 9.999999973964663891e-01
6.015037593984962072e-01 9.999999969487364249e-01
6.516290726817042245e-01 9.999999964334541636e-01
7.017543859649122417e-01 9.999999958390882737e-01
7.518796992481202590e-01 9.999999951522636765e-01
8.020050125313282763e-01 9.999999943575148542e-01
8.521303258145362935e-01 9.999999934368618559e-01
9.022556390977443108e-01 9.999999923694514736e-01
9.523809523809523281e-01 9.999999911310146761e-01
1.002506265664160345e+00 9.999999896933254862e-01
1.052631578947368363e+00 9.999999880235546090e-01
1.102756892230576380e+00 9.999999860834655196e-01
1.152882205513784397e+00 9.999999838285271725e-01
1.203007518796992414e+00 9.999999812068581795e-01
1.253132832080200432e+00 9.999999781580082292e-01
1.303258145363408449e+00 9.999999746115210142e-01
1.353383458646616466e+00 9.999999704852481353e-01
1.403508771929824483e+00 9.999999656834135386e-01
1.453634085213032501e+00 9.999999600943050293e-01
1.503759398496240518e+00 9.999999535876346046e-01
1.553884711779448535e+00 9.999999460113969674e-01
1.604010025062656553e+00 9.999999371882483112e-01
1.654135338345864570e+00 9.999999269112181954e-01
1.704260651629072587e+00 9.999999149387901465e-01
1.754385964912280604e+00 9.999999009889717350e-01
1.804511278195488622e+00 9.999998847326564411e-01
1.854636591478696639e+00 9.999998657855115880e-01
1.904761904761904656e+00 9.999998436987819206e-01
1.954887218045112673e+00 9.999998179483731153e-01
2.005012531328320691e+00 9.999997879221407260e-01
2.055137844611528486e+00 9.999997529050155265e-01
2.105263157894736725e+00 9.999997120615916613e-01
2.155388471177944965e+00 9.999996644157779224e-01
2.205513784461152760e+00 9.999996088269784700e-01
2.255639097744360555e+00 9.999995439621943705e-01
2.305764411027568794e+00 9.999994682634588683e-01
2.355889724310777034e+00 9.999993799095719949e-01
2.406015037593984829e+00 9.999992767716058273e-01
2.456140350877192624e+00 9.999991563603803923e-01
2.506265664160400863e+00 9.999990157654556899e-01
2.556390977443609103e+00 9.999988515833719838e-01
2.606516290726816898e+00 9.999986598338262977e-01
2.656641604010024693e+00 9.999984358614267821e-01
2.706766917293232932e+00 9.999981742207033619e-01
2.756892230576441172e+00 9.999978685414981916e-01
2.807017543859648967e+00 9.999975113712280539e-01
2.857142857142856762e+00 9.999970939902481648e-01
2.907268170426065002e+00 9.999966061955967156e-01
2.957393483709273241e+00 9.999960360476587429e-01
3.007518796992481036e+00 9.999953695734276060e-01
3.057644110275688831e+00 9.999945904190207235e-01
3.107769423558897071e+00 9.999936794424334474e-01
3.157894736842105310e+00 9.999926142366480919e-01
3.208020050125313105e+00 9.999913685706959265e-01
3.258145363408520900e+00 9.999899117350065092e-01
3.308270676691729140e+00 9.999882077742482389e-01
3.358395989974937379e+00 9.999862145883736675e-01
3.408521303258145174e+00 9.999838828793732315e-01
3.458646616541352969e+00 9.999811549169344005e-01
3.508771929824561209e+00 9.999779630920057061e-01
3.558897243107769448e+00 9.999742282216665945e-01
3.609022556390977243e+00 9.999698575625571850e-01
3.659147869674185038e+00 9.999647424826537678e-01
3.709273182957393278e+00 9.999587557325259057e-01
3.759398496240601517e+00 9.999517482473080365e-01
3.809523809523809312e+00 9.999435453983938071e-01
3.859649122807017108e+00 9.999339426002447073e-01
3.909774436090225347e+00 9.999227001615418331e-01
3.959899749373433586e+00 9.999095372504266388e-01
4.010025062656641381e+00 9.998941248217355637e-01
4.060150375939849177e+00 9.998760773280790382e-01
4.110275689223056972e+00 9.998549430055749809e-01
4.160401002506265655e+00 9.998301924903802984e-01
4.210526315789473450e+00 9.998012054795915038e-01
4.260651629072681246e+00 9.997672551023804033e-01
4.310776942355889929e+00 9.997274896101756569e-01
4.360902255639097724e+00 9.996809109289407358e-01
4.411027568922305520e+00 9.996263495402639698e-01
4.461152882205513315e+00 9.995624350685858861e-01
4.511278195488721110e+00 9.994875618491765312e-01
4.561403508771929793e+00 9.993998486322360764e-01
4.611528822055137589e+00 9.992970914408644267e-01
4.661654135338345384e+00 9.991767084428921919e-01
4.711779448621554067e+00 9.990356755156334367e-01
4.761904761904761862e+00 9.988704509766046513e-01
4.812030075187969658e+00 9.986768877196305905e-01
4.862155388471177453e+00 9.984501307340060139e-01
4.912280701754385248e+00 9.981844976911852241e-01
4.962406015037593932e+00 9.978733399628681999e-01
5.012531328320801727e+00 9.975088810846086673e-01
5.062656641604009522e+00 9.970820293097230058e-01
5.112781954887218205e+00 9.965821605163118768e-01
5.162907268170426001e+00 9.959968673529249195e-01
5.213032581453633796e+00 9.953116701614616035e-01
5.263157894736841591e+00 9.945096849340652190e-01
5.313283208020049386e+00 9.935712433991840120e-01
5.363408521303258070e+00 9.924734603619550510e-01
5.413533834586465865e+00 9.911897437492872553e-01
5.463659147869673660e+00 9.896892435625442852e-01
5.513784461152882344e+00 9.879362373014356491e-01
5.563909774436090139e+00 9.858894516156792021e-01
5.614035087719297934e+00 9.835013232509937087e-01
5.664160401002505729e+00 9.807172071247697298e-01
5.714285714285713524e+00 9.774745459862191899e-01
5.764411027568922208e+00 9.737020250183804349e-01
5.814536340852130003e+00 9.693187463480834598e-01
5.864661654135337798e+00 9.642334731009749582e-01
5.914786967418546482e+00 9.583440105501731532e-01
5.964912280701754277e+00 9.515368129069494696e-01
6.015037593984962072e+00 9.436869277062279737e-01
6.065162907268169867e+00 9.346584140839204746e-01
6.115288220551377663e+00 9.243053940212683228e-01
6.165413533834586346e+00 9.124739130669496934e-01
6.215538847117794141e+00 8.990047939807643829e-01
6.265664160401001936e+00 8.837376567656525239e-01
6.315789473684210620e+00 8.665162445211547215e-01
6.365914786967418415e+00 8.471951296942892284e-01
6.416040100250626210e+00 8.256477752463858844e-01
6.466165413533834005e+00 8.017757914916042727e-01
6.516290726817041801e+00 7.755190755456472518e-01
6.566416040100250484e+00 7.468663837464682986e-01
6.616541353383458279e+00 7.158658480644431998e-01
6.666666666666666075e+00 6.826351432269200936e-01
6.716791979949874758e+00 6.473715592058952861e-01
6.766917293233082553e+00 6.103627088911127707e-01
6.817042606516290348e+00 5.719964774136740981e-01
6.867167919799498144e+00 5.327588221249599520e-01
6.917293233082705939e+00 4.931945716931068757e-01
6.967418546365914622e+00 4.538276930004879750e-01
7.017543859649122417e+00 4.151038481046007145e-01
7.067669172932330213e+00 3.774063263400646573e-01
7.117794486215538896e+00 3.410928856095928885e-01
7.167919799498746691e+00 3.064965050515387479e-01
7.218045112781954487e+00 2.739015650956459491e-01
7.268170426065162282e+00 2.435227320891772129e-01
7.318295739348370077e+00 2.154960426944284024e-01
7.368421052631578760e+00 1.898806117825855011e-01
7.418546365914786556e+00 1.666671584093252501e-01
7.468671679197994351e+00 1.457900982686520241e-01
7.518796992481203034e+00 1.271408259274623975e-01
7.568922305764410829e+00 1.105805699360441208e-01
7.619047619047618625e+00 9.595183229097377364e-02
7.669172932330826420e+00 8.308792180048030218e-02
7.719298245614034215e+00 7.182045427099473245e-02
7.769423558897242899e+00 6.198492885188239265e-02
7.819548872180450694e+00 5.342462083264494510e-02
7.869674185463658489e+00 4.599308450314484181e-02
7.919799498746867172e+00 3.955556220045223365e-02
7.969924812030074968e+00 3.398956915542798024e-02
8.020050125313282763e+00 2.918488382152717442e-02
8.070175438596491446e+00 2.504313005595432129e-02
8.120300751879698353e+00 2.147709658746897385e-02
8.170426065162907037e+00 1.840990345044793419e-02
8.220551378446113944e+00 1.577409543848481976e-02
8.270676691729322627e+00 1.351071901911347212e-02
8.320802005012531311e+00 1.156842091069614463e-02
8.370927318295738218e+00 9.902592806255536284e-03
8.421052631578946901e+00 8.474576672457862989e-03
8.471177944862155584e+00 7.250937866602077259e-03
8.521303258145362491e+00 6.202808326745783835e-03
8.571428571428571175e+00 5.305298748786247374e-03
8.621553884711779858e+00 4.536976532129481827e-03
8.671679197994986765e+00 3.879405013837297894e-03
8.721804511278195449e+00 3.316738862618601180e-03
8.771929824561402356e+00 2.835370276715606409e-03
8.822055137844611039e+00 2.423620682529725474e-03
8.872180451127819723e+00 2.071472861707595887e-03
8.922305764411026630e+00 1.770338770782239023e-03
8.972431077694235313e+00 1.512858708701359488e-03
9.022556390977442220e+00 1.292727899122612977e-03
9.072681704260650903e+00 1.104546963419002215e-03
9.122807017543859587e+00 9.436931523635787907e-04
9.172932330827066494e+00 8.062095709614917416e-04
9.223057644110275177e+00 6.887099673281593280e-04
9.273182957393483861e+00 5.882969611979556269e-04
9.323308270676690768e+00 5.024918607018530889e-04
9.373433583959899451e+00 4.291744587559704347e-04
9.423558897243108134e+00 3.665314147159482870e-04
9.473684210526315042e+00 3.130120151948150692e-04
9.523809523809523725e+00 2.672902725717260378e-04
9.573934837092730632e+00 2.282324631851108236e-04
9.624060150375939315e+00 1.948693318597723764e-04
9.674185463659147999e+00 1.663722974639274038e-04
9.724310776942354906e+00 1.420330876498094349e-04
9.774436090225563589e+00 1.212463116317414057e-04
9.824561403508770496e+00 1.034945494383068045e-04
9.874686716791979180e+00 8.833559599878665998e-05
9.924812030075187863e+00 7.539154997584453959e-05
9.974937343358394770e+00 6.433948156676852633e-05
1.002506265664160345e+01 5.490345155336917880e-05
1.007518796992481214e+01 4.684768654714746165e-05
1.012531328320801904e+01 3.997074340011186669e-05
1.017543859649122773e+01 3.410051978120865000e-05
1.022556390977443641e+01 2.908998851483241040e-05
1.027568922305764332e+01 2.481355092564910980e-05
1.032581453634085200e+01 2.116391955075428783e-05
1.037593984962405891e+01 1.804945352559085081e-05
1.042606516290726759e+01 1.539188103356520061e-05
1.047619047619047628e+01 1.312435269686854039e-05
1.052631578947368318e+01 1.118977790607759934e-05
1.057644110275689187e+01 9.539403034746157554e-06
1.062656641604009877e+01 8.131596430664922732e-06
1.067669172932330746e+01 6.930810161972860224e-06
1.072681704260651614e+01 5.906692847526247718e-06
1.077694235588972305e+01 5.033331622819798602e-06
1.082706766917293173e+01 4.288604476061046133e-06
1.087719298245614041e+01 3.653626911477355527e-06
1.092731829573934732e+01 3.112279225117205816e-06
1.097744360902255600e+01 2.650802669295051156e-06
1.102756892230576469e+01 2.257454484177033322e-06
1.107769423558897159e+01 1.922213230558048092e-06
1.112781954887218028e+01 1.636527102351380580e-06
1.117794486215538718e+01 1.393098961263116376e-06
1.122807017543859587e+01 1.185702745695304400e-06
1.127819548872180455e+01 1.009026683480071078e-06
1.132832080200501146e+01 8.585394027258951771e-07
1.137844611528822014e+01 7.303756032151205779e-07
1.142857142857142705e+01 6.212384364273859987e-07
1.147869674185463573e+01 5.283161573457214121e-07
1.152882205513784442e+01 4.492109659632236763e-07
1.157894736842105132e+01 3.818782596056596459e-07
1.162907268170426001e+01 3.245747762998271254e-07
1.167919799498746869e+01 2.758143308510474764e-07
1.172932330827067560e+01 2.343300345166798529e-07
1.177944862155388428e+01 1.990420508544716031e-07
1.182957393483709296e+01 1.690300784850116386e-07
1.187969924812029987e+01 1.435098695556272699e-07
1.192982456140350855e+01 1.218131935522877615e-07
1.197994987468671546e+01 1.033707422737551558e-07
1.203007518796992414e+01 8.769754474704317854e-08
1.208020050125313283e+01 7.438052795792515164e-08
1.213032581453633973e+01 6.306790212619833489e-08
1.218045112781954842e+01 5.346010854658220647e-08
1.223057644110275533e+01 4.530210165399583268e-08
1.228070175438596401e+01 3.837676523330496961e-08
1.233082706766917269e+01 3.249929911882193212e-08
1.238095238095237960e+01 2.751243328244995968e-08
1.243107769423558828e+01 2.328234776523237594e-08
1.248120300751879697e+01 1.969519471183688462e-08
1.253132832080200387e+01 1.665413397033454489e-08
1.258145363408521256e+01 1.407680670001360763e-08
1.263157894736842124e+01 1.189318251212487426e-08
1.268170426065162815e+01 1.004372512934468770e-08
1.273182957393483683e+01 8.477829626080207469e-09
1.278195488721804374e+01 7.152491205646226862e-09
1.283208020050125242e+01 6.031171354561276954e-09
1.288220551378446110e+01 5.082832236263949804e-09
1.293233082706766801e+01 4.281114472450655920e-09
1.298245614035087669e+01 3.603637117629928369e-09
1.303258145363408360e+01 3.031401753310656228e-09
1.308270676691729228e+01 2.548285290989035875e-09
1.313283208020050097e+01 2.140608344853076266e-09
1.318295739348370788e+01 1.796767973107555893e-09
1.323308270676691656e+01 1.506925239963833780e-09
1.328320802005012524e+01 1.262739460359822117e-09
1.333333333333333215e+01 1.057142192035755973e-09
1.338345864661654083e+01 8.841450651175300925e-10
1.343358395989974952e+01 7.386764138298179157e-10
1.348370927318295642e+01 6.164424205557499999e-10
1.353383458646616511e+01 5.138091181072918675e-10
1.358395989974937201e+01 4.277021379280513782e-10
1.363408521303258070e+01 3.555215538076461628e-10
1.368421052631578938e+01 2.950695643139147086e-10
1.373433583959899629e+01 2.444890925857934057e-10
1.378446115288220497e+01 2.022116679472129252e-10
1.383458646616541188e+01 1.669131973104084938e-10
1.388471177944862056e+01 1.374764417738119344e-10
1.393483709273182924e+01 1.129591905057997362e-10
1.398496240601503615e+01 9.256727448019298919e-11
1.403508771929824483e+01 7.563169076359466494e-11
1.408521303258145352e+01 6.158921715013753124e-11
1.413533834586466043e+01 4.996598981152214925e-11
1.418546365914786911e+01 4.036359568026119718e-11
1.423558897243107779e+01 3.244729855844716968e-11
1.428571428571428470e+01 2.593607518864867714e-11
1.433583959899749338e+01 2.059418622475715035e-11
1.438596491228070029e+01 1.622404846710186146e-11
1.443609022556390897e+01 1.266020995820584312e-11
1.448621553884711766e+01 9.764259494110425926e-12
1.453634085213032456e+01 7.420527575864607608e-12
1.458646616541353325e+01 5.532457474879622796e-12
1.463659147869674015e+01 4.019543483935600839e-12
1.468671679197994884e+01 2.814749057555105171e-12
1.473684210526315752e+01 1.862330824344832034e-12
1.478696741854636443e+01 1.116005731412343452e-12
1.483709273182957311e+01 5.374081565174646658e-13
1.488721804511278179e+01 9.479195216393856911e-14
1.493734335839598870e+01 -2.380607157333289609e-13
1.498746867167919739e+01 -4.827560189485978445e-13
1.503759398496240607e+01 -6.570579274931082733e-13
1.508771929824561298e+01 -7.755335893203612676e-13
1.513784461152882166e+01 -8.500941699039802138e-13
1.518796992481202857e+01 -8.904476677599191053e-13
1.523809523809523725e+01 -9.044776594198472459e-13
1.528822055137844593e+01 -8.985597570374860616e-13
1.533834586466165284e+01 -8.778257242886758294e-13
1.538847117794486152e+01 -8.463836410418685907e-13
1.543859649122806843e+01 -8.075011915405349758e-13
1.548872180451127711e+01 -7.637580381062324588e-13
1.553884711779448580e+01 -7.171723017194672434e-13
1.558897243107769270e+01 -6.693053759795777942e-13
1.563909774436090139e+01 -6.213486295936397791e-13
1.568922305764411007e+01 -5.741949857724986728e-13
1.573934837092731698e+01 -5.284978886628843841e-13
1.578947368421052566e+01 -4.847197636019720343e-13
1.583959899749373434e+01 -4.431717379966220057e-13
1.588972431077694125e+01 -4.040461032155579019e-13
1.593984962406014994e+01 -3.674427567435558848e-13
1.598997493734335684e+01 -3.333906609554346166e-13
1.604010025062656553e+01 -3.018651842714375346e-13
1.609022556390977243e+01 -2.728020471174149407e-13
1.614035087719298289e+01 -2.461084747675023465e-13
1.619047619047618980e+01 -2.216720581875000184e-13
1.624060150375939671e+01 -1.993677393722046407e-13
1.629072681704260717e+01 -1.790632668021478235e-13
1.634085213032581407e+01 -1.606234073542427226e-13
1.639097744360902098e+01 -1.439131514480129995e-13
1.644110275689222789e+01 -1.288001068401100403e-13
1.649122807017543835e+01 -1.151562419843768621e-13
1.654135338345864525e+01 -1.028591111475854677e-13
1.659147869674185216e+01 -9.179266958052573001e-14
1.664160401002506262e+01 -8.184776720568614497e-14
1.669172932330826953e+01 -7.292239283579423378e-14
1.674185463659147644e+01 -6.492172732618995883e-14
1.679197994987468689e+01 -5.775805282109580209e-14
1.684210526315789380e+01 -5.135055598711244671e-14
1.689223057644110071e+01 -4.562505550662792168e-14
1.694235588972431117e+01 -4.051367785352626627e-14
1.699248120300751808e+01 -3.595450026140785318e-14
1.704260651629072498e+01 -3.189117562700695608e-14
1.709273182957393544e+01 -2.827255070589556197e-14
1.714285714285714235e+01 -2.505228621885461791e-14
1.719298245614034926e+01 -2.218848528175504140e-14
1.724310776942355972e+01 -1.964333480558320207e-14
1.729323308270676662e+01 -1.738276310745209633e-14
1.734335839598997353e+01 -1.537611586298005955e-14
1.739348370927318044e+01 -1.359585166096753073e-14
1.744360902255639090e+01 -1.201725774797040640e-14
1.749373433583959780e+01 -1.061818603595969880e-14
1.754385964912280471e+01 -9.378809060099009949e-15
1.759398496240601517e+01 -8.281395290438123967e-15
1.764411027568922208e+01 -7.310103000261005333e-15
1.769423558897242899e+01 -6.450791757868891205e-15
1.774436090225563945e+01 -5.690850523798174821e-15
1.779448621553884635e+01 -5.019041290524894802e-15
1.784461152882205326e+01 -4.425357187365475453e-15
1.789473684210526372e+01 -3.900893982101539100e-15
1.794486215538847063e+01 -3.437733936845292024e-15
1.799498746867167753e+01 -3.028841014018295679e-15
1.804511278195488444e+01 -2.667966475230953709e-15
1.809523809523809490e+01 -2.349563968319504540e-15
1.814536340852130181e+01 -2.068713253463010874e-15
1.819548872180450871e+01 -1.821051776354196056e-15
1.824561403508771917e+01 -1.602713353447295683e-15
1.829573934837092608e+01 -1.410273290321152115e-15
1.834586466165413299e+01 -1.240699308413337981e-15
1.839598997493734345e+01 -1.091307707278867888e-15
1.844611528822055035e+01 -9.597242387353965765e-16
1.849624060150375726e+01 -8.438492155686470693e-16
1.854636591478696772e+01 -7.418264207686078088e-16
1.859649122807017463e+01 -6.520154235236082877e-16
1.864661654135338154e+01 -5.729669454488505918e-16
1.869674185463659200e+01 -5.034009548474574550e-16
1.874686716791979890e+01 -4.421871983076541895e-16
1.879699248120300581e+01 -3.883279077653091309e-16
1.884711779448621627e+01 -3.409424474538067483e-16
1.889724310776942318e+01 -2.992536890825338699e-16
1.894736842105263008e+01 -2.625759252888584431e-16
1.899749373433583699e+01 -2.303041510572106355e-16
1.904761904761904745e+01 -2.019045605484250297e-16
1.909774436090225436e+01 -1.769061227821420017e-16
1.914786967418546126e+01 -1.548931140092750812e-16
1.919799498746867172e+01 -1.354984975349322964e-16
1.924812030075187863e+01 -1.183980533315247134e-16
1.929824561403508554e+01 -1.033051701350343287e-16
1.934837092731829600e+01 -8.996622195351342812e-17
1.939849624060150290e+01 -7.815645913525832353e-17
1.944862155388470981e+01 -6.767635143655269979e-17
1.949874686716792027e+01 -5.834832697730843776e-17
1.954887218045112718e+01 -5.001385665230171315e-17
1.959899749373433409e+01 -4.253083854204346582e-17
1.964912280701754099e+01 -3.577124119967826537e-17
1.969924812030075145e+01 -2.961896843016580185e-17
1.974937343358395836e+01 -2.396791136987407487e-17
1.979949874686716527e+01 -1.872015635628093881e-17
1.984962406015037573e+01 -1.378431927996665964e-17
1.989974937343358263e+01 -9.073978859036721395e-18
1.994987468671678954e+01 -4.506182587922724863e-18
2.000000000000000000e+01 0.000000000000000000e+00
