0.000000000000000000e+00 9.999999979388463078e-01
5.012531328320801727e-02 9.999999999416451235e-01
1.002506265664160345e-01 9.999999998818089875e-01
1.503759398496240518e-01 9.999999998191123618e-01
2.005012531328320691e-01 9.999999997521009654e-01
2.506265664160400863e-01 9.999999996792093837e-01
3.007518796992481036e-01 9.999999995987498558e-01
3.508771929824561209e-01 9.999999995088444393e-01
4.010025062656641381e-01 9.999999994073737186e-01
4.511278195488721554e-01 9.999999992919710312e-01
5.012531328320801727e-01 9.999999991598986782e-01
5.513784461152881899e-01 9.999999990080602474e-01
6.015037593984962072e-01 9.999999988328638345e-01
6.516290726817042245e-01 9.999999986301573163e-01
7.017543859649122417e-01 9.999999983951308735e-01
7.518796992481202590e-01 9.999999981222232881e-01
8.020050125313282763e-01 9.999999978049251004e-01
8.521303258145362935e-01 9.999999974356948984e-01
9.022556390977443108e-01 9.999999970057297238e-01
9.523809523809523281e-01 9.999999965047665640e-01
1.002506265664160345e+00 9.999999959208355493e-01
1.052631578947368363e+00 9.999999952399767356e-01
1.102756892230576380e+00 9.999999944458796142e-01
1.152882205513784397e+00 9.999999935195069689e-01
1.203007518796992414e+00 9.999999924386300254e-01
1.253132832080200432e+00 9.999999911772844419e-01
1.303258145363408449e+00 9.999999897051425890e-01
1.353383458646616466e+00 9.999999879867579322e-01
1.403508771929824483e+00 9.999999859807461311e-01
1.453634085213032501e+00 9.999999836387043484e-01
1.503759398496240518e+00 9.999999809041123511e-01
1.553884711779448535e+00 9.999999777108815602e-01
1.604010025062656553e+00 9.999999739817950761e-01
1.654135338345864570e+00 9.999999696265697846e-01
1.704260651629072587e+00 9.999999645396886461e-01
1.754385964912280604e+00 9.999999585977918937e-01
1.804511278195488622e+00 9.999999516566665525e-01
1.854636591478696639e+00 9.999999435476971676e-01
1.904761904761904656e+00 9.999999340737304454e-01
1.954887218045112673e+00 9.999999230042627696e-01
2.005012531328320691e+00 9.999999100697146703e-01
2.055137844611528486e+00 9.999998949548458693e-01
2.105263157894736725e+00 9.999998772910156930e-01
2.155388471177944965e+00 9.999998566470477135e-01
2.205513784461152760e+00 9.999998325186472137e-01
2.255639097744360555e+00 9.999998043159764594e-01
2.305764411027568794e+00 9.999997713490665907e-01
2.355889724310777034e+00 9.999997328108258809e-01
2.406015037593984829e+00 9.999996877570831444e-01
2.456140350877192624e+00 9.999996350832880410e-01
2.506265664160400863e+00 9.999995734971528494e-01
2.556390977443609103e+00 9.999995014867465448e-01
2.606516290726816898e+00 9.999994172830173333e-01
2.656641604010024693e+00 9.999993188160506419e-01
2.706766917293232932e+00 9.999992036637220805e-01
2.756892230576441172e+00 9.999990689916912201e-01
2.807017543859648967e+00 9.999989114831072667e-01
2.857142857142856762e+00 9.999987272563238827e-01
2.907268170426065002e+00 9.999985117685070701e-01
2.957393483709273241e+00 9.999982597028386211e-01
3.007518796992481036e+00 9.999979648364057949e-01
3.057644110275688831e+00 9.999976198854880760e-01
3.107769423558897071e+00 9.999972163244423840e-01
3.157894736842105310e+00 9.999967441735710949e-01
3.208020050125313105e+00 9.999961917506907660e-01
3.258145363408520900e+00 9.999955453802614747e-01
3.308270676691729140e+00 9.999947890526732497e-01
3.358395989974937379e+00 9.999939040252416866e-01
3.408521303258145174e+00 9.999928683549080821e-01
3.458646616541352969e+00 9.999916563508998157e-01
3.508771929824561209e+00 9.999902379337027858e-01
3.558897243107769448e+00 9.999885778841283157e-01
3.609022556390977243e+00 9.999866349638633078e-01
3.659147869674185038e+00 9.999843608851828325e-01
3.709273182957393278e+00 9.999816991041501346e-01
3.759398496240601517e+00 9.999785834069012669e-01
3.809523809523809312e+00 9.999749362535013120e-01
3.859649122807017108e+00 9.999706668377658092e-01
3.909774436090225347e+00 9.999656688142021244e-01
3.959899749373433586e+00 9.999598176348944989e-01
4.010025062656641381e+00 9.999529674292753079e-01
4.060150375939849177e+00 9.999449473480975792e-01
4.110275689223056972e+00 9.999355572795001201e-01
4.160401002506265655e+00 9.999245628289157306e-01
4.210526315789473450e+00 9.999116894362001240e-01
4.260651629072681246e+00 9.998966154809375562e-01
4.310776942355889929e+00 9.998789642016623347e-01
4.360902255639097724e+00 9.998582942239208071e-01
4.411027568922305520e+00 9.998340884568145404e-01
4.461152882205513315e+00 9.998057410755154528e-01
4.511278195488721110e+00 9.997725422581923427e-01
4.561403508771929793e+00 9.997336602873313494e-01
4.611528822055137589e+00 9.996881205571966911e-01
4.661654135338345384e+00 9.996347809482040159e-01
4.711779448621554067e+00 9.995723029334205867e-01
4.761904761904761862e+00 9.994991176693832635e-01
4.812030075187969658e+00 9.994133861895495574e-01
4.862155388471177453e+00 9.993129526595257994e-01
4.912280701754385248e+00 9.991952894641967786e-01
4.962406015037593932e+00 9.990574326712247100e-01
5.012531328320801727e+00 9.988959061457599597e-01
5.062656641604009522e+00 9.987066322676501073e-01
5.112781954887218205e+00 9.984848268130492865e-01
5.162907268170426001e+00 9.982248750917921409e-01
5.213032581453633796e+00 9.979201858605503128e-01
5.263157894736841591e+00 9.975630188343412863e-01
5.313283208020049386e+00 9.971442807633421612e-01
5.363408521303258070e+00 9.966532839847249692e-01
5.413533834586465865e+00 9.960774600435363668e-01
5.463659147869673660e+00 9.954020193279885520e-01
5.513784461152882344e+00 9.946095455778256600e-01
5.563909774436090139e+00 9.936795114622696268e-01
5.614035087719297934e+00 9.925876979889441953e-01
5.664160401002505729e+00 9.913054960278788741e-01
5.714285714285713524e+00 9.897990623255937814e-01
5.764411027568922208e+00 9.880282944891266572e-01
5.814536340852130003e+00 9.859455787230705370e-01
5.864661654135337798e+00 9.834942493982545830e-01
5.914786967418546482e+00 9.806066789929677174e-01
5.964912280701754277e+00 9.772018877702361994e-01
6.015037593984962072e+00 9.731825203302858496e-01
6.065162907268169867e+00 9.684309738278857882e-01
6.115288220551377663e+00 9.628043685321353573e-01
6.165413533834586346e+00 9.561279058670718589e-01
6.215538847117794141e+00 9.481859279003498342e-01
6.265664160401001936e+00 9.387096139870144684e-01
6.315789473684210620e+00 9.273596104930106332e-01
6.365914786967418415e+00 9.137007666711062237e-01
6.416040100250626210e+00 8.971640963911475808e-01
6.466165413533834005e+00 8.769871570618615886e-01
6.516290726817041801e+00 8.521161552457954258e-01
6.566416040100250484e+00 8.210365624889759406e-01
6.616541353383458279e+00 7.814637468590457381e-01
6.666666666666666075e+00 7.297582151628445590e-01
6.716791979949874758e+00 6.599391501352046552e-01
6.766917293233082553e+00 5.643412307950207429e-01
6.817042606516290348e+00 4.530972014020819838e-01
6.867167919799498144e+00 3.569051927016569925e-01
6.917293233082705939e+00 2.833113275745280379e-01
6.967418546365914622e+00 2.283150802598609697e-01
7.017543859649122417e+00 1.864096951567979499e-01
7.067669172932330213e+00 1.536982053070784782e-01
7.117794486215538896e+00 1.276568139292744430e-01
7.167919799498746691e+00 1.066143082310932744e-01
7.218045112781954487e+00 8.941881072070358150e-02
7.268170426065162282e+00 7.524578377332240275e-02
7.318295739348370077e+00 6.348591445826326507e-02
7.368421052631578760e+00 5.367710491386080973e-02
7.418546365914786556e+00 4.546148131085423622e-02
7.468671679197994351e+00 3.855714936394154940e-02
7.518796992481203034e+00 3.273898730787590944e-02
7.568922305764410829e+00 2.782518284990272844e-02
7.619047619047618625e+00 2.366754338838453903e-02
7.669172932330826420e+00 2.014435945516648840e-02
7.719298245614034215e+00 1.715504221390944106e-02
7.769423558897242899e+00 1.461602317026477853e-02
7.819548872180450694e+00 1.245757115180520444e-02
7.869674185463658489e+00 1.062128863836774711e-02
7.919799498746867172e+00 9.058119840955447533e-03
7.969924812030074968e+00 7.726750167780930753e-03
8.020050125313282763e+00 6.592309107163809266e-03
8.070175438596491446e+00 5.625311187568837225e-03
8.120300751879698353e+00 4.800785763132039453e-03
8.170426065162907037e+00 4.097557995628780744e-03
8.220551378446113944e+00 3.497651927169791956e-03
8.270676691729322627e+00 2.985792876274118504e-03
8.320802005012531311e+00 2.548991165335365641e-03
8.370927318295738218e+00 2.176192829260083315e-03
8.421052631578946901e+00 1.857985763964219075e-03
8.471177944862155584e+00 1.586351962859302656e-03
8.521303258145362491e+00 1.354458212746077706e-03
8.571428571428571175e+00 1.156478989170305841e-03
8.621553884711779858e+00 9.874463872604568888e-04
8.671679197994986765e+00 8.431228082979528443e-04
8.721804511278195449e+00 7.198928405770469580e-04
8.771929824561402356e+00 6.146713602227365245e-04
8.822055137844611039e+00 5.248253601797545423e-04
8.872180451127819723e+00 4.481074141505486511e-04
8.922305764411026630e+00 3.825990129088623071e-04
8.972431077694235313e+00 3.266622857881961925e-04
9.022556390977442220e+00 2.788988502683220302e-04
9.072681704260650903e+00 2.381147254706019042e-04
9.122807017543859587e+00 2.032904074749256409e-04
9.172932330827066494e+00 1.735553409134740332e-04
9.223057644110275177e+00 1.481661365371869969e-04
9.273182957393483861e+00 1.264879818825391392e-04
9.323308270676690768e+00 1.079787746628848666e-04
9.373433583959899451e+00 9.217557845024740911e-05
9.423558897243108134e+00 7.868305957647604145e-05
9.473684210526315042e+00 6.716361461533272928e-05
9.523809523809523725e+00 5.732894068789357148e-05
9.573934837092730632e+00 4.893283731923475909e-05
9.624060150375939315e+00 4.176505963713467162e-05
9.674185463659147999e+00 3.564606916324506781e-05
9.724310776942354906e+00 3.042255099570341355e-05
9.774436090225563589e+00 2.596358540507485421e-05
9.824561403508770496e+00 2.215737825838012842e-05
9.874686716791979180e+00 1.890846866935272236e-05
9.924812030075187863e+00 1.613534420384355573e-05
9.974937343358394770e+00 1.376840415077400705e-05
1.002506265664160345e+01 1.174822005914998290e-05
1.007518796992481214e+01 1.002405015987327702e-05
1.012531328320801904e+01 8.552570624337129515e-06
1.017543859649122773e+01 7.296792019289685392e-06
1.022556390977443641e+01 6.225133934863938429e-06
1.027568922305764332e+01 5.310634705767051467e-06
1.032581453634085200e+01 4.530276512997475301e-06
1.037593984962405891e+01 3.864409029361048049e-06
1.042606516290726759e+01 3.296257228272502735e-06
1.047619047619047628e+01 2.811501073179736233e-06
1.052631578947368318e+01 2.397916596758526059e-06
1.057644110275689187e+01 2.045069409465599196e-06
1.062656641604009877e+01 1.744052984248876148e-06
1.067669172932330746e+01 1.487265180767686754e-06
1.072681704260651614e+01 1.268217426180303129e-06
1.077694235588972305e+01 1.081371784164729764e-06
1.082706766917293173e+01 9.220018396391031121e-07
1.087719298245614041e+01 7.860739209611647369e-07
1.092731829573934732e+01 6.701456890160731725e-07
1.097744360902255600e+01 5.712795561842840829e-07
1.102756892230576469e+01 4.869687685161572645e-07
1.107769423558897159e+01 4.150743007481415906e-07
1.112781954887218028e+01 3.537709839569082510e-07
1.117794486215538718e+01 3.015015163897030640e-07
1.122807017543859587e+01 2.569372050824114839e-07
1.127819548872180455e+01 2.189444541897303616e-07
1.132832080200501146e+01 1.865561597012748964e-07
1.137844611528822014e+01 1.589472928377563492e-07
1.142857142857142705e+01 1.354140597659324010e-07
1.147869674185463573e+01 1.153561152492892983e-07
1.152882205513784442e+01 9.826137923474874315e-08
1.157894736842105132e+01 8.369308243575834971e-08
1.162907268170426001e+01 7.127870765678722487e-08
1.167919799498746869e+01 6.070055468980303097e-08
1.172932330827067560e+01 5.168768756777127551e-08
1.177944862155388428e+01 4.400906326461695477e-08
1.182957393483709296e+01 3.746766847276651790e-08
1.187969924812029987e+01 3.189551676336771235e-08
1.192982456140350855e+01 2.714938004794789725e-08
1.197994987468671546e+01 2.310714671416989026e-08
1.203007518796992414e+01 1.966471456412447480e-08
1.208020050125313283e+01 1.673334013526194113e-08
1.213032581453633973e+01 1.423737746838074308e-08
1.218045112781954842e+01 1.211234919137331355e-08
1.223057644110275533e+01 1.030330115734789722e-08
1.228070175438596401e+01 8.763399020829617414e-09
1.233082706766917269e+01 7.452731235114820516e-09
1.238095238095237960e+01 6.337288160368668417e-09
1.243107769423558828e+01 5.388091416283763578e-09
1.248120300751879697e+01 4.580451406546066109e-09
1.253132832080200387e+01 3.893334180175936193e-09
1.258145363408521256e+01 3.308821558307792032e-09
1.263157894736842124e+01 2.811650813559810638e-09
1.268170426065162815e+01 2.388822202067331049e-09
1.273182957393483683e+01 2.029264366119119934e-09
1.278195488721804374e+01 1.723549091336248849e-09
1.283208020050125242e+01 1.463648153350544533e-09
1.288220551378446110e+01 1.242726056458596331e-09
1.293233082706766801e+01 1.054963377629054285e-09
1.298245614035087669e+01 8.954062064716712137e-10
1.303258145363408360e+01 7.598378349234304827e-10
1.308270676691729228e+01 6.446694161954821471e-10
1.313283208020050097e+01 5.468467952233308250e-10
1.318295739348370788e+01 4.637711246589484589e-10
1.323308270676691656e+01 3.932312317359096994e-10
1.328320802005012524e+01 3.333460010014290608e-10
1.333333333333333215e+01 2.825152935210281569e-10
1.338345864661654083e+01 2.393781411854399713e-10
1.343358395989974952e+01 2.027771407050459734e-10
1.348370927318295642e+01 1.717281304724080218e-10
1.353383458646616511e+01 1.453943687279981830e-10
1.358395989974937201e+01 1.230645468062269515e-10
1.363408521303258070e+01 1.041340695952967320e-10
1.368421052631578938e+01 8.808911921173623090e-11
1.373433583959899629e+01 7.449308939895466267e-11
1.378446115288220497e+01 6.297503912700043626e-11
1.383458646616541188e+01 5.321986584790936878e-11
1.388471177944862056e+01 4.495994317147090115e-11
1.393483709273182924e+01 3.796800549779928732e-11
1.398496240601503615e+01 3.205109433909529271e-11
1.403508771929824483e+01 2.704540850455522740e-11
1.408521303258145352e+01 2.281192370995078780e-11
1.413533834586466043e+01 1.923266710472508449e-11
1.418546365914786911e+01 1.620754919393970192e-11
1.423558897243107779e+01 1.365167010478467175e-11
1.428571428571428470e+01 1.149302947832693542e-11
1.433583959899749338e+01 9.670579772674556240e-12
1.438596491228070029e+01 8.132571713448884134e-12
1.443609022556390897e+01 6.835148251090904018e-12
1.448621553884711766e+01 5.741149878088210110e-12
1.453634085213032456e+01 4.819099689733529982e-12
1.458646616541353325e+01 4.042341281943178618e-12
1.463659147869674015e+01 3.388306590369984094e-12
1.468671679197994884e+01 2.837894190058344155e-12
1.473684210526315752e+01 2.374941482386662709e-12
1.478696741854636443e+01 1.985776671242484554e-12
1.483709273182957311e+01 1.658838537323596052e-12
1.488721804511278179e+01 1.384353812781873742e-12
1.493734335839598870e+01 1.154063484639371169e-12
1.498746867167919739e+01 9.609906541626696048e-13
1.503759398496240607e+01 7.992436844595950116e-13
1.508771929824561298e+01 6.638493087370371028e-13
1.513784461152882166e+01 5.506111714497029307e-13
1.518796992481202857e+01 4.559899548533857433e-13
1.523809523809523725e+01 3.770018220445625851e-13
1.528822055137844593e+01 3.111323995634635401e-13
1.533834586466165284e+01 2.562639409638000961e-13
1.538847117794486152e+01 2.106136683909175293e-13
1.543859649122806843e+01 1.726815915145042962e-13
1.548872180451127711e+01 1.412063600946314615e-13
1.553884711779448580e+01 1.151279247985057891e-13
1.558897243107769270e+01 9.355596639957949437e-14
1.563909774436090139e+01 7.574321109095558371e-14
1.568922305764411007e+01 6.106288351035797928e-14
1.573934837092731698e+01 4.898966275996605262e-14
1.578947368421052566e+01 3.908360323708777531e-14
1.583959899749373434e+01 3.097656404436787024e-14
1.588972431077694125e+01 2.436076031098133686e-14
1.593984962406014994e+01 1.897910879085745028e-14
1.598997493734335684e+01 1.461709019444117350e-14
1.604010025062656553e+01 1.109589320331163093e-14
1.609022556390977243e+01 8.266641157169016002e-15
1.614035087719298289e+01 6.005532963614637035e-15
1.619047619047618980e+01 4.209755690040515879e-15
1.624060150375939671e+01 2.794048257028733342e-15
1.629072681704260717e+01 1.687814261232714410e-15
1.634085213032581407e+01 8.326977205790443341e-16
1.639097744360902098e+01 1.805488867673296061e-16
1.644110275689222789e+01 -3.082814240875941013e-16
1.649122807017543835e+01 -6.663709614264045268e-16
1.654135338345864525e+01 -9.204225104284465462e-16
1.659147869674185216e+01 -1.092264730041627460e-15
1.664160401002506262e+01 -1.199688591400866919e-15
1.669172932330826953e+01 -1.257145749524012672e-15
1.674185463659147644e+01 -1.276331039999028700e-15
1.679197994987468689e+01 -1.266667793449938151e-15
1.684210526315789380e+01 -1.235711705387775825e-15
1.689223057644110071e+01 -1.189486504044646220e-15
1.694235588972431117e+01 -1.132762553132857966e-15
1.699248120300751808e+01 -1.069287750143090767e-15
1.704260651629072498e+01 -1.001978582934151199e-15
1.709273182957393544e+01 -9.330779448895682920e-16
1.714285714285714235e+01 -8.642852453364493305e-16
1.719298245614034926e+01 -7.968634563510722752e-16
1.724310776942355972e+01 -7.317269833658538390e-16
1.729323308270676662e+01 -6.695136130222145273e-16
1.734335839598997353e+01 -6.106432587643840933e-16
1.739348370927318044e+01 -5.553657769213437647e-16
1.744360902255639090e+01 -5.037997500914281582e-16
1.749373433583959780e+01 -4.559638192264643155e-16
1.754385964912280471e+01 -4.118018813551751883e-16
1.759398496240601517e+01 -3.712032483244753166e-16
1.764411027568922208e+01 -3.340186764626963198e-16
1.769423558897242899e+01 -3.000730219368841768e-16
1.774436090225563945e+01 -2.691751469394104474e-16
1.779448621553884635e+01 -2.411255936133179068e-16
1.784461152882205326e+01 -2.157224523681347112e-16
1.789473684210526372e+01 -1.927657760471935946e-16
1.794486215538847063e+01 -1.720608288450253002e-16
1.799498746867167753e+01 -1.534204068824366281e-16
1.804511278195488444e+01 -1.366664242022644716e-16
1.809523809523809490e+01 -1.216309221974261115e-16
1.814536340852130181e+01 -1.081566309060092830e-16
1.819548872180450871e+01 -9.609718618226604828e-17
1.824561403508771917e+01 -8.531708661872235674e-17
1.829573934837092608e+01 -7.569145753385174675e-17
1.834586466165413299e+01 -6.710567574920614652e-17
1.839598997493734345e+01 -5.945489775516638113e-17
1.844611528822055035e+01 -5.264352478371995665e-17
1.849624060150375726e+01 -4.658463091815189360e-17
1.854636591478696772e+01 -4.119937437861547713e-17
1.859649122807017463e+01 -3.641640728479446335e-17
1.864661654135338154e+01 -3.217129530785334586e-17
1.869674185463659200e+01 -2.840595551404608195e-17
1.874686716791979890e+01 -2.506811823076596784e-17
1.879699248120300581e+01 -2.211081681549417995e-17
1.884711779448621627e+01 -1.949190768229256842e-17
1.889724310776942318e+01 -1.717362175908556278e-17
1.894736842105263008e+01 -1.512214764591950718e-17
1.899749373433583699e+01 -1.330724606525683612e-17
1.904761904761904745e+01 -1.170189469539166002e-17
1.909774436090225436e+01 -1.028196212056062273e-17
1.914786967418546126e+01 -9.025909386251421892e-18
1.919799498746867172e+01 -7.914517491053986532e-18
1.924812030075187863e+01 -6.930639057230062316e-18
1.929824561403508554e+01 -6.058972384827059164e-18
1.934837092731829600e+01 -5.285856095555327380e-18
1.939849624060150290e+01 -4.599082602267994508e-18
1.944862155388470981e+01 -3.987728689290315712e-18
1.949874686716792027e+01 -3.442001551310069659e-18
1.954887218045112718e+01 -2.953098708702263344e-18
1.959899749373433409e+01 -2.513080290795756969e-18
1.964912280701754099e+01 -2.114752252352394692e-18
1.969924812030075145e+01 -1.751559159820309289e-18
1.974937343358395836e+01 -1.417485250685156940e-18
1.979949874686716527e+01 -1.106962529886385756e-18
1.984962406015037573e+01 -8.147847205398060698e-19
1.989974937343358263e+01 -5.360259311130207383e-19
1.994987468671678954e+01 -2.659629369539139365e-19
2.000000000000000000e+01 0.000000000000000000e+00
