0.000000000000000000e+00 9.999999979388463078e-01
5.012531328320801727e-02 9.999999991996044724e-01
1.002506265664160345e-01 9.999999983780680779e-01
1.503759398496240518e-01 9.999999975149724829e-01
2.005012531328320691e-01 9.999999965888621833e-01
2.506265664160400863e-01 9.999999955766805115e-01
3.007518796992481036e-01 9.999999944531731133e-01
3.508771929824561209e-01 9.999999931903066352e-01
4.010025062656641381e-01 9.999999917565323138e-01
4.511278195488721554e-01 9.999999901159893900e-01
5.012531328320801727e-01 9.999999882276431329e-01
5.513784461152881899e-01 9.999999860442415622e-01
6.015037593984962072e-01 9.999999835110882085e-01
6.516290726817042245e-01 9.999999805647599160e-01
7.017543859649122417e-01 9.999999771314211916e-01
7.518796992481202590e-01 9.999999731250509560e-01
8.020050125313282763e-01 9.999999684452149928e-01
8.521303258145362935e-01 9.999999629746086915e-01
9.022556390977443108e-01 9.999999565760581133e-01
9.523809523809523281e-01 9.999999490891113840e-01
1.002506265664160345e+00 9.999999403260133590e-01
1.052631578947368363e+00 9.999999300669473179e-01
1.102756892230576380e+00 9.999999180545710020e-01
1.152882205513784397e+00 9.999999039875064888e-01
1.203007518796992414e+00 9.999998875128114362e-01
1.253132832080200432e+00 9.999998682170654352e-01
1.303258145363408449e+00 9.999998456160403837e-01
1.353383458646616466e+00 9.999998191424810390e-01
1.403508771929824483e+00 9.999997881318836157e-01
1.453634085213032501e+00 9.999997518057959223e-01
1.503759398496240518e+00 9.999997092522276976e-01
1.553884711779448535e+00 9.999996594027857899e-01
1.604010025062656553e+00 9.999996010057444762e-01
1.654135338345864570e+00 9.999995325946616775e-01
1.704260651629072587e+00 9.999994524514392857e-01
1.754385964912280604e+00 9.999993585632009907e-01
1.804511278195488622e+00 9.999992485716349133e-01
1.854636591478696639e+00 9.999991197137162446e-01
1.904761904761904656e+00 9.999989687522365944e-01
1.954887218045112673e+00 9.999987918943673559e-01
2.005012531328320691e+00 9.999985846963364011e-01
2.055137844611528486e+00 9.999983419515938721e-01
2.105263157894736725e+00 9.999980575598856891e-01
2.155388471177944965e+00 9.999977243738286115e-01
2.205513784461152760e+00 9.999973340190733140e-01
2.255639097744360555e+00 9.999968766836445644e-01
2.305764411027568794e+00 9.999963408710557111e-01
2.355889724310777034e+00 9.999957131110770447e-01
2.406015037593984829e+00 9.999949776207324170e-01
2.456140350877192624e+00 9.999941159071252805e-01
2.506265664160400863e+00 9.999931063020209843e-01
2.556390977443609103e+00 9.999919234164615922e-01
2.606516290726816898e+00 9.999905375016374665e-01
2.656641604010024693e+00 9.999889136999877692e-01
2.706766917293232932e+00 9.999870111675880358e-01
2.756892230576441172e+00 9.999847820456460035e-01
2.807017543859648967e+00 9.999821702552698088e-01
2.857142857142856762e+00 9.999791100850403680e-01
2.907268170426065002e+00 9.999755245356575228e-01
2.957393483709273241e+00 9.999713233799669698e-01
3.007518796992481036e+00 9.999664008893124345e-01
3.057644110275688831e+00 9.999606331686621274e-01
3.107769423558897071e+00 9.999538750331281589e-01
3.157894736842105310e+00 9.999459563468692247e-01
3.208020050125313105e+00 9.999366777313918320e-01
3.258145363408520900e+00 9.999258055345715546e-01
3.308270676691729140e+00 9.999130659324736436e-01
3.358395989974937379e+00 9.998981380139547737e-01
3.408521303258145174e+00 9.998806456718578595e-01
3.458646616541352969e+00 9.998601480937444608e-01
3.508771929824561209e+00 9.998361286088459643e-01
3.558897243107769448e+00 9.998079816050877699e-01
3.609022556390977243e+00 9.997749971794679391e-01
3.659147869674185038e+00 9.997363431253329935e-01
3.709273182957393278e+00 9.996910437893473667e-01
3.759398496240601517e+00 9.996379552470554541e-01
3.809523809523809312e+00 9.995757361462898061e-01
3.859649122807017108e+00 9.995028134490657745e-01
3.909774436090225347e+00 9.994173421608543162e-01
3.959899749373433586e+00 9.993171579667312621e-01
4.010025062656641381e+00 9.991997214901290336e-01
4.060150375939849177e+00 9.990620526443998450e-01
4.110275689223056972e+00 9.989006532502356928e-01
4.160401002506265655e+00 9.987114157300024386e-01
4.210526315789473450e+00 9.984895152479265068e-01
4.260651629072681246e+00 9.982292821200819954e-01
4.310776942355889929e+00 9.979240506436107827e-01
4.360902255639097724e+00 9.975659796519970035e-01
4.411027568922305520e+00 9.971458390428274976e-01
4.461152882205513315e+00 9.966527551776942495e-01
4.511278195488721110e+00 9.960739063263162052e-01
4.561403508771929793e+00 9.953941570873011679e-01
4.611528822055137589e+00 9.945956177811594578e-01
4.661654135338345384e+00 9.936571109108568445e-01
4.711779448621554067e+00 9.925535215364608144e-01
4.761904761904761862e+00 9.912550012432842506e-01
4.812030075187969658e+00 9.897259854415473290e-01
4.862155388471177453e+00 9.879239697096189321e-01
4.912280701754385248e+00 9.857979707349080467e-01
4.962406015037593932e+00 9.832865678379807406e-01
5.012531328320801727e+00 9.803153767121866036e-01
5.062656641604009522e+00 9.767937387929727100e-01
5.112781954887218205e+00 9.726103017639801118e-01
5.162907268170426001e+00 9.676269905034897700e-01
5.213032581453633796e+00 9.616705693707880975e-01
5.263157894736841591e+00 9.545204695796307703e-01
5.313283208020049386e+00 9.458905767593385194e-01
5.363408521303258070e+00 9.354007459632410759e-01
5.413533834586465865e+00 9.225297289754185170e-01
5.463659147869673660e+00 9.065317352777907400e-01
5.513784461152882344e+00 8.862741823442191746e-01
5.563909774436090139e+00 8.598787707397185232e-01
5.614035087719297934e+00 8.237561391156082991e-01
5.664160401002505729e+00 7.689290892532812949e-01
5.714285714285713524e+00 5.257228102390854030e-01
5.764411027568922208e+00 2.615087996300341500e-01
5.814536340852130003e+00 1.945505411065470425e-01
5.864661654135337798e+00 1.531558152446813037e-01
5.914786967418546482e+00 1.236792368314084817e-01
5.964912280701754277e+00 1.013621472355350217e-01
6.015037593984962072e+00 8.387878381886985923e-02
6.065162907268169867e+00 6.988372835380146642e-02
6.115288220551377663e+00 5.851513936986767889e-02
6.165413533834586346e+00 4.918219109617173040e-02
6.215538847117794141e+00 4.145999494544764380e-02
6.265664160401001936e+00 3.503206997931243571e-02
6.315789473684210620e+00 2.965634191374257392e-02
6.365914786967418415e+00 2.514381380356888948e-02
6.416040100250626210e+00 2.134453136919573640e-02
6.466165413533834005e+00 1.813798032337370775e-02
6.516290726817041801e+00 1.542629945409584868e-02
6.566416040100250484e+00 1.312935126604230542e-02
6.616541353383458279e+00 1.118105814133399725e-02
6.666666666666666075e+00 9.526624999283217834e-03
6.716791979949874758e+00 8.120398198084985072e-03
6.766917293233082553e+00 6.924190891153968533e-03
6.817042606516290348e+00 5.905956835160471562e-03
6.867167919799498144e+00 5.038728849833803286e-03
6.917293233082705939e+00 4.299761253201052173e-03
6.967418546365914622e+00 3.669831561647756216e-03
7.017543859649122417e+00 3.132667980920145461e-03
7.067669172932330213e+00 2.674477262507194125e-03
7.117794486215538896e+00 2.283553358231361907e-03
7.167919799498746691e+00 1.949951634258169537e-03
7.218045112781954487e+00 1.665216648192949147e-03
7.268170426065162282e+00 1.422153953218314830e-03
7.318295739348370077e+00 1.214638282362791441e-03
7.368421052631578760e+00 1.037451932613978880e-03
7.418546365914786556e+00 8.861483188447997518e-04
7.468671679197994351e+00 7.569365781339472280e-04
7.518796992481203034e+00 6.465838321699558279e-04
7.568922305764410829e+00 5.523323005758676860e-04
7.619047619047618625e+00 4.718289322460646152e-04
7.669172932330826420e+00 4.030656086405907577e-04
7.719298245614034215e+00 3.443282903591552585e-04
7.769423558897242899e+00 2.941537400409272073e-04
7.819548872180450694e+00 2.512926714526951132e-04
7.869674185463658489e+00 2.146783549721442285e-04
7.919799498746867172e+00 1.833998602156034169e-04
7.969924812030074968e+00 1.566792426201009121e-04
8.020050125313282763e+00 1.338520866386945149e-04
8.070175438596491446e+00 1.143509072999711844e-04
8.120300751879698353e+00 9.769098702529814473e-05
8.170426065162907037e+00 8.345828809077611508e-05
8.220551378446113944e+00 7.129913485387850774e-05
8.270676691729322627e+00 6.091140539990769480e-05
8.320802005012531311e+00 5.203701089634369265e-05
8.370927318295738218e+00 4.445547375299575702e-05
8.421052631578946901e+00 3.797844357465470346e-05
8.471177944862155584e+00 3.244501361614431626e-05
8.521303258145362491e+00 2.771772064270946960e-05
8.571428571428571175e+00 2.367912829592842757e-05
8.621553884711779858e+00 2.022890871845401734e-05
8.671679197994986765e+00 1.728134968106156844e-05
8.721804511278195449e+00 1.476322510574406875e-05
8.771929824561402356e+00 1.261197596267179830e-05
8.822055137844611039e+00 1.077415626892207189e-05
8.872180451127819723e+00 9.204105530413219988e-06
8.922305764411026630e+00 7.862814613047231286e-06
8.972431077694235313e+00 6.716956847502175420e-06
9.022556390977442220e+00 5.738060285801396499e-06
9.072681704260650903e+00 4.901800540257587027e-06
9.122807017543859587e+00 4.187396634772698389e-06
9.172932330827066494e+00 3.577094859940674671e-06
9.223057644110275177e+00 3.055727811052830722e-06
9.273182957393483861e+00 2.610337656585690706e-06
9.323308270676690768e+00 2.229854280729662755e-06
9.373433583959899451e+00 1.904820306782000435e-06
9.423558897243108134e+00 1.627156172752982966e-06
9.473684210526315042e+00 1.389959425296391564e-06
9.523809523809523725e+00 1.187333248098979990e-06
9.573934837092730632e+00 1.014239966573007509e-06
9.624060150375939315e+00 8.663758901571083855e-07
9.674185463659147999e+00 7.400643870103362401e-07
9.724310776942354906e+00 6.321645309703887233e-07
9.774436090225563589e+00 5.399930615501675328e-07
9.824561403508770496e+00 4.612577016761692634e-07
9.874686716791979180e+00 3.940001979254808847e-07
9.924812030075187863e+00 3.365476548995566589e-07
9.974937343358394770e+00 2.874709588965955981e-07
1.002506265664160345e+01 2.455492585851388636e-07
1.007518796992481214e+01 2.097396201592133639e-07
1.012531328320801904e+01 1.791511032456643738e-07
1.017543859649122773e+01 1.530226136135059957e-07
1.022556390977443641e+01 1.307039825264712020e-07
1.027568922305764332e+01 1.116398027115911834e-07
1.032581453634085200e+01 9.535561937778289303e-08
1.037593984962405891e+01 8.144613320913303644e-08
1.042606516290726759e+01 6.956512222926166352e-08
1.047619047619047628e+01 5.941683212703060444e-08
1.052631578947368318e+01 5.074862110943630768e-08
1.057644110275689187e+01 4.334467651057592083e-08
1.062656641604009877e+01 3.702064700970650895e-08
1.067669172932330746e+01 3.161905705776480985e-08
1.072681704260651614e+01 2.700538954485013585e-08
1.077694235588972305e+01 2.306473934382667221e-08
1.082706766917293173e+01 1.969895454946889824e-08
1.087719298245614041e+01 1.682419435074776851e-08
1.092731829573934732e+01 1.436884282681204445e-08
1.097744360902255600e+01 1.227172680210763923e-08
1.102756892230576469e+01 1.048059345247348009e-08
1.107769423558897159e+01 8.950809809735742896e-09
1.112781954887218028e+01 7.644251827490513550e-09
1.117794486215538718e+01 6.528355382530917986e-09
1.122807017543859587e+01 5.575305611682485303e-09
1.127819548872180455e+01 4.761344422685033917e-09
1.132832080200501146e+01 4.066178955631212956e-09
1.137844611528822014e+01 3.472476281296095612e-09
1.142857142857142705e+01 2.965431766851422188e-09
1.147869674185463573e+01 2.532400371204782623e-09
1.152882205513784442e+01 2.162581697054122720e-09
1.157894736842105132e+01 1.846750963588451352e-09
1.162907268170426001e+01 1.577029205807869830e-09
1.167919799498746869e+01 1.346686982064657510e-09
1.172932330827067560e+01 1.149976704887492164e-09
1.177944862155388428e+01 9.819894221527846299e-10
1.182957393483709296e+01 8.385324839128876041e-10
1.187969924812029987e+01 7.160250497927801222e-10
1.192982456140350855e+01 6.114088357449685189e-10
1.197994987468671546e+01 5.220718781387309567e-10
1.203007518796992414e+01 4.457834170810934647e-10
1.208020050125313283e+01 3.806382775776432769e-10
1.213032581453633973e+01 3.250093635192404747e-10
1.218045112781954842e+01 2.775070814054399099e-10
1.223057644110275533e+01 2.369446832061450475e-10
1.228070175438596401e+01 2.023086651111327190e-10
1.233082706766917269e+01 1.727334847848437533e-10
1.238095238095237960e+01 1.474799672639566208e-10
1.243107769423558828e+01 1.259168614801822558e-10
1.248120300751879697e+01 1.075050878463400540e-10
1.253132832080200387e+01 9.178428436096533081e-11
1.258145363408521256e+01 7.836131593318633272e-11
1.263157894736842124e+01 6.690046052932669398e-11
1.268170426065162815e+01 5.711502751268600478e-11
1.273182957393483683e+01 4.876019922718255092e-11
1.278195488721804374e+01 4.162691735232904514e-11
1.283208020050125242e+01 3.553666158943676734e-11
1.288220551378446110e+01 3.033699047526306023e-11
1.293233082706766801e+01 2.589773311271609804e-11
1.298245614035087669e+01 2.210773683174940914e-11
1.303258145363408360e+01 1.887208965092842422e-11
1.308270676691729228e+01 1.610974824644074673e-11
1.313283208020050097e+01 1.375151224519076699e-11
1.318295739348370788e+01 1.173829429386895559e-11
1.323308270676691656e+01 1.001964273151002235e-11
1.328320802005012524e+01 8.552479992779389300e-12
1.333333333333333215e+01 7.300025249947147713e-12
1.338345864661654083e+01 6.230874397255085754e-12
1.343358395989974952e+01 5.318214406634771194e-12
1.348370927318295642e+01 4.539152436318827579e-12
1.353383458646616511e+01 3.874142937283884089e-12
1.358395989974937201e+01 3.306498448078892425e-12
1.363408521303258070e+01 2.821971857333319837e-12
1.368421052631578938e+01 2.408399697185090184e-12
1.373433583959899629e+01 2.055397554477811894e-12
1.378446115288220497e+01 1.754099987829132218e-12
1.383458646616541188e+01 1.496938450016158693e-12
1.388471177944862056e+01 1.277451664256352761e-12
1.393483709273182924e+01 1.090123713565933620e-12
1.398496240601503615e+01 9.302457946523140927e-13
1.403508771929824483e+01 7.937981790210443767e-13
1.408521303258145352e+01 6.773494288896078219e-13
1.413533834586466043e+01 5.779703467010048082e-13
1.418546365914786911e+01 4.931605052757396471e-13
1.423558897243107779e+01 4.207855201189555960e-13
1.428571428571428470e+01 3.590234939601816422e-13
1.433583959899749338e+01 3.063192929470728820e-13
1.438596491228070029e+01 2.613455097668508899e-13
1.443609022556390897e+01 2.229691362196160862e-13
1.448621553884711766e+01 1.902231105909277062e-13
1.453634085213032456e+01 1.622820271341679845e-13
1.458646616541353325e+01 1.384413991214801068e-13
1.463659147869674015e+01 1.180999558567974659e-13
1.468671679197994884e+01 1.007445299873542696e-13
1.473684210526315752e+01 8.593715629797760854e-14
1.478696741854636443e+01 7.330405854596432376e-14
1.483709273182957311e+01 6.252624817714423817e-14
1.488721804511278179e+01 5.333149913720333968e-14
1.493734335839598870e+01 4.548749746627293016e-14
1.498746867167919739e+01 3.879599380027295657e-14
1.503759398496240607e+01 3.308781203619945469e-14
1.508771929824561298e+01 2.821858887841156573e-14
1.513784461152882166e+01 2.406513730613058529e-14
1.518796992481202857e+01 2.052234264686936765e-14
1.523809523809523725e+01 1.750051329791649239e-14
1.528822055137844593e+01 1.492311954245421677e-14
1.533834586466165284e+01 1.272486364384043678e-14
1.538847117794486152e+01 1.085003271467749357e-14
1.543859649122806843e+01 9.251092954725906801e-15
1.548872180451127711e+01 7.887489911103345747e-15
1.553884711779448580e+01 6.724624587351133629e-15
1.558897243107769270e+01 5.732979644376080828e-15
1.563909774436090139e+01 4.887373706633942842e-15
1.568922305764411007e+01 4.166325005679163594e-15
1.573934837092731698e+01 3.551508341008636273e-15
1.578947368421052566e+01 3.027291683865119877e-15
1.583959899749373434e+01 2.580340752125820297e-15
1.588972431077694125e+01 2.199281593796172840e-15
1.593984962406014994e+01 1.874412675832452110e-15
1.598997493734335684e+01 1.597459220614565905e-15
1.604010025062656553e+01 1.361363595648976777e-15
1.609022556390977243e+01 1.160106469665733282e-15
1.614035087719298289e+01 9.885542229686311917e-16
1.619047619047618980e+01 8.423287611506688523e-16
1.624060150375939671e+01 7.176964456958994219e-16
1.629072681704260717e+01 6.114733367321387150e-16
1.634085213032581407e+01 5.209443543750885944e-16
1.639097744360902098e+01 4.437943160444933240e-16
1.644110275689222789e+01 3.780491066546345784e-16
1.649122807017543835e+01 3.220254942153967262e-16
1.654135338345864525e+01 2.742883215509283201e-16
1.659147869674185216e+01 2.336139910384136852e-16
1.664160401002506262e+01 1.989593181720951510e-16
1.669172932330826953e+01 1.694349653660671239e-16
1.674185463659147644e+01 1.442827831347994189e-16
1.679197994987468689e+01 1.228564845473469587e-16
1.684210526315789380e+01 1.046051631248097696e-16
1.689223057644110071e+01 8.905923626420960461e-17
1.694235588972431117e+01 7.581845763635740453e-17
1.699248120300751808e+01 6.454169436730151893e-17
1.704260651629072498e+01 5.493820949180612965e-17
1.709273182957393544e+01 4.676022828985500852e-17
1.714285714285714235e+01 3.979659964442695872e-17
1.719298245614034926e+01 3.386739131155277398e-17
1.724310776942355972e+01 2.881928167195758050e-17
1.729323308270676662e+01 2.452163073531346585e-17
1.734335839598997353e+01 2.086313040308108775e-17
1.739348370927318044e+01 1.774894869957643317e-17
1.744360902255639090e+01 1.509829522461327780e-17
1.749373433583959780e+01 1.284234578187221950e-17
1.754385964912280471e+01 1.092247326554194478e-17
1.759398496240601517e+01 9.288739674615828637e-18
1.764411027568922208e+01 7.898610766463511154e-18
1.769423558897242899e+01 6.715860527022214461e-18
1.774436090225563945e+01 5.709637467596550146e-18
1.779448621553884635e+01 4.853668880175768214e-18
1.784461152882205326e+01 4.125582698799008535e-18
1.789473684210526372e+01 3.506329612909970112e-18
1.794486215538847063e+01 2.979690635848230063e-18
1.799498746867167753e+01 2.531857512480987783e-18
1.804511278195488444e+01 2.151075209811143958e-18
1.809523809523809490e+01 1.827337320407262722e-18
1.814536340852130181e+01 1.552126560955687143e-18
1.819548872180450871e+01 1.318193701492236904e-18
1.824561403508771917e+01 1.119369244226325860e-18
1.829573934837092608e+01 9.504030093331360933e-19
1.834586466165413299e+01 8.068274999749602841e-19
1.839598997493734345e+01 6.848415283147631675e-19
1.844611528822055035e+01 5.812111039175635562e-19
1.849624060150375726e+01 4.931850289307509044e-19
1.854636591478696772e+01 4.184230220798878498e-19
1.859649122807017463e+01 3.549345154395338724e-19
1.864661654135338154e+01 3.010265423475244582e-19
1.869674185463659200e+01 2.552593687277890877e-19
1.874686716791979890e+01 2.164087194439120680e-19
1.879699248120300581e+01 1.834336212119499026e-19
1.884711779448621627e+01 1.554490284013725713e-19
1.889724310776942318e+01 1.317025214479528807e-19
1.894736842105263008e+01 1.115544727486165499e-19
1.899749373433583699e+01 9.446116449818571013e-20
1.904761904761904745e+01 7.996041925453602091e-20
1.909774436090225436e+01 6.765936903901217585e-20
1.914786967418546126e+01 5.722404415907657695e-20
1.919799498746867172e+01 4.837051010172471340e-20
1.924812030075187863e+01 4.085732099909506963e-20
1.929824561403508554e+01 3.447909234366208570e-20
1.934837092731829600e+01 2.906102470757887733e-20
1.939849624060150290e+01 2.445423494693478738e-20
1.944862155388470981e+01 2.053177238300660825e-20
1.949874686716792027e+01 1.718521529016507039e-20
1.954887218045112718e+01 1.432175814320673912e-20
1.959899749373433409e+01 1.186171287548613907e-20
1.964912280701754099e+01 9.736358203244438816e-21
1.969924812030075145e+01 7.886080159742666650e-21
1.974937343358395836e+01 6.258754589713577450e-21
1.979949874686716527e+01 4.808328676628135943e-21
1.984962406015037573e+01 3.493563775514458180e-21
1.989974937343358263e+01 2.276906036772970096e-21
1.994987468671678954e+01 1.123454640288146068e-21
2.000000000000000000e+01 0.000000000000000000e+00
