CheckPointVersion_1.0
2
0.00034291493276661882
1
1
(0 (0,0)(2.34375e-05,2.34375e-05) 1)
(RealBox 0 0.0001875 0 0.012 )((0,0) (7,511) (0,0)) (0 (0,0)(1.171875e-05,1.171875e-05) 1)
(RealBox 0 0.0001875 0 0.012 )((0,0) (15,1023) (0,0)) 
(2,2) 
3.6381780677902342e-06 1.8190890338951171e-06 
3.6381780677902342e-06 1.8746387039724871e-06 
1 2 
120 240 
2 4 
0
(0 (0,0)(2.34375e-05,2.34375e-05) 1)
(RealBox 0 0.0001875 0 0.012 )((0,0) (7,511) (0,0))
(4 0
((0,0) (7,127) (0,0))
((0,256) (7,383) (0,0))
((0,128) (7,255) (0,0))
((0,384) (7,511) (0,0))
)6
((0,0) (7,511) (0,0))
(4 0
((0,0) (7,127) (0,0))
((0,256) (7,383) (0,0))
((0,128) (7,255) (0,0))
((0,384) (7,511) (0,0))
)0.00033927675469882856
0.00033927675469882856
0.00034291493276661882
0.00034291493276661882
2
Level_0/SD_0_New_MF
Level_0/SD_0_Old_MF
((0,0) (8,512) (1,1))
(4 0
((0,0) (8,128) (1,1))
((0,256) (8,384) (1,1))
((0,128) (8,256) (1,1))
((0,384) (8,512) (1,1))
)0.00033564167240053566
0.00033927675469882856
0.00033927675469882856
0.00034291493276661882
2
Level_0/SD_1_New_MF
Level_0/SD_1_Old_MF
((0,0) (7,511) (0,0))
(4 0
((0,0) (7,127) (0,0))
((0,256) (7,383) (0,0))
((0,128) (7,255) (0,0))
((0,384) (7,511) (0,0))
)0.00033927675469882856
0.00033927675469882856
0.00034291493276661882
0.00034291493276661882
2
Level_0/SD_2_New_MF
Level_0/SD_2_Old_MF
((0,0) (7,511) (0,0))
(4 0
((0,0) (7,127) (0,0))
((0,256) (7,383) (0,0))
((0,128) (7,255) (0,0))
((0,384) (7,511) (0,0))
)0.00033927675469882856
0.00033927675469882856
0.00034291493276661882
0.00034291493276661882
2
Level_0/SD_3_New_MF
Level_0/SD_3_Old_MF
((0,0) (7,511) (0,0))
(4 0
((0,0) (7,127) (0,0))
((0,256) (7,383) (0,0))
((0,128) (7,255) (0,0))
((0,384) (7,511) (0,0))
)0.00033927675469882856
0.00033927675469882856
0.00034291493276661882
0.00034291493276661882
2
Level_0/SD_4_New_MF
Level_0/SD_4_Old_MF
((0,0) (7,511) (0,0))
(4 0
((0,0) (7,127) (0,0))
((0,256) (7,383) (0,0))
((0,128) (7,255) (0,0))
((0,384) (7,511) (0,0))
)0.00033927675469882856
0.00033927675469882856
0.00034291493276661882
0.00034291493276661882
2
Level_0/SD_5_New_MF
Level_0/SD_5_Old_MF
1
(0 (0,0)(1.171875e-05,1.171875e-05) 1)
(RealBox 0 0.0001875 0 0.012 )((0,0) (15,1023) (0,0))
(4 0
((0,176) (15,223) (0,0))
((0,288) (15,351) (0,0))
((0,224) (15,287) (0,0))
((0,352) (15,415) (0,0))
)6
((0,0) (15,1023) (0,0))
(4 0
((0,176) (15,223) (0,0))
((0,288) (15,351) (0,0))
((0,224) (15,287) (0,0))
((0,352) (15,415) (0,0))
)0.00034109584373272369
0.00034109584373272369
0.00034291493276661882
0.00034291493276661882
2
Level_1/SD_0_New_MF
Level_1/SD_0_Old_MF
((0,0) (16,1024) (1,1))
(4 0
((0,176) (16,224) (1,1))
((0,288) (16,352) (1,1))
((0,224) (16,288) (1,1))
((0,352) (16,416) (1,1))
)0.00033927675469882856
0.00034109584373272369
0.00034109584373272369
0.00034291493276661882
2
Level_1/SD_1_New_MF
Level_1/SD_1_Old_MF
((0,0) (15,1023) (0,0))
(4 0
((0,176) (15,223) (0,0))
((0,288) (15,351) (0,0))
((0,224) (15,287) (0,0))
((0,352) (15,415) (0,0))
)0.00034109584373272369
0.00034109584373272369
0.00034291493276661882
0.00034291493276661882
2
Level_1/SD_2_New_MF
Level_1/SD_2_Old_MF
((0,0) (15,1023) (0,0))
(4 0
((0,176) (15,223) (0,0))
((0,288) (15,351) (0,0))
((0,224) (15,287) (0,0))
((0,352) (15,415) (0,0))
)0.00034109584373272369
0.00034109584373272369
0.00034291493276661882
0.00034291493276661882
2
Level_1/SD_3_New_MF
Level_1/SD_3_Old_MF
((0,0) (15,1023) (0,0))
(4 0
((0,176) (15,223) (0,0))
((0,288) (15,351) (0,0))
((0,224) (15,287) (0,0))
((0,352) (15,415) (0,0))
)0.00034109584373272369
0.00034109584373272369
0.00034291493276661882
0.00034291493276661882
2
Level_1/SD_4_New_MF
Level_1/SD_4_Old_MF
((0,0) (15,1023) (0,0))
(4 0
((0,176) (15,223) (0,0))
((0,288) (15,351) (0,0))
((0,224) (15,287) (0,0))
((0,352) (15,415) (0,0))
)0.00034109584373272369
0.00034109584373272369
0.00034291493276661882
0.00034291493276661882
2
Level_1/SD_5_New_MF
Level_1/SD_5_Old_MF
