1
0
63
1
(4 0
((0,0) (15,255) (0,0))
((0,768) (15,1023) (0,0))
((0,512) (15,767) (0,0))
((0,256) (15,511) (0,0))
)
4
FabOnDisk: SD_0_New_MF_D_0003 0
FabOnDisk: SD_0_New_MF_D_0000 0
FabOnDisk: SD_0_New_MF_D_0001 0
FabOnDisk: SD_0_New_MF_D_0002 0

4,63
-1.123625094613223e-06,2.150024751871236e+00,1.581940125976508e-01,3.733761479817842e-23,1.347114975188194e-21,4.510359133885830e-17,1.224816884086614e-11,4.558235431854026e-08,3.119342141122695e-09,4.928333248499170e-12,2.901883683559630e-03,0.000000000000000e+00,4.280685971918901e-28,2.842653377101014e-29,1.778453614229990e-13,3.884294333182048e-11,3.060171557350364e-23,7.531007084622590e-12,2.524307300765859e-17,4.453379772248477e-29,8.004964453837569e-13,7.549032942449295e-10,3.792137242118130e-11,2.054297923321408e-34,4.836402628992977e-12,2.848000378541743e-26,4.572154276369863e-11,0.000000000000000e+00,0.000000000000000e+00,4.609951704815353e-28,3.145633978293247e-13,7.799749634439996e-21,3.819273773936207e-24,6.478032895910837e-14,0.000000000000000e+00,0.000000000000000e+00,0.000000000000000e+00,0.000000000000000e+00,0.000000000000000e+00,0.000000000000000e+00,0.000000000000000e+00,0.000000000000000e+00,0.000000000000000e+00,3.268411514837826e-16,3.334470528895780e-17,4.952798593839448e-19,9.393059826943933e-17,3.036481847356276e-17,1.247957294254803e-15,2.892322393103357e-16,5.211523646199047e-16,4.727303686316465e-33,0.000000000000000e+00,0.000000000000000e+00,0.000000000000000e+00,0.000000000000000e+00,0.000000000000000e+00,0.000000000000000e+00,1.134796609443063e-01,3.808329161776905e+03,0.000000000000000e+00,4.430000160108510e+02,1.013181794150503e+05,
-1.066101951306086e-07,5.723736189140228e+00,1.460966724127271e-01,6.125313670951872e-06,5.849025454196395e-05,4.699170821341863e-04,1.349580362691991e-07,5.712068587915674e-05,1.235253002895622e-02,1.213576316426252e-08,1.186218394262094e-03,5.165429772933550e-11,2.734653741047741e-10,2.311510121137191e-11,1.093417535054801e-09,2.993314726985204e-10,8.758526035606131e-10,1.638334109249883e-09,3.569799432066963e-12,1.180884608724890e-11,1.257706625533441e-11,3.573978354421348e-03,2.343711793462885e-02,8.810503593862763e-11,9.086807220334643e-09,1.010659808987885e-10,3.389361704664636e-09,0.000000000000000e+00,0.000000000000000e+00,3.014172541672093e-09,1.632159034592918e-09,2.175625869277243e-15,2.201755371258913e-12,0.000000000000000e+00,4.068264036852740e-13,0.000000000000000e+00,0.000000000000000e+00,0.000000000000000e+00,0.000000000000000e+00,0.000000000000000e+00,0.000000000000000e+00,0.000000000000000e+00,0.000000000000000e+00,7.902759341985149e-14,1.762612720209714e-17,1.210055585118509e-18,5.924250390890499e-07,4.029376893429291e-06,1.808188140520797e-08,1.348492141080828e-08,8.246401524332549e-09,4.287410654378771e-13,0.000000000000000e+00,0.000000000000000e+00,0.000000000000000e+00,0.000000000000000e+00,7.891977149255954e-14,0.000000000000000e+00,1.047821822533550e-01,7.928130327895187e+03,0.000000000000000e+00,2.330742247358648e+03,1.013249981159967e+05,
-1.104887932765064e-07,5.653924630631050e+00,1.469449006041522e-01,7.216955393542263e-06,6.958829224241237e-05,5.065532462115149e-04,1.327245207820860e-07,6.117080823558385e-05,1.235468099298551e-02,1.462065767674063e-08,1.325937902331434e-03,8.216679684630872e-11,3.953116440254822e-10,3.450626115884008e-11,1.517797069175682e-09,3.810586152454982e-10,1.133157460738033e-09,2.366211664348372e-09,5.176647172935900e-12,1.772246770989270e-11,1.792063540944899e-11,3.782855460242561e-03,2.304539837756272e-02,1.288955461498850e-10,1.267203046382025e-08,1.667866692132038e-10,5.046496257621848e-09,0.000000000000000e+00,0.000000000000000e+00,4.210419820662467e-09,2.205051325176756e-09,4.815412779495771e-15,4.017731079345354e-12,0.000000000000000e+00,6.885403676026089e-13,0.000000000000000e+00,0.000000000000000e+00,0.000000000000000e+00,0.000000000000000e+00,0.000000000000000e+00,0.000000000000000e+00,0.000000000000000e+00,0.000000000000000e+00,1.404103605652850e-13,3.912394323510510e-17,2.432831286256631e-18,9.376956666048734e-07,6.403255245484847e-06,2.497715425434844e-08,2.865843698749959e-08,1.769117136067576e-08,7.303214311357750e-13,0.000000000000000e+00,0.000000000000000e+00,0.000000000000000e+00,0.000000000000000e+00,0.000000000000000e+00,0.000000000000000e+00,1.053931761943431e-01,7.831575178567366e+03,0.000000000000000e+00,2.290834255765042e+03,1.013249977128223e+05,
-8.088580171973274e-07,5.395233808692339e+00,1.491007804806108e-01,1.049607533999215e-05,1.020018984103232e-04,5.951943475346975e-04,1.327418636297578e-07,7.185098404046844e-05,1.230463550273755e-02,2.239613372795048e-08,1.669078562071559e-03,1.384241172920880e-10,4.040127701895371e-10,5.069833909677074e-11,1.354193355577142e-09,1.919327146897204e-10,1.910411746958213e-09,2.802507124392743e-09,5.307036424019153e-12,2.632654111077088e-11,1.897915128613845e-11,4.295759886341105e-03,2.221536187379253e-02,1.274672602162595e-10,1.039898675353064e-08,3.030951484512241e-10,6.736014221242630e-09,0.000000000000000e+00,0.000000000000000e+00,2.875021292136917e-09,1.144710371063051e-09,1.484703847484035e-14,8.902768490848741e-12,0.000000000000000e+00,0.000000000000000e+00,0.000000000000000e+00,0.000000000000000e+00,0.000000000000000e+00,0.000000000000000e+00,0.000000000000000e+00,0.000000000000000e+00,0.000000000000000e+00,0.000000000000000e+00,4.739748193842146e-14,8.430074107839074e-17,2.943271946443427e-18,1.565915684531236e-06,1.079503319161232e-05,1.726451507377076e-08,9.711466554573059e-08,6.135273881323568e-08,1.445455098281379e-12,0.000000000000000e+00,0.000000000000000e+00,0.000000000000000e+00,0.000000000000000e+00,0.000000000000000e+00,0.000000000000000e+00,1.069438173228609e-01,5.473268794089821e+03,0.000000000000000e+00,2.140728822901638e+03,1.013249759596083e+05,

4,63
1.073477421831647e-06,5.392713604422948e+00,8.373325003503326e-01,5.030162710280831e-05,4.332551611588026e-04,9.487483356778141e-04,1.181082869451151e-04,4.014515156458318e-04,1.298671077197714e-02,2.115755939373102e-05,1.827792028947812e-01,1.512894942879349e-06,6.633001338756484e-06,7.530855514540856e-07,2.360133660164913e-04,2.717072073373081e-04,2.019055674908720e-05,5.132538997858666e-04,1.491136755279640e-05,9.749214021330855e-07,6.837569362581557e-05,1.441061100590401e-02,2.221284542367042e-02,8.750809245926858e-07,6.488470637188630e-04,2.232650357283289e-05,4.569316142909823e-03,1.020476174926807e-04,4.666294760630630e-04,3.337841089861723e-05,1.125869017194678e-04,1.320410980244595e-07,3.187227150505193e-05,3.761625165640046e-05,1.249407607608444e-05,5.865954670259359e-05,3.140954072295607e-05,4.077964958394812e-05,3.103002054455953e-06,6.440783732732437e-04,1.063890754238958e-05,4.300601249802026e-06,1.142052620168301e-04,1.943886017703833e-05,7.170562842125337e-07,1.742175755318003e-08,2.504619091767915e-06,1.768745350250913e-05,2.978572342834560e-05,1.275851796492751e-05,1.637850745902651e-05,1.704612467551250e-06,4.397561525489608e-04,9.583302707211666e-06,5.259453422420605e-02,1.615173363939316e-03,1.420630233889475e-04,4.429079157712003e-04,6.019587136184809e-01,7.421889039626998e+04,0.000000000000000e+00,2.139305812415082e+03,1.013278398026551e+05,
8.759315977443025e-08,5.753533089719963e+00,1.469398504365575e-01,7.210047407966259e-06,6.951877282953236e-05,5.063356750263960e-04,1.366485280471133e-07,6.114598158568254e-05,1.235467102806445e-02,1.460481532906294e-08,1.325113618900667e-03,8.202031672892796e-11,3.948349791913992e-10,3.446119585014942e-11,1.517439533704579e-09,3.808128007586778e-10,1.131589219198807e-09,2.363391382296069e-09,5.171231932796936e-12,1.770138067130042e-11,1.790359335922374e-11,3.781617443448795e-03,2.360527818567662e-02,1.287102941001312e-10,1.265727244761976e-08,1.664964587827982e-10,5.042560011151296e-09,8.892299903536401e-13,3.072922663930682e-15,4.205412639241271e-09,2.202874290333231e-09,1.046012354495021e-14,4.008241051526932e-12,2.901323476977707e-13,2.366027166348752e-12,1.036687662282015e-13,4.463730199006468e-13,9.817712556159694e-13,1.543397586877821e-14,8.360076151495000e-13,5.555860911689508e-12,1.715845233515315e-17,9.971581145185233e-15,1.401439658895677e-13,3.899869749493980e-17,2.426428724629990e-18,9.358792587582588e-07,6.390701726590347e-06,2.494869416154514e-08,2.855325852336006e-08,1.762526058491823e-08,7.293519688502699e-13,1.318884504748741e-13,1.931160931167715e-12,5.253276753001006e-12,2.898028377387213e-12,8.937789612252073e-13,7.938477445172343e-13,1.053895422377694e-01,7.965268567970014e+03,0.000000000000000e+00,2.346760071508983e+03,1.013250019127040e+05,
9.155358806669751e-08,5.723568619835032e+00,1.490869259105212e-01,1.047324575821987e-05,1.017797167040557e-04,5.946599023923077e-04,1.349480263520953e-07,7.178333238199378e-05,1.235671179465984e-02,2.234019866692555e-08,1.666942494988445e-03,1.381683081056497e-10,5.358444287807720e-10,5.065328421741874e-11,1.909052918445779e-09,4.070193618422446e-10,1.904957213116835e-09,3.241619645996523e-09,7.034476388277081e-12,2.630474729222788e-11,2.362144003459533e-11,4.292618584372764e-03,2.343612884062777e-02,1.770812209919193e-10,1.587781957970669e-08,3.023586077359111e-10,7.264509437500965e-09,1.243991738835028e-12,6.239983705245362e-15,5.192248190388408e-09,2.504296051227019e-09,3.674953232810116e-14,8.871710605682709e-12,1.069063109957654e-12,3.725001296288861e-12,2.068855762282821e-13,5.824538536790747e-13,1.368798044766583e-12,3.219568380595081e-14,1.733016998767763e-12,5.865374764341046e-12,5.375708642958420e-17,2.456037326155107e-14,1.803276134650129e-13,8.407451882974171e-17,4.191409550780213e-18,1.562633675183449e-06,1.077179151464321e-05,3.024895952668930e-08,9.649429235982876e-08,6.095206227776566e-08,1.444158529821765e-12,3.566900097474352e-13,3.496657371966226e-12,6.670989124042719e-12,5.989622176667934e-12,1.678563896381517e-12,1.652611228402787e-12,1.069338468952428e-01,7.930620871975110e+03,0.000000000000000e+00,2.330646698617781e+03,1.013250019866155e+05,
8.888056440409488e-07,5.653493086371113e+00,1.581004006370069e-01,2.934129812081810e-05,2.712525742798372e-04,8.571163313471336e-04,1.943847630450949e-07,1.119312656587840e-04,1.235670506814363e-02,7.397874480001432e-08,2.891175932464461e-03,1.972842465145475e-10,5.631012772474323e-10,5.862490062883838e-11,1.943772892229824e-09,3.972551878223435e-10,7.117413107084634e-09,3.491794501985993e-09,7.381880214977835e-12,3.089409848466230e-11,2.457621668057727e-11,5.983212027212356e-03,2.304313240785944e-02,1.860972240171768e-10,1.605691999022363e-08,5.190025394624472e-10,8.165334898850609e-09,3.278430829250123e-12,3.314902895066890e-14,5.209126383915135e-09,2.489869207642826e-09,2.075266409595423e-13,2.230453712246045e-11,3.818914636867036e-12,3.323483952253850e-12,1.795281593604735e-12,2.968815312139425e-12,1.246113059327640e-11,3.617090059954536e-13,9.490336336085313e-12,1.147909159474197e-11,1.406439492997261e-15,9.855359000753881e-13,1.792318799088718e-13,1.178510687534011e-16,4.544575803257442e-18,2.504649761855749e-06,1.768685773614788e-05,3.030678851931335e-08,1.697501358928709e-06,1.155934257192638e-06,3.724066125510096e-12,6.992400824940702e-12,6.248823930367352e-12,7.025198394679677e-11,8.527294872148435e-11,1.968407798646268e-11,2.367788442718303e-11,1.134129983377835e-01,7.830335706458551e+03,0.000000000000000e+00,2.290582232255199e+03,1.013250199726383e+05,

