1
0
63
1
(4 0
((0,0) (15,255) (0,0))
((0,768) (15,1023) (0,0))
((0,512) (15,767) (0,0))
((0,256) (15,511) (0,0))
)
4
FabOnDisk: SD_0_Old_MF_D_0003 0
FabOnDisk: SD_0_Old_MF_D_0000 0
FabOnDisk: SD_0_Old_MF_D_0001 0
FabOnDisk: SD_0_Old_MF_D_0002 0

4,63
-1.309859084680342e-06,2.150556939125208e+00,1.581875122895536e-01,3.891593761758962e-23,1.399165148305323e-21,4.645194960069656e-17,1.264294786751006e-11,4.618892475774636e-08,3.209569289632553e-09,5.087999514232616e-12,2.901545492880104e-03,0.000000000000000e+00,4.541733639033379e-28,3.015721318547486e-29,1.831927110943118e-13,4.001423658561647e-11,3.214904416818945e-23,7.819231496219322e-12,2.645023706646137e-17,4.764674557278809e-29,8.315888102286842e-13,7.792594799838995e-10,3.939220544151424e-11,2.194454758317146e-34,5.016147588120656e-12,3.082359659295397e-26,4.745792153448315e-11,0.000000000000000e+00,0.000000000000000e+00,4.952326415952265e-28,3.280703467103128e-13,8.371198575944279e-21,4.128230830636945e-24,6.758215096728811e-14,0.000000000000000e+00,0.000000000000000e+00,0.000000000000000e+00,0.000000000000000e+00,0.000000000000000e+00,0.000000000000000e+00,0.000000000000000e+00,0.000000000000000e+00,0.000000000000000e+00,3.442904080452703e-16,3.512986065648500e-17,5.218669634796955e-19,9.898270643772675e-17,3.199909578730920e-17,1.315249664502935e-15,3.048386218946891e-16,5.492726848280641e-16,5.142820344993298e-33,0.000000000000000e+00,0.000000000000000e+00,0.000000000000000e+00,0.000000000000000e+00,0.000000000000000e+00,0.000000000000000e+00,1.134753463387852e-01,3.807458999203239e+03,0.000000000000000e+00,4.430000165160769e+02,1.013171799654324e+05,
-1.047515556426144e-07,5.724147836856866e+00,1.460965736030087e-01,6.125172510717991e-06,5.848884748743038e-05,4.699120916367535e-04,1.349584885475241e-07,5.712011229648262e-05,1.235252776745968e-02,1.213545659812046e-08,1.186200013953532e-03,5.164883856564593e-11,2.734395672246387e-10,2.311271442722463e-11,1.093374323791375e-09,2.993075725418093e-10,8.758164565712153e-10,1.638186705848524e-09,3.569470250490206e-12,1.180766593881893e-11,1.257599693639315e-11,3.573946744900876e-03,2.343716662590334e-02,8.809738551494731e-11,9.086092825299376e-09,1.010689021655762e-10,3.389692563630554e-09,0.000000000000000e+00,0.000000000000000e+00,3.013899066387769e-09,1.632016809553542e-09,2.048062421123045e-15,2.201698947007558e-12,0.000000000000000e+00,3.309236520468824e-13,2.487720981272036e-15,0.000000000000000e+00,0.000000000000000e+00,0.000000000000000e+00,0.000000000000000e+00,0.000000000000000e+00,0.000000000000000e+00,0.000000000000000e+00,7.901381898612695e-14,1.762252152271575e-17,1.209823865291147e-18,5.923592262968625e-07,4.028927185966495e-06,1.808020479224196e-08,1.348289529636836e-08,8.245152763629885e-09,4.287166606286390e-13,0.000000000000000e+00,0.000000000000000e+00,0.000000000000000e+00,0.000000000000000e+00,8.055213211670071e-14,0.000000000000000e+00,1.047821118087150e-01,7.928103779303947e+03,0.000000000000000e+00,2.330747110675967e+03,1.013249977897179e+05,
-1.478891885443135e-07,5.654351060283820e+00,1.469446391299628e-01,7.216608448784378e-06,6.958476635398897e-05,5.065422622011438e-04,1.327244547625220e-07,6.116958276618725e-05,1.235468130499801e-02,1.461985341011499e-08,1.325895126336230e-03,8.215404690068100e-11,3.952566151941507e-10,3.450037429068624e-11,1.517889894130146e-09,3.810304929860603e-10,1.133062742931794e-09,2.365859158116398e-09,5.175720290642438e-12,1.771887419649545e-11,1.791745949611521e-11,3.782792337750595e-03,2.304552847986273e-02,1.288870779350942e-10,1.267139631651836e-08,1.668284188634843e-10,5.046937734449117e-09,0.000000000000000e+00,0.000000000000000e+00,4.210094618424147e-09,2.204893350411199e-09,4.407592993553449e-15,4.018353738721831e-12,0.000000000000000e+00,6.903229637427121e-13,0.000000000000000e+00,0.000000000000000e+00,0.000000000000000e+00,0.000000000000000e+00,0.000000000000000e+00,0.000000000000000e+00,0.000000000000000e+00,0.000000000000000e+00,1.403902778340575e-13,3.911576445281345e-17,2.432391568224527e-18,9.375802113361228e-07,6.402459190852237e-06,2.497509111242061e-08,2.865238434561222e-08,1.768738471641790e-08,7.304563549246410e-13,0.000000000000000e+00,0.000000000000000e+00,0.000000000000000e+00,0.000000000000000e+00,0.000000000000000e+00,0.000000000000000e+00,1.053929884143253e-01,7.831655041963111e+03,0.000000000000000e+00,2.290849555639717e+03,1.013249982471987e+05,
-7.647190267284880e-07,5.395825248412126e+00,1.490999269249584e-01,1.049469850668226e-05,1.019883926374728e-04,5.951620305013264e-04,1.327416202704332e-07,7.184696538119435e-05,1.230526533555459e-02,2.239273691777924e-08,1.668946889728107e-03,1.384022733362302e-10,4.041616326212151e-10,5.069979806041740e-11,1.354652766540578e-09,1.920130084863308e-10,1.910067938239945e-09,2.803125890997712e-09,5.308876913034939e-12,2.632577148801620e-11,1.898402746794090e-11,4.295569452294506e-03,2.221498109771269e-02,1.275214725414160e-10,1.040342178672395e-08,3.029558391822881e-10,6.737589427086247e-09,0.000000000000000e+00,0.000000000000000e+00,2.876818496391176e-09,1.145489694120734e-09,1.862222625704589e-14,8.898621341342465e-12,0.000000000000000e+00,0.000000000000000e+00,0.000000000000000e+00,0.000000000000000e+00,0.000000000000000e+00,0.000000000000000e+00,0.000000000000000e+00,0.000000000000000e+00,0.000000000000000e+00,0.000000000000000e+00,4.738951920486925e-14,8.428154369594905e-17,2.942588166991057e-18,1.565674007401386e-06,1.079332963783074e-05,1.727536600933494e-08,9.707430584597475e-08,6.132670534824633e-08,1.439480418293106e-12,0.000000000000000e+00,0.000000000000000e+00,0.000000000000000e+00,0.000000000000000e+00,0.000000000000000e+00,0.000000000000000e+00,1.069432043706770e-01,5.476119371127435e+03,0.000000000000000e+00,2.140823750302015e+03,1.013249685895699e+05,

4,63
1.173264669921608e-06,5.393308810396277e+00,8.373324908181461e-01,5.029087557987865e-05,4.333271808703867e-04,9.488449000190314e-04,1.180954934841439e-04,4.012100449021790e-04,1.298582524933707e-02,2.117096978904071e-05,1.827792006433407e-01,1.512994153232738e-06,6.646214426508783e-06,7.530868180232698e-07,2.363122889151691e-04,2.717603236518912e-04,2.018456248857418e-05,5.130722850904903e-04,1.492530413782377e-05,9.764598926899137e-07,6.831839344767631e-05,1.441142700695662e-02,2.221246893574403e-02,8.759810635647382e-07,6.493210195249023e-04,2.228724118758946e-05,4.565628862513840e-03,1.021691795977384e-04,4.672194026617594e-04,3.337651134890831e-05,1.125653920822136e-04,1.320970379052748e-07,3.194240438491492e-05,3.757873037461525e-05,1.251446061054380e-05,5.870346377024338e-05,3.139304598141777e-05,4.071834129134273e-05,3.099343722377647e-06,6.451042891012867e-04,1.069167701833126e-05,4.300099994414122e-06,1.143589605960601e-04,1.946719582573977e-05,7.176408902236703e-07,1.744588186219842e-08,2.504434558016558e-06,1.768610403446346e-05,2.986748476320108e-05,1.275857330747220e-05,1.638617097281957e-05,1.701744090406884e-06,4.394748716970064e-04,9.552005327815044e-06,5.259453360323421e-02,1.617446699554807e-03,1.424155016911569e-04,4.431246959963587e-04,6.019587062319786e-01,7.417742491291526e+04,0.000000000000000e+00,2.139400953691003e+03,1.013278643459602e+05,
8.115701246907432e-08,5.753942527609245e+00,1.469395911908459e-01,7.209703028925392e-06,6.951527319067863e-05,5.063247653488050e-04,1.366486877792066e-07,6.114476454558858e-05,1.235467135299786e-02,1.460401727610623e-08,1.325071140202874e-03,8.201013620692741e-11,3.947960156137563e-10,3.445743898702567e-11,1.517304822925493e-09,3.807913024812030e-10,1.131504315550517e-09,2.363171072626388e-09,5.170738916006949e-12,1.769941493095582e-11,1.790198311524823e-11,3.781554741145467e-03,2.360530979446863e-02,1.286974019507703e-10,1.265616460190776e-08,1.664729337163088e-10,5.041982778443612e-09,8.888248291844647e-13,3.135454669524688e-15,4.205046372244450e-09,2.202707307192050e-09,1.222934230356562e-14,4.007561165211293e-12,3.651055987633723e-13,2.378134449845422e-12,9.848606457659127e-14,4.016207400382786e-13,9.522793042673198e-13,1.507781050226597e-14,8.065372577253539e-13,3.463602348477448e-12,1.662639191853844e-17,8.734119591387565e-15,1.401235934499082e-13,3.899047174040760e-17,2.425987217826603e-18,9.357642187355043e-07,6.389908592311980e-06,2.494663016942443e-08,2.854725126457145e-08,1.762150261793648e-08,7.292535096938204e-13,1.309267113412493e-13,5.187807076716391e-12,5.370900051363988e-12,2.865951572143874e-12,1.104387510927921e-12,7.851402281978835e-13,1.053893560560921e-01,7.965230224635862e+03,0.000000000000000e+00,2.346762072096446e+03,1.013250012776737e+05,
1.762299295037362e-07,5.723980287377610e+00,1.490860777883143e-01,1.047187753510732e-05,1.017662916583154e-04,5.946277269351521e-04,1.349484823703713e-07,7.177933378532233e-05,1.235671576929591e-02,2.233682436072966e-08,1.666811460240901e-03,1.381457895690575e-10,5.357976410073343e-10,5.064742669641022e-11,1.908949848680960e-09,4.070106703533290e-10,1.904613648931877e-09,3.241337484989029e-09,7.033898087337570e-12,2.630160756164513e-11,2.361976253474294e-11,4.292429028751095e-03,2.343617772798604e-02,1.770674480737881e-10,1.587704372235704e-08,3.023085559993481e-10,7.263871339103192e-09,8.481450786807205e-13,6.043560619311742e-15,5.191998937231522e-09,2.504221193236337e-09,3.614019205694892e-14,8.869723461692971e-12,1.004256161940023e-12,3.689334626249839e-12,2.314430132978812e-13,7.821159061301631e-13,1.919926478545113e-12,3.703909075570676e-14,1.692849939320072e-12,5.270315099706921e-12,5.447260055188179e-17,2.817498062005829e-14,1.803182509885704e-13,8.405635667616953e-17,4.190832909739231e-18,1.562392662630352e-06,1.077009290577997e-05,3.024781822144899e-08,9.645431547962512e-08,6.092628042717334e-08,1.443798835400488e-12,4.176461891111597e-13,2.940102994606171e-12,9.128965548281974e-12,6.838688966075169e-12,1.167919590105884e-12,1.889411042810673e-12,1.069332378427284e-01,7.930632082087693e+03,0.000000000000000e+00,2.330651597385324e+03,1.013250019001848e+05,
1.044000394350670e-06,5.653919636301011e+00,1.580938919084630e-01,2.932283028322826e-05,2.711258232811941e-04,8.570086249909791e-04,1.943177001786970e-07,1.118967524681919e-04,1.235670951877436e-02,7.393697947825923e-08,2.890813567643820e-03,1.973891659756050e-10,5.630908649990917e-10,5.863126673581115e-11,1.945708465497442e-09,3.972531114204313e-10,7.111185508933929e-09,3.489691938198974e-09,7.381830298947451e-12,3.090611702745599e-11,2.457466852167115e-11,5.981452363908827e-03,2.304326307077705e-02,1.860950275270226e-10,1.605643639203721e-08,5.189774504432666e-10,8.156469788294363e-09,4.756786768387032e-12,2.829584737824956e-14,5.208966946695787e-09,2.489798681532914e-09,1.968276533273187e-13,2.230516278227092e-11,3.578584741006206e-12,3.461572012386429e-12,1.694724152460351e-12,2.340034426210027e-12,7.335260405709767e-12,4.040933047421480e-13,9.269326070810408e-12,1.291460780406170e-11,2.230117976057099e-15,7.983032185288362e-13,1.792268833747083e-13,1.178424061820798e-16,4.544282859402292e-18,2.504464673550427e-06,1.768549492319016e-05,3.030594909484839e-08,1.694731053604598e-06,1.154008797988797e-06,3.724194932851606e-12,3.631861364614263e-12,5.647736144340140e-12,1.020953733338355e-10,3.616150087669956e-11,1.724783175274847e-11,9.982233447348793e-12,1.134086553729086e-01,7.830416243009975e+03,0.000000000000000e+00,2.290597608090538e+03,1.013250228653700e+05,

