1
0
56
1
(4 0
((0,0) (15,255) (0,0))
((0,768) (15,1023) (0,0))
((0,512) (15,767) (0,0))
((0,256) (15,511) (0,0))
)
4
FabOnDisk: SD_5_New_MF_D_0003 0
FabOnDisk: SD_5_New_MF_D_0000 0
FabOnDisk: SD_5_New_MF_D_0001 0
FabOnDisk: SD_5_New_MF_D_0002 0

4,56
-7.692517114487671e+00,-1.576323766586284e+01,-2.582793172461033e+01,-6.034781816971639e+00,-8.266826125834006e+00,-8.631555532404583e+00,-1.115262844902867e+00,-6.325911863645655e+02,-2.690591582925989e-01,-7.803374625107687e-01,-9.105370584377943e-02,-1.368619345691866e+01,-1.279988699347802e+01,-1.394573290353724e+00,-9.482095745542312e+00,-4.501822748548117e-01,-7.131588400400912e-02,-2.770894627474475e+00,-1.331963118690878e+02,3.015437292225309e-19,-9.866606574732521e-02,-4.915098690350048e+01,-1.844939546443416e+00,-2.029542371040145e+02,-7.802604069884964e+00,-2.452029362748515e+01,-4.537859183124007e+00,-2.822983026211829e+00,-9.035741485718037e-03,-1.995375801180974e+00,-1.595753803010857e+00,-9.436403026802744e-01,-3.821120048545849e+00,-2.232033351849961e+00,-3.213704641609024e+00,-2.163766725346448e-01,-3.232759754683971e+01,-4.858144528796591e-01,-3.152388854251409e-01,-8.421745257860259e+00,-1.014254083209512e+00,-1.697541957124531e-02,-7.061968538023581e-04,-8.312583425420877e-02,-1.866909343849071e-01,-2.075498028732264e+00,-6.960321493386913e-02,-4.092730794398878e-01,-1.384145907437724e-01,-2.479876549709012e+01,-4.830948241647985e-01,-5.950413056916154e+02,-9.095981562811640e+01,-9.646710177740628e+00,-2.507334652100805e+01,-3.481090971035883e-10,
-4.041789914939604e-03,-3.015993534688924e-02,-8.879963156559126e-02,1.307933261507390e-07,-1.104000177070748e-02,1.043619345306479e-01,-6.730203345814320e-06,-3.378192056343215e-01,-1.050783167980649e-07,-4.647272849559327e-07,-5.650410345686426e-08,-4.852589736067473e-06,-2.892134950146342e-07,-6.784793815888565e-07,-2.919594370170247e-06,-8.897366318921108e-09,-3.530844657596224e-08,-2.921212355424675e-08,-4.808725521799158e-01,2.664377357222575e-01,-9.803539163576011e-08,-9.017834142312264e-06,-3.019311060523203e-07,-1.329587365733918e-05,-5.663918533636306e-06,-4.624438897801099e-09,-3.848183414017099e-06,-1.271665793313906e-06,-1.152963909133551e-08,-7.781534117787201e-09,-8.887052103088836e-07,-6.940080237792582e-07,-3.097588371895653e-08,-2.287104694786993e-07,-3.298122789269683e-07,-7.951903957373499e-09,-4.170646973725660e-07,-6.237397231678417e-06,-1.549841006363486e-11,-6.978642657697209e-09,-1.054408740301200e-10,-5.009948748893144e-14,-2.503912346191416e-15,-7.223470471817204e-04,-4.997868339685208e-03,-1.278217405841089e-05,-4.391641380808607e-05,-2.754633285605732e-05,-2.250381107378764e-09,-9.433783645641036e-08,-4.467750897586710e-06,-4.459892069892452e-06,-1.019769662882811e-06,-5.160091308977106e-07,-2.866770085200695e-07,-4.068478887120364e-11,
-1.237227623195203e-02,-9.288047677205050e-02,-2.032601429658609e-01,2.909136835601538e-06,-2.904202404004861e-02,1.839173523738719e-01,-2.289622324609886e-05,-8.232419986316374e-01,-1.687609393221332e-07,-5.323933890250623e-07,-1.058978777323789e-07,-5.191727557970074e-06,-1.737322313798680e-07,-2.268205488942468e-06,-3.867210804376381e-06,-1.090033971609753e-08,-5.360754555128260e-08,-3.807874412595801e-08,-1.139462695505443e+00,7.771043345338450e-01,-1.074777902404100e-07,-8.151892966772217e-06,-5.365268919494626e-07,-1.929819837727885e-05,-7.139069869521473e-06,-6.925538023818576e-09,-2.092817446940750e-06,-8.775712695081384e-07,-3.677674228291528e-08,-1.681025846051062e-08,-2.652446006925099e-06,-4.982259338750878e-07,-1.400022592244408e-07,-3.968189198452655e-07,-8.415032069216334e-07,-3.042833203814400e-08,-1.450669714670620e-06,-7.962346276592674e-06,-8.010579776829028e-11,-3.576327107019185e-08,-1.001738006111374e-10,-8.141751479633613e-14,-2.714064997815676e-15,-1.201882455287133e-03,-8.542020090400556e-03,-1.059719747035243e-05,-2.524288838009987e-04,-1.632996917449106e-04,-1.070452311505732e-08,-4.369811101249080e-07,-4.216213151146667e-06,-7.302119002892976e-06,-6.237968713668402e-06,-1.037667866827297e-06,-1.737431379807648e-06,-4.163053235473058e-11,
-1.566679786074104e-01,-7.618676517316266e-01,-5.244919166775862e-01,-5.137436846043467e-04,-1.503264573127863e-01,4.886967349451414e-01,-2.700442603259352e-04,-3.969549135951707e+00,-1.763071807124257e-06,-4.697746955070487e-06,-8.493417759524499e-07,-7.235765375898512e-05,-1.382073706602252e-06,-2.751031544171576e-05,-3.514589501791314e-05,-1.271170795348338e-07,-7.004620471270273e-07,-4.410624362433048e-07,-4.350631459903508e+00,1.831094877244594e+00,-1.322094939207478e-07,-1.080222038795561e-05,-9.181357195604868e-06,-3.297349388206024e-04,-9.680500143285299e-06,-3.060761763162803e-08,-3.802725029467997e-07,4.041749177253862e-07,-1.494928324654626e-07,-2.918431975459534e-07,-5.526265574791821e-06,-1.640577379065423e-06,-1.670197131928231e-06,-3.896147560280700e-06,-2.220183983639879e-05,-7.580608150285409e-07,-1.689107735885990e-05,-2.364757783748434e-05,-2.415392600504765e-09,-2.208082627517223e-06,-1.219255084092037e-09,-3.677258733460711e-12,-9.991835022268352e-14,-1.410157086600022e-03,-1.039604351121103e-02,8.516479306866168e-07,-1.502147094174619e-02,-1.048985272430284e-02,-5.226130409842397e-07,-1.232337524358806e-05,-8.190021993075631e-06,-2.266358565054789e-04,-1.382988841073444e-04,-2.875160558264667e-05,-3.851303360523519e-05,-1.735294130611464e-10,

4,56
5.713480097164502e+00,2.895966839394051e+01,4.364100783729103e+01,7.488467786755691e+00,1.342116674974378e+01,3.147529964278064e+02,6.171964046853059e-01,1.274426301023368e-05,6.537755034602513e-01,1.382917646110542e+00,1.650227399223603e-01,2.582451309925478e+01,1.612385224048599e+01,1.957466641749525e+00,1.558071546796998e+01,4.275195653633402e-01,1.326034673417973e-01,2.744201542703204e+00,4.614750371606604e+02,2.812677600392224e+02,2.111578293288775e-01,5.927571388400128e+01,3.865734671016259e+00,3.023238260599668e+02,1.239702533064994e+01,2.628231441463442e+01,8.711574409859900e+00,3.465840267257564e+00,1.592444338727621e-02,3.698314174929767e+00,2.395346860037531e+00,1.102796739965256e+00,3.932992686159236e+00,2.305582425571244e+00,3.973295032709870e+00,1.975977672336180e-01,3.473085538548090e+01,1.036189458942827e+00,5.864210193331572e-01,8.009221865955377e+00,1.526775997327473e+00,4.286979577785176e-02,1.101935859326525e-03,7.741698818442562e-02,3.984569971079548e-01,2.480090782381234e+00,4.762061799526158e-01,6.949474752341530e-01,1.883055231062151e-01,1.644185525756795e+01,7.756641500272267e-01,1.306392883323195e-01,9.138538580471932e+01,1.458503604522785e+01,2.563871777974940e+01,3.656168701127172e-10,
-1.950677567868104e-03,-1.165131205473741e-02,-3.227814818903695e-02,6.398536894081395e-06,-5.896810610551479e-03,1.833466063773531e-01,-1.734204664558389e-06,-1.559569504159370e-01,-3.539671503797809e-08,-1.264960362860748e-07,-6.184902466243328e-09,1.041093872709973e-06,-3.795438501723132e-08,-1.861146627668967e-07,-7.053868294734442e-07,-3.772466997635127e-10,-1.156442781312441e-09,-2.556542172377556e-09,-1.619852035330477e-01,7.748223622298529e-01,-5.707117123802015e-08,-4.833973863671211e-06,-3.876334718872274e-08,2.303577244868674e-06,2.058040768959728e-06,2.171396836382189e-09,-1.654247065527999e-06,-7.498523286981225e-07,6.355970630884756e-09,-1.593791891495394e-09,3.916772402656891e-07,7.307821084857694e-07,1.594398446161658e-07,7.900856789330490e-07,1.882400933124106e-06,3.500341980117930e-08,1.918309579356988e-06,1.216481390606573e-05,4.121586550783235e-11,1.930339322714673e-08,-9.224966054193976e-11,-2.237670857069019e-14,-1.503483712882493e-15,-4.539295165206150e-04,-3.093814189256762e-03,-1.060435251342027e-05,-1.181003710233583e-05,-7.236736141643170e-06,3.977528052577706e-09,2.796118908662304e-07,7.479318562877961e-06,1.113343243774664e-05,5.432644776709820e-06,1.159613234933247e-06,1.505775888844225e-06,4.329039904327203e-11,
-3.672890669753318e-03,-3.026681724585289e-02,-8.905041408994038e-02,7.533784872466802e-06,-1.107503023488420e-02,4.864485878644216e-01,-6.756292625521376e-06,-3.388268161839741e-01,-5.205155699595124e-08,3.483788364380238e-09,1.678284194106164e-08,2.432991497252456e-06,1.524048293100211e-07,-6.430812171863538e-07,-1.525072029290569e-07,1.610813157742805e-09,2.657470923956150e-09,5.542354870516154e-09,-4.823002236118328e-01,1.823996365627220e+00,-3.511078268176374e-08,-5.743252563609299e-07,2.425273152778176e-08,9.321526874839116e-06,2.796714353301872e-06,4.563251729826229e-09,2.155704263878253e-07,5.974193296390240e-07,1.476969575188186e-08,-1.767424198861050e-09,2.938860370542907e-07,5.691740083460040e-07,2.556516359679896e-07,9.771157376203940e-07,2.582190581637992e-06,6.702123753888697e-08,3.469463155185717e-06,1.411858867641476e-05,9.285665782231830e-11,4.549683577612177e-08,5.893128145387228e-11,-4.989355924264403e-14,-1.788224059713915e-15,-7.237319634418772e-04,-5.007784672405549e-03,8.006735228356587e-07,-4.414471664725256e-05,-2.769257340640801e-05,1.827969042267010e-08,8.895671013023568e-07,1.143717999581968e-05,1.688166491401549e-05,1.030804604225593e-05,1.940707758846274e-06,2.859228785787565e-06,3.813982463185539e-11,
-1.244544455183755e-02,-9.338624007520382e-02,-2.040011226551400e-01,2.817790018457323e-06,-2.917378140958079e-02,3.034262622788952e+00,-2.303598531157993e-05,-8.266435129312169e-01,2.268810747358316e-06,6.194353099039933e-06,6.576477450568537e-07,5.176151075417787e-05,2.979806035798502e-06,-1.998430290207432e-06,5.149095638081492e-05,1.563651090481171e-07,7.512765493857693e-07,5.506835341471756e-07,-1.143929919184128e+00,6.887267798142414e+00,7.723332262733115e-07,6.520421431602796e-05,6.545535793502749e-06,2.432588109584999e-04,7.435165763159469e-06,2.605244643621716e-08,1.535930692301762e-05,5.776531523306078e-06,5.448391972799027e-08,2.230248973098650e-07,1.588493347844717e-06,2.393059905531281e-06,2.052550378819570e-06,3.244578653380963e-06,1.716134522956039e-05,6.425749554032531e-07,1.570815476002792e-05,2.488172714961065e-05,3.287549277672553e-09,1.529202665300674e-06,3.613742444936449e-10,1.861498419770444e-13,1.003496649155064e-14,1.177209865417813e-03,8.181117956995897e-03,6.247993478161206e-05,-2.547632486128659e-04,-1.648439584420359e-04,8.300257104549441e-07,1.988318965998818e-05,1.069331911039418e-05,2.728784690176331e-04,1.289789845622258e-04,2.525630582619403e-05,3.587291693720823e-05,1.265343385625783e-10,

