1
0
56
1
(4 0
((0,0) (15,255) (0,0))
((0,768) (15,1023) (0,0))
((0,512) (15,767) (0,0))
((0,256) (15,511) (0,0))
)
4
FabOnDisk: SD_5_Old_MF_D_0003 0
FabOnDisk: SD_5_Old_MF_D_0000 0
FabOnDisk: SD_5_Old_MF_D_0001 0
FabOnDisk: SD_5_Old_MF_D_0002 0

4,56
-7.703606202245835e+00,-1.572713772903698e+01,-2.585232016209241e+01,-6.053175938124401e+00,-8.258626062156717e+00,-8.632334556345452e+00,-1.119443017290874e+00,-6.320283086636255e+02,-2.699380782481098e-01,-7.845212726448662e-01,-9.081876585859500e-02,-1.373245477888926e+01,-1.279136258776645e+01,-1.392550115928010e+00,-9.469371259881243e+00,-4.535956839427750e-01,-7.103703833080610e-02,-2.779062860474193e+00,-1.332590082968159e+02,3.278017505874142e-19,-9.850040901856533e-02,-4.891610148863129e+01,-1.837657208482324e+00,-2.026382008640315e+02,-7.836398169769504e+00,-2.436451943827351e+01,-4.513076653313683e+00,-2.828760366063877e+00,-8.992454709742016e-03,-1.983290929590797e+00,-1.590374891661835e+00,-9.408605676565635e-01,-3.834391509491906e+00,-2.240615347185888e+00,-3.227327128614006e+00,-2.179489805837466e-01,-3.249384603120772e+01,-4.840469467367676e-01,-3.194222942337489e-01,-8.418363087530158e+00,-1.017550510855510e+00,-1.700903766158312e-02,-7.042599326611929e-04,-8.394188174832767e-02,-1.862607191530227e-01,-2.081956306879232e+00,-6.962356103398809e-02,-4.102003795176223e-01,-1.384966282861032e-01,-2.490914763994569e+01,-4.827099630658480e-01,-5.929389811239142e+02,-9.098951345198032e+01,-9.615490777508301e+00,-2.511385240615240e+01,-3.743707566172816e-10,
-4.042699734300706e-03,-3.015439115133048e-02,-8.878604154780188e-02,1.293096658249098e-07,-1.103875000460190e-02,1.043455840235859e-01,-6.728666946022232e-06,-3.377565595485856e-01,-1.032028906727983e-07,-4.402908177621133e-07,-4.872801716620328e-08,-3.591381532146386e-06,-2.901134600424495e-07,-6.774813829121927e-07,-2.822225839239603e-06,-8.382577303558861e-09,-3.205958963953334e-08,-2.778194308990524e-08,-4.807632746920117e-01,2.663188100771320e-01,-9.534557346536395e-08,-8.761011986377246e-06,-3.202374031752285e-07,-1.321199709526797e-05,-6.990089273568526e-06,-5.815172915611495e-09,-3.808266815337744e-06,-1.256998384466154e-06,-1.159146488975089e-08,-7.473191200326748e-09,-8.728111247154960e-07,-6.441213088253975e-07,-2.769017617582020e-08,-2.225761424615070e-07,-3.331896558947464e-07,-8.732074340702587e-09,-5.891410626824193e-07,-7.702105844167254e-06,-1.339522541173986e-11,-6.067387049278152e-09,-1.050603850589788e-10,-5.006846987048746e-14,-2.502246244098967e-15,-7.222570378819825e-04,-4.997226276673440e-03,-1.278296856079060e-05,-4.390241025153140e-05,-2.753741951940590e-05,-2.272134923187396e-09,-9.453873914230797e-08,-5.925586324925028e-06,-4.133748701385119e-06,-1.066912882638337e-06,-5.866630319877110e-07,-2.956272342211029e-07,-3.865224806887113e-11,
-1.236882159412440e-02,-9.284943211758837e-02,-2.032128191283647e-01,2.915897112181134e-06,-2.903451413177940e-02,1.838984029632786e-01,-2.288737516922825e-05,-8.230192967197579e-01,-1.961885344660913e-07,-6.086419385436603e-07,-9.334344396980743e-08,-5.455033949356678e-06,-1.643765449500869e-07,-2.263713513213354e-06,-4.535057105890162e-06,-1.314689762385456e-08,-5.834859544637183e-08,-4.541630763835315e-08,-1.139142002700346e+00,7.769301660229887e-01,-1.129306989408438e-07,-8.034927901598495e-06,-7.434778811607911e-07,-2.776085428419786e-05,-7.713456125128314e-06,-9.596865985425154e-09,-2.088920369746167e-06,-8.753568031724852e-07,-4.306445773826243e-08,-2.087382130149459e-08,-3.067000112508755e-06,-5.025852942534340e-07,-7.763596307616332e-08,-3.870894182110707e-07,-8.125267549162066e-07,-3.033302161458379e-08,-1.129633670312984e-06,-9.056363049002248e-06,-8.311399695384421e-11,-3.655935862757724e-08,-9.977670862185553e-11,-8.152868018524864e-14,-2.716039033059067e-15,-1.201718270031094e-03,-8.540748399413460e-03,-1.059647599169043e-05,-2.522736964836941e-04,-1.631974038847372e-04,-9.928687151654735e-09,-4.443737732415907e-07,-3.931584062412679e-06,-6.804828899915647e-06,-4.557979946244224e-06,-8.177506636310538e-07,-1.270203677612900e-06,-4.382760820931253e-11,
-1.564201913098669e-01,-7.615897618173327e-01,-5.249512107508935e-01,-5.131290384334682e-04,-1.500629207449729e-01,4.885696240510723e-01,-2.698272155414013e-04,-3.965930937206955e+00,-1.074426650386159e-06,-1.945543258197089e-06,-4.344060612790903e-07,-3.719391503859282e-05,-8.129504524483317e-07,-2.741256741152844e-05,-2.149384919663771e-05,-6.981717418617437e-08,-3.193183689237617e-07,-2.461572928535385e-07,-4.351424277558229e+00,1.830578070934508e+00,-8.604056028261033e-08,-4.950511537175245e-06,-6.794995622541125e-06,-1.965236639911837e-04,-1.458217923894983e-05,-4.358255411569116e-08,-3.114881575864122e-07,3.974576571806800e-07,-1.574633972141224e-07,-1.627400532738828e-07,-7.739605432522624e-06,-8.256745457746365e-07,-1.325105382565787e-06,-4.687862706495093e-06,-1.989275026268655e-05,-7.232734659674312e-07,-1.364068352227760e-05,-2.086284382578124e-05,-3.099006942497491e-09,-2.322064385257932e-06,-1.189011250282162e-09,-3.595321515317143e-12,-9.761720198886422e-14,-1.410108598740080e-03,-1.039570960893892e-02,8.178615254438299e-07,-1.499020663734533e-02,-1.046769550382624e-02,-5.886310097843473e-07,-1.337592838759451e-05,-6.948490880062828e-06,-2.475327598511420e-04,-1.054890428051470e-04,-2.298470828102918e-05,-2.915439475590669e-05,-1.021454032468228e-10,

4,56
5.714666834381435e+00,2.888638003839003e+01,4.361899695103402e+01,7.533926879449457e+00,1.344100848713273e+01,3.145973712469749e+02,6.197044865016498e-01,1.267205812638394e-05,6.510994916850528e-01,1.369382266881474e+00,1.656503550969327e-01,2.593262234536057e+01,1.615265331960939e+01,1.958737248157827e+00,1.554725657490073e+01,4.242724561728083e-01,1.324520765867676e-01,2.754841809368070e+00,4.609178946121491e+02,2.810874674033808e+02,2.107938316882298e-01,5.967500624188234e+01,3.881752836910090e+00,3.025607527333514e+02,1.232109901264296e+01,2.634892447963012e+01,8.726915288278866e+00,3.451183671652154e+00,1.600835370297701e-02,3.659961211299621e+00,2.380490651835666e+00,1.101969117303027e+00,3.941089808747156e+00,2.293097266776881e+00,3.980734853736343e+00,1.993831439509690e-01,3.454299815471608e+01,1.001204193248762e+00,5.919322376974256e-01,8.014815319786367e+00,1.534763206012504e+00,4.328599956525946e-02,1.108049453744670e-03,7.747112009683262e-02,3.990123116149228e-01,2.489009942176569e+00,4.757777914449522e-01,6.963072194275799e-01,1.902688081385092e-01,1.638273915543707e+01,7.668381340937078e-01,1.284171478927339e-01,9.106508389590179e+01,1.463796001493014e+01,2.556965246929903e+01,3.774971446546260e-10,
-1.949635272171993e-03,-1.164903005244770e-02,-3.226865042287217e-02,6.398291877304889e-06,-5.896774054849787e-03,1.833277293683182e-01,-1.733332995596763e-06,-1.559261555535806e-01,-3.698917759150706e-08,-1.455754972479186e-07,-5.072785210421771e-09,1.091225639916578e-06,-7.532896494013698e-08,-1.804237653655745e-07,-8.769790121440896e-07,-9.308966089012344e-10,-3.124228218978210e-09,-4.509783976661887e-09,-1.619102483818488e-01,7.746482444627690e-01,-5.698009439434649e-08,-4.908182737411533e-06,-4.518412957212754e-08,2.810549829625011e-06,2.605327290516595e-06,2.007461822458396e-09,-1.621655817322249e-06,-7.300174394814349e-07,4.475456072548499e-09,-1.554231333698378e-09,6.889365664682581e-08,7.190999399244467e-07,1.332631520865207e-07,7.359100303984594e-07,1.811441885561666e-06,2.999974248827861e-08,1.558728307230596e-06,7.939368108089559e-06,3.095052416691838e-11,1.704853688769598e-08,-9.223474801076297e-11,-2.233675851820695e-14,-1.501829395858053e-15,-4.538791968205830e-04,-3.093498147700616e-03,-1.060554954258010e-05,-1.180591153991745e-05,-7.234197367378598e-06,3.443163639271365e-09,2.429394283631339e-07,1.081980381006009e-05,1.221348026466283e-05,5.787832373769629e-06,1.123021588736405e-06,1.606106037522682e-06,4.141403886492867e-11,
-3.672900117522112e-03,-3.026123952522833e-02,-8.903667488566844e-02,7.533718055604432e-06,-1.107378945870348e-02,4.863238851304723e-01,-6.754756923281964e-06,-3.387641706419163e-01,-5.351986261841410e-08,-3.880845507600259e-08,1.384516331034555e-08,2.284923225684583e-06,1.520312181268260e-07,-6.438581400809686e-07,-4.140811475328856e-07,7.110420298221388e-10,-1.736073848097439e-10,2.158867455440177e-09,-4.821911381842148e-01,1.823486395542397e+00,-3.958301123641155e-08,-7.459647208345986e-07,-1.762096815191307e-08,6.161476060680772e-06,2.750561711831348e-06,3.294154937477338e-09,2.295410719716223e-07,6.028943673203558e-07,1.687408287364295e-08,-2.681254834067395e-09,2.809163154189811e-07,7.910954957462042e-07,3.323814328506600e-07,1.281965570929276e-06,3.192983044754072e-06,7.904790660073732e-08,3.550830851989236e-06,1.368540593708606e-05,1.162059470506547e-10,6.138329338270854e-08,5.882011868227192e-11,-4.990047604881075e-14,-1.792912070762819e-15,-7.236421249829258e-04,-5.007144957421491e-03,7.930838419760029e-07,-4.413047062609322e-05,-2.768342280472389e-05,2.116734302751078e-08,1.013410960064412e-06,1.006655335131576e-05,1.764175817688369e-05,1.521106279800570e-05,2.640648875466755e-06,4.220633313421455e-06,4.198885683592835e-11,
-1.244191815078193e-02,-9.335490927184806e-02,-2.039539248167127e-01,2.822128610539708e-06,-2.916595311592673e-02,3.030001948933385e+00,-2.302702237696990e-05,-8.264191853033365e-01,2.170090270257804e-06,6.114663449876140e-06,6.981987006533596e-07,5.285604569185294e-05,2.612923878986419e-06,-2.041034463061609e-06,4.351395833792630e-05,1.565457670001424e-07,7.132811252990219e-07,4.966179098912510e-07,-1.143603093018112e+00,6.888514759803702e+00,7.759824636768173e-07,6.451053241337068e-05,6.270010355356450e-06,2.488297857051771e-04,7.549461170076671e-06,2.656406524140061e-08,1.459161900226669e-05,6.035475534722355e-06,4.199410277544061e-08,2.265669477855499e-07,1.316282815755884e-06,1.994386613806286e-06,1.855348339399878e-06,2.967125118661611e-06,1.468702175358588e-05,6.951043059784646e-07,1.484853947878405e-05,2.585309019606258e-05,3.691992467253856e-09,1.226468242891758e-06,3.648210970770225e-10,1.864305103012989e-13,1.005012780117802e-14,1.171167796495677e-03,8.134258478873245e-03,6.247071557679265e-05,-2.546042268425025e-04,-1.647363357478862e-04,4.188042632561118e-07,8.958192673999164e-06,1.282661691567162e-05,2.287118744926310e-04,7.712251109007754e-05,1.823932209267325e-05,2.145215158110894e-05,2.059283854549676e-10,

