1
0
63
1
(4 0
((0,0) (15,255) (0,0))
((0,768) (15,1023) (0,0))
((0,512) (15,767) (0,0))
((0,256) (15,511) (0,0))
)
4
FabOnDisk: SD_0_New_MF_D_0003 0
FabOnDisk: SD_0_New_MF_D_0000 0
FabOnDisk: SD_0_New_MF_D_0001 0
FabOnDisk: SD_0_New_MF_D_0002 0

4,63
-1.190808962215374e-07,-6.444565386330695e-03,1.576943645624378e-01,7.184947092598075e-19,1.076631751676941e-17,4.798627627666650e-14,1.346595850945922e-08,8.810731317689917e-06,2.503300714245563e-06,5.504611256401699e-09,2.858112660742944e-03,-2.107807719219322e-19,-3.451975383658535e-22,1.724027606567242e-23,1.592502797628935e-10,1.213425075400053e-10,4.459529930265781e-19,1.809973493913781e-09,1.652605519267263e-13,-1.943503197578921e-22,1.262686408602521e-11,8.325247168032914e-07,7.790426803578260e-08,-1.764206795007684e-21,5.821656284919054e-09,1.785137790736773e-19,3.484660909074192e-09,8.846124513183019e-19,2.027439549916058e-14,-6.389703178813757e-21,5.852491716938131e-10,6.676609115919604e-17,3.125553066859613e-18,2.302733227295745e-12,1.033043983356791e-15,7.264857947091093e-15,5.086287080035689e-15,6.633984605351761e-15,-2.038570597658328e-20,2.667384459851728e-15,1.115180117322051e-18,-1.761963929613309e-19,2.144651415683680e-15,1.183963443782392e-13,2.756808661845141e-16,8.292071755441751e-18,8.030244287181600e-13,2.604769767317972e-13,1.080788289543593e-11,2.513436091473046e-12,4.528828236169440e-12,-2.063131821577192e-19,8.934530366385594e-15,-3.161971365209962e-20,-1.479452215385142e-16,-1.936506767905055e-17,-3.827887821227733e-17,-1.704652075948852e-17,1.131292636924440e-01,4.138802714918511e+03,0.000000000000000e+00,4.430192960342767e+02,1.013250000000000e+05,
-2.516352459338485e-08,3.522947193785725e+00,1.460776135432237e-01,6.070515590851840e-06,5.799812190273625e-05,4.680308788745342e-04,1.349684574539611e-07,5.686051931591330e-05,1.235248596760154e-02,1.203610120891453e-08,1.181978910543675e-03,5.076314143774074e-11,2.700159788750554e-10,2.278924610116459e-11,1.081356744618700e-09,2.967470564598333e-10,8.656289676629606e-10,1.617727770962533e-09,3.523125943640273e-12,1.163990889007700e-11,1.243699612368269e-11,3.564992397408756e-03,2.343872592164043e-02,8.699134884964050e-11,8.997390270683632e-09,9.954739841023180e-11,3.351839958938811e-09,6.863154947318856e-14,1.241261356413557e-15,2.982587288855018e-09,1.617676810502688e-09,4.063940615834856e-15,2.164716408209193e-12,4.838272529708957e-14,8.119489252692195e-14,1.562271216571184e-15,3.155674647048118e-15,2.767179634673030e-15,9.495042129685325e-19,4.423919584495486e-17,1.660631968692333e-20,1.086548533708456e-22,2.111362177468969e-17,7.798265776819955e-14,1.726752869893559e-17,1.182567153340541e-18,5.851557295330656e-07,3.979542142905247e-06,1.795030302991981e-08,1.319667012244114e-08,8.068580506526144e-09,4.221575654565768e-13,6.933260582019224e-16,-3.300931769474082e-23,-3.594642505523107e-23,-2.075095116904961e-19,-5.943520209531210e-19,-1.570967112668159e-19,1.047697814239501e-01,7.926811903410303e+03,0.000000000000000e+00,2.330839189411190e+03,1.013250000000000e+05,
-1.879970790225177e-08,3.456757908456378e+00,1.469391386506937e-01,7.208685947412005e-06,6.950450195698297e-05,5.062217022365578e-04,1.327186021441510e-07,6.113470218547115e-05,1.235474282679254e-02,1.460384080766135e-08,1.324776424119941e-03,8.168124357047268e-11,3.929851392620133e-10,3.430596344029153e-11,1.510121428398770e-09,3.788843900825279e-10,1.130881942906029e-09,2.352360977375577e-09,5.146829215851625e-12,1.762215038837641e-11,1.781954781957420e-11,3.780893436745732e-03,2.305406960891395e-02,1.281070520706093e-10,1.259707097953734e-08,1.658823596750688e-10,5.020354075625019e-09,1.278230627701875e-13,2.320104123059469e-15,4.184922485013121e-09,2.191739322158629e-09,8.764072243574945e-15,3.996811722218665e-12,1.040547120596260e-13,1.254344337343335e-13,3.234910658965417e-15,5.404048823478929e-15,4.847904346670097e-15,2.366651532324895e-18,1.007665440648309e-16,3.685241347731407e-20,3.702100245492722e-22,4.957330939923949e-17,1.388478557566357e-13,3.873410550557325e-17,2.377208261137985e-18,9.322525485487818e-07,6.366125422638294e-06,2.483128270963587e-08,2.854149710453981e-08,1.762038911761500e-08,7.268607919733715e-13,1.268234222993778e-15,-4.520116154411500e-23,-5.217004196761538e-23,-2.575390462998847e-19,-7.296596321586884e-19,-1.936056063662049e-19,1.053892201913359e-01,7.832549861278485e+03,0.000000000000000e+00,2.291806060746012e+03,1.013250000000000e+05,
-4.654626702156375e-08,3.209478712040897e+00,1.490462098947581e-01,1.040765968511321e-05,1.011304253845240e-04,5.930962685991999e-04,1.327200004901163e-07,7.159338408477390e-05,1.234107440080705e-02,2.217844831387495e-08,1.660435226430135e-03,1.369095314562791e-10,4.142923791222338e-10,5.030143955651554e-11,1.385897945333210e-09,1.978956981246601e-10,1.887945862010396e-09,2.849149182733570e-09,5.448959173141554e-12,2.611759401826243e-11,1.928868999677598e-11,4.283048198418151e-03,2.215382031427122e-02,1.313278984496607e-10,1.067629559395531e-08,2.992205066951005e-10,6.835924034308476e-09,2.955397017103278e-13,5.338828401162347e-15,2.976821087685805e-09,1.185994150973145e-09,2.695699815952828e-14,8.751107611867342e-12,3.185531295943917e-13,2.940842177204330e-14,7.252610633223932e-15,7.950702297533932e-15,8.760950729865925e-15,9.284735067805469e-18,3.276943262722173e-16,1.111075041787426e-19,1.158826734831039e-20,1.739624991597668e-16,6.614432675219379e-14,8.289337770041969e-17,2.814228468545369e-18,1.548358757505259e-06,1.067141787552377e-05,1.780594464936078e-08,9.445641907861578e-08,5.963825749491606e-08,1.426850528902788e-12,2.828237417433132e-15,-2.216428155995054e-21,-4.296041961003176e-21,-3.797173114898025e-18,-1.045705369210024e-17,-3.215917256658567e-18,1.069048319476624e-01,5.928282647475113e+03,0.000000000000000e+00,2.147209500756127e+03,1.013250000000000e+05,

4,63
1.188445352690258e-07,3.206945031685456e+00,8.371721215941563e-01,5.121244072112067e-05,4.653142887769924e-04,9.713294244991933e-04,1.187139463913721e-04,3.157713778167894e-04,1.319615477781849e-02,2.136359278440884e-05,1.827404801465206e-01,1.350643097063077e-06,6.219784891130135e-06,7.064378714289115e-07,2.255626483924444e-04,2.498075595995041e-04,2.059111996392840e-05,5.091497591184994e-04,1.429917075357520e-05,9.589108484491585e-07,6.628575644006824e-05,1.402806063845929e-02,2.214917954907337e-02,7.372136218294312e-07,5.854310565660543e-04,2.161953093502927e-05,4.403437689523756e-03,9.768757957883870e-05,4.376154901012649e-04,3.082348796805370e-05,1.163502165992414e-04,1.346562116740585e-07,3.159032371675819e-05,3.797161012041028e-05,1.131193722881639e-05,5.588239862740399e-05,2.983982741617921e-05,3.847419214896748e-05,3.071665895479069e-06,6.428409463015515e-04,1.024905844164087e-05,4.076958803819590e-06,1.149181375596629e-04,1.541704971299310e-05,6.670545401971678e-07,1.475767945846316e-08,2.488979578317717e-06,1.756434126054598e-05,2.892438426783139e-05,1.251087489589584e-05,1.632213925431470e-05,1.649856681441997e-06,4.562907628173506e-04,9.155280320908536e-06,5.258543512685930e-02,1.666269642635172e-03,1.341038919944313e-04,4.533000873138929e-04,6.018338058887885e-01,7.574363939896470e+04,0.000000000000000e+00,2.145945726448231e+03,1.013250000000001e+05,
2.567167238878322e-08,3.551448449183701e+00,1.469350050568194e-01,7.203086258698893e-06,6.944808497424562e-05,5.060399417337927e-04,1.367950267701628e-07,6.111410012297537e-05,1.235473250675366e-02,1.459112345854563e-08,1.324094655278565e-03,8.154050017463375e-11,3.924651131895894e-10,3.425580957969085e-11,1.508374283068336e-09,3.785896998045724e-10,1.129579276727689e-09,2.349245652636624e-09,5.139949533015023e-12,1.759599308573925e-11,1.779709891778677e-11,3.779861768520187e-03,2.361464069194280e-02,1.279318762426304e-10,1.258240200677865e-08,1.655743834968078e-10,5.013136535745610e-09,1.275324423424688e-13,2.314809256910136e-15,4.180040650415818e-09,2.189514378543651e-09,8.739713768580852e-15,3.987893050837373e-12,1.037665959292531e-13,1.252564892201129e-13,3.226714585958227e-15,5.393839876343577e-15,4.838206829351867e-15,2.359131761532106e-18,1.004716781367624e-16,3.674929729951476e-20,2.833717434522897e-21,4.942298093647450e-17,1.385920592181938e-13,3.863009604507598e-17,2.372091167994074e-18,9.306810053880947e-07,6.355290848247050e-06,2.480369767221085e-08,2.846147851482518e-08,1.757040954106877e-08,7.254183268671205e-13,1.265432560224643e-15,3.509263527472125e-23,3.340848508429992e-23,2.447807635614996e-19,6.289213259048586e-19,1.729647405761748e-19,1.053862484460989e-01,7.933471900803272e+03,0.000000000000000e+00,2.347217444250343e+03,1.013250000000001e+05,
2.088219943462375e-08,3.522780668453795e+00,1.490330975860875e-01,1.038606638146206e-05,1.009202542301876e-04,5.925850991602411e-04,1.349598427647899e-07,7.152880191306283e-05,1.235718517387635e-02,2.212575195256735e-08,1.658404723887066e-03,1.366323431430408e-10,5.324392379246590e-10,5.023569286991066e-11,1.899711572972255e-09,4.048820462793467e-10,1.882718585564679e-09,3.219603746632357e-09,6.989759999965695e-12,2.608198312491018e-11,2.348287340973008e-11,4.280048709361294e-03,2.343788702941775e-02,1.759308239438113e-10,1.580399161452123e-08,2.984911250066127e-10,7.208448213932512e-09,2.943943005836210e-13,5.318479502546723e-15,5.171020363702483e-09,2.489047310377181e-09,2.681256976746103e-14,8.721044268658930e-12,3.168483979434511e-13,1.478801869355209e-13,7.229755228999945e-15,8.890338735354319e-15,8.741634832207812e-15,9.223548908348573e-18,3.258530092270788e-16,1.105133306515927e-19,1.365247987078771e-20,1.729027371329137e-16,1.784418645722971e-13,8.267514063400482e-17,4.181026353070124e-18,1.545207845476775e-06,1.064913179777772e-05,3.013441272833653e-08,9.388317533016098e-08,5.926830944618063e-08,1.422606364940251e-12,2.817843518530439e-15,5.988946765308339e-23,6.357091589202158e-23,3.155541737344189e-19,9.087505329902087e-19,2.387576982248691e-19,1.068953973487399e-01,7.926788611136258e+03,0.000000000000000e+00,2.330760748993690e+03,1.013250000000001e+05,
4.690095873882231e-08,3.456730691181967e+00,1.576132528044284e-01,2.855688189160155e-05,2.644026527066305e-04,8.519759433219290e-04,1.901726860131045e-07,1.109326978672364e-04,1.235718805445927e-02,7.154110840342520e-08,2.847873833011395e-03,1.954518009027977e-10,5.597676419470878e-10,5.830177974061711e-11,1.930619888846295e-09,3.969449623825730e-10,6.856766698176471e-09,3.465058259688389e-09,7.339876524174945e-12,3.075208714404340e-11,2.444481259884519e-11,5.920806739346121e-03,2.305188046269420e-02,1.850809722281015e-10,1.599275827548468e-08,5.166447989194531e-10,8.058454295066244e-09,1.150900292738901e-12,2.013984143787306e-14,5.190529783706098e-09,2.485068955045116e-09,1.813445029654507e-13,2.203777689361131e-11,2.280423798814582e-12,1.453830758082179e-13,1.190578489167134e-14,1.039811438559696e-14,1.211036752561976e-14,1.205412803631417e-16,2.640640797265622e-15,1.100318410334446e-18,4.278125553345154e-19,2.113944380892244e-15,1.783895803487941e-13,2.640339028669155e-16,7.933723825087594e-18,2.485453021673726e-06,1.753338928356017e-05,3.019615031995300e-08,1.549981441960401e-06,1.052265599212399e-06,3.649136029874731e-12,9.740914834689897e-15,1.324519981331752e-21,2.727283583322769e-21,2.041134590953024e-18,5.586872691270104e-18,1.741425785317615e-18,1.130708743842833e-01,7.831547921669126e+03,0.000000000000000e+00,2.291566926320308e+03,1.013250000000001e+05,

