1
0
63
1
(4 0
((0,0) (15,255) (0,0))
((0,768) (15,1023) (0,0))
((0,512) (15,767) (0,0))
((0,256) (15,511) (0,0))
)
4
FabOnDisk: SD_0_Old_MF_D_0003 0
FabOnDisk: SD_0_Old_MF_D_0000 0
FabOnDisk: SD_0_Old_MF_D_0001 0
FabOnDisk: SD_0_Old_MF_D_0002 0

4,63
-3.773190898200006e+00,9.483514954753122e+03,1.576922919843177e-01,3.637844027863494e-19,7.990464881630371e-18,3.581400389576078e-14,1.104605155439075e-08,4.684226229023295e-06,1.992972758692533e-06,4.521321745242804e-09,2.857787786120748e-03,0.000000000000000e+00,1.111517253845400e-22,1.839894150233575e-23,1.281938908952344e-10,1.207291870690183e-10,3.576023415898639e-19,1.802693500720521e-09,1.409798693834917e-13,4.727379561563269e-23,1.257929466002664e-11,6.830884999690059e-07,6.664928723436331e-08,0.000000000000000e+00,5.817633632593050e-09,1.217168083016376e-19,3.480049583031550e-09,7.546119524639465e-19,2.027247925182598e-14,6.060051440995618e-23,5.852373619657173e-10,5.815713707375942e-17,2.614931118062651e-18,2.302112980871354e-12,9.101963769593094e-16,7.262770401036816e-15,5.097869145719451e-15,6.577654170266353e-15,5.478805332233033e-24,2.593141389971441e-15,0.000000000000000e+00,0.000000000000000e+00,2.138651248655634e-15,1.152168051906301e-13,2.637855419642414e-16,7.801693043680346e-18,7.248394769248211e-13,2.351369450585105e-13,9.758874053631803e-12,2.269683255934283e-12,4.089622829449788e-12,0.000000000000000e+00,8.774786249528190e-15,0.000000000000000e+00,0.000000000000000e+00,0.000000000000000e+00,0.000000000000000e+00,0.000000000000000e+00,1.131277675485975e-01,4.136773186313680e+03,0.000000000000000e+00,4.430155452808507e+02,1.013121696309984e+05,
-3.919970797760912e-01,2.265601783646572e+05,1.460783264372480e-01,6.076064304458986e-06,5.802252393196298e-05,4.681344568052628e-04,1.349611745354138e-07,5.687880280609118e-05,1.235237219309592e-02,1.203848694090844e-08,1.182213785722218e-03,5.080190067069228e-11,2.702812398173551e-10,2.280818907367803e-11,1.082528959411598e-09,2.970321957127853e-10,8.661266064141323e-10,1.619229843047382e-09,3.525870177873796e-12,1.164641641910489e-11,1.244732627080920e-11,3.565337731136632e-03,2.343876075573651e-02,8.704364802603244e-11,9.005338489549613e-09,9.952994178772391e-11,3.354811220301821e-09,6.857887297030828e-14,1.241393092857520e-15,2.985897296663252e-09,1.618904803463771e-09,4.058682383167237e-15,2.163123308325020e-12,4.842002101974863e-14,8.127137330254938e-14,1.559919687397183e-15,3.158325985790671e-15,2.768525428006185e-15,9.501610861967822e-19,4.416321958889412e-17,1.656130766767317e-20,8.161249119484623e-22,2.104198789850566e-17,7.805516899033661e-14,1.723323141192860e-17,1.185825488855729e-18,5.855814998839706e-07,3.982241588427505e-06,1.796280451486292e-08,1.317181524169116e-08,8.048454177794346e-09,4.218442892535476e-13,6.926767470430372e-16,1.133203348937704e-24,0.000000000000000e+00,0.000000000000000e+00,0.000000000000000e+00,0.000000000000000e+00,1.047702169741374e-01,7.926786992843065e+03,0.000000000000000e+00,2.330842989925854e+03,1.013247476658520e+05,
-5.167718564569841e-01,2.205430975453023e+05,1.469389426963547e-01,7.207738680956522e-06,6.949627141736528e-05,5.062312090339490e-04,1.327073162476664e-07,6.113413588940898e-05,1.235473263098213e-02,1.459750070293593e-08,1.324742442297500e-03,8.161047521377857e-11,3.929259263701184e-10,3.428942829473882e-11,1.510118502333612e-09,3.789041402258330e-10,1.130190471594652e-09,2.352264681894941e-09,5.145883588242956e-12,1.761322578443380e-11,1.781808243997443e-11,3.780846373168465e-03,2.305393889307640e-02,1.280705009827283e-10,1.259719638001185e-08,1.656619364744651e-10,5.019945597314322e-09,1.274932921021702e-13,2.317108459437696e-15,4.184937821790195e-09,2.191819762532793e-09,8.735250371227139e-15,3.989190737156066e-12,1.039839561372098e-13,1.254422011832665e-13,3.226897109252073e-15,5.403878877406982e-15,4.846664464054791e-15,2.363917944251739e-18,1.004303738207890e-16,3.672297481535028e-20,2.346183526404075e-21,4.931425942402513e-17,1.388425763243919e-13,3.860909980371523e-17,2.388109634416879e-18,9.322879569875173e-07,6.365802849382671e-06,2.483492881314536e-08,2.843743246269533e-08,1.753647379790271e-08,7.254745824827166e-13,1.265498975911811e-15,6.480174329056182e-25,0.000000000000000e+00,0.000000000000000e+00,0.000000000000000e+00,0.000000000000000e+00,1.053890801519736e-01,7.833970194823614e+03,0.000000000000000e+00,2.291795935036828e+03,1.013248685558437e+05,
-4.801760283312420e+00,2.089421581322262e+05,1.490464000240804e-01,1.041275226407438e-05,1.011513862491729e-04,5.931434951819406e-04,1.327189153828691e-07,7.160398943217841e-05,1.234106062156700e-02,2.218113100451162e-08,1.660537250242890e-03,1.369337939080179e-10,4.145377973962773e-10,5.030530886062094e-11,1.386372964449421e-09,1.978877919416572e-10,1.888604205073499e-09,2.850378631500692e-09,5.450536752620855e-12,2.611761925069633e-11,1.929355615375877e-11,4.283184894793482e-03,2.215400638325494e-02,1.313830384624910e-10,1.067796742955182e-08,2.992877256273754e-10,6.839119504204037e-09,2.956352742584226e-13,5.339836000043666e-15,2.976488003270264e-09,1.185635551203642e-09,2.696683333681181e-14,8.752081358558914e-12,3.186632841062606e-13,2.937440892088094e-14,7.253346894370491e-15,7.951699116513227e-15,8.761131447373593e-15,9.278250881245927e-18,3.277385823957885e-16,1.110854407805731e-19,1.087074600389949e-20,1.739521652682595e-16,6.614385461782043e-14,8.291907750306595e-17,3.430749253936375e-18,1.548396766368448e-06,1.067160869381922e-05,1.780441646936981e-08,9.447337323180211e-08,5.964695569109495e-08,1.427280743966583e-12,2.828814491933794e-15,0.000000000000000e+00,0.000000000000000e+00,0.000000000000000e+00,0.000000000000000e+00,0.000000000000000e+00,1.069049329362030e-01,5.927368770074593e+03,0.000000000000000e+00,2.147249598951508e+03,1.013245352432243e+05,

4,63
3.771815912694664e+00,2.306560427830841e+05,8.372014292563916e-01,5.120331269761210e-05,4.649548183655111e-04,9.712449614659669e-04,1.187410045698376e-04,3.162392977310588e-04,1.319358812733193e-02,2.136682353614211e-05,1.827480310349447e-01,1.356740324115364e-06,6.242844630186427e-06,7.089112566279263e-07,2.262287414394681e-04,2.498714282978959e-04,2.068796140685251e-05,5.090766067423223e-04,1.430000041725967e-05,9.642390171771512e-07,6.627218431099305e-05,1.402989169112628e-02,2.214935883058110e-02,7.411783449235445e-07,5.857614624375460e-04,2.175721329305948e-05,4.403983707238737e-03,9.806407269212452e-05,4.377305108930011e-04,3.095016981200212e-05,1.163154042211638e-04,1.358108672185570e-07,3.167982420264398e-05,3.797407619181103e-05,1.132223252058605e-05,5.590613458959936e-05,2.985698310756025e-05,3.853034806971733e-05,3.081811061028535e-06,6.430395360739620e-04,1.033312590771979e-05,4.105264149108629e-06,1.150187092683537e-04,1.543722513044648e-05,6.679661399672697e-07,1.476798580691330e-08,2.489147679215579e-06,1.756307081122596e-05,2.894610629481083e-05,1.251837300279734e-05,1.633422533879328e-05,1.664611738330054e-06,4.559721636538943e-04,9.309816470015937e-06,5.258737533023098e-02,1.666825706979068e-03,1.344927104071361e-04,4.533830302348365e-04,6.018584480522893e-01,7.573515951004489e+04,0.000000000000000e+00,2.145980495172594e+03,1.013350615903408e+05,
3.907251139008009e-01,2.307328481828707e+05,1.469348118978778e-01,7.202101061575297e-06,6.943952646225730e-05,5.060509612229974e-04,1.367889622529226e-07,6.111359755918973e-05,1.235472155696775e-02,1.458494398293088e-08,1.324060895330801e-03,8.146676268254513e-11,3.924024183732649e-10,3.423886044893390e-11,1.508373468578166e-09,3.786107341128764e-10,1.128885414250848e-09,2.349148028691535e-09,5.138966558271683e-12,1.758674144219479e-11,1.779556348493973e-11,3.779815300987371e-03,2.361429894954381e-02,1.278958962963292e-10,1.258255502728087e-08,1.653563651841031e-10,5.012713335138093e-09,1.272048971628434e-13,2.311609935742155e-15,4.180062641073981e-09,2.189601758366871e-09,8.709682187647068e-15,3.979825235646079e-12,1.036921220685156e-13,1.252649200490293e-13,3.218312443561952e-15,5.393684229219115e-15,4.836898221104094e-15,2.355640128580185e-18,1.001160007805422e-16,3.660822220127303e-20,2.400884405582462e-21,4.916709418262406e-17,1.385866117036112e-13,3.850544277181811e-17,2.382703518034321e-18,9.307237819706405e-07,6.354975952373228e-06,2.480765398904052e-08,2.835308566064683e-08,1.748758284784715e-08,7.240310597968454e-13,1.262529185403180e-15,9.184290161792905e-24,4.664250493436351e-23,2.206460053322733e-19,6.058349432282885e-19,1.523937525724477e-19,1.053861104079505e-01,7.935391922096134e+03,0.000000000000000e+00,2.347192008993733e+03,1.013250642564158e+05,
5.353211009259267e-01,2.266477160908251e+05,1.490332629757988e-01,1.039115472337553e-05,1.009405087352639e-04,5.926322065940087e-04,1.349530969703008e-07,7.153945383243785e-05,1.235715653634656e-02,2.212828544938295e-08,1.658499138405574e-03,1.366563236757265e-10,5.324114516531904e-10,5.023942994908825e-11,1.899580433693527e-09,4.048558838967962e-10,1.883378489494153e-09,3.219444852536844e-09,6.989454348217391e-12,2.608192094377276e-11,2.348065692783613e-11,4.280175312141012e-03,2.343792383828461e-02,1.759351196262979e-10,1.580291701657766e-08,2.985565123531943e-10,7.208367394993237e-09,2.944858877938864e-13,5.319324113118993e-15,5.170290176012081e-09,2.488898589896589e-09,2.682149077737179e-14,8.721755226642260e-12,3.169441706702387e-13,1.478573178251945e-13,7.230264584238823e-15,8.889858909824441e-15,8.741775467268356e-15,9.216768774087478e-18,3.258787281689266e-16,1.104858797581376e-19,1.124930553474459e-20,1.728886075757914e-16,1.784303796712621e-13,8.269872851852297e-17,4.163140263940243e-18,1.545237862042028e-06,1.064925469716526e-05,3.013250222271376e-08,9.389518368030781e-08,5.927663359526005e-08,1.423027773023013e-12,2.818354302345375e-15,1.918640858649327e-23,1.827939004091541e-22,2.783294447318933e-19,8.625197070526916e-19,2.051262590962155e-19,1.068954784729030e-01,7.927504314406615e+03,0.000000000000000e+00,2.330764598407888e+03,1.013250314879495e+05,
3.706828951051461e+00,2.210833165254105e+05,1.576111347563011e-01,2.854057402385154e-05,2.643129082221361e-04,8.520466693540804e-04,1.899319736226751e-07,1.109248313662784e-04,1.235717844746835e-02,7.145578922428193e-08,2.847528217714695e-03,1.956585658748281e-10,5.598958590203763e-10,5.831608892867617e-11,1.930496227676673e-09,3.968877804493927e-10,6.848704739500606e-09,3.464866571852104e-09,7.340126665507744e-12,3.075188041131190e-11,2.444245919043876e-11,5.920420772678778e-03,2.305173838469045e-02,1.850928782203221e-10,1.599162977503965e-08,5.172075666924996e-10,8.057789218214235e-09,1.151416432987777e-12,2.013718439047697e-14,5.189795530471570e-09,2.484737744213827e-09,1.813776258398702e-13,2.207189116534866e-11,2.279756504807573e-12,1.453592525223971e-13,1.191370948206105e-14,1.039604033015504e-14,1.211170184324782e-14,1.202871924873058e-16,2.640842328776989e-15,1.167467804837502e-18,3.906360876483872e-19,2.106617227371060e-15,1.783632161336306e-13,2.512727217384956e-16,7.453706083267428e-18,2.488269796299115e-06,1.754040804049840e-05,3.019496651622972e-08,1.545653550729963e-06,1.045668203882557e-06,3.654389420328292e-12,9.753408122390613e-15,3.858592832337454e-20,5.860485676208840e-19,4.797859097375598e-18,4.713284193477923e-18,1.868377748502997e-18,1.130693574039472e-01,7.833369239762767e+03,0.000000000000000e+00,2.291555746693283e+03,1.013251757369039e+05,

