1
0
56
1
(4 0
((0,0) (15,255) (0,0))
((0,768) (15,1023) (0,0))
((0,512) (15,767) (0,0))
((0,256) (15,511) (0,0))
)
4
FabOnDisk: SD_5_New_MF_D_0003 0
FabOnDisk: SD_5_New_MF_D_0000 0
FabOnDisk: SD_5_New_MF_D_0001 0
FabOnDisk: SD_5_New_MF_D_0002 0

4,56
-6.608527148026051e+00,-1.528678956477048e+01,-2.964532527846707e+01,-5.326038100720906e+00,-8.591830205890338e+00,-8.850341872870723e+00,-1.102959998404450e+00,-6.393951165752435e+02,-2.382879144071140e-01,-8.331397780845449e-01,-1.086335824309238e-01,-1.363139153494334e+01,-1.244842671346662e+01,-2.361951811515952e+00,-1.083123467741754e+01,-3.771400387067677e-01,-1.475250456042584e-01,-2.664482810263919e+00,-1.355612464299288e+02,3.992941908194557e-13,-1.135681814920941e-01,-4.505076397482539e+01,-2.386766466975093e+00,-1.976073173139557e+02,-9.697955529656351e+00,-2.251427708291510e+01,-4.544691717347075e+00,-3.097678941179950e+00,-4.626161976712759e-02,-1.771523568018164e+00,-1.612392917679559e+00,-8.589926567034760e-01,-3.596823161809479e+00,-2.093507504175086e+00,-3.120174822249073e+00,-2.429087376678007e-01,-3.059258401714810e+01,-3.167905256379800e+00,-4.722048864467799e-01,-8.139294624276362e+00,-7.876258913457588e-01,-2.840862626590350e-02,-5.542867812755954e-04,-8.315257878575388e-02,-1.491765555978737e-01,-1.964414915900351e+00,-6.824995134909166e-02,-3.176216189092274e-01,-2.201187155005827e-01,-2.234697137612389e+01,-5.207006260250986e+00,-5.418625589749175e+02,-8.339937286196242e+01,-8.976594321272966e+00,-2.299919165137239e+01,-0.000000000000000e+00,
-1.031988726903037e-02,-9.877760268001595e-02,-6.380515684348211e-02,-9.478984679995409e-05,-7.839351639475927e-03,-2.288648368562388e-02,-1.589010506474063e-04,-3.367422805057239e-01,-1.221864941121903e-06,-7.749729751509933e-07,-3.867505944135683e-07,-6.344512081602969e-07,-1.227438019423370e-07,-1.416469948595982e-05,-1.167779372503248e-06,-1.633445633767951e-08,-1.582283707926715e-07,-2.220478243549417e-08,-4.614361219973691e-01,3.794379891911557e-01,-8.879124697358200e-07,-5.294640977126166e-06,-5.114311890037030e-06,-5.684158954637315e-06,-7.504527588465286e-09,-3.640395536325114e-11,-1.760875487695631e-06,-8.347217809436286e-07,-4.922368064929757e-10,-1.153358135364825e-07,-7.379306529024549e-10,-6.417359393767232e-11,-1.328856672400870e-10,-3.847399700960722e-12,-8.362089063402573e-12,-1.171927863955806e-13,-5.405665162499413e-12,-3.499802761110642e-15,-1.295256190350456e-14,-6.084547921063754e-12,-1.199550405748273e-10,-3.157597633268517e-12,-4.562580818463056e-14,-5.702804886289399e-04,-4.333129075870165e-03,-9.669296748952342e-06,-1.771022479342957e-03,-1.898467271062909e-03,-2.948123827421778e-08,-4.123326928943638e-11,-2.455652276431552e-16,-6.933032532849186e-16,-9.738643557482254e-14,-7.824613868419908e-14,-8.385759493654217e-14,-0.000000000000000e+00,
-2.398401255599751e-02,-2.011390795778771e-01,-1.880713648660612e-01,-4.840516419892743e-04,-2.855870807812256e-02,9.705063887695631e-02,-3.172068189187880e-04,-8.053937365681777e-01,-6.116416432424373e-07,-4.096520225093093e-07,-1.634355162065878e-07,-6.420396862877002e-07,-6.997493128588532e-08,-2.492384899051567e-05,-1.259810490284569e-06,-7.355273814060578e-09,-7.028299411809759e-08,-2.054766992561835e-08,-1.109072128664683e+00,7.477962462108945e-01,-3.347810234533662e-07,-5.342617767090609e-06,-3.137525108819341e-06,-4.007644271372929e-06,-1.057583557829147e-08,-5.378112283075787e-11,-1.724378237478050e-06,-6.809972653618299e-07,-1.069065874495390e-09,-1.282186913945536e-07,-1.986234128373951e-09,-5.552588249579670e-11,-8.507208098769115e-11,-4.985671691008923e-12,-6.294985632820956e-12,-4.186733751274139e-13,-1.252484590576896e-11,-7.615155577898990e-15,-2.243254802696102e-14,-1.635739467322288e-11,-9.895949426316734e-11,-1.813447332858022e-12,-9.968539765933612e-14,-1.062495465840431e-03,-8.268574670303928e-03,-9.212405096854447e-06,-4.401012336444660e-03,-5.405692967849338e-03,-2.538810183682021e-08,-5.242276784441012e-11,-4.624001932595542e-16,-1.143960154286803e-15,-1.457171042732039e-13,-1.457450315211148e-13,-1.338912051729774e-13,-0.000000000000000e+00,
-1.655549598124803e-01,-8.813976130663950e-01,-5.053319054294069e-01,-2.308276705909568e-03,-1.333427705465759e-01,3.909714866373933e-01,-1.108362096020707e-03,-3.822536022669107e+00,-1.526381054805798e-07,-1.038659724813250e-07,-2.527479241058851e-08,-1.347174052492539e-07,-8.847853322950819e-08,-8.882325702374881e-05,-8.463849221137523e-07,-1.412831244165847e-09,-1.596469917462188e-08,-8.686200476749465e-09,-4.171618362931675e+00,1.783025673468779e+00,-3.670768144388233e-08,-8.179268050874455e-07,-1.006176748697544e-06,-2.689624451786019e-06,-1.130664623524851e-08,-7.447950435523589e-11,3.045924855566181e-07,-2.340974894310458e-06,-2.050752138711099e-09,-5.872735824170734e-08,-8.893736595628257e-09,-6.025363039872172e-11,-2.407020876049798e-11,-4.673041748852812e-12,-6.393611032824949e-12,-2.353921868374473e-12,-3.021695628409340e-11,-1.116063042114391e-13,-5.350434001435981e-13,-7.434400792814328e-11,-1.508317294368373e-08,-9.063710544313853e-11,-2.340541500277667e-12,-1.199735392678089e-03,-9.629675150461970e-03,1.768607433188943e-06,-3.359678213833660e-02,-5.695640167959484e-02,-9.631489556069395e-09,-3.496867843440082e-11,-1.836794618026024e-14,-1.974231751828506e-12,-2.706041992210402e-12,-2.411478699156723e-12,-2.293610029361958e-12,-0.000000000000000e+00,

4,56
5.298145427938688e+00,3.449058556649720e+01,4.785766544470390e+01,9.446713023219536e+00,1.247037475115446e+01,3.172292961928387e+02,6.501273481849714e-01,-1.105294350066242e-08,4.570774204556465e-01,9.630049967438757e-01,7.366762842791173e-02,2.185669059828503e+01,1.458989709325016e+01,3.923768768573790e-15,1.599981815174925e+01,3.926675516939757e-01,3.896404644600719e-02,2.806266876213561e+00,4.588605038667595e+02,2.826997652244300e+02,1.226035439064078e-01,5.556873858384897e+01,2.314444348157405e+00,2.785128676180478e+02,9.770046702266711e+00,2.380301761770958e+01,6.398182802119451e+00,3.803834124059758e+00,4.016210885630508e-04,4.684288558562664e+00,2.357970994367764e+00,1.023457719619036e+00,3.834074232426840e+00,2.179065398782127e+00,4.011884975666156e+00,3.728931891687282e-02,3.083197957980603e+01,5.431983721563109e-01,2.167740725025361e-01,7.670396827381734e+00,1.219446497887733e+00,2.777282382292371e-02,9.251477157450306e-04,7.552649921008803e-02,3.019913278221189e-01,2.404826482781473e+00,4.556543000575530e-01,6.404686850436268e-01,1.041923862932704e-07,1.550927158954102e+01,6.742679548138821e-12,6.435744356960006e-09,8.109221430138565e+01,1.270037787304287e+01,2.280157921133259e+01,-0.000000000000000e+00,
-1.629909099880447e-03,-1.484496854611096e-02,2.010623028603647e-01,4.611933575884675e-06,1.478430005528887e-03,1.296446431216500e-01,-3.436313997711027e-06,-1.685877112664532e-01,-4.583081275538756e-08,-1.755503119303444e-07,-1.735762739842942e-08,-1.082985467934980e-07,1.361339977940406e-07,-3.770742995844706e-07,-8.842621421169797e-07,-2.330446203561652e-09,-8.703618523821073e-09,-7.605525528909865e-09,-2.340388086130096e-01,7.441583547241385e-01,-6.068238802545184e-08,1.746551227106985e-06,-1.020038313284811e-07,-2.321910786629823e-06,-9.255071203890202e-11,-1.447079334434526e-12,-7.401540836484471e-07,3.942775854477863e-07,-6.718091188583136e-12,-2.622831101604488e-09,-6.836779086022606e-11,7.907411575745680e-11,-2.505093610355585e-12,2.775582878690438e-12,-2.749233578200852e-12,1.014701419818256e-14,-4.816858640954490e-14,5.865898349597161e-17,1.448884708864556e-14,-3.611291307773435e-14,-8.669069642699765e-11,-2.945878411110356e-14,5.099941167516520e-14,1.015941344999784e-03,-2.673323403780445e-03,4.172643285741032e-05,-2.184855084375654e-05,-1.486889688149774e-05,-4.718628128658751e-10,-8.185377740227708e-13,2.557281662316427e-16,3.141565085572704e-16,9.020008321552162e-14,8.823375686588724e-14,8.393678763833411e-14,-0.000000000000000e+00,
-3.779576328131357e-03,-3.256075736326754e-02,3.172864728919096e-01,5.327263191080841e-06,-4.763777399230396e-03,4.741585548862050e-01,-8.255472705657772e-06,-3.375306386108755e-01,-7.711694283519974e-08,2.736153742681051e-07,-2.463252633590826e-08,1.658217594138266e-07,1.335141376426131e-07,-8.767065530718897e-07,5.989720254370279e-08,1.997814085282774e-09,-1.231755162496094e-08,-4.237322515508169e-09,-4.637288063602648e-01,1.775843447474755e+00,2.680525393208921e-07,8.190190470489169e-07,-1.888698384672237e-07,-1.259574062254182e-06,-2.207433946626171e-10,-3.209592178666972e-12,1.811578417959162e-06,6.000340592999070e-07,-1.953193351762529e-11,-5.704276363004760e-09,-1.840505519164794e-10,1.168357082348815e-10,-5.250501357284912e-12,4.590014397928292e-12,2.632961703544127e-11,3.561064860489859e-14,-1.475381103605357e-13,1.666263532035291e-16,1.880683218195825e-14,-1.280944902859290e-13,5.750011938265588e-11,-6.353513775064830e-14,7.745127386887838e-14,2.930193843832459e-03,-2.726947376588824e-03,3.105119895050372e-05,-6.623020113740352e-05,-4.789952618078689e-05,-9.596643987568296e-10,-1.819696271614012e-12,3.693673850504934e-16,1.215880308486000e-15,1.207185617492232e-13,1.222517357138451e-13,1.114815915805968e-13,-0.000000000000000e+00,
-1.236595610244948e-02,-9.615429309729984e-02,5.526136564572786e-01,-9.971754253541624e-06,-2.296186625947588e-02,2.549961654606714e+00,-2.879020219964100e-05,-8.084617775871855e-01,3.115810598664868e-06,2.398320996191778e-06,7.438016025125918e-07,4.939019488620154e-06,5.543552509819976e-07,-3.006490799851254e-06,1.010461686573312e-05,1.963568206958502e-08,2.252348020305968e-07,4.763531128153934e-08,-1.113595656389343e+00,6.606358314542062e+00,1.263769118280806e-06,2.862071714711721e-05,1.027178925296171e-05,2.837145835492979e-05,5.094432933926126e-09,-9.907051356616015e-12,1.044735911770280e-05,3.814435477614090e-06,-9.122106307331062e-11,2.435626819431564e-07,-8.052904557694818e-10,2.405612924007821e-10,1.869375224148442e-10,2.258244568247428e-11,7.589145347769216e-11,1.604516596265035e-12,-1.099626101974051e-12,3.382234534833967e-16,9.030491444787657e-13,-8.106719253731802e-13,3.027151088490735e-10,6.003901579710988e-12,2.965693390750074e-12,2.047006503229177e-02,5.261125694071522e-02,5.388015057143665e-05,-3.723720426284665e-04,-3.032214941567279e-04,6.418463876848223e-08,6.658387723064515e-11,3.281867510548944e-14,1.262294110030375e-11,6.087413866859953e-12,4.278633984023511e-12,4.370982059314049e-12,-0.000000000000000e+00,

