1
0
56
1
(4 0
((0,0) (15,255) (0,0))
((0,768) (15,1023) (0,0))
((0,512) (15,767) (0,0))
((0,256) (15,511) (0,0))
)
4
FabOnDisk: SD_5_Old_MF_D_0003 0
FabOnDisk: SD_5_Old_MF_D_0000 0
FabOnDisk: SD_5_Old_MF_D_0001 0
FabOnDisk: SD_5_Old_MF_D_0002 0

4,56
-7.664122792245359e+00,-1.850274081559389e+01,-2.676461511440740e+01,-6.298823594730473e+00,-8.913336700959693e+00,-8.316614566139505e+00,-1.172516047539963e+00,-6.346018828636485e+02,-2.462638883487336e-01,-7.440183227475545e-01,-8.557648558721975e-02,-1.377036531190074e+01,-1.253571714592387e+01,-1.451135281352288e+00,-9.962988365898406e+00,-4.873616919044955e-01,-7.069950287246875e-02,-2.792112158045958e+00,-1.352983996138591e+02,1.236372115798190e-13,-8.267483471654880e-02,-4.516096775852689e+01,-1.791992087568007e+00,-1.999226344291386e+02,-6.787542494404867e+00,-2.336983395684122e+01,-4.206796338568127e+00,-2.858097387068570e+00,-9.244045764716484e-03,-2.077757099092602e+00,-1.576458644435382e+00,-8.382515428793478e-01,-3.564541730338976e+00,-2.059604233775011e+00,-2.871206018772392e+00,-2.051899266677868e-01,-3.146760067049606e+01,-3.572674016629259e-01,-3.158966218090411e-01,-8.059408854156819e+00,-7.698294641853969e-01,-1.645933538300998e-02,-5.844977629507026e-04,-7.901786364752993e-02,-1.641672267460396e-01,-1.974589112938046e+00,-6.913288928570183e-02,-3.229857445685660e-01,-1.160255604836285e-01,-2.339576838125076e+01,-3.671656017815138e-01,-5.918933974810379e+02,-8.520599382420677e+01,-8.735763462582934e+00,-2.349169725750958e+01,-8.055129896433755e-10,
-9.353258463186879e-03,-8.781888325446660e-02,-4.819101958636844e-02,-7.927980752123449e-05,-7.642602158420747e-03,3.568827882296621e-03,-6.813725990114656e-05,-3.363147289873029e-01,-8.460173426632966e-07,-7.979237088774835e-07,-1.986903036506599e-07,-5.982820978676359e-07,-1.217123678808264e-07,-7.610544473214687e-06,-1.497372791265085e-06,-1.226418730773859e-08,-1.084781063955372e-07,-2.069215037098050e-08,-4.635885263212307e-01,3.517942021153835e-01,-4.358630602451646e-07,-5.172685724016266e-06,-2.468987074444294e-06,-5.411614471574086e-06,-3.657183210212982e-09,-3.662658955707241e-11,-2.590398872269888e-06,-8.653584568640622e-07,-3.354070585923909e-10,-9.169691510958305e-08,-7.784997788315679e-10,-6.441291650501032e-11,-9.614257334708001e-11,-4.126797974299159e-12,-1.660543721798324e-11,-1.058531149657139e-13,-4.149781567929002e-12,-1.915460367213173e-15,-7.372736168693854e-15,-2.885684381411352e-12,-1.208904639267440e-10,-1.430030232595854e-12,-4.140156397066562e-14,-5.809145714819419e-04,-4.644084636756440e-03,-9.984581298832930e-06,-1.220318631242990e-03,-9.210272886091669e-04,-1.561467897460479e-08,-3.301698383109785e-11,-1.356867619431706e-16,-3.443687604169210e-16,-9.644575318540026e-14,-7.813199804703003e-14,-8.292674234019541e-14,-1.980201835838358e-10,
-2.204950525143609e-02,-1.825275843056682e-01,-1.425656630813777e-01,-3.419844020738274e-04,-2.415464694623571e-02,1.303606972075964e-01,-1.450237368192665e-04,-8.150891121868624e-01,-4.380258549776959e-07,-4.109629147875062e-07,-9.206037460721482e-08,-5.971434534516925e-07,-7.210712807969884e-08,-1.403454644626142e-05,-1.337836977121477e-06,-6.150635488087424e-09,-5.042579045627565e-08,-1.622472072925281e-08,-1.091147278641012e+00,7.508653878537114e-01,-2.119762504914368e-07,-5.149255747614624e-06,-1.654820724485191e-06,-3.914008940052548e-06,-5.390176113291066e-09,-5.399166812612049e-11,-1.983759921753956e-06,-7.944091000141538e-07,-6.892428862921397e-10,-9.935455164243185e-08,-2.060620745307040e-09,-5.682038498672283e-11,-6.626157149451943e-11,-5.735855559249565e-12,-8.262226956138997e-12,-3.585675290445262e-13,-9.647278312970668e-12,-4.324912599933353e-15,-1.278129275807612e-14,-7.977886641314147e-12,-9.936670092506013e-11,-8.659055806570553e-13,-9.144238149005281e-14,-1.164869874829362e-03,-8.431212831695019e-03,-1.016958622480291e-05,-3.289718441549169e-03,-2.852214328899883e-03,-1.434379464600640e-08,-4.097595320303562e-11,-2.542054210130057e-16,-1.500923920326177e-15,-1.427981154995427e-13,-1.451038966201910e-13,-1.307797248134243e-13,-2.035392965282767e-10,
-1.620192193953391e-01,-8.632577024805654e-01,-3.297848661817389e-01,-1.663756608952633e-03,-1.182539593990430e-01,4.112317257834801e-01,-6.369040780094216e-04,-3.817699267753458e+00,-1.422389417511370e-07,-7.008746682526529e-08,-2.049168601251686e-08,-3.859262159837492e-08,-5.083521828229063e-08,-6.277355654960656e-05,-8.884809363228423e-07,-9.978917157342531e-10,-1.336620012667257e-08,-7.341080792274057e-09,-4.179778753326749e+00,1.755727412610979e+00,1.192530247465028e-08,-4.046537791466102e-07,-6.759368370494812e-07,-2.043729953571599e-06,-6.571850875391373e-09,-7.335781982013108e-11,-1.779172849358884e-07,-1.636163944156099e-06,-1.216145429279758e-09,-4.657843645312560e-08,-8.715223379708589e-09,-3.461087426209148e-11,-2.112017258391108e-11,-5.605113256837870e-12,-6.715664213361708e-12,-1.854753413967906e-12,-2.363683861985484e-11,-6.796416449847133e-13,-2.445197656466497e-13,-5.102679108494882e-11,-1.494708826421499e-08,-5.963071024709097e-11,-2.165897078081274e-12,-1.320685717277339e-03,-1.008422166130509e-02,-8.216710953516271e-07,-3.113438600740953e-02,-4.398811440677079e-02,-6.662351823335524e-09,-2.756695374502583e-11,-2.303711526286562e-13,-5.575511014606084e-10,-3.387126180006556e-12,-2.326738876224742e-12,-1.993256998911434e-12,-2.216902217355710e-10,

4,56
5.641531839735901e+00,3.141102044677045e+01,4.481996241008511e+01,7.783055620641881e+00,1.293453878434917e+01,3.188853094948029e+02,6.268513465176565e-01,-7.354913122981088e-09,6.001808332122995e-01,1.370946129943927e+00,1.644467571835923e-01,2.705070400717815e+01,1.526530457995738e+01,2.460210865197733e+00,1.517304757904829e+01,4.099447280777545e-01,1.627266215956308e-01,2.722916507033780e+00,4.576811418947406e+02,2.822493958788022e+02,1.913998593516671e-01,5.489079142633177e+01,4.336011605139616e+00,2.956804400036870e+02,1.362697220913885e+01,2.394409692085434e+01,8.654840831360561e+00,3.530965908739404e+00,2.065267496001779e-02,3.887806264060698e+00,2.422781368910804e+00,9.982175836775861e-01,3.713191143709546e+00,2.160692889077374e+00,3.764606554187644e+00,2.506927997739733e-01,3.428666363988722e+01,1.330715779262021e+00,6.187888890074290e-01,7.817083351976512e+00,1.199002581848492e+00,4.001461763000554e-02,8.825419244871477e-04,7.702705730631380e-02,3.020861883102196e-01,2.275930356044454e+00,4.607044232885183e-01,6.562052949319547e-01,2.315672726026503e-01,1.650057884995946e+01,1.353368123873338e+00,1.782867823611545e-03,8.998047873277210e+01,1.402042408660834e+01,2.530267511441173e+01,1.166540641861502e-09,
-1.951733023477567e-03,-1.347760258583136e-02,1.598528540211808e-01,3.927499834379813e-06,2.768876145765597e-04,1.267631527251085e-01,-2.336767588423072e-06,-1.714598401755203e-01,-4.304249898565857e-08,-1.750670610355493e-07,-1.300433795857651e-08,-3.088595100879711e-07,1.318220493343092e-07,3.150359091105334e-07,-8.756385710640518e-07,-2.160843998847779e-09,-7.725088371908038e-09,-7.973657923554854e-09,-2.164414499023239e-01,7.475368990177813e-01,-4.950138667599972e-08,-9.631667048085144e-07,-6.330459032870721e-08,-2.236082495228122e-06,-4.352055331566234e-11,-1.350335450486912e-12,-7.426807948434864e-07,3.991522621365422e-07,-4.926418249664778e-12,-2.513591355778583e-09,-6.917993057942992e-11,4.758463962634129e-11,-2.232226751755744e-12,-2.135649847942290e-12,-2.807433265925175e-12,8.423523430971165e-15,-3.919268469534849e-14,4.233623705660946e-17,7.828674951485872e-15,-2.807704551171403e-14,-8.742318347596443e-11,-1.547868541985039e-14,4.438634808046134e-14,4.562306043650214e-04,-2.930611081259088e-03,4.077554275469784e-05,-1.662515418216858e-05,-8.088673116947171e-06,-1.983787290685798e-10,-5.543798720773039e-13,1.088080551687055e-17,1.291129976545119e-16,4.437119252055376e-16,3.323836010536961e-15,1.333531160155177e-18,1.814526306986863e-10,
-4.890456269980154e-03,-2.935378811960865e-02,2.402869455301444e-01,5.540508025691704e-06,-7.789335212372852e-03,4.389490168380629e-01,-5.767537935039399e-06,-3.371350649159378e-01,-1.709213229346131e-08,1.219628057079826e-07,4.204135447597985e-09,3.268803241140519e-08,1.229190517363251e-07,2.170223855174867e-07,-2.647198969746601e-07,1.477444296318916e-09,-8.525425424989259e-09,-7.076934437906840e-09,-4.656839633384692e-01,1.747680908934284e+00,1.367023778071912e-07,-6.894959620688929e-08,-2.108664766366005e-08,-1.374761030385693e-06,-5.205726012661893e-11,-2.696384150646269e-12,1.728723753026480e-06,4.275968233937701e-07,-1.096609948670266e-11,-4.837214268676499e-09,-1.830624053602753e-10,1.046993257093744e-10,-3.911093676872556e-12,2.385478350839831e-12,8.436235852061890e-12,2.690983857896559e-14,-9.916951109881781e-14,1.582138670995615e-16,1.155135876568296e-14,-8.605865942724243e-14,5.258761411258030e-11,4.317472663660988e-14,7.158606092236873e-14,1.781209452508499e-03,-4.623863776960334e-03,3.218672969107076e-05,-4.463556573205667e-05,-2.036262548923825e-05,7.315368753919289e-11,-8.787124409223909e-13,2.763431947167926e-17,7.915589975816976e-16,2.084592652628737e-18,4.494530799857134e-18,2.277714150188997e-18,2.266786758298167e-10,
-1.518970055933333e-02,-8.847776490711082e-02,3.870841166654595e-01,-1.948906257415253e-06,-2.433866014342358e-02,2.541624924038853e+00,-2.304759873443607e-05,-8.176090126423330e-01,1.970617036085663e-06,2.132317501023132e-06,4.012382058014544e-07,4.728268500466209e-06,5.269356066022607e-07,-4.074980357869987e-07,1.057128655748313e-05,1.759707270936879e-08,1.747053099802408e-07,5.187590803295062e-08,-1.096221022589896e+00,6.619142623240449e+00,7.195192606667919e-07,3.036639381351340e-05,5.086682921938995e-06,2.580895480070368e-05,8.211476662480200e-10,-7.999256898128060e-12,8.931388276669280e-06,3.054836686304967e-06,-5.008642319445863e-11,1.951545304404056e-07,-7.960441365066793e-10,2.304921667554522e-10,1.485776021412748e-10,2.276785199381565e-11,6.072189111157137e-11,1.049959167757760e-12,-9.131850915053273e-13,1.295443861147406e-11,4.391404457096302e-13,-6.051773399701678e-13,2.971347054427105e-10,2.671739737658567e-12,2.500644112888865e-12,1.767443404101653e-02,4.025262290738545e-02,4.556302489218494e-05,-2.888603378980184e-04,-1.688354530718852e-04,2.639667043336611e-08,5.262590395236658e-11,3.991359067180249e-12,5.313115384764232e-11,1.260448478884827e-13,1.378402381295090e-12,1.540208280894665e-15,2.223949913116030e-10,

