1
0
63
1
(4 0
((0,176) (15,223) (0,0))
((0,288) (15,343) (0,0))
((0,224) (15,287) (0,0))
((0,344) (15,407) (0,0))
)
4
FabOnDisk: SD_0_New_MF_D_0003 0
FabOnDisk: SD_0_New_MF_D_0001 0
FabOnDisk: SD_0_New_MF_D_0002 0
FabOnDisk: SD_0_New_MF_D_0000 0

4,63
-7.656911283099259e-04,1.825223251869798e+00,1.643438389099529e-01,7.687108103392527e-07,8.500615622456276e-07,2.022878646778082e-05,3.153718012936570e-07,1.406055280458605e-04,1.139723023965256e-02,1.306740962096559e-07,3.617803428796328e-03,8.963201975497416e-11,2.084890077904691e-10,3.111185928286589e-11,7.587907286513139e-10,1.403613442636803e-10,1.430259205152023e-08,1.690739640319958e-09,2.826134431504724e-12,1.726096072160538e-11,1.189598535422144e-11,7.489081148177761e-03,3.801746436203240e-03,6.700244686818506e-11,5.410942369706085e-09,3.165365300519781e-10,3.351023696503441e-09,1.495488636688909e-12,2.719191750507533e-13,1.272303029934957e-09,5.177367710083925e-10,2.529496707015092e-13,1.580785411102115e-11,3.694879400329680e-12,-5.173222694704682e-16,4.295250766614813e-15,1.693782205953272e-15,1.988738983475485e-14,4.327792485778877e-15,1.034790126026961e-13,9.401838433378587e-17,3.803157492524070e-16,6.814263178733612e-14,1.353300135838106e-09,8.075926735112525e-12,1.818336357410099e-13,5.501698622938997e-07,5.177401553097408e-07,3.471947862335024e-09,3.580854710326353e-06,4.195427498446581e-06,3.059016509286437e-12,1.775719909002795e-14,7.864538196731910e-17,5.940607492215372e-15,9.648670712232213e-15,-6.599113824394041e-15,3.728454679320255e-15,1.179168298842442e-01,3.920298325366525e+03,0.000000000000000e+00,9.962894193992319e+02,1.013104542231763e+05,
-1.651696302794429e-07,4.166821058501982e+00,1.532114973177238e-01,1.896404799065820e-05,1.730514616296470e-04,7.294418452157627e-04,1.408669949258266e-07,9.503788452644050e-05,1.219913631756492e-02,4.171974963680792e-08,2.142368252392650e-03,2.110644467995841e-10,4.886685865787067e-10,5.865745894405445e-11,1.620942575742526e-09,2.402670010661178e-10,4.247570626240887e-09,3.255435931705138e-09,6.280523337004759e-12,3.098823099246670e-11,2.168203828595718e-11,5.415941286006132e-03,2.241328529824282e-02,1.575658724284157e-10,1.273017219186756e-08,4.971164455347365e-10,7.743485963249914e-09,7.773599837849591e-13,1.378848474078933e-14,3.524235092396726e-09,1.385942256902888e-09,9.666848208074870e-14,1.732689436677839e-11,1.188673289797908e-12,9.835124142491294e-17,2.122101849247982e-17,1.884394919824248e-17,0.000000000000000e+00,0.000000000000000e+00,0.000000000000000e+00,-1.388282258309760e-15,-7.714169279501496e-20,0.000000000000000e+00,6.639845560744256e-14,1.268156498499474e-16,3.750066152866590e-18,2.343479262503338e-06,1.639690221728989e-05,2.033930674197147e-08,4.922452187718319e-07,3.235347638517884e-07,2.839498755396585e-12,1.295148340513574e-15,-3.087164983762954e-16,-8.352300431568485e-15,-4.103782017551226e-16,-6.345009271410866e-16,-1.236432458266476e-16,1.097931222849686e-01,5.421498493596441e+03,0.000000000000000e+00,2.167498577003937e+03,1.013250730870076e+05,
-5.380178613011828e-04,3.958812609288927e+00,1.564615456989908e-01,2.647338497911678e-05,2.342467640164078e-04,8.108228489393462e-04,1.673543436612206e-07,1.100384872439885e-04,1.219886548339914e-02,6.104861537311543e-08,2.509288039303349e-03,1.279957525285891e-10,2.111374028219585e-10,3.132731331941885e-11,7.666416846624508e-10,1.203801690232678e-10,6.510541860419488e-09,1.695437226676475e-09,2.846966119937738e-12,1.732880257080426e-11,1.188748711210066e-11,6.059851458359251e-03,2.123963986900837e-02,6.617341596157202e-11,5.476038402819517e-09,3.745627106566142e-10,3.923398431456910e-09,1.137774336208558e-12,2.008359696547673e-14,1.295104997059633e-09,5.402659595845442e-10,1.622220782937233e-13,1.742202936493796e-11,2.071239263018793e-12,-1.313961964792403e-15,7.429653673984598e-17,1.221383334731970e-16,0.000000000000000e+00,0.000000000000000e+00,7.980659625727887e-17,-5.177860029266476e-16,2.443005423790941e-19,0.000000000000000e+00,5.154397236946525e-14,1.198697281250507e-16,3.333231606497049e-18,1.996206882620202e-06,1.391050393662245e-05,7.780821308016637e-09,1.222194672933963e-06,8.239112306704649e-07,3.605331439613169e-12,0.000000000000000e+00,-1.623231367687511e-17,-1.796251723489956e-15,-3.436680469912769e-15,-1.719305416262483e-15,-9.753404564892555e-16,1.120799003520681e-01,3.871465659341543e+03,0.000000000000000e+00,2.044912724250446e+03,1.013248768970529e+05,
3.282657603435504e-07,4.249247424703517e+00,1.509366749890116e-01,1.438726526099904e-05,1.370264778901472e-04,6.692503816967961e-04,1.346068338814817e-07,8.293454690049640e-05,1.224735525887798e-02,3.139629477326712e-08,1.944210874207977e-03,1.790038692721186e-10,5.771227145541820e-10,5.875931035680582e-11,1.926699174166828e-09,3.167940090000259e-10,2.906786442038889e-09,3.562990229012636e-09,7.467739027795837e-12,3.070739108559941e-11,2.484716148691295e-11,4.818785915303801e-03,2.258000143427467e-02,1.900646103853533e-10,1.557996956274985e-08,4.113844126760106e-10,8.192496281514911e-09,4.997580663226217e-13,9.167562702754272e-15,4.628721195685768e-09,1.921021050646900e-09,5.729264063773199e-14,1.357256426021575e-11,6.820083185499626e-13,1.013633292222585e-13,1.106976316943154e-14,1.086355843529864e-14,1.109114670832688e-14,-4.371276275511147e-18,-3.726942154671535e-16,-6.246676223694133e-16,-3.848239681055076e-20,4.009900825697711e-16,1.213378543953571e-13,1.138783216328200e-16,4.751453033428199e-18,2.009823877373677e-06,1.396277197951033e-05,2.638671513064382e-08,2.322945866325811e-07,1.496006048619187e-07,2.141935362212291e-12,3.784716077222664e-15,-3.394490242016769e-16,-1.950714574226078e-14,-9.960208939622872e-16,-2.685660803972214e-16,-3.541439221071574e-16,1.082444392917877e-01,6.916266503823435e+03,0.000000000000000e+00,2.219487775842122e+03,1.012004099574334e+05,

4,63
6.662488709587745e-04,3.953606711586849e+00,3.523613988212907e-01,5.398172193193890e-05,4.539658113398347e-04,9.752005957677965e-04,1.173318859771873e-04,4.531467129160763e-04,1.361754318657167e-02,1.708776339595230e-05,5.730211604001848e-02,1.437751655485683e-06,6.428920417762449e-06,7.322150821071452e-07,2.417671582830425e-04,3.082964290816450e-04,2.096801238593686e-05,5.062241677940770e-04,1.329028405911625e-05,1.045834454046241e-06,7.909367475401351e-05,1.394654650368984e-02,2.116450810579619e-02,7.526432639798758e-07,5.857656763578850e-04,2.149705593876464e-05,4.265508451777342e-03,1.054309109431216e-04,5.191053800563398e-04,3.026257908206850e-05,9.911589843831607e-05,1.500172189959777e-07,2.971916278722379e-05,4.159946668596142e-05,1.063032681222247e-05,5.395392416551812e-05,2.885011099551992e-05,3.771867293852133e-05,3.347576729841773e-06,6.489839882931995e-04,1.122756452948283e-05,5.116826862871819e-06,1.112753629495972e-04,1.439550041327018e-05,5.635581384193465e-07,1.337333644359015e-08,1.967711261812944e-06,1.370372666985872e-05,2.823786193561829e-05,1.178805620317290e-05,1.434765529468924e-05,1.887038887036759e-06,4.518326128300744e-04,1.046552269407191e-05,1.436921089146644e-02,1.545011040236274e-03,1.346843866774998e-04,4.234962262695857e-04,2.464118791434033e-01,7.217109304863428e+04,0.000000000000000e+00,2.041866829943959e+03,1.013397220177362e+05,
5.094651371626788e-07,4.248094623806900e+00,1.563830137272285e-01,2.628459917574896e-05,2.326470861355522e-04,8.089097612754145e-04,1.664644359702192e-07,1.097187968241558e-04,1.224608578206911e-02,6.051732209054590e-08,2.499086606886621e-03,2.201425650035747e-10,5.777420719576436e-10,6.319696744758559e-11,1.924612917666952e-09,3.159181457743005e-10,6.454092372132064e-09,3.656169866121711e-09,7.460134189110990e-12,3.312996276082524e-11,2.482902948996495e-11,6.047990035719611e-03,2.257768030829865e-02,1.898741512286894e-10,1.555790438979789e-08,5.429973593892013e-10,8.531014044913902e-09,1.132223779249306e-12,1.996579132899950e-14,4.616996398739461e-09,1.914049536630752e-09,1.607002417134627e-13,2.072983669358569e-11,2.050446703415292e-12,2.522296867037774e-13,7.327945004971265e-14,9.956358963404296e-14,1.853227157841195e-13,7.202083670430070e-16,2.310434489921203e-14,6.945768958389065e-15,1.811036695840089e-18,1.139949693682440e-14,1.206214058172531e-13,1.380797735851868e-16,4.854992907708364e-18,2.557290981743545e-06,1.802385805193385e-05,2.631757387557731e-08,1.198702525938194e-06,8.076383195726532e-07,3.592199730235116e-12,9.908206007001914e-14,1.268150832571784e-15,2.270230947745701e-12,1.131976595285736e-12,1.101713663456468e-12,3.139412496061357e-13,1.120230818680069e-01,6.893849963783068e+03,0.000000000000000e+00,2.218790453261151e+03,1.013251189883597e+05,
-9.968788717441246e-08,4.164874826108171e+00,1.641559924819161e-01,4.755576640045176e-05,4.034018842256676e-04,9.621793320242438e-04,3.104058939601626e-07,1.400068272504256e-04,1.254606466969391e-02,1.287369196085134e-07,3.588780156051236e-03,2.152161339377633e-10,4.856346648436444e-10,5.842926177129795e-11,1.611319398721163e-09,2.383709043185916e-10,1.403181986868226e-08,3.240019313712623e-09,6.242379098894334e-12,3.087635974481028e-11,2.157614431855682e-11,7.429067507152986e-03,2.240899120924709e-02,1.564929300159555e-10,1.264356822595839e-08,5.428597270995940e-10,7.709935433388353e-09,1.489827987329612e-12,2.006909732791070e-13,3.495144220285369e-09,1.373722667746624e-09,2.518395446313529e-13,2.142638191771970e-11,3.638139051802705e-12,4.314851745003373e-14,1.410263298644122e-14,1.006273671912786e-14,4.074935026598209e-14,3.016325700069240e-15,6.943198570191603e-14,1.030111344158354e-15,2.453560969506933e-16,4.557746880901643e-14,1.010412651973688e-09,5.889829537906247e-12,1.333485448979283e-13,2.561140329485564e-06,1.806684249676483e-05,2.018482321958200e-08,5.899368086517768e-06,4.075028255813896e-06,4.005317138638525e-12,3.136241531435693e-14,5.012689819870885e-16,1.043773199264188e-14,9.153611001288955e-15,8.437697416613637e-15,2.607709188172669e-15,1.177729360186842e-01,5.393263878990290e+03,0.000000000000000e+00,2.166256013516368e+03,1.013257074616440e+05,
3.127743382325196e-02,4.331741719798242e+00,1.531695423243926e-01,1.886932287446483e-05,1.723172108132900e-04,7.283427899260143e-04,1.406686074507543e-07,9.481083592948886e-05,1.233472932823367e-02,4.150186801808906e-08,2.138445842114876e-03,2.106158313736757e-10,5.830833843118913e-10,6.300586731300880e-11,1.970863577221233e-09,3.568564102937799e-10,4.218987535241705e-09,3.659845222327813e-09,7.574979624876841e-12,3.299754622497777e-11,2.507968157644015e-11,5.404999440734700e-03,2.277045385895914e-02,1.923566941120367e-10,1.618627155411883e-08,4.957627209913280e-10,8.530829457266398e-09,7.750340285093716e-13,1.372014518693628e-14,5.091065037135390e-09,2.252438720632292e-09,9.583382179155278e-14,1.726256889316456e-11,1.178218951073598e-12,1.266449107709439e-13,1.698813078765094e-14,1.464481506085404e-14,1.659356601623997e-14,1.171816711712363e-16,3.296711892851497e-15,3.544779340806718e-15,2.624666980070502e-19,1.005018265033296e-15,1.545240650641346e-13,1.350195287853620e-16,4.887446414553729e-18,2.338050276461870e-06,1.635690525512620e-05,2.933299258956984e-08,4.855772504181044e-07,3.190362433655423e-07,2.826698696344693e-12,8.804743213959443e-15,1.509567236846325e-15,3.656518233420842e-15,1.756273782054569e-14,2.881362327518905e-14,5.364439558763175e-15,1.097646422214934e-01,7.960448066447890e+03,0.000000000000000e+00,2.254849130880381e+03,1.014467316432529e+05,

