1
0
56
1
(4 0
((0,176) (15,223) (0,0))
((0,288) (15,343) (0,0))
((0,224) (15,287) (0,0))
((0,344) (15,407) (0,0))
)
4
FabOnDisk: SD_5_New_MF_D_0003 0
FabOnDisk: SD_5_New_MF_D_0001 0
FabOnDisk: SD_5_New_MF_D_0002 0
FabOnDisk: SD_5_New_MF_D_0000 0

4,56
-8.636854331845052e+00,-1.671338851075631e+01,-2.757806715594090e+01,-6.269808118975162e+00,-1.094045756341181e+01,-6.763661959133551e+00,-1.092121809473812e+00,-6.641618294580787e+02,-2.666501616824005e-01,-7.831128178229718e-01,-9.128011829389020e-02,-1.474219714209026e+01,-1.512560956101443e+01,-1.493817984692296e+00,-1.039907968167937e+01,-5.036990400911614e-01,-7.868075333330629e-02,-3.367779587644169e+00,-1.356727943541257e+02,3.831439240039594e+00,-8.623767943701406e-02,-4.678744708924714e+01,-1.878972998396776e+00,-1.995935807318280e+02,-8.598179308375075e+00,-2.890485406271491e+01,-4.326629540343111e+00,-2.876000430456027e+00,-1.102829229604740e-02,-1.962726665683182e+00,-1.869943884800602e+00,-8.276623870854157e-01,-3.713620523585161e+00,-2.148922494593629e+00,-3.108144571881049e+00,-2.443491719902822e-01,-3.418922283788230e+01,-6.114203814267941e-01,-4.140203852184198e-01,-8.363846809576284e+00,-7.723656511703345e-01,-1.513791806013929e-02,-5.775572903051299e-04,-8.205942943949018e-02,-1.444561217577080e-01,-2.092975085437763e+00,-7.183395442419133e-02,-3.111878286813605e-01,-1.577319669327757e-01,-2.576030103509928e+01,-5.766403326201563e-01,-6.005485442426367e+02,-9.094134993582507e+01,-9.357921311312207e+00,-2.511948964147599e+01,-1.256097448276705e-10,
-1.225444222873484e-01,-5.973027484045118e-01,-5.122109902353941e-01,-3.254195840050317e-04,-1.151705082749045e-01,1.425963863059885e+00,-1.915398925807864e-04,-3.097210437722606e+00,-1.167217377090716e-08,5.458098683894406e-07,2.385856929935172e-08,1.578234730874121e-06,5.344446464157258e-07,-2.070397302748278e-05,2.375823303821391e-06,6.518561033679901e-09,9.040415638409537e-09,1.872997702653280e-08,-3.491746567611011e+00,4.005761745151757e+00,1.866570017131720e-07,1.754838021743399e-05,-3.279271041897346e-07,2.910125619114713e-06,-3.178852040114271e-07,-4.670761583170746e-10,6.973046770861899e-06,3.325659505258503e-06,-7.121181850011651e-10,-2.399318746180891e-08,-1.414904965215002e-08,-3.743928066412910e-08,-1.863938281452800e-08,-2.272020888986987e-08,-7.284223657800838e-08,-5.606247276179975e-09,-3.803059767180216e-08,-2.411347949830217e-06,-9.991065571161150e-12,-3.047554411472786e-09,3.286423344472236e-10,2.897383874221839e-14,6.387234325574307e-15,-1.342102418219889e-03,-1.016399532223872e-02,3.356517971271138e-05,-8.973264388592311e-03,-6.229257134775366e-03,-5.874750982493230e-09,-5.835862607156775e-08,-6.105886655299313e-07,-1.916174972026285e-06,-1.187735519246443e-07,-3.281974975924907e-07,-3.244772998584083e-08,-2.110045471681588e-11,
-2.396326676675148e-01,-1.285472651513276e+00,-5.119580668449502e-01,-2.306556160893571e-03,-1.589695283276061e-01,-2.947678788604104e-01,-7.573556655938561e-04,-1.495182267921717e+01,-3.699856172375246e-06,-2.777407789445943e-06,-4.141266833871709e-07,-1.374112103330047e-05,-2.628152745318438e-05,-1.202876327535713e-04,-2.059560341373353e-05,-2.972941522391749e-08,-1.471562109288562e-07,-2.538072840952634e-07,-2.830076698900962e+01,5.574206444834886e+00,-2.220717211641110e-06,-4.411493684896336e-05,1.696350436128307e-07,1.232018568849159e-05,-5.792359735870862e-07,-6.255761543294380e-07,-1.621996556159371e-05,8.589620275641887e-07,-8.416233918026105e-10,-1.015968978719769e-08,-5.961241955633996e-08,-7.723340579162007e-09,-4.519285085834564e-08,-1.672350713095876e-08,-2.777171389941811e-07,-1.514772542995935e-08,-1.714534669665507e-07,-5.400863950049417e-07,-1.501177453891733e-09,-9.292703978452952e-08,-2.882841997354317e-04,-1.912636270029630e-06,-4.178624153659568e-08,-8.876299097147598e-05,-1.252293560051827e-03,5.208679231470563e-05,-6.542676178441598e-02,-4.721042258462990e-02,-4.646258138397895e-09,-1.537440269368331e-07,-1.401865581389127e-07,-6.504846668337100e-06,-4.739843156255650e-08,-1.915292506270522e-08,-1.330145548213381e-08,-3.105427026639518e-11,
-5.519283302797142e-02,-3.199150784448238e-01,-4.285317625935994e-01,-5.117706154951027e-04,-7.661645142824441e-02,6.671513909603917e-01,-8.842115661124262e-04,-2.006174963695902e+00,-9.734336102630118e-07,-1.332705348503703e-05,-2.110797825191436e-05,-4.979333802768741e-06,2.914404771943236e-07,-3.574192494645242e-05,-3.204971929994122e-06,-2.575172571634430e-08,-2.328578237041921e-07,-7.193743256523241e-08,-2.500955399410995e+00,2.569208626701936e+00,-1.009614667465005e-07,5.821270526430884e-06,-1.847073567891566e-06,-3.919647960366841e-06,-7.293060215100845e-07,-1.980938677655264e-09,6.043215636108182e-07,2.509883127357063e-07,-5.432929129345522e-10,-7.730443724552190e-08,-2.762839592034577e-08,-7.224874974474745e-09,-2.020409497049632e-09,-3.247770748046352e-09,-6.348752646332595e-09,-1.763902288670575e-10,-9.854263799781470e-09,-8.975515225914367e-07,-1.461051512576647e-12,-7.008662976806691e-10,1.669190338840841e-10,-1.341884956592777e-12,-2.535496528057332e-14,-1.852723411634819e-03,-1.147814776515908e-02,1.851149095570407e-05,-2.544888955788540e-03,-1.936065860436080e-03,-2.286798133097951e-08,-1.730981641487389e-08,-2.719274765407904e-07,-1.219185176195478e-06,-3.027392919367250e-08,-1.875681481355847e-08,-9.089194938719686e-09,-5.894662535865791e-11,

4,56
6.354651409536470e+00,3.106325543907539e+01,4.681716024231109e+01,7.587774425244287e+00,1.241912018554655e+01,3.435682907282638e+02,5.950504318936389e-01,-1.587255313577390e+01,6.296545468038254e-01,1.385602721836966e+00,1.650081426654907e-01,2.814443477908839e+01,1.819472088716530e+01,2.164337857218916e+00,1.565073590013026e+01,1.828052976146397e-01,1.507111594516509e-01,3.030832980108074e+00,4.714465674315563e+02,2.841263364235758e+02,1.837578047767250e-01,5.757321874958345e+01,3.992047412858267e+00,3.015871011361945e+02,1.382953931056957e+01,2.915328808043682e+01,8.258670353557113e+00,3.294135869066005e+00,1.839784386317913e-02,3.710386478412487e+00,2.715301307112056e+00,1.017766831997152e+00,4.024721090359775e+00,2.266491396280336e+00,3.875019958617786e+00,2.216591006706824e-01,3.504861110033391e+01,6.846148572183640e-01,6.958053596456466e-01,8.267422619172239e+00,1.239635628043391e+00,3.450255000147517e-02,8.808042154510867e-04,7.920863607998993e-02,3.006474670324670e-01,2.487850697766876e+00,4.599694061531363e-01,6.180373580619317e-01,2.110258330931949e-01,1.598087192871753e+01,5.573555986376610e-01,6.237845999692485e-07,9.182319048012128e+01,1.460704191485896e+01,2.577107782028183e+01,1.256164061658183e-10,
-5.583234982968042e-02,-3.230897009857004e-01,-4.244191005769170e-01,-1.093722533577386e-04,-7.699934336839265e-02,2.412339705883773e+00,-9.301918420587055e-05,-2.019051592074989e+00,3.054424199334098e-07,1.162480332101298e-06,9.809005341549955e-08,4.004671175319523e-06,6.340280533317949e-07,-1.004601701287724e-05,5.685956684567970e-06,1.387418952685529e-08,4.411154103320422e-08,3.762701305021246e-08,-2.516333004957366e+00,5.541184345177209e+00,3.877675096527891e-07,2.995480839424399e-05,1.656660227030859e-07,1.297929266785664e-05,2.507925919661697e-07,2.753184561932408e-10,1.060754653010887e-05,4.016425437322845e-06,-1.070479330298380e-10,-1.042146571409097e-08,6.052875510635718e-10,8.143930789275017e-08,2.982109197090030e-08,4.428427434953139e-08,8.502566690648846e-08,3.112080245816922e-09,3.300114359464329e-08,2.974738736815511e-06,1.069257959264338e-11,5.163664061300827e-09,3.847593450131666e-10,1.874054603417783e-13,1.075811591547898e-14,-1.392699859562989e-04,-1.621969308677753e-03,5.175734749610309e-05,-2.594443412713749e-03,-1.757961199843062e-03,-1.212092210327499e-09,9.022332060766088e-08,5.508029657235424e-07,2.328701407125554e-06,9.894945873194032e-07,5.380969225158554e-07,2.755439104837205e-07,2.409072941134127e-11,
-6.852919336514587e-02,-6.047923891716049e-01,3.028838451702097e-01,-3.327149765666905e-04,8.684391853938603e-02,3.705306601958307e+00,-1.945744235291049e-04,-3.128413285901817e+00,1.006400469056258e-06,1.999903880694380e-06,2.479064872522530e-07,6.823752769228159e-06,7.325048039445115e-07,-2.100122207743037e-05,1.237840229689259e-05,2.696148363066236e-08,1.411824871327514e-07,7.982814956952787e-08,-3.512794519270007e+00,4.450375156644529e+01,6.256324667129531e-07,4.840722439625732e-05,3.166143757657212e-06,3.766825079041739e-05,5.664874813265988e-07,6.081563271508434e-10,1.296324192427893e-05,4.703955992762050e-06,1.417735798491030e-09,1.084459469400011e-07,2.594915301426313e-08,5.142035265490795e-08,5.898962537135770e-08,2.662457510903336e-08,1.792534203629846e-07,1.010174307812660e-08,5.225769913275020e-08,4.946013235941372e-07,4.279153003315548e-11,2.280555850218004e-08,3.208952545977316e-10,1.727985529669229e-13,9.943730161796844e-15,1.256504076787161e-02,8.692950836377375e-02,8.083099437514125e-05,-9.215839390191043e-03,-6.400776517859006e-03,1.678666145612378e-08,1.498309767610503e-07,1.495659821245123e-07,6.304540835447878e-06,3.741246881853887e-08,1.557888435536298e-08,1.055150818017034e-08,3.021494165977856e-11,
-1.536829961810939e-02,-1.750765596679182e-01,8.509550846999225e-02,5.816714818355981e-04,-2.523009128846465e-02,1.415640338088253e+00,5.954051721130406e-04,-1.373587894945716e+00,7.715554715408106e-07,1.448382162693784e-05,1.985764146506807e-05,6.979323077789335e-06,5.347937940791350e-07,3.458923332696505e-05,3.507398825514712e-06,3.155179240288289e-08,2.382648633312590e-07,4.324989249794217e-08,-1.606713236093629e+00,3.981487772033004e+00,4.053115522613244e-07,1.742892462289760e-05,1.790658245095938e-06,4.770235295108752e-06,8.555949747347831e-07,1.673488274652665e-09,7.166236596500894e-06,3.895754864110829e-06,2.426953548683655e-10,1.476934329669249e-08,1.972768565373867e-08,6.619151216909989e-09,1.192606132860830e-09,2.282118950796476e-09,9.100955808498893e-09,4.256238943984634e-10,9.669803170743267e-09,1.007353387335382e-06,8.399322000101697e-13,4.640367146431931e-10,3.621755673942847e-10,1.415986611205237e-12,2.169668102355372e-14,-3.543414758301958e-04,-8.783747301894608e-03,3.325347773700078e-05,-3.196298844962051e-04,1.037701618884905e-04,1.626060383325600e-08,5.277710038167232e-09,3.924445726963196e-07,8.656571553086255e-07,1.182407074631149e-08,1.170062848408678e-08,3.568754885365322e-09,3.319655661471188e-11,

