1
0
63
1
(4 0
((0,176) (15,207) (0,0))
((0,272) (15,335) (0,0))
((0,208) (15,271) (0,0))
((0,336) (15,399) (0,0))
)
4
FabOnDisk: SD_0_New_MF_D_0003 0
FabOnDisk: SD_0_New_MF_D_0001 0
FabOnDisk: SD_0_New_MF_D_0002 0
FabOnDisk: SD_0_New_MF_D_0000 0

4,63
-2.804201487674525e-04,2.156331600992738e+00,1.679295805530032e-01,1.229297691022727e-06,1.471994675905199e-06,2.673099281097507e-05,4.146590320839040e-07,1.384190809211125e-04,1.156683833227126e-02,1.488479214384505e-07,4.459461433530452e-03,3.101331478366841e-10,4.125110764345028e-09,6.105750731990172e-10,1.963149336218341e-08,2.576395246329942e-08,2.851355888187420e-08,5.647064962994961e-08,8.335054900550728e-11,4.898527129875303e-10,4.120277934177043e-10,9.147129274319999e-03,4.359353590730747e-03,7.432530070317834e-10,7.668611660049297e-08,6.743982403360032e-10,1.231714032561147e-08,1.164328365575964e-12,3.023624220467179e-12,2.068722650259631e-08,5.825316796140583e-09,6.667873966311505e-12,4.208025226617481e-11,1.845766139076528e-10,6.520696421492702e-10,2.245719748657079e-10,8.128698927067118e-11,1.701728591350765e-12,1.366992516912240e-13,4.375437778469537e-12,-2.312719006429469e-14,-1.072054057766298e-15,7.693818899917638e-12,1.561386751554485e-07,1.233875875761810e-09,2.567178482199288e-11,6.257590774437465e-07,8.528822909701060e-07,3.954605020779657e-09,4.378098069418940e-06,6.233577818149467e-06,9.708269892418113e-14,-4.773108937959270e-13,-1.979861323181040e-14,-1.929684708096012e-10,-1.562454243134945e-12,1.282301724880268e-12,-2.666338645822111e-13,1.206158375734702e-01,7.967092295766596e+03,0.000000000000000e+00,1.063189639176084e+03,1.012917943171311e+05,
-2.272899033735683e-07,4.221523041713782e+00,1.535914839430961e-01,1.949138349506615e-05,1.819872088168764e-04,7.454061516506691e-04,1.464266463289445e-07,9.504678522480704e-05,1.219570020966848e-02,4.441647115934955e-08,2.262532138153039e-03,2.024565704726440e-10,4.574938595953658e-10,5.680309021152214e-11,1.525733761774959e-09,2.210479779279318e-10,4.313594174017802e-09,3.107886396156472e-09,5.879191727227510e-12,3.009110135258753e-11,2.061371755816141e-11,5.355568209670303e-03,2.232147514169574e-02,1.464330655212327e-10,1.183416250844766e-08,4.924382296392197e-10,7.427902702592613e-09,7.841802340798793e-13,1.381417719163447e-14,3.189732849252424e-09,1.243992996587469e-09,1.024423694505177e-13,1.805154123233214e-11,1.244558331014265e-12,3.415199833764882e-14,7.822036320754300e-15,4.656579419530523e-15,4.632772517874043e-15,-1.323547957813549e-16,-2.761023677314923e-15,-1.384624195157646e-15,-1.059896883530687e-18,-1.905620985521520e-15,5.572344169881142e-14,1.253833022330715e-16,3.536924764469552e-18,2.336963514221906e-06,1.636878304001644e-05,1.850664043761543e-08,5.350834180403554e-07,3.528559135754141e-07,2.866919090107198e-12,3.737829124472638e-15,-1.280647862076549e-16,-3.708661614633890e-14,-2.432817784555686e-14,-1.370867634963504e-14,-6.774494933360749e-15,1.101300438710107e-01,5.132489973974468e+03,0.000000000000000e+00,2.150577687202257e+03,1.013251196495558e+05,
-3.371998605335907e-07,3.991744084230190e+00,1.575119881977453e-01,2.944716777703004e-05,2.565495403614053e-04,8.359563865000729e-04,1.797453436955930e-07,1.156098953107736e-04,1.218785205034650e-02,6.857972394043057e-08,2.620491902044673e-03,1.360240716121796e-10,2.264799577304824e-10,3.308105231192382e-11,7.754191459896380e-10,1.076306625099140e-10,7.475723678582896e-09,1.778634798235421e-09,2.855705114467322e-12,1.755972461804787e-11,1.196477500486076e-11,6.294096487843579e-03,1.966496441457520e-02,7.451513835978682e-11,5.956663535185440e-09,2.948314332819432e-10,2.707999370415714e-09,2.695199044212865e-14,-1.734883716019246e-13,1.423416320833368e-09,5.677057776806566e-10,1.426220703320622e-13,1.512321428858508e-11,8.830142855783760e-13,2.460217233291459e-16,-1.098884947651355e-14,-5.808554773448143e-15,-1.142091637779676e-14,-7.142370886221338e-17,-3.321700415022956e-13,-1.059676244683267e-14,-2.726311498983353e-15,-7.139309996268520e-14,5.523509192586107e-14,1.276944120961775e-16,3.553244987341051e-18,1.591735807228292e-06,1.118593591408595e-05,5.299653493878982e-09,1.635110715593497e-06,1.109563285843330e-06,3.117553376730082e-12,-3.549768691550288e-13,-5.294740489531775e-15,-2.042781902955481e-12,-1.297772222865904e-12,-8.353227715921848e-14,-3.382082231175885e-13,1.128227286881324e-01,3.303928722303721e+03,0.000000000000000e+00,1.996055042818117e+03,1.013247888969176e+05,
-5.931671419080128e-04,4.328499876276867e+00,1.514114825237800e-01,1.468608305015953e-05,1.417036973746204e-04,6.790970004600647e-04,1.369289051186688e-07,8.320467551986320e-05,1.228964837255995e-02,3.285633111703057e-08,2.011402592092838e-03,1.777333009794576e-10,5.484342294119390e-10,5.818145102397351e-11,1.822324997882089e-09,2.934808434712913e-10,2.968047024888901e-09,3.495959221571479e-09,7.129776486566233e-12,3.045751999730921e-11,2.383685409120371e-11,4.810598149688304e-03,2.249630908813701e-02,1.797337201741483e-10,1.468291107332790e-08,4.159034397639783e-10,8.125882413732406e-09,5.281583557537089e-13,9.396232940673390e-15,4.396027125983451e-09,1.818801761147492e-09,6.058365055675154e-14,1.415836883407266e-11,7.187386234458966e-13,6.486824374456644e-14,0.000000000000000e+00,0.000000000000000e+00,0.000000000000000e+00,-3.818092380225345e-16,-8.863698576298314e-15,-1.452617842030650e-15,-1.803482786260041e-18,-3.757214029021518e-15,1.066815328920870e-13,1.127780257151857e-16,4.377548963610783e-18,2.035291280186596e-06,1.415586065861598e-05,2.539929648209187e-08,2.516034969661366e-07,1.626358565078171e-07,2.194848858378295e-12,-2.583790768443080e-15,-4.170548046594310e-16,-1.115197549695027e-13,-1.474064180276912e-15,0.000000000000000e+00,-1.687516110002595e-15,1.086048092906643e-01,7.158956493493329e+03,0.000000000000000e+00,2.213028744968330e+03,1.013248317462895e+05,

4,63
2.981327293470378e-04,3.985806893420871e+00,3.289666946935331e-01,5.050902885450766e-05,4.494221792907979e-04,9.502578555474712e-04,1.162194725329412e-04,3.468065950270743e-04,1.311614263096887e-02,1.537835039489643e-05,5.121403269605468e-02,1.365488223483951e-06,6.313257393921117e-06,7.138374471964333e-07,2.322924019248422e-04,2.746176064317512e-04,2.054285731356837e-05,4.904066624994410e-04,1.135660298139368e-05,9.771207061083771e-07,6.980996657539433e-05,1.408217373512869e-02,1.942922187820930e-02,7.626419374784900e-07,5.920055585343456e-04,2.158974524614701e-05,4.334779593394298e-03,1.029684363757346e-04,4.664418873780890e-04,3.140067369627159e-05,1.063424377075142e-04,1.388516885742090e-07,3.111366709009190e-05,3.904887336042978e-05,1.146658355931342e-05,5.502436206150858e-05,2.942315657412035e-05,3.839564133859085e-05,3.126177391505399e-06,6.192152999782059e-04,8.139754286238142e-06,4.486170515874059e-06,1.113843752639647e-04,1.596472671003278e-05,6.310498468362754e-07,1.445510529254772e-08,1.548474861996049e-06,1.090211202984148e-05,2.784432916440314e-05,1.211240332371460e-05,1.526718128870531e-05,1.721602180383673e-06,4.141386387968899e-04,8.338640094747064e-06,1.120548515440436e-02,1.547635567058110e-03,1.351213330275116e-04,4.247975053893629e-04,2.303798211072217e-01,7.288814165781449e+04,0.000000000000000e+00,1.991592067328535e+03,1.013506800312154e+05,
2.245967030391896e-07,4.327222162225895e+00,1.574231348491026e-01,2.921757292766078e-05,2.548047965890342e-04,8.341457383742149e-04,1.787038222878525e-07,1.152129332720771e-04,1.228831831829528e-02,6.797188264590612e-08,2.611403672018659e-03,2.178135732527543e-10,5.478904153633677e-10,6.075256041739664e-11,1.820129069961970e-09,2.926340240359065e-10,7.400416493612193e-09,3.494636785993522e-09,7.121395380476422e-12,3.198914624366679e-11,2.381505652569613e-11,6.276997904937585e-03,2.249325095211073e-02,1.795208534353333e-10,1.465922427940749e-08,5.511319667740403e-10,8.205146417657902e-09,1.263781041088888e-12,2.239410663854308e-14,4.383659736113046e-09,1.811719308225607e-09,1.854188174496488e-13,2.142517748440770e-11,2.397882702480392e-12,9.490028422661634e-14,1.778755265916336e-14,1.779002608133603e-14,2.383699998111061e-14,3.681368573862162e-16,6.893121756816946e-15,1.337179466428574e-15,1.678442845075974e-18,4.889259403864575e-15,1.059864289723455e-13,1.299280742845754e-16,4.371874282956497e-18,2.609985646884385e-06,1.841602594535565e-05,2.532501099597956e-08,1.600351507691751e-06,1.085409793487211e-06,3.844480074325625e-12,1.387417027348991e-14,1.740285012282630e-16,4.102985874527404e-14,6.541203108686329e-14,8.719474525310207e-14,1.742645375652219e-14,1.127601621243301e-01,7.142487978797390e+03,0.000000000000000e+00,2.212315335151496e+03,1.013252729009923e+05,
3.111179349627523e-07,4.219288504934873e+00,1.676452412646666e-01,5.034449090574804e-05,4.441771639177984e-04,9.548723128579874e-04,4.032260239478924e-07,1.381844178768625e-04,1.263023524627532e-02,1.533154152239767e-07,4.363909315871145e-03,1.689179829107981e-09,2.577938507466275e-09,3.813678647096885e-10,1.193534460422108e-08,1.578345911746190e-08,2.425172694018421e-08,3.452073015837094e-08,5.073317472377819e-11,2.999421249763598e-10,2.464969312925971e-10,8.982224498345227e-03,2.231825554937460e-02,1.018773938972165e-09,4.957859841170488e-08,5.503631532236863e-10,7.393273356298020e-09,1.517451036539864e-12,8.907019551484564e-13,1.312816214560644e-08,3.633132413862740e-09,3.383898088755190e-12,2.618916823602226e-11,9.182029451302606e-11,3.423514240942906e-10,1.022367875378037e-10,3.385293829476316e-11,6.685854438600843e-13,5.711336560785153e-14,9.833461436755403e-13,4.798468394164598e-15,2.981724446089433e-18,2.236676418358860e-12,1.168985685746376e-07,9.023573256099478e-10,1.885441628543705e-11,2.611141485041410e-06,1.842806221346543e-05,1.834725037281263e-08,8.511117276517523e-06,6.055566652227904e-06,4.130299655099922e-12,1.683024459837351e-14,1.804099755491959e-15,2.290094371272620e-13,9.122777069465024e-14,3.805861572184904e-13,2.417373348114027e-14,1.203906795292717e-01,7.366282469114990e+03,0.000000000000000e+00,2.149195888488036e+03,1.013258676729114e+05,
5.965279274935953e-04,4.393054807070959e+00,1.535488561300267e-01,1.938902802325377e-05,1.811903057752298e-04,7.442461610253414e-04,1.461925318047334e-07,9.480303713441507e-05,1.234022144528926e-02,4.417850002496108e-08,2.258473068587821e-03,2.020277445013103e-10,5.675256204621546e-10,6.044012231408549e-11,1.925631648947584e-09,3.436410566128371e-10,4.283143896277648e-09,3.521574121565173e-09,7.429699194847547e-12,3.177972816859832e-11,2.468962389712202e-11,5.344092654278879e-03,2.271018987047857e-02,1.874675223311262e-10,1.580677235332119e-08,4.911331607712833e-10,8.213625302373924e-09,7.794830348098552e-13,1.371973743225574e-14,4.985589198229505e-09,2.196693023200531e-09,1.015337093087239e-13,1.798794497814747e-11,1.232707585764104e-12,3.292723656064152e-13,8.578215284126151e-14,1.430619647823075e-13,3.192240499615078e-13,3.015416553067366e-15,4.299635179441780e-14,4.414513642802053e-13,3.160195537103598e-18,1.531477415173905e-14,1.464472644658930e-13,1.251888225085745e-16,4.607149032021981e-18,2.331765874586662e-06,1.633038831941463e-05,2.892456835955502e-08,5.276495443137565e-07,3.478259324776990e-07,2.853881260384810e-12,1.250712189955140e-13,1.280429885719139e-13,3.630825922014062e-12,3.582654690247898e-12,1.588515821916228e-12,9.882168365164150e-13,1.101009037343963e-01,7.663898593429401e+03,0.000000000000000e+00,2.249570582593829e+03,1.013296504049660e+05,

