1
0
56
1
(4 0
((0,176) (15,207) (0,0))
((0,272) (15,335) (0,0))
((0,208) (15,271) (0,0))
((0,336) (15,399) (0,0))
)
4
FabOnDisk: SD_5_Old_MF_D_0003 0
FabOnDisk: SD_5_Old_MF_D_0001 0
FabOnDisk: SD_5_Old_MF_D_0002 0
FabOnDisk: SD_5_Old_MF_D_0000 0

4,56
-7.836981308497642e+00,-1.743553521283718e+01,-2.692968589253756e+01,-6.161843898629646e+00,-8.755100965228840e+00,-7.899942802543357e+00,-1.073251899262861e+00,-6.337628977020854e+02,-2.588301097496407e-01,-7.782446030526409e-01,-9.267461944249759e-02,-1.387132746481025e+01,-1.300236801645798e+01,-1.465724044220924e+00,-9.942376792074553e+00,-4.702272600097000e-01,-7.308082748190899e-02,-2.948651200157125e+00,-1.358172199135775e+02,6.186713112358959e+00,-9.275494137259677e-02,-4.618359362240957e+01,-1.925067963902320e+00,-1.969972917172011e+02,-8.043229039342293e+00,-2.482903406381524e+01,-4.520019402316012e+00,-2.946565290239353e+00,-1.038480556119169e-02,-1.977621174092789e+00,-1.676866375393640e+00,-8.627658634169024e-01,-3.669271000332007e+00,-2.135237653444201e+00,-3.099169348811798e+00,-2.254474772943917e-01,-3.179580798257520e+01,-5.838759246701865e-01,-3.388480486681192e-01,-8.107365354267536e+00,-8.263552992307268e-01,-1.547859865162365e-02,-5.944706268805169e-04,-8.161875363036994e-02,-1.604707473615697e-01,-1.974500695060152e+00,-5.847420339530123e-02,-3.271604654468468e-01,-1.439212511434247e-01,-2.414737479557545e+01,-5.142206474965868e-01,-5.880586323381598e+02,-8.832628031665431e+01,-9.204675941034495e+00,-2.436945144604842e+01,-2.964668510685442e-10,
-1.471319150735804e-01,-7.256486808352782e-01,-5.589317121709768e-01,-4.422715674779492e-04,-1.245750885248371e-01,1.597593191452166e+00,-2.425483528298479e-04,-3.623695756915962e+00,-1.537169879617172e-08,5.679653674854091e-07,2.883818616112573e-08,1.969478786589398e-06,5.074858069303332e-07,-2.747038815477801e-05,2.511084245596635e-06,7.135869371186839e-09,1.252655710563168e-08,1.955267077759454e-08,-4.202112027613698e+00,4.056481591436232e+00,2.000786777604439e-07,1.804129902833328e-05,-2.864108021556683e-07,4.652908635899593e-06,-5.886209915338398e-08,-1.813851693797948e-10,6.950014295962815e-06,3.338067939044851e-06,-5.877740688472166e-10,-2.396613205020363e-08,-9.298064063049685e-09,-4.132650956840675e-09,-7.683545061324082e-09,-8.152280274271324e-09,-4.489424556695917e-08,-8.424472424233227e-10,-1.411052212561347e-08,-3.655654415681002e-07,-3.436795278067532e-11,-5.270131968468464e-08,-1.400887558419652e-10,-1.074206677520410e-12,-2.246124952855761e-14,-1.238692841113495e-03,-9.474058180888034e-03,3.545808107377357e-05,-1.358073002900749e-02,-9.457087289253457e-03,-7.123563338326706e-09,-3.023442170821825e-08,-1.430031331592523e-07,-5.359852785420794e-07,-1.957309850402928e-08,-1.045630179534402e-08,-5.761315950051744e-09,-2.113909047807283e-11,
-2.038739617344735e-01,-1.212136197108531e+00,-5.604193589058959e-01,-5.884827922377950e-03,-5.885792725692131e-01,-8.617014910213834e+00,-7.087201497404693e-04,-5.098498266033678e+01,-2.474156930735764e-03,-2.791119769030371e-03,-4.141404778567121e-04,-1.323241137605673e-02,-1.702305688402456e-02,-5.988464837853827e-03,-3.300932479880365e-02,-4.517637739181183e-05,-2.834948299433681e-04,-2.104621030435515e-04,-8.915771924556768e+01,6.749180101853932e+00,-5.492467498539696e-04,-3.694453987048858e-02,-3.117614865246335e-04,-5.023370632418938e-03,-3.592732731769042e-08,-9.893106723634404e-09,-1.434123991943609e-02,-2.868382652012801e-03,-4.510257925619622e-06,-1.681041460650787e-06,-1.115339200157190e-04,-3.743478090142071e-04,-9.710242997536355e-05,-3.055024296387641e-05,-5.116021372333383e-07,-9.443461506213199e-07,-4.052644480283639e-09,-6.569816521015195e-07,-2.313979454905450e-09,-1.927161831527624e-09,-3.018826860215811e-02,-2.612033320694267e-04,-5.382612453901170e-06,8.393137647447250e-04,5.674574108704943e-03,5.794789030425676e-05,-6.631545322681739e-02,-5.850074350736585e-02,-2.190994960815811e-07,-1.718204799695970e-08,-8.290020590822882e-08,-3.598606364657165e-05,-2.174806201431031e-08,-1.271996513429019e-07,-5.811225632878154e-09,-3.357314426466473e-11,
-6.100944812201833e-02,-3.402367067600964e-01,-4.207517715316705e-01,-1.230436137788584e-04,-8.984668646436494e-02,9.688296323534611e-01,-1.011271193380131e-04,-2.156237296524777e+00,-1.287454140547397e-07,1.600964605148758e-07,-9.026965580360353e-09,7.180945776025966e-07,3.464942630430619e-07,-1.042357330773993e-05,4.404876412627305e-07,1.975748462450508e-09,-4.985406776127900e-09,5.741586855486425e-09,-2.534318587276976e+00,2.961477622677986e+00,5.547281661916685e-08,7.722865020904417e-06,-4.907481187973785e-07,-1.772330963766272e-06,-1.808133427849619e-07,-5.273612405352380e-10,3.571444656669187e-06,2.168485114273590e-06,-9.117331020759644e-10,-2.545525938676427e-08,-1.927459031090274e-08,-8.044252740350419e-08,-2.335479635753001e-08,-3.035516651062748e-08,-7.497217105996803e-08,-2.051362669536320e-09,-8.207165834199011e-08,-1.766758738705451e-06,-3.242714864563896e-11,-1.141540223681638e-07,2.394166685883030e-10,-5.843906722742742e-14,1.528345452775779e-15,-1.424924143441587e-03,-1.051181305759183e-02,1.823444082330027e-05,-2.888511721722929e-03,-1.963047102655995e-03,-7.823356903508786e-09,-9.269222311520099e-08,-7.446297810211927e-07,-2.203913359668032e-06,-3.454282015957131e-07,-4.085735221419308e-07,-9.581863442065238e-08,-1.962546791745012e-11,

4,56
5.692925360075794e+00,3.131503797640363e+01,4.478097435333776e+01,7.643778458539654e+00,1.277957601579453e+01,3.195389165412831e+02,6.175223753170369e-01,-5.709032086044115e+01,5.807701262243441e-01,1.333676578695688e+00,1.544982953222080e-01,2.604899370759489e+01,1.621331110802986e+01,2.050284759127124e+00,1.569538434927501e+01,1.574811090514982e-01,1.403312106156108e-01,2.938665520770628e+00,4.565014520408973e+02,2.833770063059410e+02,1.852493206758835e-01,5.564847570353638e+01,3.825986775827116e+00,2.952462251411850e+02,1.277523533483124e+01,2.683482054217746e+01,8.531811128504527e+00,3.438770447727280e+00,1.742337637627623e-02,3.685145261799483e+00,2.561906250805249e+00,1.024102793292343e+00,3.852357269163288e+00,2.191995738425371e+00,3.799937834440419e+00,1.983104709485543e-01,3.427647030491783e+01,2.801827350927502e-05,6.016876439839859e-01,8.022763017363443e+00,1.259897625837614e+00,3.696660249497007e-02,9.207409837598315e-04,7.775178523495624e-02,3.142644687893776e-01,2.390945438908440e+00,4.590323742751388e-01,6.519540903298243e-01,1.856889124025687e-01,1.663285404022633e+01,5.667528209631404e-06,1.791726165022872e-01,9.108403793963718e+01,1.412147601415314e+01,2.554750517774370e+01,2.102922280755593e-10,
-6.175197230221786e-02,-3.435076521515114e-01,-4.226352499409510e-01,-1.265617220473872e-04,-9.039723653406401e-02,2.742320511470111e+00,-1.026208319118709e-04,-2.170937533394743e+00,4.814065595110610e-07,1.500467803673675e-06,1.356411132331562e-07,4.556578390908076e-06,7.460584189633566e-07,-1.055403092465495e-05,7.670401501498558e-06,1.770166983319201e-08,6.279417339751893e-08,4.984255907442173e-08,-2.549055432328031e+00,6.657580899871478e+00,4.921053201333592e-07,3.772222145742797e-05,4.552592024235438e-07,1.724102361582241e-05,5.952347125025850e-08,6.333254321209627e-11,1.270670844371437e-05,4.572402900266097e-06,-3.049802163297365e-10,4.110950262184234e-11,-3.431406902270051e-09,1.156531623357382e-08,8.377997111051191e-09,1.267471435474966e-08,4.765977754514650e-08,9.461817709208437e-10,9.720302433754940e-09,1.398423657440677e-07,2.682101200314010e-11,5.204296909529325e-08,3.939295394557535e-10,2.373714732150143e-13,1.234646468961527e-14,7.596546404894270e-04,5.061239308433274e-03,6.194157430607918e-05,-2.946574122275549e-03,-2.004694181623882e-03,-1.740849767308617e-09,3.573542520106655e-08,4.900818304248116e-08,7.044293209524135e-07,1.616959216463208e-07,1.376969501715414e-07,4.486444030821321e-08,1.871658383834074e-11,
1.241214485295707e+00,2.343537290778572e+00,5.178122532088508e+00,-4.558654558306896e-04,2.725636674310638e-01,3.019389617674018e+00,-2.480196556492244e-04,-3.666427469701175e+00,1.096323810745159e-06,2.002100736601664e-06,2.633378596444715e-07,1.705391098479215e-05,1.170659109928324e-05,-2.804533933273254e-05,1.195742690854140e-05,6.304252001374195e-08,1.694143130662208e-07,1.783994795503017e-06,-4.260456045441137e+00,1.405596824179026e+02,6.312802448717023e-07,4.723261424606522e-05,1.446841902741348e-05,8.761969707612036e-04,1.759401878268670e-05,1.104581473600986e-04,1.382347094629041e-05,4.730981212390599e-06,4.334904472942420e-08,9.163467558055647e-06,1.805617171102694e-06,1.760123916796391e-08,6.468422575293589e-06,3.831824308113428e-06,1.711765106292145e-05,1.287549217730715e-06,1.521985503462340e-04,6.239770834695834e-07,4.271496047178652e-07,8.294586373170626e-05,-2.961149855142269e-10,-1.129548455750396e-12,-3.377863833244197e-14,1.507034457343296e-02,9.569115541519881e-02,7.455900294018101e-05,-1.398084357353388e-02,-9.742520241000677e-03,5.923214208849353e-07,1.677462690916369e-05,2.180135007275993e-07,4.340920552687028e-05,5.731331619714866e-05,3.448521054564304e-06,2.290323585013960e-05,3.538858095453179e-11,
-3.072816986363727e-02,-1.985827460153719e-01,-3.149343294518221e-01,-3.251732083258650e-05,-5.663638740498129e-02,1.584976235114235e+00,-5.424784526121611e-05,-1.454930977654053e+00,-1.866749535150159e-08,5.592088692285367e-07,2.792513529549455e-08,1.988872252140371e-06,5.067995261607447e-07,-5.285324829896297e-06,2.490742462344153e-06,7.064416479987829e-09,1.221200053409459e-08,1.945013077323751e-08,-1.856395269364340e+00,4.033219038688548e+00,1.976082172808909e-07,1.785688786952073e-05,-2.200375547285705e-07,5.042348059266156e-06,1.617063825390721e-07,3.337771927792964e-10,6.913128998225819e-06,3.325025323750641e-06,7.940136985832234e-10,-1.916086508794560e-08,2.148046945241841e-09,1.414836812073738e-07,5.674427628267694e-08,1.046355355195546e-07,2.492002088281538e-07,3.137778968042988e-09,9.542656193964153e-08,1.403210131129633e-06,2.365624406410027e-11,8.956439069426480e-08,3.489661128378719e-10,4.593677855727918e-14,6.635708667173799e-15,-1.246914872720679e-03,-9.529400817000259e-03,3.513283172123082e-05,-1.001859469284235e-03,-6.670840616102722e-04,2.042744693640659e-09,1.157766857165531e-07,3.458365924403784e-07,3.702704314065840e-06,2.060753864395096e-06,1.082348124662182e-06,5.683413223287870e-07,1.795630311107743e-11,

