1
0
56
1
(4 0
((0,176) (15,207) (0,0))
((0,272) (15,335) (0,0))
((0,208) (15,271) (0,0))
((0,336) (15,399) (0,0))
)
4
FabOnDisk: SD_5_New_MF_D_0003 0
FabOnDisk: SD_5_New_MF_D_0001 0
FabOnDisk: SD_5_New_MF_D_0002 0
FabOnDisk: SD_5_New_MF_D_0000 0

4,56
-7.839032782461061e+00,-1.738036113709333e+01,-2.689100185580736e+01,-6.152655808496597e+00,-8.748959496548208e+00,-7.878739167170846e+00,-1.077839125708326e+00,-6.338201811885322e+02,-2.584826270511852e-01,-7.765295917196634e-01,-9.217072087354532e-02,-1.386636187070761e+01,-1.300973185392590e+01,-1.466755322068331e+00,-9.945430720720234e+00,-4.692054386855236e-01,-7.313063182957323e-02,-2.943942564022621e+00,-1.358700750222965e+02,6.106554973458308e+00,-9.197334887262612e-02,-4.605058600891483e+01,-1.913283253604359e+00,-1.971650537799231e+02,-7.988603566549456e+00,-2.478901230065627e+01,-4.505413669140354e+00,-2.944442379887264e+00,-1.032698470741562e-02,-1.965309138226006e+00,-1.678957595176271e+00,-8.590416550046188e-01,-3.666228624198080e+00,-2.133823458893835e+00,-3.092469858494428e+00,-2.241931068490138e-01,-3.173153225417358e+01,-5.677244965226206e-01,-3.341577096816450e-01,-8.114617503630008e+00,-8.251422288522327e-01,-1.549839100189888e-02,-5.926772100791048e-04,-8.119610991865599e-02,-1.603008843699171e-01,-1.964827278077678e+00,-5.828224447599081e-02,-3.265447327106558e-01,-1.432628162167241e-01,-2.409961024142605e+01,-5.086377120105874e-01,-5.888463114390291e+02,-8.827357116745179e+01,-9.219716728874992e+00,-2.434085802591389e+01,-1.592468379385537e-10,
-1.471499743084870e-01,-7.262487103478626e-01,-5.592136107541569e-01,-4.428133789397188e-04,-1.243627600054329e-01,1.596726571966424e+00,-2.427544975510334e-04,-3.624110641956471e+00,-1.449055579069122e-08,5.692373141786626e-07,2.903834871356981e-08,1.975851365600109e-06,5.090205218788625e-07,-2.749348484988650e-05,2.518664268782500e-06,7.156268458350047e-09,1.258195820487528e-08,1.961507218794957e-08,-4.206819416239488e+00,4.058472963789043e+00,2.003641226300833e-07,1.807414298418354e-05,-2.862682019723343e-07,4.699713471276402e-06,-5.641485067046085e-08,-1.707288659652329e-10,6.964089472529977e-06,3.343484447099642e-06,-6.055314626090201e-10,-2.394360713671175e-08,-9.165278511626362e-09,-3.916998989226380e-09,-6.924275231104433e-09,-6.889537953893767e-09,-4.049185124370772e-08,-8.057909774998976e-10,-1.205047027135191e-08,-3.426222173375134e-07,-3.144377635453526e-11,-4.775310767265555e-08,-1.552418292667166e-10,-1.108272182000610e-12,-2.354268676233287e-14,-1.239436074351787e-03,-9.479252464636788e-03,3.548096937007811e-05,-1.359267992131076e-02,-9.465834915944400e-03,-6.953597822748388e-09,-2.612018605996729e-08,-1.333674679495306e-07,-4.814550169920244e-07,-1.592521824391478e-08,-1.448563089826302e-08,-4.403252915632435e-09,-2.177658053881260e-11,
-2.038404571767702e-01,-1.211742028650294e+00,-5.605813147011138e-01,-5.921879241977942e-03,-5.974850751979085e-01,-8.616740289901221e+00,-7.089593624908120e-04,-5.118423312926055e+01,-2.509829182427297e-03,-2.821245979275342e-03,-4.190887424535150e-04,-1.337536748444923e-02,-1.728018763740407e-02,-6.056480601366082e-03,-3.346925902592589e-02,-4.628709472993148e-05,-2.864063141383540e-04,-2.179809701383833e-04,-8.938541185367056e+01,6.756760448141362e+00,-5.548746584215479e-04,-3.743039449574381e-02,-3.029494922343162e-04,-5.343909012931506e-03,-3.851808328845101e-08,-9.592480056675415e-09,-1.449287493679014e-02,-2.903854246382169e-03,-4.444853053726161e-06,-4.490862197383191e-06,-1.124073947856788e-04,-3.798976128235583e-04,-1.006906209907238e-04,-3.138407500462300e-05,-7.295370499071812e-07,-6.789618461759807e-07,-4.010126392655454e-09,-6.148729675912440e-07,-1.740625290591195e-09,-2.125798901158215e-09,-3.046962180680960e-02,-2.641111121003570e-04,-5.438328347638315e-06,8.416075823115879e-04,5.693297108291411e-03,5.750898328430532e-05,-6.627392425734677e-02,-5.838893694385927e-02,-2.087521330741342e-07,-1.671813657714133e-08,-7.843624250218714e-08,-3.186665088823721e-05,-1.934116488523631e-08,-4.140247820897415e-07,-5.195128843946395e-09,-4.014566457044566e-11,
-6.100487686235020e-02,-3.402822575493614e-01,-4.210039797339927e-01,-1.230925098550137e-04,-8.974194585919018e-02,9.694251779405242e-01,-1.011182121212495e-04,-2.155907017795448e+00,-1.264422472738336e-07,1.653109014583719e-07,-7.977038559910366e-09,7.233841530504173e-07,3.465906830216970e-07,-1.043401381307078e-05,4.159522285653869e-07,2.100144937655769e-09,-5.201352890254543e-09,4.406188411115103e-09,-2.535529288509374e+00,2.959888206373050e+00,5.852248974026573e-08,7.770154351740368e-06,-4.868444130015536e-07,-1.178903909212268e-06,-1.719104021189300e-07,-4.225023377554037e-10,3.576600572310963e-06,2.174185825697537e-06,-1.690451977930090e-09,-2.541472066534548e-08,-5.564082272768584e-08,-4.396530970028923e-08,-1.923328058409113e-08,-3.389121082187362e-08,-6.570644377945062e-08,-1.848339833428395e-09,-6.612187702242442e-08,-1.575490837835008e-06,-3.056886114876481e-11,-1.050402114589949e-07,2.390898267798233e-10,-7.334115587826642e-14,1.183667728218690e-15,-1.425312531058701e-03,-1.051370452936923e-02,1.824705992329489e-05,-2.890107649719208e-03,-1.964161136990830e-03,-7.458778882179423e-09,-6.732257492348587e-08,-6.573025199857589e-07,-2.302932566316656e-06,-2.943162907193449e-07,-3.445860141333745e-07,-8.074914565629645e-08,-2.146904876099143e-11,

4,56
5.692892449436912e+00,3.133500586205967e+01,4.478502660542907e+01,7.613427786615274e+00,1.277539383380898e+01,3.195639124606676e+02,6.186674394679981e-01,-5.731998610550969e+01,5.776489798231564e-01,1.330731786750014e+00,1.549078317358540e-01,2.609753450014172e+01,1.619156820325258e+01,2.054224926308614e+00,1.565972824809866e+01,1.595168534314136e-01,1.403706019447804e-01,2.928866598954632e+00,4.560690029964059e+02,2.832911551769100e+02,1.841002255843616e-01,5.547329630348435e+01,3.824690182440627e+00,2.949397681332741e+02,1.302450830629490e+01,2.670947460455002e+01,8.538344268926828e+00,3.438362202103761e+00,1.741279695932711e-02,3.705092406448038e+00,2.566377253843926e+00,1.024546469723248e+00,3.847499458089681e+00,2.196031496701805e+00,3.791550957799081e+00,2.003162003421444e-01,3.434877117580906e+01,2.458049366072229e-05,6.083023750061339e-01,8.019156075148754e+00,1.255668160981788e+00,3.730735852316606e-02,9.211142834778000e-04,7.760802291474320e-02,3.138556713621005e-01,2.383963985881126e+00,4.592068467949600e-01,6.515187481840502e-01,1.881562306328457e-01,1.666188659282302e+01,3.521065068177574e-06,1.825630867191975e-01,9.119927021535040e+01,1.409551935088277e+01,2.557226756509129e+01,3.085460775764659e-10,
-6.174471252602060e-02,-3.435662637837028e-01,-4.229250406557708e-01,-1.265440539673287e-04,-9.028975399276505e-02,2.740736799241665e+00,-1.025996922282047e-04,-2.170575373170277e+00,4.818845852174532e-07,1.499886420096781e-06,1.356288334619080e-07,4.554430298228943e-06,7.453117395425372e-07,-1.056541047412889e-05,7.668367134234414e-06,1.769209960142281e-08,6.278199827179186e-08,4.982820031908519e-08,-2.550305323169820e+00,6.664972537987064e+00,4.918649795382082e-07,3.770559544418678e-05,4.563595081774507e-07,1.724151021180085e-05,5.630979001463312e-08,5.710649350282531e-11,1.269966450277144e-05,4.569965320061783e-06,-3.059084544114064e-10,1.058372240198221e-10,-3.386888202917365e-09,7.994592839228714e-09,7.590181342141291e-09,8.467253585280692e-09,3.749800952694926e-08,8.436896524545482e-10,8.778640710227693e-09,1.292507176514295e-07,2.457582397305429e-11,4.550542594354459e-08,3.941325239582466e-10,2.348978304886873e-13,1.230111466830514e-14,7.622357656820502e-04,5.080393419565770e-03,6.193280298209685e-05,-2.948083365424335e-03,-2.005637716075925e-03,-2.028409850774454e-09,3.191346021545041e-08,4.706620335422234e-08,6.593861792669891e-07,1.233167874972652e-07,8.475384514570571e-08,3.460263382778123e-08,2.068689664014300e-11,
1.247299469092926e+00,2.368455960229364e+00,5.211493900130089e+00,-4.562311498860424e-04,2.724022651179866e-01,3.018657006769163e+00,-2.481822717630165e-04,-3.666933236605447e+00,1.077806634535549e-06,1.990074279325170e-06,2.610876433686214e-07,1.463351167028552e-05,1.076406209498880e-05,-2.806349473680499e-05,1.210076328913055e-05,6.861031470063949e-08,1.767985061000142e-07,1.426962369629967e-06,-4.265284638113696e+00,1.409237924731726e+02,6.295612313250743e-07,4.714099722084764e-05,1.594208864692827e-05,7.923767033694294e-04,1.266336720800841e-05,8.927924106479779e-05,1.379317736712157e-05,4.725679089689153e-06,5.499157727007582e-08,7.858014099417221e-06,1.813224578009347e-06,3.986921363047448e-08,5.585748152952522e-06,3.418359006212272e-06,1.673235341073560e-05,1.418997385915268e-06,1.248571593949096e-04,5.877147214111585e-07,3.364662158421213e-07,7.610685363536257e-05,-3.146071291457268e-10,-1.188705097979000e-12,-3.528050491726674e-14,1.502634589613210e-02,9.555418372942770e-02,7.451351493383644e-05,-1.399245441419211e-02,-9.750340121201720e-03,5.748592440823052e-07,1.481806786539455e-05,2.048182453841510e-07,4.151196845353083e-05,4.968526914077076e-05,3.468260100441861e-06,1.961494570505552e-05,3.542943716183800e-11,
-3.133824299022934e-02,-1.997949487344985e-01,-3.126051575674635e-01,-2.664596031250705e-05,-5.687471825845335e-02,1.584140103366632e+00,-5.416751146458898e-05,-1.456917678816612e+00,-1.832951412278278e-08,5.602296968717397e-07,2.798343033901295e-08,1.987116381438118e-06,5.078885450241677e-07,-5.218015327391667e-06,2.496897148597271e-06,7.079137712693121e-09,1.221481717932935e-08,1.950456052850054e-08,-1.855380048841206e+00,4.035149415764485e+00,1.978682075158163e-07,1.788536504681610e-05,-2.275114586192336e-07,5.010754782936527e-06,1.485414628997927e-07,3.067058021327760e-10,6.922417501772001e-06,3.329140690458622e-06,7.389636532280057e-10,-1.932157453867824e-08,1.518974132621032e-09,1.484913534444128e-07,5.326491804518644e-08,1.002908458889054e-07,2.281793942609978e-07,2.386156496397270e-09,4.619175991683228e-08,1.340454900888101e-06,2.219696193251741e-11,8.106493625994386e-08,3.495631282934840e-10,4.598297031298889e-14,6.650692774386420e-15,-1.247576570756869e-03,-9.534335299722294e-03,3.515336403253813e-05,-1.001448699479116e-03,-6.666869697445940e-04,1.210763674029382e-09,9.143373606821903e-08,3.373407694734533e-07,3.119787014744399e-06,2.214368698784429e-06,1.178647490973156e-06,6.119512483841219e-07,1.873301513910519e-11,

