1
0
63
1
(4 0
((0,0) (15,255) (0,0))
((0,768) (15,1023) (0,0))
((0,512) (15,767) (0,0))
((0,256) (15,511) (0,0))
)
4
FabOnDisk: SD_0_Old_MF_D_0003 0
FabOnDisk: SD_0_Old_MF_D_0000 0
FabOnDisk: SD_0_Old_MF_D_0001 0
FabOnDisk: SD_0_Old_MF_D_0002 0

4,63
-1.085525070504506e-05,1.597556641507368e+00,1.576197854863923e-01,2.286624635817252e-21,1.030064975623795e-19,9.116839845311870e-16,3.153137415559543e-10,2.078541922723244e-07,6.009329560601513e-08,1.287196930862933e-10,2.847936700169558e-03,0.000000000000000e+00,1.890502960268525e-25,1.240465501275281e-26,3.788818180917472e-12,1.685900054706795e-11,3.863011753429523e-21,3.264806604716097e-10,2.392892114080849e-15,4.169736897890347e-26,8.550171972148581e-12,1.948872598805078e-08,1.717860733473596e-09,1.668924140091856e-31,1.907068374208538e-10,7.686224193214878e-23,0.000000000000000e+00,0.000000000000000e+00,0.000000000000000e+00,5.629908291862339e-25,2.027698069379249e-11,0.000000000000000e+00,4.523823475623918e-21,0.000000000000000e+00,0.000000000000000e+00,0.000000000000000e+00,0.000000000000000e+00,0.000000000000000e+00,0.000000000000000e+00,0.000000000000000e+00,0.000000000000000e+00,0.000000000000000e+00,0.000000000000000e+00,4.603651941192265e-14,1.053328424647681e-16,2.899392533018800e-18,1.501417379546754e-14,4.868095022834186e-15,2.017517958607169e-13,4.689874152693171e-14,8.450437621737907e-14,0.000000000000000e+00,0.000000000000000e+00,0.000000000000000e+00,0.000000000000000e+00,0.000000000000000e+00,0.000000000000000e+00,0.000000000000000e+00,1.130744491373856e-01,3.542573791541597e+03,0.000000000000000e+00,4.430004061661686e+02,1.013079142369869e+05,
-7.855181668178440e-08,5.150276279552931e+00,1.460877540950688e-01,6.110326526510661e-06,5.834326943282295e-05,4.693894485731604e-04,1.349865849513063e-07,5.705842174311901e-05,1.235223962684493e-02,1.210416438539480e-08,1.184344622866380e-03,5.120559366775356e-11,2.714858056970689e-10,2.293778515453671e-11,1.086225386585243e-09,2.976674763441770e-10,8.722835821692019e-10,1.626532525400235e-09,3.543925422516720e-12,1.171814065703895e-11,1.249064475578407e-11,3.570360985730574e-03,2.344084090073147e-02,8.744324845272777e-11,9.025762317114509e-09,1.001649831727971e-10,3.364735427217484e-09,6.924723668009848e-14,1.252223489499508e-15,2.993661426368276e-09,1.621860180639548e-09,4.109718667959358e-15,2.178958879552777e-12,4.891548691540436e-14,8.152447994837212e-14,1.574452475845984e-15,2.446650910286223e-15,2.512368340315239e-15,0.000000000000000e+00,0.000000000000000e+00,0.000000000000000e+00,0.000000000000000e+00,2.132838370356980e-17,7.811613616916111e-14,1.736822210065955e-17,1.194024608441041e-18,5.874725813417955e-07,3.995489681327678e-06,1.796489887613534e-08,1.331887314461272e-08,8.143918981209028e-09,4.247976765925625e-13,6.993405153044234e-16,0.000000000000000e+00,0.000000000000000e+00,0.000000000000000e+00,0.000000000000000e+00,0.000000000000000e+00,1.047759413579657e-01,7.926193347000793e+03,0.000000000000000e+00,2.331093567949106e+03,1.013249918806398e+05,
-1.331663175100668e-07,5.081511797516033e+00,1.469260071203999e-01,7.192018472147439e-06,6.933435494450724e-05,5.057625707703966e-04,1.327162370852852e-07,6.108292203278856e-05,1.235467083524191e-02,1.456267712128361e-08,1.322799376609081e-03,8.139247497681127e-11,3.923818012003369e-10,3.422983410727684e-11,1.508929578749334e-09,3.791908534676623e-10,1.126903239884769e-09,2.348651848199929e-09,5.139086497897223e-12,1.758161746374214e-11,1.779649871570276e-11,3.778170775883296e-03,2.305567824610522e-02,1.278799144510898e-10,1.258463780442857e-08,1.651166201209141e-10,5.008394489046039e-09,0.000000000000000e+00,3.552505757999415e-16,4.181406567344668e-09,2.191498394269447e-09,0.000000000000000e+00,3.968681095301092e-12,0.000000000000000e+00,0.000000000000000e+00,0.000000000000000e+00,0.000000000000000e+00,0.000000000000000e+00,0.000000000000000e+00,0.000000000000000e+00,0.000000000000000e+00,0.000000000000000e+00,0.000000000000000e+00,1.387496870485478e-13,3.847753112064598e-17,2.397662758006616e-18,9.287344056021262e-07,6.341512702843228e-06,2.481079195156677e-08,2.820448823249627e-08,1.740735574594059e-08,7.228320614225455e-13,0.000000000000000e+00,0.000000000000000e+00,0.000000000000000e+00,0.000000000000000e+00,0.000000000000000e+00,0.000000000000000e+00,1.053795921173428e-01,7.836777565570465e+03,0.000000000000000e+00,2.292012961916945e+03,1.013249914189698e+05,
-4.486753647961542e-07,4.832020228796923e+00,1.490350616276765e-01,1.039031581595343e-05,1.009633023105036e-04,5.927008684004293e-04,1.327227347305495e-07,7.154167138416433e-05,1.233747960062969e-02,2.213522989588845e-08,1.658873942150736e-03,1.367682208172623e-10,4.178795519802522e-10,5.027998933257012e-11,1.394456789888605e-09,1.995618866300989e-10,1.883917494762923e-09,2.868510518294739e-09,5.489131072630627e-12,2.610390865939703e-11,1.941832106895658e-11,4.280919892191382e-03,2.217061254267223e-02,1.325834887280751e-10,1.077927685905714e-08,2.987312355675489e-10,6.870335652690676e-09,0.000000000000000e+00,0.000000000000000e+00,3.012357055509475e-09,1.199843236867810e-09,7.929546699631156e-15,8.731265434569804e-12,0.000000000000000e+00,0.000000000000000e+00,0.000000000000000e+00,0.000000000000000e+00,0.000000000000000e+00,0.000000000000000e+00,0.000000000000000e+00,0.000000000000000e+00,0.000000000000000e+00,0.000000000000000e+00,4.735209016918133e-14,8.286432487472083e-17,2.903738791147171e-18,1.546937576826598e-06,1.066134589420215e-05,1.802410885158943e-08,9.402230651372888e-08,5.935912637135080e-08,1.418592119871016e-12,0.000000000000000e+00,0.000000000000000e+00,0.000000000000000e+00,0.000000000000000e+00,0.000000000000000e+00,0.000000000000000e+00,1.068966285433719e-01,5.899917943017441e+03,0.000000000000000e+00,2.148654370943309e+03,1.013249755520965e+05,

4,63
1.062006702686421e-05,4.829731380859437e+00,8.373294730127542e-01,4.961800346651898e-05,4.498963317707770e-04,9.600439119717361e-04,1.182795000433397e-04,3.676403861012047e-04,1.294411701877513e-02,2.146319995773867e-05,1.827784691759483e-01,1.451409529604532e-06,6.577243464588497e-06,7.407678676473167e-07,2.350421480855356e-04,2.627702665615896e-04,2.015141913105617e-05,5.181166755566906e-04,1.473260811459742e-05,9.650870635716795e-07,6.790056471220020e-05,1.422080724532348e-02,2.216668173095998e-02,8.465386726255850e-07,6.360814855242983e-04,2.244648486777265e-05,4.617567064200275e-03,1.006320717375354e-04,4.610770018894243e-04,3.322769043070128e-05,1.156393987424788e-04,1.300956290353568e-07,3.223195040000887e-05,3.785208327662372e-05,1.272570882600790e-05,5.938800263577713e-05,3.207514108903944e-05,4.196237391424396e-05,3.104373823096755e-06,6.578092028383497e-04,1.044523412874916e-05,4.204428688833390e-06,1.170843732629535e-04,1.832021139557675e-05,6.584262730178655e-07,1.592111615317303e-08,2.494475227192418e-06,1.761122490442640e-05,3.063388383476654e-05,1.297923909408586e-05,1.673596647774364e-05,1.703857132698793e-06,4.544507851918482e-04,9.310250423572211e-06,5.259435714254483e-02,1.664667498744851e-03,1.448301887724655e-04,4.563727801800011e-04,6.019563535645505e-01,7.519123094403085e+04,0.000000000000000e+00,2.147316670112052e+03,1.013328374240921e+05,
7.203967385926211e-08,5.179929304307016e+00,1.469211877030614e-01,7.185395948594499e-06,6.926777127496731e-05,5.055535696327702e-04,1.366594617808490e-07,6.105902491413923e-05,1.235466015460502e-02,1.454752436342749e-08,1.322009649957841e-03,8.123549675777777e-11,3.918352842705403e-10,3.417578111940461e-11,1.507121451373533e-09,3.789202057387913e-10,1.125360175102388e-09,2.345343704025051e-09,5.131764630865816e-12,1.755310201066598e-11,1.777283928508295e-11,3.776980681754832e-03,2.360917442178352e-02,1.277005301730827e-10,1.257024809306507e-08,1.647733628578175e-10,5.001178819636053e-09,1.269150585908282e-13,2.298668860828011e-15,4.176582081192532e-09,2.189386634356549e-09,8.587430486072607e-15,3.958417386177433e-12,1.001054551624081e-13,5.133133181571751e-13,1.526124571872378e-14,3.854602608047402e-14,3.881112219879953e-14,2.205135307714562e-17,8.721920625350797e-16,8.336180908468828e-15,2.048189002187904e-20,3.615060710763179e-16,1.384894645939471e-13,3.835716816509861e-17,2.391470517469932e-18,9.269767804136458e-07,6.329369219642317e-06,2.478283766505983e-08,2.810420265899182e-08,1.734453574126152e-08,7.212059176834798e-13,1.255946980483191e-15,3.258191920329520e-15,8.166327741117166e-17,2.986446626278461e-13,4.944928820102809e-13,8.216690456012047e-14,1.053761239169577e-01,7.957537078254978e+03,0.000000000000000e+00,2.346952054418721e+03,1.013250065581664e+05,
1.121552170796290e-07,5.150114583741281e+00,1.490216821066809e-01,1.036827140848684e-05,1.007487125476628e-04,5.921806004207251e-04,1.349769815188858e-07,7.147589821151221e-05,1.235700265146061e-02,2.208138142572955e-08,1.656802723142904e-03,1.365295408773775e-10,5.325629896938625e-10,5.022766486702589e-11,1.900696156369435e-09,4.058874380080294e-10,1.878694450169729e-09,3.220268374360737e-09,6.991627066948912e-12,2.607646917355641e-11,2.349086014146248e-11,4.277864811825072e-03,2.343988309045610e-02,1.759688537501264e-10,1.581228337089211e-08,2.981150698304014e-10,7.207420327039929e-09,6.013713467035505e-13,5.286757974404428e-15,5.174662785291640e-09,2.499294007561364e-09,3.009652278997552e-14,8.702632843998087e-12,7.176759430667261e-13,2.149507686708634e-12,2.586323030172284e-13,9.023091801839207e-13,1.644017393657910e-12,2.948113891759305e-14,1.263543301503181e-12,3.816259648123857e-12,3.427759844230686e-17,2.336056826124356e-14,1.795611659001083e-13,8.264598929873926e-17,4.145131787295924e-18,1.543724290978125e-06,1.063860881443853e-05,3.015267415476954e-08,9.343485262237060e-08,5.898003775186880e-08,1.420394626019206e-12,2.360907027329855e-13,1.392364896096228e-12,4.798017690650602e-12,7.648414569786944e-12,3.947376027712834e-12,2.095845981820568e-12,1.068869995804321e-01,7.930684189964149e+03,0.000000000000000e+00,2.331002128420991e+03,1.013250090171698e+05,
5.690449357781661e-07,5.081093867829780e+00,1.575333210047478e-01,2.823241955323143e-05,2.619660464946094e-04,8.492681647747769e-04,1.885957934444490e-07,1.103199091339911e-04,1.235702358442249e-02,7.069315333088669e-08,2.837177416088244e-03,1.966721165724858e-10,5.614760417225368e-10,5.845657981987526e-11,1.937183988131063e-09,3.976137097184519e-10,6.763005222609155e-09,3.483153367640488e-09,7.361215661843596e-12,3.079747289587621e-11,2.450711250132620e-11,5.903087915023082e-03,2.305345595719788e-02,1.855466219317898e-10,1.601969067733426e-08,5.179303038956863e-10,8.117013964209257e-09,1.444237983644102e-12,2.126119409481604e-14,5.197549716971072e-09,2.488359327161093e-09,1.824582221812766e-13,2.211241873588385e-11,3.490774919019686e-12,4.579010188202867e-12,1.436801594301858e-12,2.433266182907725e-12,4.920809055270904e-12,1.797899861473069e-13,4.377075871482398e-12,9.402413224847699e-12,8.082475946840802e-16,6.024729982895701e-12,1.787984643903644e-13,1.171340243168551e-16,4.518164917625400e-18,2.492736005663916e-06,1.759362801215848e-05,3.023676032453166e-08,1.504715200617781e-06,1.021448196458589e-06,3.652929124113986e-12,3.132273159158312e-12,3.815346673994857e-12,4.063530317565291e-11,3.522253814344803e-11,1.329440464801664e-11,9.781080041035494e-12,1.130122461390477e-01,7.835703119934347e+03,0.000000000000000e+00,2.291768797579350e+03,1.013250395232943e+05,

