1
0
63
1
(4 0
((0,0) (15,255) (0,0))
((0,768) (15,1023) (0,0))
((0,512) (15,767) (0,0))
((0,256) (15,511) (0,0))
)
4
FabOnDisk: SD_0_New_MF_D_0003 0
FabOnDisk: SD_0_New_MF_D_0000 0
FabOnDisk: SD_0_New_MF_D_0001 0
FabOnDisk: SD_0_New_MF_D_0002 0

4,63
-1.050311969404008e-05,1.633189389194325e+00,1.576277282292565e-01,2.068263890983987e-21,9.247801740436579e-20,8.426473591964847e-16,2.896254448396360e-10,1.985198271728851e-07,5.554298485375999e-08,1.181965651625290e-10,2.848784031952925e-03,0.000000000000000e+00,1.611644947636014e-25,1.057203831174054e-26,3.494305070913888e-12,1.400345803810057e-11,3.426789286597021e-21,2.965918860403116e-10,2.139231842732861e-15,3.497241779872071e-26,8.469902810953438e-12,1.789992483995015e-08,1.559154678872060e-09,1.403891778478137e-31,1.735933528773651e-10,6.308091054078420e-23,0.000000000000000e+00,0.000000000000000e+00,0.000000000000000e+00,4.717706859655229e-25,1.826877859970934e-11,0.000000000000000e+00,3.761625951132593e-21,0.000000000000000e+00,0.000000000000000e+00,0.000000000000000e+00,0.000000000000000e+00,0.000000000000000e+00,0.000000000000000e+00,0.000000000000000e+00,0.000000000000000e+00,0.000000000000000e+00,0.000000000000000e+00,4.472488304485765e-14,1.051152244818798e-16,2.892216303652400e-18,1.327660435384643e-14,4.304454761920776e-15,1.783619726761898e-13,4.145906655130949e-14,7.470291193526000e-14,0.000000000000000e+00,0.000000000000000e+00,0.000000000000000e+00,0.000000000000000e+00,0.000000000000000e+00,0.000000000000000e+00,0.000000000000000e+00,1.130801515509579e-01,3.545453721410249e+03,0.000000000000000e+00,4.430003722483422e+02,1.013073675541534e+05,
-6.167493632664097e-08,5.186571275037609e+00,1.460878952297300e-01,6.110729544228969e-06,5.834707010490633e-05,4.694035970888159e-04,1.349866835343481e-07,5.706021642351784e-05,1.235225054909545e-02,1.210495273016003e-08,1.184387068225857e-03,5.121067701611465e-11,2.715019750090495e-10,2.293945855440029e-11,1.086273594486519e-09,2.976713119798885e-10,8.723659698891098e-10,1.626625344974925e-09,3.544146629607777e-12,1.171901129870359e-11,1.249123427438492e-11,3.570466098970713e-03,2.344080404877831e-02,8.744884753993352e-11,9.026136563077941e-09,1.001751703465710e-10,3.364951183003886e-09,6.925691836740625e-14,1.252398470508867e-15,2.993793435380388e-09,1.621907616854603e-09,4.110517806442319e-15,2.179248025288315e-12,4.892471411537647e-14,8.152678272462264e-14,1.574649991720226e-15,3.170184618663017e-15,1.930633863384080e-15,1.349845695097354e-19,4.358486284796137e-17,0.000000000000000e+00,7.827311018986995e-22,1.852329213489916e-17,7.811745582741515e-14,1.736989261699929e-17,1.194096780541992e-18,5.875204694864198e-07,3.995819725429814e-06,1.796549031561828e-08,1.332123871071552e-08,8.145384452879810e-09,4.248442030327935e-13,6.994360189642081e-16,0.000000000000000e+00,0.000000000000000e+00,0.000000000000000e+00,0.000000000000000e+00,0.000000000000000e+00,1.047760299671031e-01,7.926215302715001e+03,0.000000000000000e+00,2.331090875640190e+03,1.013249926311750e+05,
-1.333256629089564e-07,5.117796819096132e+00,1.469261587496438e-01,7.192186338875750e-06,6.933614732332065e-05,5.057679799574561e-04,1.327165626545142e-07,6.108346806904884e-05,1.235467244814645e-02,1.456309613506356e-08,1.322826668570102e-03,8.139321051499508e-11,3.923864487478512e-10,3.423209440469775e-11,1.508942482247413e-09,3.791762769620207e-10,1.126934834859845e-09,2.348324437690120e-09,5.138396856179665e-12,1.758058734625156e-11,1.779248814958966e-11,3.778212768593579e-03,2.305555019589525e-02,1.278811247294745e-10,1.258462938070897e-08,1.650807321103106e-10,5.005597072933256e-09,0.000000000000000e+00,0.000000000000000e+00,4.181693597589095e-09,2.191660732141531e-09,0.000000000000000e+00,3.967479784310391e-12,0.000000000000000e+00,0.000000000000000e+00,0.000000000000000e+00,0.000000000000000e+00,0.000000000000000e+00,0.000000000000000e+00,0.000000000000000e+00,0.000000000000000e+00,0.000000000000000e+00,0.000000000000000e+00,1.387744383628247e-13,3.848568636556566e-17,2.398144998772660e-18,9.288450604489322e-07,6.342272491371567e-06,2.481322817013892e-08,2.820916046577167e-08,1.741026691824335e-08,7.228705072147103e-13,0.000000000000000e+00,0.000000000000000e+00,0.000000000000000e+00,0.000000000000000e+00,0.000000000000000e+00,0.000000000000000e+00,1.053797019611585e-01,7.836755469771531e+03,0.000000000000000e+00,2.291999037061471e+03,1.013249926367297e+05,
-5.809343912945522e-07,4.868245959487992e+00,1.490358436869976e-01,1.039154213006098e-05,1.009754805749080e-04,5.927300098021436e-04,1.327231646632638e-07,7.154520044362068e-05,1.233722801606226e-02,2.213828629063964e-08,1.658998786761219e-03,1.368043616265087e-10,4.180385665523898e-10,5.029147118074745e-11,1.396671237951451e-09,1.994539329401907e-10,1.884278099379547e-09,2.869829095404952e-09,5.494281068787057e-12,2.610888316626359e-11,1.943964214173987e-11,4.281103008981157e-03,2.217139240610418e-02,1.325678606182606e-10,1.077927181300472e-08,2.988527541296275e-10,6.885387823380866e-09,0.000000000000000e+00,0.000000000000000e+00,3.011385842703442e-09,1.199533372453502e-09,8.092023327323569e-15,8.734510692189117e-12,0.000000000000000e+00,0.000000000000000e+00,0.000000000000000e+00,0.000000000000000e+00,0.000000000000000e+00,0.000000000000000e+00,0.000000000000000e+00,0.000000000000000e+00,0.000000000000000e+00,0.000000000000000e+00,4.722547265851763e-14,8.288638811245382e-17,2.896997088691557e-18,1.547206310146201e-06,1.066323163009376e-05,1.801759147773681e-08,9.406097107748509e-08,5.938400849369170e-08,1.415460074509060e-12,0.000000000000000e+00,0.000000000000000e+00,0.000000000000000e+00,0.000000000000000e+00,0.000000000000000e+00,0.000000000000000e+00,1.068971887388542e-01,5.890802393828497e+03,0.000000000000000e+00,2.148550890250785e+03,1.013249776156523e+05,

4,63
1.149358878091577e-05,4.865956881759970e+00,8.373296697052728e-01,4.961507180728708e-05,4.492841546513304e-04,9.597215692919197e-04,1.181616593670776e-04,3.686985683993506e-04,1.294378529958394e-02,2.146963378142346e-05,1.827785177235128e-01,1.450742815380874e-06,6.593541759137841e-06,7.399356251715697e-07,2.354387013972630e-04,2.632528960803326e-04,2.012265130748269e-05,5.179898787793653e-04,1.474144018829157e-05,9.662728981383460e-07,6.792286994958643e-05,1.422477826188914e-02,2.216751397464787e-02,8.453665553583205e-07,6.380563099174169e-04,2.244085058835241e-05,4.620964628472108e-03,1.006293088592046e-04,4.618842191276564e-04,3.317894538884251e-05,1.155517868401368e-04,1.302629044785601e-07,3.230846820085796e-05,3.786169090344621e-05,1.275285721199941e-05,5.941231759503844e-05,3.209630169780931e-05,4.196973579081317e-05,3.102955701434508e-06,6.584057450278114e-04,1.045922025762687e-05,4.179339702007330e-06,1.171977398739581e-04,1.842996997980039e-05,6.618411851075141e-07,1.601354864536363e-08,2.494729316493703e-06,1.761316404412467e-05,3.067794099284655e-05,1.298235992556157e-05,1.674568749551094e-05,1.699304604467988e-06,4.538272084020552e-04,9.271398824496748e-06,5.259436705427089e-02,1.663100650102627e-03,1.452815036590643e-04,4.548790397820037e-04,6.019565077786077e-01,7.518581912595753e+04,0.000000000000000e+00,2.147211177724762e+03,1.013330736847247e+05,
6.322943249436482e-08,5.216221527442952e+00,1.469213317846465e-01,7.185555818576364e-06,6.926947605959741e-05,5.055587192124185e-04,1.366592997845118e-07,6.105954452742846e-05,1.235466173224399e-02,1.454792239990113e-08,1.322035741438125e-03,8.124456033185034e-11,3.918740351468632e-10,3.417933001042227e-11,1.507269828244240e-09,3.789506687747218e-10,1.125412198037434e-09,2.345582830288719e-09,5.132296908016463e-12,1.755500591012895e-11,1.777465169957705e-11,3.777021073732146e-03,2.360904781305547e-02,1.277136785324580e-10,1.257145062616713e-08,1.647924656465763e-10,5.001641827968018e-09,1.271905287844333e-13,2.299034245743967e-15,4.176985054428293e-09,2.189591298773242e-09,8.496121537761313e-15,3.958945186919960e-12,9.951223885979973e-14,6.753827556003514e-13,2.398379947036978e-14,7.130565003129555e-14,7.763843413493843e-14,4.528704144325334e-16,6.602503004052371e-15,4.527037078763647e-17,1.657178396257156e-19,6.313286208849234e-16,1.385139454682477e-13,3.836518125518778e-17,2.391935858272711e-18,9.270839242550434e-07,6.330104797376628e-06,2.478521237554487e-08,2.810869497871402e-08,1.734733420005728e-08,7.212996965730923e-13,1.313563894237032e-15,1.723968119093716e-17,6.126953322091670e-16,4.779300193405811e-13,6.447277463648316e-13,1.196840588312915e-13,1.053762281396080e-01,7.957932147974931e+03,0.000000000000000e+00,2.346948314587410e+03,1.013250062628609e+05,
1.147579225895734e-07,5.186409316930311e+00,1.490224517850322e-01,1.036948168494840e-05,1.007607299920512e-04,5.922094063806292e-04,1.349770669468064e-07,7.147938746703545e-05,1.235699750703993e-02,2.208439455327253e-08,1.656925995098961e-03,1.365548113738490e-10,5.326289689510236e-10,5.023572083791805e-11,1.900833115240701e-09,4.059142268863619e-10,1.879014276783981e-09,3.220622520857348e-09,6.992226000274866e-12,2.607980315536210e-11,2.349233415714584e-11,4.278045872600243e-03,2.343984516229381e-02,1.759941398138519e-10,1.581411400481840e-08,2.981717302151550e-10,7.208459064622225e-09,3.768430884300274e-13,5.802002634501781e-15,5.175301867528000e-09,2.499391167236258e-09,2.986715072029115e-14,8.704816750937454e-12,7.979121954647944e-13,2.683621436201674e-12,3.361299135316874e-13,1.140677516625782e-12,2.041887342314406e-12,3.862594208161744e-14,1.817240785603372e-12,3.669616821148898e-12,4.970871941998465e-17,3.098735202296101e-14,1.795807376793967e-13,8.266823149001195e-17,4.145914012708446e-18,1.543991259689595e-06,1.064048165436208e-05,3.015473627478664e-08,9.347292705385580e-08,5.900453452183953e-08,1.420780161090077e-12,2.878548491131740e-13,1.280661122988688e-12,7.191477460846614e-12,9.609527691453496e-12,3.490578240547564e-12,2.647093423838204e-12,1.068875508702507e-01,7.930704708624904e+03,0.000000000000000e+00,2.330999293992356e+03,1.013250110463749e+05,
5.103562239223388e-07,5.117378540518970e+00,1.575410629896770e-01,2.824167595388386e-05,2.620612057528662e-04,8.493360215675843e-04,1.886657988467856e-07,1.103270233393871e-04,1.235701694369152e-02,7.073067299867413e-08,2.838010504239180e-03,1.971969610171918e-10,5.614679062922860e-10,5.845930412232746e-11,1.937509707632513e-09,3.975463602145717e-10,6.766335870714066e-09,3.486268984179930e-09,7.360752144806245e-12,3.079958314641058e-11,2.450813520793163e-11,5.903720428083819e-03,2.305332673350444e-02,1.855496029108215e-10,1.601920528739774e-08,5.179840528268342e-10,8.112692300998732e-09,4.172281823445275e-12,3.071318946912348e-14,5.197751579478910e-09,2.487898539558065e-09,1.814066631490525e-13,2.211875954731632e-11,2.854684785595987e-12,5.751672589264304e-12,1.864190050404722e-12,2.425854264498856e-12,6.697280918834264e-12,5.510114142518840e-13,1.223151168808247e-11,1.052625958184583e-11,1.918884624796054e-15,1.871925772629464e-12,1.787951641241535e-13,1.171507081463963e-16,4.518826035145921e-18,2.493043997478981e-06,1.759593914550490e-05,3.023837338320643e-08,1.506907942730154e-06,1.022979577405750e-06,3.649684389212374e-12,4.618658909253753e-12,4.407475836418290e-12,6.805572843104361e-11,3.803995905959409e-11,1.276316527165147e-11,1.057114371483666e-11,1.130178041873488e-01,7.835674818772358e+03,0.000000000000000e+00,2.291754682383154e+03,1.013250370411514e+05,

