1
0
56
1
(4 0
((0,0) (15,255) (0,0))
((0,768) (15,1023) (0,0))
((0,512) (15,767) (0,0))
((0,256) (15,511) (0,0))
)
4
FabOnDisk: SD_5_Old_MF_D_0003 0
FabOnDisk: SD_5_Old_MF_D_0000 0
FabOnDisk: SD_5_Old_MF_D_0001 0
FabOnDisk: SD_5_Old_MF_D_0002 0

4,56
-7.536062437363383e+00,-1.733167859397815e+01,-2.638879307711947e+01,-5.929992031327163e+00,-8.002838162473862e+00,-8.042727211246030e+00,-1.146304201082942e+00,-6.269908704092195e+02,-2.643849641566781e-01,-7.618207773369068e-01,-8.864058142157269e-02,-1.368632789985548e+01,-1.223103948585219e+01,-1.399197024869897e+00,-9.580776624989971e+00,-4.478047984717729e-01,-7.078852814893399e-02,-2.743676800222087e+00,-1.318271847426308e+02,1.381680143561215e-16,-9.368811818938100e-02,-4.848013083267510e+01,-1.840156821550251e+00,-2.027526692672798e+02,-7.364655036786267e+00,-2.410508512775393e+01,-4.511557392917463e+00,-2.876323840728040e+00,-8.890814887420998e-03,-2.004559348452387e+00,-1.580732202416023e+00,-9.485315556004750e-01,-3.784107861253063e+00,-2.213170432611011e+00,-3.194489226646402e+00,-2.160348202288798e-01,-3.267795221543369e+01,-4.850356824246041e-01,-3.075862381816700e-01,-8.607768263309964e+00,-9.122588086136800e-01,-1.519994266626237e-02,-6.166059877846045e-04,-8.162806603209929e-02,-1.697149473646209e-01,-2.124843177174407e+00,-7.137714136813633e-02,-3.993901573243077e-01,-1.337504732535729e-01,-2.432673704544931e+01,-4.650602070818469e-01,-5.990980885595950e+02,-9.055228381783311e+01,-9.658776322177829e+00,-2.481071729511002e+01,-2.571596269262955e-10,
-4.151624865743171e-03,-2.979775704147874e-02,-8.785001009934978e-02,1.789799112326037e-07,-1.099421294496650e-02,1.018705423261603e-01,-6.630991238329931e-06,-3.320803096797714e-01,-8.686851634245819e-08,-3.032614953257614e-07,-2.586351251129558e-08,-1.126117850250816e-06,-2.649095398807786e-07,-6.657162848674036e-07,-1.384271329451753e-06,-2.959721812978238e-09,-1.162714945550950e-08,-1.060234870766706e-08,-4.693712614416388e-01,2.471912037165476e-01,-8.129686863752826e-08,-8.232333384326188e-06,-1.464417758708512e-07,-3.398844892631446e-06,-5.654600035557263e-09,-8.169704236125857e-11,-3.681794993686608e-06,-1.251088937334416e-06,-7.638336160245374e-11,-4.429507518668389e-09,-3.916788625203685e-09,-1.149409890288176e-09,-1.387652529944587e-09,-8.492159172723928e-09,-8.286476384869740e-09,-1.211294628667026e-10,-1.822404662301755e-09,-2.533374639889263e-08,-7.571225224945039e-14,-8.827869896762742e-11,-1.010550883087515e-10,-4.950017926591928e-14,-2.488943686722742e-15,-7.154606757410095e-04,-4.948231745520659e-03,-1.280667657661460e-05,-4.273634166379790e-05,-2.681670415554326e-05,-6.927513593124411e-10,-1.045289799709125e-10,-7.082370208951088e-09,-6.109994653568211e-08,-1.250452305007131e-07,-4.174432563671424e-08,-3.519528191497096e-08,-2.150794820021673e-11,
-1.219309981255908e-02,-9.055521135987944e-02,-1.997482817525942e-01,3.501460271285999e-06,-2.852566242955071e-02,1.835907032721951e-01,-2.221001931674357e-05,-8.046132014066986e-01,-1.231449559574983e-07,-3.520771061628317e-07,-4.435821156447172e-08,-2.191152708687856e-06,-1.461185145931798e-07,-2.208505219091786e-06,-2.665096573582372e-06,-6.758294062735534e-09,-2.811208834353907e-08,-2.307443373542127e-08,-1.110292291941354e+00,7.587518797560480e-01,-1.003953778533661e-07,-7.717478267968370e-06,-4.039590284409152e-07,-1.225779887956928e-05,-5.370793839979420e-07,-3.089437476068935e-09,-2.211015930988419e-06,-9.078855266323228e-07,-2.198450199358504e-08,-1.354630427382873e-08,-1.167487144075609e-06,-6.567428420767104e-07,-5.971344877238046e-08,-2.627301916650401e-07,-4.922386508362051e-07,-1.551470951838331e-08,-5.748736462025277e-07,-2.588365685062060e-06,-2.546177782640403e-11,-1.676524091156083e-08,-1.016355933591956e-10,-8.201810455649177e-14,-2.713628190914565e-15,-1.189023351463791e-03,-8.442177026562789e-03,-1.070286257888283e-05,-2.402891250465038e-04,-1.553057236153876e-04,-5.397525731804222e-09,-9.849128246850210e-08,-1.176693085098959e-06,-3.328208787766458e-06,-2.032811341933155e-06,-8.345905718642286e-07,-5.677233331581386e-07,-2.100257467940736e-11,
-1.401225895529459e-01,-7.397224909248071e-01,-5.629402178170205e-01,-4.642216435754424e-04,-1.397824536754586e-01,4.804668845205725e-01,-2.544209044963485e-04,-3.729901814507703e+00,-4.311450244526703e-07,-7.413010105807614e-07,-1.833506767334389e-07,-1.682388744548531e-05,-9.754490979498839e-08,-2.650987210937575e-05,-6.061582260337802e-06,-2.209259382919055e-08,-1.307500542171032e-07,-7.667111252292353e-08,-4.307916078100986e+00,1.784405446859495e+00,-1.203158115921210e-07,-8.002714262770309e-06,-3.410205148614461e-06,-8.124857816417275e-05,-4.972742861492751e-06,-1.152463034686315e-08,-1.514389699240674e-06,-6.454378879779799e-08,-5.580073282266960e-08,-8.817142002423014e-08,-3.231607346941690e-06,-1.673834116594514e-06,-1.555058680376452e-06,-2.536421235185238e-06,-5.428286125870678e-06,-2.835552636585042e-07,-7.511953909994095e-06,-2.037793796932480e-05,-2.741978275230504e-09,-2.154397539525719e-06,-4.371342792260897e-11,-6.076224431242720e-13,-1.322427559886195e-14,-1.405053445536970e-03,-1.036001797049352e-02,2.646047686534477e-07,-1.296785305444979e-02,-9.033891815059683e-03,-2.887110447011336e-07,-6.977979901922826e-06,-5.386632399969867e-06,-1.204724277351549e-04,-4.573458972633040e-05,-2.054058691279340e-05,-1.270840508247284e-05,-1.861675258396644e-10,

4,56
5.536244047491190e+00,2.958230536389017e+01,4.350787466417074e+01,7.340364551108001e+00,1.350171113754347e+01,3.114920886633317e+02,6.272223783425304e-01,-2.445349200907998e-10,6.343352824325408e-01,1.393829236291663e+00,1.632504536828361e-01,2.568371454300397e+01,1.552072896533534e+01,1.876374137369581e+00,1.566501999693727e+01,4.000427471610142e-01,1.309669629541718e-01,2.693999978269051e+00,4.610007346682697e+02,2.786469302100061e+02,2.098188713970421e-01,6.094451172328552e+01,3.851425976559147e+00,3.024135684171475e+02,1.285678333555170e+01,2.536569764589368e+01,8.786329536449040e+00,3.533469241109070e+00,1.540074487968426e-02,3.798722257272035e+00,2.341275529120666e+00,1.132211559250201e+00,3.963995151345417e+00,2.378056224951406e+00,3.940779756485273e+00,1.974510711031695e-01,3.511963823831141e+01,9.986940791763063e-01,5.572730193624749e-01,7.974262711141430e+00,1.507671722414815e+00,3.961167476187090e-02,1.045697650031953e-03,7.728386802959980e-02,3.935504469816522e-01,2.451746605054499e+00,4.814144730767564e-01,7.003707597983613e-01,1.778125547576129e-01,1.659108386113264e+01,7.232579215506306e-01,4.670304774815363e-01,9.148055216835922e+01,1.439429107359063e+01,2.564749152235159e+01,3.200568698957795e-10,
-1.800995940799430e-03,-1.139477878439404e-02,-3.146440944744961e-02,6.431195404369377e-06,-6.108128256034857e-03,1.830306503822119e-01,-1.659029480202429e-06,-1.520804394514947e-01,-4.228111682183782e-08,-1.815757309708190e-07,-1.639345864245141e-08,-6.539933417182167e-07,-9.394785130816277e-08,-1.843774473164340e-07,-1.084692169983181e-06,-2.391658371802557e-09,-8.458843278284758e-09,-8.130271872079577e-09,-1.498035531985162e-01,7.565586290217321e-01,-6.008876003328338e-08,-5.532164675271060e-06,-8.530930217972759e-08,-2.416957820979864e-06,2.887623231625495e-09,2.732869719655210e-11,-1.845093376630334e-06,-8.156159572169159e-07,4.634316696146078e-11,-2.127820461752693e-09,3.304198077126102e-09,1.587010739822394e-08,4.505580403851989e-10,3.655904538123560e-09,7.339199962991269e-09,4.690165828199015e-11,1.177065744056700e-09,6.176611605347173e-09,7.716780639385364e-15,5.473964356196474e-11,-9.042038652602995e-11,-2.277609684837561e-14,-1.536214653639736e-15,-4.499362375032294e-04,-3.066434047444802e-03,-1.071515480617132e-05,-1.157935697819693e-05,-7.094493473086689e-06,-3.251947057446808e-10,7.171554376153343e-10,2.447266306676568e-09,1.976342194065349e-08,2.832353088419120e-07,9.246367046362560e-08,7.840898751450923e-08,2.211769656312867e-11,
-3.744910090922603e-03,-2.989855157337586e-02,-8.808486989065979e-02,7.609096752489680e-06,-1.102931745895027e-02,4.782549591079497e-01,-6.621214269106725e-06,-3.330773601037871e-01,-6.436003447585786e-08,-1.045045522473807e-07,-1.458591994605643e-08,1.835935325688802e-07,1.499917171512746e-07,-6.648478349731910e-07,-6.593946309129033e-07,-1.027511108257007e-09,-6.287668224844376e-09,-2.104799313648443e-09,-4.707428384948651e-01,1.777728522222733e+00,-4.545403136109544e-08,-1.133348547619191e-06,-1.337531834203219e-07,-1.197827861997772e-07,4.291817305965793e-07,8.829153358807625e-10,8.499265929676062e-08,5.378449948468499e-07,3.567475158902546e-09,-4.279212596915344e-09,1.254923435454847e-07,1.206277274108804e-06,1.957609125979546e-07,7.075370420437911e-07,1.306657122587244e-06,2.270846569764259e-08,1.168007381525962e-06,3.777717268276257e-06,3.146360734657996e-11,2.236951940258889e-08,5.113105962848011e-11,-4.951548355301979e-14,-1.865038986627081e-15,-7.168484444305843e-04,-4.958147760071046e-03,2.357869158670934e-07,-4.295299750760288e-05,-2.692390774698160e-05,3.794159534358253e-09,2.082514091622745e-07,1.327406632440169e-06,5.536310178423936e-06,7.873116530907903e-06,2.871632897413822e-06,2.174662287995556e-06,2.183422886936626e-11,
-1.226526075104350e-02,-9.104069733546528e-02,-2.004629661526589e-01,3.416376193322548e-06,-2.865571920832832e-02,2.816693777643855e+00,-2.232748737355609e-05,-8.078825926475364e-01,6.852732144531688e-07,1.994203029416745e-06,3.821969483674444e-07,2.671956446810743e-05,1.162086168758238e-06,-2.029394183689431e-06,1.590751830096511e-05,4.408937330697892e-08,2.388804248863366e-07,1.556720522245984e-07,-1.114492404951366e+00,6.820528517231104e+00,4.696706037834981e-07,3.640590722833078e-05,3.266112492080994e-06,1.196519194949295e-04,5.713322376417667e-06,1.540352738394683e-08,1.248941729727888e-05,5.107125857754948e-06,2.195463384138333e-08,8.315362569690965e-08,6.398184542909620e-07,2.614326150007279e-06,9.793085378372394e-07,1.790172344560136e-06,3.769374326420227e-06,1.771873897908988e-07,5.790807103380662e-06,1.637382878094669e-05,1.930857681250151e-09,4.935393405516215e-06,3.763646121120740e-10,1.686978905134541e-13,9.718915453745117e-15,7.547826269298087e-04,5.046208271899422e-03,6.216419276110883e-05,-2.424697981685610e-04,-1.567423249960749e-04,3.056486780089414e-07,4.989012478824280e-06,4.968969744403976e-06,8.938505995318201e-05,2.802645133377646e-05,8.623038366606274e-06,7.822312184676507e-06,8.749867497215291e-11,

