1
0
56
1
(4 0
((0,0) (15,255) (0,0))
((0,768) (15,1023) (0,0))
((0,512) (15,767) (0,0))
((0,256) (15,511) (0,0))
)
4
FabOnDisk: SD_5_New_MF_D_0003 0
FabOnDisk: SD_5_New_MF_D_0000 0
FabOnDisk: SD_5_New_MF_D_0001 0
FabOnDisk: SD_5_New_MF_D_0002 0

4,56
-7.554709712166954e+00,-1.723140405835911e+01,-2.646782446265536e+01,-5.962695112535433e+00,-7.988941122000755e+00,-8.041207142414789e+00,-1.151921445181947e+00,-6.269690841166025e+02,-2.635250824963480e-01,-7.675232050838826e-01,-8.859393059952091e-02,-1.372277141038790e+01,-1.220119015895896e+01,-1.393797463575388e+00,-9.560299903088385e+00,-4.490552072591873e-01,-7.090946220686167e-02,-2.749321076117325e+00,-1.319330040565498e+02,1.175681730788969e-16,-9.361876797336095e-02,-4.867241395099521e+01,-1.839813509157911e+00,-2.025686125297113e+02,-7.408573885060336e+00,-2.417003907585175e+01,-4.526681795146858e+00,-2.881599783626734e+00,-8.884065940617801e-03,-2.007505556322126e+00,-1.580799358032493e+00,-9.487613930891672e-01,-3.812415264115838e+00,-2.231148561880591e+00,-3.223379207994016e+00,-2.169903864958851e-01,-3.279591783328186e+01,-4.854235139399779e-01,-3.103311351200086e-01,-8.636108005827404e+00,-9.220704832509218e-01,-1.526807807509095e-02,-6.193375637715504e-04,-8.245319306466320e-02,-1.686611263856070e-01,-2.133067093844019e+00,-7.136339991151068e-02,-3.997352135445513e-01,-1.317434826614005e-01,-2.463750077332908e+01,-4.599147346562594e-01,-5.970961173517589e+02,-8.944395798736825e+01,-9.613858315234120e+00,-2.456975992494447e+01,-2.443982793920441e-10,
-4.146802804157312e-03,-2.979773622108511e-02,-8.785702988444087e-02,1.946668755568470e-07,-1.099146459810805e-02,1.019423543309335e-01,-6.632115552673163e-06,-3.322116412789352e-01,-8.709132103193004e-08,-3.035879809407013e-07,-2.589177103744367e-08,-1.126803156003543e-06,-2.647947259649432e-07,-6.653954478780099e-07,-1.383403911208005e-06,-2.957871987575122e-09,-1.167299863908642e-08,-1.059220503766008e-08,-4.697272549388031e-01,2.477361970671319e-01,-8.134750970040609e-08,-8.235079805030277e-06,-1.461950096982533e-07,-3.402698834895193e-06,-1.085303989387625e-08,-2.035136790675066e-11,-3.687350052666155e-06,-1.249704321601074e-06,-2.618920512360578e-10,-4.438568812857615e-09,-1.434376496143176e-08,-2.434744707220398e-09,-3.259661017996390e-09,-2.251707555115824e-08,-3.544080117142494e-08,-2.648628796101789e-10,-7.838789509242152e-09,-2.863181148512421e-08,-2.483880855856629e-13,-3.439979465540894e-10,-1.010968504196105e-10,-4.953693198320639e-14,-2.490477671171682e-15,-7.155329356540116e-04,-4.948787338077752e-03,-1.279923019932379e-05,-4.275746000997548e-05,-2.682972318118953e-05,-7.258323854368751e-10,-5.799391462862363e-10,-7.100075829502184e-09,-4.952848117477206e-08,-2.093589756957460e-07,-4.239707927509610e-08,-5.763650858426153e-08,-2.208002530812436e-11,
-1.218926384224054e-02,-9.057706665129223e-02,-1.997796630712633e-01,3.489186889871251e-06,-2.852711598495564e-02,1.835129304061227e-01,-2.221855253479283e-05,-8.049318038247736e-01,-1.404419882298626e-07,-3.623151580983381e-07,-4.975783900044707e-08,-2.175938924659344e-06,-1.420850025769088e-07,-2.208318253696589e-06,-3.037622642436279e-06,-7.131652434978899e-09,-3.339538357362710e-08,-2.580461730104801e-08,-1.110934535604763e+00,7.593026623450009e-01,-1.061967864077860e-07,-8.062502530976191e-06,-4.855981707537431e-07,-1.542292105193516e-05,-5.452657950129939e-07,-4.251944742781478e-09,-2.344374919200598e-06,-9.611776453803067e-07,-1.780427971970528e-08,-1.586244806071134e-08,-1.100929943751896e-06,-4.398060731869118e-07,-7.749387602203828e-08,-3.080579403583289e-07,-5.196937739934946e-07,-1.615743991068703e-08,-6.588559176565874e-07,-2.576539901788383e-06,-2.516139907847136e-11,-1.871426623699334e-08,-1.025227466337107e-10,-8.236897778567439e-14,-2.699520166618375e-15,-1.189192664106372e-03,-8.443530238542735e-03,-1.070127324682783e-05,-2.404585309966933e-04,-1.554160429622883e-04,-5.423491923298958e-09,-1.000395589642831e-07,-1.150502934406517e-06,-3.563896709154239e-06,-3.587357000832328e-06,-1.386217818611604e-06,-9.914050259488364e-07,-2.038447188823511e-11,
-1.401372073156263e-01,-7.401733051245137e-01,-5.628509008115054e-01,-4.649427799091920e-04,-1.396383775418854e-01,4.804641929470956e-01,-2.546527466488781e-04,-3.733406760991880e+00,-4.313736279690369e-07,-6.177502424435248e-07,-1.721745128675186e-07,-1.551272066766613e-05,-1.574234468179003e-07,-2.650907659323911e-05,-7.810653172219229e-06,-2.464316037064699e-08,-1.564400063135010e-07,-9.675380878216569e-08,-4.316520403696069e+00,1.785435506721614e+00,-8.959963517713702e-08,-4.875497581189576e-06,-2.746431516298237e-06,-7.605216881308936e-05,-4.747009024709716e-06,-1.095146923007235e-08,-6.237316636361327e-07,2.901004244925351e-07,-9.439857520461208e-08,-9.874635463716398e-08,-4.907339567736784e-06,-1.940268657182680e-06,-1.982361123960742e-06,-3.466534109227138e-06,-1.242857859665151e-05,-3.455004239959857e-07,-8.136441506808762e-06,-1.851113155884764e-05,-2.373746400576739e-09,-1.878501249882348e-06,-2.204840167018510e-11,-5.559966354602697e-13,-1.181571816816543e-14,-1.405181040549069e-03,-1.036116843801301e-02,2.744717083418203e-07,-1.299151715466609e-02,-9.050287425466224e-03,-2.395996443533909e-07,-6.084958321441557e-06,-6.709424697058683e-06,-1.449659240703261e-04,-8.357532573255368e-05,-2.622805664855937e-05,-2.326690995288811e-05,-7.646305810737886e-11,

4,56
5.532448351324963e+00,2.955384280857002e+01,4.343131481335567e+01,7.434668349537006e+00,1.352954184384154e+01,3.111435178389669e+02,6.297525171444333e-01,-2.194933297616775e-10,6.358307690508996e-01,1.400761863523784e+00,1.618783040540567e-01,2.577905225690795e+01,1.563076006387248e+01,1.856591745114286e+00,1.564819950509885e+01,4.005810966458872e-01,1.306284137569696e-01,2.704071239864483e+00,4.609437682436559e+02,2.787313111627240e+02,2.099867971653284e-01,6.120088077404606e+01,3.883454813071639e+00,2.994675932013687e+02,1.301168753018260e+01,2.533604254250984e+01,8.714961291162648e+00,3.536177894925774e+00,1.526043071801599e-02,3.814711998298936e+00,2.339026408307635e+00,1.124014448272894e+00,3.984765979851882e+00,2.377201407387265e+00,3.878968279605393e+00,1.973810150466067e-01,3.504156260364700e+01,9.964413438840030e-01,5.458184780889910e-01,7.908462968417737e+00,1.523681649291204e+00,4.025689137192068e-02,1.054361691413629e-03,7.627001271431624e-02,3.924652125704834e-01,2.435293342861585e+00,4.802454004178172e-01,7.016495227449415e-01,1.747043178108561e-01,1.653626754592408e+01,7.220765461833000e-01,4.822161042247690e-01,9.090533033998977e+01,1.441022256626493e+01,2.546445499987283e+01,2.085016603814438e-10,
-1.805519617293259e-03,-1.141569291238627e-02,-3.154388224964773e-02,6.427259488350573e-06,-6.100671910234894e-03,1.829552812371661e-01,-1.663990499370261e-06,-1.521245911078021e-01,-4.226816872312037e-08,-1.815726829580693e-07,-1.639038518293050e-08,-6.541646707385996e-07,-9.389023818318320e-08,-1.847936644987229e-07,-1.084719390545962e-06,-2.391565523514965e-09,-8.457574635150627e-09,-8.132288487281740e-09,-1.501496838769252e-01,7.571200512515277e-01,-6.008290469736420e-08,-5.533719108245362e-06,-8.528816236731133e-08,-2.416628493194706e-06,2.751619194413655e-09,5.476638414180957e-11,-1.845502317633667e-06,-8.161766149980177e-07,1.163698871651029e-10,-2.127682968638170e-09,7.827477879040401e-09,7.710363489093853e-08,1.139677537577065e-08,6.262704164817689e-08,7.330569984328708e-08,3.388251068618887e-10,4.926892525889745e-09,1.266327682226456e-08,1.034631896646597e-13,5.642035429570911e-10,-9.058194717951433e-11,-2.274651377675951e-14,-1.533973360391081e-15,-4.499800375544032e-04,-3.066725044511723e-03,-1.071041755768232e-05,-1.158657485094061e-05,-7.098763032319715e-06,-3.252335225971599e-10,1.251082536526307e-09,3.599020572899825e-09,4.785347345754311e-08,1.643794253367498e-08,3.494754677107961e-09,4.929976957408036e-09,2.288151612628297e-11,
-3.738489893560386e-03,-2.989868554861050e-02,-8.809254644369457e-02,7.601744872142217e-06,-1.102647217051757e-02,4.782510597786809e-01,-6.623988120593146e-06,-3.332056473297393e-01,-6.335192531579580e-08,-9.095233821537299e-08,-1.584973717376761e-08,3.609869501373681e-07,1.445722370024611e-07,-6.646120814169936e-07,-5.804183394882227e-07,-7.738405130480841e-10,-6.257555795921447e-09,-9.846397654047441e-10,-4.710917446921614e-01,1.778743236081561e+00,-4.271440912824132e-08,-1.010700948397096e-06,-1.315595622088365e-07,7.110062356706912e-07,3.359702396901403e-07,9.340363210018158e-10,1.094020675317324e-07,5.368348722282423e-07,3.500210976223283e-09,-4.233641737457225e-09,1.522514503428955e-07,1.502169445278475e-06,2.920242480500669e-07,1.028335907501855e-06,1.859283108396536e-06,2.752280603482720e-08,1.369451791680110e-06,3.355914157804872e-06,4.119951362358884e-11,2.987822400937780e-08,5.121820968589091e-11,-4.939578586360808e-14,-1.862968679057719e-15,-7.169144938424398e-04,-4.958692452336499e-03,2.457785357027239e-07,-4.297522946272572e-05,-2.693924613047500e-05,5.121572876173993e-09,2.646269103192947e-07,1.328120951941433e-06,6.801995026270500e-06,9.671840637710602e-06,3.354649889162040e-06,2.671329096294642e-06,2.273353727488825e-11,
-1.226137903083180e-02,-9.106249471908159e-02,-2.004947068123755e-01,3.406759988373995e-06,-2.865698670931580e-02,2.815510941276957e+00,-2.233652738680338e-05,-8.082056102904508e-01,1.152555871282082e-06,3.621938112499928e-06,4.408075230357957e-07,2.884439187510083e-05,1.951133357129167e-06,-2.031022551069346e-06,3.001496610336260e-05,8.751076196261843e-08,3.958511159016724e-07,3.015481510857235e-07,-1.115138793299151e+00,6.834054138212244e+00,5.799673386739937e-07,4.794515068525944e-05,3.052589334934020e-06,1.224215452040860e-04,5.524341038163823e-06,1.571218662415741e-08,1.361658339531670e-05,5.208721309053831e-06,3.042047268269459e-08,1.044262791021539e-07,1.114338481580023e-06,2.482591781827053e-06,2.048475423662281e-06,2.819948493772777e-06,7.968930165091244e-06,5.712932059105053e-07,1.291315701835675e-05,1.511778778170560e-05,1.790279005567223e-09,3.296306133307488e-06,3.665138585535469e-10,1.730502317906556e-13,9.770217647806501e-15,7.591272837181960e-04,5.082199655245458e-03,6.217504576271396e-05,-2.426429475676436e-04,-1.568548041046270e-04,2.386783942797418e-07,4.428180045828102e-06,4.793285013136728e-06,7.955743208198557e-05,3.342604607489312e-05,1.327176850845918e-05,9.290078545219276e-06,9.053580107831749e-11,

