1
0
63
1
(4 0
((0,160) (15,207) (0,0))
((0,272) (15,327) (0,0))
((0,208) (15,271) (0,0))
((0,328) (15,391) (0,0))
)
4
FabOnDisk: SD_0_Old_MF_D_0003 0
FabOnDisk: SD_0_Old_MF_D_0001 0
FabOnDisk: SD_0_Old_MF_D_0002 0
FabOnDisk: SD_0_Old_MF_D_0000 0

4,63
-1.586711165690562e-04,3.288486272446351e+00,1.642280627431032e-01,1.359739288771191e-06,1.665770516453096e-06,2.716774130061655e-05,3.011373142922857e-07,1.324956021047653e-04,1.151541200534019e-02,1.229423191055984e-07,3.630506920643161e-03,1.262921268636627e-10,2.116984173763736e-10,3.083158903192258e-11,5.916440094494561e-10,0.000000000000000e+00,1.317939872887494e-08,1.535211643916431e-09,2.094774995068968e-12,1.425653609706014e-11,8.355334352012473e-12,7.365226492881152e-03,4.718845019132933e-03,7.414818188241905e-11,5.811996220571573e-09,1.097223833418755e-10,0.000000000000000e+00,0.000000000000000e+00,0.000000000000000e+00,1.394687093405078e-09,5.509273383647212e-10,0.000000000000000e+00,1.984818139001630e-12,0.000000000000000e+00,0.000000000000000e+00,0.000000000000000e+00,0.000000000000000e+00,0.000000000000000e+00,0.000000000000000e+00,0.000000000000000e+00,0.000000000000000e+00,0.000000000000000e+00,0.000000000000000e+00,1.732798517574599e-09,9.345501348481272e-12,2.119762346667674e-13,7.378190968753174e-07,1.105091410412867e-06,4.506681207265661e-09,5.077297925670449e-06,3.931524916238843e-06,0.000000000000000e+00,0.000000000000000e+00,0.000000000000000e+00,0.000000000000000e+00,0.000000000000000e+00,0.000000000000000e+00,0.000000000000000e+00,1.177948135488548e-01,3.912997095573511e+03,0.000000000000000e+00,1.091096051854841e+03,1.012561576192843e+05,
-5.152707241612423e-07,5.377754371146005e+00,1.534841111188961e-01,1.888354844987903e-05,1.804645435825814e-04,7.450948825146186e-04,1.481777596919962e-07,9.278840902255120e-05,1.233335899178645e-02,4.414449019715432e-08,2.308574156551498e-03,1.923109879470768e-10,4.501081466657351e-10,5.416809449536945e-11,1.496008033652398e-09,2.183194435275432e-10,4.077948355391179e-09,3.031505744356998e-09,5.903787529823232e-12,2.890720106984089e-11,2.057582202279511e-11,5.208739134382382e-03,2.224594606851492e-02,1.439350068942121e-10,1.168494799326729e-08,4.766395888071137e-10,7.251602272758230e-09,7.390286866357044e-13,1.298109491728589e-14,3.334602986496749e-09,1.333533789800286e-09,9.776643678473541e-14,1.793772741592176e-11,1.174188773382946e-12,3.844615429272207e-14,1.115527506253868e-14,8.776587990287823e-15,1.129425610733336e-14,1.720196075709363e-18,1.306780023807015e-16,0.000000000000000e+00,0.000000000000000e+00,8.309239872696422e-16,5.704204509547324e-14,1.085420885266242e-16,3.159008794489059e-18,2.280537517382566e-06,1.596840873208504e-05,1.981104376251364e-08,4.983594012388239e-07,3.283469012663952e-07,2.764173385188575e-12,3.578301944791958e-15,0.000000000000000e+00,0.000000000000000e+00,0.000000000000000e+00,0.000000000000000e+00,0.000000000000000e+00,1.100982479096675e-01,6.171357450494885e+03,0.000000000000000e+00,2.163922718846341e+03,1.013249863517785e+05,
-1.046335399098773e-06,5.176903913988273e+00,1.566542086469663e-01,2.594895529810375e-05,2.427880459114285e-04,8.274568962860048e-04,1.772825052621874e-07,1.062988904883853e-04,1.228093446946439e-02,6.413710619824961e-08,2.723366201653094e-03,1.308378689927335e-10,2.252302351869421e-10,3.261261531978186e-11,7.783963516386390e-10,7.158791993282253e-11,6.085985393285197e-09,1.742796276314124e-09,2.884989576209021e-12,1.736513091398060e-11,1.184355516702855e-11,5.750550191951577e-03,2.163680160927151e-02,7.268647529930426e-11,5.929813230722471e-09,4.013025314293569e-10,4.219945855195729e-09,1.060010320745583e-12,0.000000000000000e+00,1.441714210741331e-09,6.043421508746041e-10,1.615661547244331e-13,1.926998427096789e-11,2.007616371814225e-12,0.000000000000000e+00,0.000000000000000e+00,0.000000000000000e+00,0.000000000000000e+00,0.000000000000000e+00,0.000000000000000e+00,0.000000000000000e+00,0.000000000000000e+00,0.000000000000000e+00,4.646308291345230e-14,1.051220427682077e-16,2.906019943319707e-18,2.166111423288712e-06,1.515405355412896e-05,8.905562731597954e-09,1.201828807852447e-06,8.113490900557437e-07,3.486014819692910e-12,0.000000000000000e+00,0.000000000000000e+00,0.000000000000000e+00,0.000000000000000e+00,0.000000000000000e+00,0.000000000000000e+00,1.123800424487765e-01,3.739260307330689e+03,0.000000000000000e+00,2.052168562966221e+03,1.013244092570762e+05,
-1.609641653992571e-03,5.464639875186209e+00,1.512956032079632e-01,1.453710596675047e-05,1.405497938418933e-04,6.770424975077683e-04,1.368908870097109e-07,8.277882923221047e-05,1.234945048276303e-02,3.258055330664860e-08,2.007086670502729e-03,1.746921241007461e-10,5.335456321833266e-10,5.741275522900659e-11,1.775167823298633e-09,2.867599652550678e-10,2.922057713521702e-09,3.402069437663131e-09,6.983111549605765e-12,3.007273303838464e-11,2.343636254729732e-11,4.785877694501612e-03,2.246679351705040e-02,1.745824379126294e-10,1.432710780303730e-08,4.092751965188122e-10,8.004542455893450e-09,5.160349667658483e-13,9.186658066716372e-15,4.353655472044021e-09,1.817599568334870e-09,5.895285894787539e-14,1.392419094976600e-11,6.988744845463007e-13,8.016765544118592e-14,1.053236186156553e-14,1.036338761759052e-14,1.124617184636845e-14,2.504741679722421e-17,7.518132010445193e-16,0.000000000000000e+00,4.124387554182690e-20,4.356311419547350e-16,1.039587922068527e-13,1.099317766074083e-16,4.143303367919134e-18,2.005636372638980e-06,1.394619837269289e-05,2.540965191927002e-08,2.436808894285662e-07,1.574159241821855e-07,2.154459407560222e-12,4.774841982098188e-15,0.000000000000000e+00,0.000000000000000e+00,0.000000000000000e+00,0.000000000000000e+00,0.000000000000000e+00,1.085235241724975e-01,7.195408514061059e+03,0.000000000000000e+00,2.214664724387811e+03,1.012861494300317e+05,

4,63
1.539746130862451e-04,5.172003071710330e+00,3.200896845621822e-01,4.996449152897580e-05,4.370773643656294e-04,9.521693956687057e-04,1.140282294354722e-04,3.336922650028358e-04,1.296473267416940e-02,1.558731302345536e-05,4.860470095778534e-02,1.508683673201778e-06,6.664895299759968e-06,7.522451417111720e-07,2.369966526155504e-04,2.705328586138663e-04,2.009073519387245e-05,5.038508640943750e-04,1.050114411937272e-05,9.728952326617308e-07,6.619493902748526e-05,1.437273861999947e-02,2.158307433569486e-02,8.794106098151501e-07,6.507387562632994e-04,2.224123954654011e-05,4.605799817608442e-03,1.026735226509025e-04,4.657045979075247e-04,3.351993699082904e-05,1.129263458227563e-04,1.310424006961528e-07,3.214825701918768e-05,3.782630970140193e-05,1.269036089710866e-05,5.921228685535266e-05,3.175057994797517e-05,4.122444674328752e-05,3.086800732745000e-06,6.527386079189039e-04,6.740708024626823e-06,4.337170897106962e-06,1.153046200751699e-04,1.950011922577913e-05,7.076919988036365e-07,1.724999607555814e-08,2.146928814429195e-06,1.501299991839770e-05,3.027237670893280e-05,1.287151481506520e-05,1.657685147809860e-05,1.685811123767755e-06,4.252186304755693e-04,7.217292801465236e-06,1.044519785655145e-02,1.643225075743337e-03,1.438442768696526e-04,4.489606825976965e-04,2.235603460923287e-01,7.450278576993776e+04,0.000000000000000e+00,2.049535076073607e+03,1.013413012812092e+05,
5.489824656378092e-07,5.463415612621065e+00,1.565785837737350e-01,2.577455711962764e-05,2.412838243160671e-04,8.257433790190274e-04,1.764310107883488e-07,1.059981121234949e-04,1.234930588129804e-02,6.362664447450163e-08,2.713921277537863e-03,1.961276153223229e-10,5.326638733474473e-10,5.841659081945043e-11,1.771821344884027e-09,2.857114316730657e-10,6.034575402005446e-09,3.398690173524317e-09,6.971534051366042e-12,3.082941011898792e-11,2.340511813250001e-11,5.738675618054695e-03,2.246268134668050e-02,1.742516378483805e-10,1.429439705009967e-08,5.177616438176512e-10,7.998940091801998e-09,1.052956243246901e-12,1.836334302011971e-14,4.340132314338327e-09,1.810286625133245e-09,1.600810527344585e-13,2.160162718259515e-11,1.987200292644195e-12,8.964745685489985e-14,1.900275236543553e-14,1.862251576547109e-14,2.605199765890551e-14,1.755684277605707e-16,4.043655057379446e-15,3.067811022087158e-15,3.924909768145964e-19,1.973160686237984e-15,1.031881199801048e-13,1.175688426324264e-16,4.132077821833821e-18,2.479498394904621e-06,1.748152244141421e-05,2.533498815352864e-08,1.179304275332431e-06,7.957440782655640e-07,3.471993249087953e-12,9.052058865637293e-15,1.048399788238616e-15,5.723518763253007e-15,8.210903971704367e-14,1.098557998693339e-13,2.244360319626779e-14,1.123256500744746e-01,7.185337348821352e+03,0.000000000000000e+00,2.213957707055833e+03,1.013250311297074e+05,
9.070461425568232e-07,5.375759855912820e+00,1.640540958157769e-01,4.434780774688344e-05,3.905496655038379e-04,9.441895721895905e-04,2.971902273623705e-07,1.320484355796249e-04,1.233279652134532e-02,1.214372500433259e-07,3.605889866531925e-03,1.933878956217407e-10,4.478083490010025e-10,5.400673381270218e-11,1.488845284755020e-09,2.168946304026995e-10,1.293745670255470e-08,3.020376040534575e-09,5.874294773105655e-12,2.882925443422886e-11,2.049778772179124e-11,7.298766851452233e-03,2.224267005978834e-02,1.431047377636130e-10,1.161912536508933e-08,5.185620784144071e-10,7.227081297091335e-09,1.452729785285199e-12,2.446985899068029e-14,3.310738152456888e-09,1.323429140232785e-09,2.492802341987036e-13,2.243669608204838e-11,3.415350829980904e-12,7.835990806753962e-14,4.256919456924267e-14,4.916185053930429e-14,8.878266839205952e-14,2.367294437486277e-15,5.067478706165577e-14,6.437554084587402e-16,8.240702133989915e-18,1.418229620269039e-14,1.299553589259995e-09,6.864442844825448e-12,1.565673630018316e-13,2.500366958537748e-06,1.765570024859602e-05,1.967991354735914e-08,5.515944995353955e-06,3.818723776466753e-06,4.021291962662412e-12,4.174068422147610e-14,3.629487276346255e-16,6.924647235849529e-14,3.767431689638673e-13,4.942456766259642e-13,1.086781142213187e-13,1.176693663930697e-01,6.139592084216429e+03,0.000000000000000e+00,2.162742038124752e+03,1.013250219126560e+05,
2.696005395486861e-03,5.529462105348614e+00,1.534418741874851e-01,1.879360644629582e-05,1.796517919130215e-04,7.438481679510410e-04,1.478868830389586e-07,9.259654439346730e-05,1.236380662687463e-02,4.389946525809798e-08,2.302777253310716e-03,1.921089904827110e-10,5.621982136545408e-10,5.854970772148988e-11,1.909866728808861e-09,3.420931786838478e-10,4.053387475795754e-09,3.481814389349732e-09,7.369338491504096e-12,3.085100979779800e-11,2.452154061449754e-11,5.200833939977064e-03,2.272424709590568e-02,1.856128419765536e-10,1.568207225230469e-08,4.756218653511840e-10,8.088827829677651e-09,7.345688929283881e-13,1.290556855556003e-14,4.956340391270967e-09,2.189667218134191e-09,9.693917326568669e-14,1.786859646173482e-11,1.163894323143230e-12,1.117881606481955e-13,1.239838085860850e-14,1.065176680724584e-14,1.254282384735389e-14,5.060124427868597e-17,1.337911269590452e-15,1.737667673881037e-18,1.057785717231411e-19,8.481279001581544e-16,1.448648658303773e-13,1.175283090415026e-16,4.525334250292600e-18,2.276254602782753e-06,1.593647697440290e-05,2.876702797326624e-08,4.918818483933451e-07,3.239608411911019e-07,2.752912944028786e-12,6.606256084076014e-15,6.383714784388956e-19,1.168877326910845e-17,1.138432554221720e-15,3.656441133398119e-15,2.851583846178633e-16,1.100678428931527e-01,7.621064586394376e+03,0.000000000000000e+00,2.250451041172411e+03,1.014069479356746e+05,

