1
0
56
1
(4 0
((0,160) (15,207) (0,0))
((0,272) (15,327) (0,0))
((0,208) (15,271) (0,0))
((0,328) (15,391) (0,0))
)
4
FabOnDisk: SD_5_New_MF_D_0003 0
FabOnDisk: SD_5_New_MF_D_0001 0
FabOnDisk: SD_5_New_MF_D_0002 0
FabOnDisk: SD_5_New_MF_D_0000 0

4,56
-7.629081860780026e+00,-1.615496147226818e+01,-2.606017612143897e+01,-5.996622644549806e+00,-8.131692261643170e+00,-8.376828162001697e+00,-1.117327084031357e+00,-6.296479577265345e+02,-2.750727644690777e-01,-7.725131554594507e-01,-8.867748560596325e-02,-1.367606885943487e+01,-1.264573350626415e+01,-1.379519512570571e+00,-9.433751097998350e+00,-4.491268073221989e-01,-7.029634924459040e-02,-2.764340558814615e+00,-1.324452679794787e+02,6.429068349182259e+00,-9.608626736929879e-02,-4.871953768864457e+01,-1.815555906551740e+00,-2.027840371495705e+02,-7.651303713708501e+00,-2.438582997327447e+01,-4.414764966317593e+00,-2.837552855566774e+00,-8.783623908821812e-03,-1.967975619014305e+00,-1.577976650614737e+00,-9.448104219762021e-01,-3.839590233891233e+00,-2.243975831779788e+00,-3.231147970427785e+00,-2.150508696346070e-01,-3.255687676068136e+01,-8.264301573519035e-01,-3.142874410278567e-01,-8.437422553428050e+00,-1.009227881440435e+00,-1.650128099990115e-02,-6.867012956690759e-04,-8.314150454336032e-02,-1.825686473421563e-01,-2.084611677045348e+00,-7.040273097264121e-02,-4.119992547045772e-01,-1.357429835217309e-01,-2.487543056665604e+01,-6.147371794232612e-01,-5.878125770629373e+02,-9.081873586655834e+01,-9.561287440359182e+00,-2.506420619231868e+01,-2.839897206285968e-10,
-1.165745456717185e-01,-6.230145959502361e-01,-5.351774541561435e-01,-3.519635926592762e-04,-1.270249213449577e-01,1.488766894556955e+00,-2.067861433282558e-04,-3.280108985653817e+00,-1.600572145548908e-08,5.142940044601259e-07,2.419840887813176e-08,1.805532413654473e-06,4.741624730675552e-07,-2.080367211779537e-05,2.206329804663668e-06,6.404543914926605e-09,9.773144224866228e-09,1.805503818128047e-08,-3.798307254500811e+00,4.228689918905009e+00,1.790498062261746e-07,1.650674222585571e-05,-2.941095396000182e-07,4.293295664019394e-06,-5.529205162870213e-09,-6.227586449618280e-11,6.733306052063384e-06,3.255762996876961e-06,-5.504783765500809e-10,-2.366456442734400e-08,-7.712502004711738e-09,-1.872330734446860e-09,-1.423091718079174e-09,-3.547248930018673e-09,-8.230891321527497e-09,-1.334148482613893e-10,-5.505394430248161e-09,-4.040930180849021e-09,-8.114954673105466e-13,-2.135704413734209e-09,3.233859138024126e-10,3.042171903677150e-14,5.675006521679537e-15,-1.232737401520900e-03,-9.408789964440070e-03,3.486293395626156e-05,-9.196631863328811e-03,-6.385312319698159e-03,-4.554603196437245e-09,-1.015803606246520e-08,-1.217526147223162e-09,-1.761808628512011e-07,-2.363313479994844e-08,-1.852356211741196e-08,-6.548067196215245e-09,-2.833111523159459e-11,
-2.103029896356851e-01,-1.130328051136968e+00,-5.396611367722707e-01,-1.932666802355403e-03,-1.506580485690406e-01,-8.991782674444820e-01,-6.195208353245445e-04,-1.397352542292285e+01,2.479183328290997e-07,1.116990227052345e-06,9.074177266525285e-08,3.253276096203761e-06,6.021499969857983e-07,-9.495269960469088e-05,5.573650838148989e-06,1.366287080068204e-08,4.232887641497099e-08,3.814701222863450e-08,-2.709362249000910e+01,6.067351549435367e+00,-2.492134922814100e-06,2.967105415433151e-05,1.607688627669225e-07,1.222494727634195e-05,-2.978004688787264e-07,-1.321697033535673e-09,1.071488655365335e-05,3.826759522377007e-06,-9.353867612541905e-10,-1.014173158089753e-08,-3.322430933108582e-08,-1.819206268863641e-08,-1.709841328916792e-08,-2.618510588493359e-08,-2.706754948929187e-07,-1.638092675294100e-08,-1.450695398472884e-07,-3.057329981218293e-07,-2.742791183831098e-11,-9.987667761020372e-09,-3.612696739699107e-04,-2.126712214230554e-06,-4.697320643154201e-08,4.679113734702299e-05,-2.580846742321337e-04,5.582274354525695e-05,-6.052862015669998e-02,-4.276600022227867e-02,-9.557815319126933e-09,-2.225246942452543e-07,-7.000898651847329e-08,-4.100327819368374e-06,-3.918132751773567e-07,-1.749695439493065e-07,-1.135142472804984e-07,-3.710898255349093e-11,
-5.553704055906136e-02,-3.397925338129006e-01,-4.327311317820405e-01,-1.163456635689465e-04,-8.253390408189064e-02,8.791023521363375e-01,-1.295512437297548e-04,-2.110985137243754e+00,-1.115070652172631e-07,-9.753963822326393e-08,-4.161237800375599e-09,3.397262914714657e-07,3.326353700562162e-07,-9.968978620846899e-06,-1.914788348641602e-06,7.918184028106391e-10,-1.541983325334385e-08,-1.103324078264334e-08,-2.644380207487694e+00,3.013620026913693e+00,6.564132545265977e-08,4.122618400006124e-06,-8.225594252637969e-07,-5.587592681448521e-07,-1.871671742616782e-09,-2.915835470163275e-11,6.966655563902719e-07,1.622526954096254e-06,-3.285222926365354e-10,-2.762824464104551e-08,-4.132970960761320e-09,-5.959963382551601e-10,-1.303022873915411e-10,-1.200387080737543e-10,-2.209779367163343e-10,-4.612608097823797e-12,-1.186306776240395e-10,-4.417980429388229e-11,-2.245062470620511e-14,-4.757363866644873e-11,2.282921187075356e-10,-1.965543042606913e-13,-3.717429796570206e-15,-1.406098965397450e-03,-1.038515067727990e-02,1.888437669497665e-05,-2.662263538621590e-03,-1.807656892140521e-03,-5.110847322895293e-09,-6.336948133971786e-11,-2.022236299602353e-11,-7.292371871052057e-10,-1.342684619964243e-09,-1.353650963611202e-09,-3.569512346497635e-10,-4.672529030358419e-11,

4,56
5.659332167733557e+00,2.869980873150887e+01,4.339710720926608e+01,7.552276721383772e+00,1.345558955464155e+01,3.130694392841783e+02,6.126804799692774e-01,-1.481183253556639e+01,6.290972553387452e-01,1.382932114766716e+00,1.642718488063852e-01,2.542576795796420e+01,1.603477359687172e+01,1.921321975528224e+00,1.562016185724484e+01,1.896678617552164e-01,1.306275046217741e-01,2.748988621189069e+00,4.602636576783119e+02,2.798695062606965e+02,2.066089394505466e-01,6.020638948096352e+01,3.904258893990571e+00,3.016554775035215e+02,1.339928756677803e+01,2.651687593670511e+01,8.744203413992878e+00,3.448435649720575e+00,1.560789219645847e-02,3.660605639697509e+00,2.329239673658135e+00,1.118311036585534e+00,3.966511181292335e+00,2.310359171811653e+00,3.960258351929599e+00,1.986521785141459e-01,3.425502535629066e+01,3.010948743317897e-05,5.747535823255339e-01,8.007663596489897e+00,1.556476881511650e+00,4.295868252618052e-02,1.112274326714032e-03,7.711997819277555e-02,4.018219785122477e-01,2.483674096468600e+00,4.771869947974421e-01,7.020116962182401e-01,1.853379936935280e-01,1.641239128248263e+01,1.818854998269551e-02,6.426894807540253e-01,9.002844242930243e+01,1.469531586073739e+01,2.530662870010601e+01,2.775664142973255e-10,
-5.617300789745176e-02,-3.430813197743861e-01,-4.346852693872416e-01,-1.185847623350210e-04,-8.313670033667042e-02,2.476562517513329e+00,-1.013096070437911e-04,-2.125403698090547e+00,2.397043113020099e-07,1.102826478225822e-06,8.892173597851240e-08,3.371407541983869e-06,5.997549238275385e-07,-1.008358981026229e-05,5.486612693001433e-06,1.349410521753489e-08,4.142233766116756e-08,3.765437117427331e-08,-2.659619758725734e+00,6.020306919931953e+00,3.741477476416050e-07,2.937422836944443e-05,1.443282455350306e-07,1.241204955393025e-05,4.451306152025321e-09,-1.449747730949270e-12,1.063873803291687e-05,4.159427696732894e-06,-3.316396338306166e-10,-1.076513877917417e-08,-4.124773032042477e-09,2.851125856368513e-09,2.137667880666090e-09,4.446244745394675e-09,6.631371798860287e-09,1.023202762345649e-10,5.094277859627659e-09,7.325451905551337e-09,9.206500482220089e-13,1.848880480642453e-09,3.467460085142062e-10,1.880520930039681e-13,1.017902097407192e-14,-2.538116171599909e-06,-6.220968486537197e-04,5.540796257859151e-05,-2.713072047818485e-03,-1.842866620457211e-03,-3.974994526755802e-09,8.779227617008197e-09,2.006303184826779e-09,2.055536549514554e-07,1.493499667277485e-08,5.288795230465280e-09,4.686631119838598e-09,2.643574248395453e-11,
-5.086482444520897e-02,-6.305494249037724e-01,3.386716760012833e-01,-3.595133582545515e-04,1.345104319743765e-01,3.346781778496386e+00,-2.098943659106316e-04,-3.311635150122461e+00,3.549868505456497e-06,3.863861323034708e-06,3.680354489186631e-07,5.944355114505776e-05,4.889919205191129e-05,-2.112036765300328e-05,3.031707872308977e-05,1.072704707879256e-07,1.176884126642621e-07,1.033151110896599e-06,-3.828259640181406e+00,4.260857646725650e+01,6.075855236596531e-07,4.716371604473000e-05,4.131395957436460e-06,1.483818113979781e-04,2.504573007382462e-07,1.403195244727287e-06,2.528465462444439e-05,4.700717729784525e-06,9.878949097798717e-10,4.630967558522340e-07,3.201199209353093e-07,2.906456458316857e-08,3.564862410952890e-07,1.686202635653503e-07,1.088534442248059e-07,1.694334270112913e-09,9.956260096639972e-07,2.428861599547651e-07,2.743570562405774e-09,3.355098997900301e-07,3.183250497970153e-10,1.822815071952337e-13,9.844269164092671e-15,1.095623359547301e-02,7.859123549246712e-02,7.731247714934096e-05,-9.441279651760016e-03,-6.557808333023135e-03,1.133038384404782e-08,1.489554458969436e-07,7.452251474912785e-08,7.358805519454672e-06,1.400157282700431e-07,2.707376528896147e-07,4.761624348467359e-08,3.496936074043333e-11,
-2.614913186199178e-02,-1.859916190697623e-01,-2.416235846474070e-01,1.067952041494794e-04,-4.879709421130971e-02,1.476622688698869e+00,-3.589929962024478e-05,-1.436466186572297e+00,-1.831720320348037e-08,5.066199548320734e-07,2.349105555756074e-08,1.785743943388991e-06,4.719839226838572e-07,-3.980640884397311e-06,2.559740420761573e-06,6.312889518043260e-09,9.439849189075171e-09,1.780705333044700e-08,-1.890015025093920e+00,4.204664404640716e+00,2.148368518129952e-07,1.632506582088202e-05,-7.488260318777943e-08,4.201702159563338e-06,-9.880343612004415e-10,-1.927476756627203e-11,8.324874779417618e-06,3.372976893865715e-06,-1.573539259770339e-10,-1.945402806002006e-08,-2.014876360331404e-09,2.508506677292181e-10,-4.976404988307898e-12,4.101974894847856e-12,5.265533625103361e-12,-8.289403264309290e-14,-1.827021334452272e-12,1.092582211123386e-11,7.331051475643621e-16,-1.623622830161290e-12,3.245842698046699e-10,2.830489206756642e-14,5.593228045025594e-15,-1.002478699034143e-03,-9.460029257034878e-03,3.574586216537664e-05,-1.074599086637441e-03,-6.973601058261908e-04,-2.240747870645298e-09,2.866379384671598e-11,3.035820142506317e-12,8.870792521996941e-10,4.236111090867879e-11,3.698144802175681e-11,1.174722628261545e-11,4.457945124158869e-11,

