CheckPointVersion_1.0
2
7.9947109794105962e-05
0
0
(0 (0,0)(1.171875e-05,1.171875e-05) 1)
(RealBox 0 0.0001875 0 0.012 )((0,0) (15,1023) (0,0)) 

7.2351010169525253e-07 
7.2286610135895017e-07 
1 
110 
110 
0
(0 (0,0)(1.171875e-05,1.171875e-05) 1)
(RealBox 0 0.0001875 0 0.012 )((0,0) (15,1023) (0,0))
(4 0
((0,0) (15,255) (0,0))
((0,768) (15,1023) (0,0))
((0,512) (15,767) (0,0))
((0,256) (15,511) (0,0))
)6
((0,0) (15,1023) (0,0))
(4 0
((0,0) (15,255) (0,0))
((0,768) (15,1023) (0,0))
((0,512) (15,767) (0,0))
((0,256) (15,511) (0,0))
)7.9223599692410703e-05
7.9223599692410703e-05
7.9947109794105962e-05
7.9947109794105962e-05
2
Level_0/SD_0_New_MF
Level_0/SD_0_Old_MF
((0,0) (16,1024) (1,1))
(4 0
((0,0) (16,256) (1,1))
((0,768) (16,1024) (1,1))
((0,512) (16,768) (1,1))
((0,256) (16,512) (1,1))
)7.849942000223119e-05
7.9223599692410703e-05
7.9223599692410703e-05
7.9947109794105962e-05
2
Level_0/SD_1_New_MF
Level_0/SD_1_Old_MF
((0,0) (15,1023) (0,0))
(4 0
((0,0) (15,255) (0,0))
((0,768) (15,1023) (0,0))
((0,512) (15,767) (0,0))
((0,256) (15,511) (0,0))
)7.9223599692410703e-05
7.9223599692410703e-05
7.9947109794105962e-05
7.9947109794105962e-05
2
Level_0/SD_2_New_MF
Level_0/SD_2_Old_MF
((0,0) (15,1023) (0,0))
(4 0
((0,0) (15,255) (0,0))
((0,768) (15,1023) (0,0))
((0,512) (15,767) (0,0))
((0,256) (15,511) (0,0))
)7.9223599692410703e-05
7.9223599692410703e-05
7.9947109794105962e-05
7.9947109794105962e-05
2
Level_0/SD_3_New_MF
Level_0/SD_3_Old_MF
((0,0) (15,1023) (0,0))
(4 0
((0,0) (15,255) (0,0))
((0,768) (15,1023) (0,0))
((0,512) (15,767) (0,0))
((0,256) (15,511) (0,0))
)7.9223599692410703e-05
7.9223599692410703e-05
7.9947109794105962e-05
7.9947109794105962e-05
2
Level_0/SD_4_New_MF
Level_0/SD_4_Old_MF
((0,0) (15,1023) (0,0))
(4 0
((0,0) (15,255) (0,0))
((0,768) (15,1023) (0,0))
((0,512) (15,767) (0,0))
((0,256) (15,511) (0,0))
)7.9223599692410703e-05
7.9223599692410703e-05
7.9947109794105962e-05
7.9947109794105962e-05
2
Level_0/SD_5_New_MF
Level_0/SD_5_Old_MF
