1
0
63
1
(4 0
((0,0) (7,127) (0,0))
((0,256) (7,383) (0,0))
((0,128) (7,255) (0,0))
((0,384) (7,511) (0,0))
)
4
FabOnDisk: SD_0_Old_MF_D_0003 0
FabOnDisk: SD_0_Old_MF_D_0001 0
FabOnDisk: SD_0_Old_MF_D_0002 0
FabOnDisk: SD_0_Old_MF_D_0000 0

4,63
-1.305901885867047e-04,7.376736877883535e-01,1.599162477088825e-01,0.000000000000000e+00,3.640710968611231e-25,2.751208042330003e-18,8.105690518588897e-13,2.692486691064024e-08,3.074739523003455e-10,3.196172783779111e-13,3.068436839171312e-03,0.000000000000000e+00,0.000000000000000e+00,0.000000000000000e+00,1.519890661670730e-14,3.302375221684234e-12,1.917969004279280e-25,2.394492107855134e-13,2.329045258531649e-20,0.000000000000000e+00,2.374415239964250e-14,4.975486013652114e-11,1.132364441577044e-12,4.367600199333163e-37,1.759065700436286e-13,1.644634352511702e-29,1.506646721864403e-12,0.000000000000000e+00,2.006997638569159e-14,2.535974581284816e-31,5.667302926303253e-15,7.704313946520712e-23,4.652311232751098e-28,1.123605303700480e-15,0.000000000000000e+00,0.000000000000000e+00,0.000000000000000e+00,0.000000000000000e+00,0.000000000000000e+00,0.000000000000000e+00,0.000000000000000e+00,0.000000000000000e+00,0.000000000000000e+00,1.666612899338236e-18,1.670321672913916e-19,3.144090437871778e-21,4.567254187500194e-19,1.470140391639424e-19,5.969964321408537e-18,1.377701550388396e-18,2.482407997927925e-18,0.000000000000000e+00,0.000000000000000e+00,0.000000000000000e+00,0.000000000000000e+00,0.000000000000000e+00,0.000000000000000e+00,0.000000000000000e+00,1.146809400332648e-01,3.409728692324977e+03,0.000000000000000e+00,4.430000019775139e+02,1.011197094515804e+05,
-1.209980723878628e-07,4.139775444044792e+00,1.469289847689277e-01,7.196132136537074e-06,6.938858239067299e-05,5.059244868940637e-04,1.326334544048203e-07,6.109040275966155e-05,1.234779280979289e-02,1.457322784574664e-08,1.323701428882018e-03,8.280669109844682e-11,3.990525204162705e-10,3.481678222253918e-11,1.534209139299387e-09,3.853767007555272e-10,1.130659849471535e-09,2.388361689354058e-09,5.226263348957596e-12,1.788189281443673e-11,1.809524353013666e-11,3.779308751682442e-03,2.303990739328596e-02,1.300766352436680e-10,1.279720624054107e-08,1.680213704226117e-10,5.093948071526729e-09,7.478207855033267e-14,1.649686267652147e-15,4.252398725804287e-09,2.228279008240034e-09,8.207810860332437e-15,4.041343002346902e-12,2.776637567963978e-14,0.000000000000000e+00,0.000000000000000e+00,0.000000000000000e+00,0.000000000000000e+00,0.000000000000000e+00,0.000000000000000e+00,0.000000000000000e+00,0.000000000000000e+00,0.000000000000000e+00,1.434173444442364e-13,3.980115579171646e-17,2.479011964878877e-18,9.451222102175284e-07,6.453474917874214e-06,2.523426323689214e-08,2.872910542838551e-08,1.773156580041814e-08,7.357314810216855e-13,0.000000000000000e+00,0.000000000000000e+00,0.000000000000000e+00,0.000000000000000e+00,0.000000000000000e+00,0.000000000000000e+00,1.053812393216201e-01,7.923003251523970e+03,0.000000000000000e+00,2.290774055660888e+03,1.013249926597527e+05,
-4.539983017570743e-07,3.871447030940081e+00,1.491161469085852e-01,1.058087704260301e-05,1.026423960807242e-04,5.966977494790593e-04,1.324782011916225e-07,7.216753535718446e-05,1.220149258796908e-02,2.251921905380706e-08,1.671092518299063e-03,1.417214248061765e-10,3.579126688369252e-10,4.643986534578959e-11,1.213320533527570e-09,1.691931363528975e-10,1.936835139997993e-09,2.556790475871585e-09,4.691529550168958e-12,2.498857851956427e-11,1.732359223422577e-11,4.314165621356527e-03,2.231975000005343e-02,1.112211282232377e-10,9.185360134069194e-09,3.098664686431941e-10,6.170597865023633e-09,8.039749989689521e-14,4.142809429402270e-15,2.461959881502720e-09,9.836714052546003e-10,2.779415862694014e-14,9.103528488847779e-12,2.719930579431284e-13,0.000000000000000e+00,0.000000000000000e+00,0.000000000000000e+00,0.000000000000000e+00,0.000000000000000e+00,0.000000000000000e+00,0.000000000000000e+00,0.000000000000000e+00,0.000000000000000e+00,5.109922124467480e-14,8.744996225245585e-17,3.183043075788793e-18,1.597746893078591e-06,1.101547914655655e-05,1.494643279603420e-08,1.001574818196586e-07,6.328717525379691e-08,1.481926247710973e-12,0.000000000000000e+00,0.000000000000000e+00,0.000000000000000e+00,0.000000000000000e+00,0.000000000000000e+00,0.000000000000000e+00,1.069532468167469e-01,4.237613075632177e+03,0.000000000000000e+00,2.119037871324073e+03,1.013249580940287e+05,
-7.609190547752019e-08,4.209407612867293e+00,1.460689726438025e-01,6.101850286504884e-06,5.823819833819912e-05,4.690715469638299e-04,1.350237865804578e-07,5.704131543113608e-05,1.235285914589697e-02,1.207835612836348e-08,1.182668843547127e-03,5.138692546025404e-11,2.726640822094166e-10,2.303218476769533e-11,1.091398831940466e-09,2.993579698353647e-10,8.714533589243765e-10,1.633347310573886e-09,3.559403614004689e-12,1.176492276712908e-11,1.254127725028944e-11,3.570462677637343e-03,2.344163038805104e-02,8.782397671061058e-11,9.067692947772667e-09,1.004605956345772e-10,3.377932466119722e-09,5.597535604920384e-14,1.166021173905061e-15,3.007019501323302e-09,1.629541830173992e-09,4.095683498783893e-15,2.182356083499727e-12,3.858606031441076e-14,8.972285758720909e-14,0.000000000000000e+00,0.000000000000000e+00,0.000000000000000e+00,0.000000000000000e+00,0.000000000000000e+00,0.000000000000000e+00,0.000000000000000e+00,0.000000000000000e+00,7.883598415306951e-14,1.748554761041941e-17,1.203476828237032e-18,5.894104545548470e-07,4.008416778305816e-06,1.805042505905710e-08,1.331338062346698e-08,8.139204100129442e-09,4.258754938345766e-13,0.000000000000000e+00,0.000000000000000e+00,0.000000000000000e+00,0.000000000000000e+00,0.000000000000000e+00,0.000000000000000e+00,1.047613719716708e-01,7.938442654424255e+03,0.000000000000000e+00,2.331148689478401e+03,1.013249928255021e+05,

4,63
1.319712615087555e-04,3.865845809792889e+00,8.373327902299373e-01,4.903954077400306e-05,4.676816776294502e-04,9.654209425313864e-04,1.217674854137316e-04,4.224527826050393e-04,1.313048032149607e-02,1.982131581244061e-05,1.827792713240167e-01,1.247065710310885e-06,6.031706312638245e-06,6.824524067918309e-07,2.241899675033868e-04,2.664240466866877e-04,2.040820710133983e-05,4.936369179485003e-04,1.618398766705378e-05,9.546836062297901e-07,7.156839850815703e-05,1.377717802255407e-02,2.230671069459751e-02,6.788555567924967e-07,5.592686268969948e-04,2.114844684410189e-05,4.232515043401284e-03,9.796624918844829e-05,4.549887041783150e-04,3.049370420183514e-05,1.062974130189309e-04,1.384103015361527e-07,3.126972821391780e-05,3.935802629198089e-05,1.105745691024195e-05,5.383946786054223e-05,2.900670706660320e-05,3.819446358510551e-05,3.069807475177610e-06,6.188872513313429e-04,1.228298926560974e-05,4.426435517132764e-06,1.098815183680078e-04,1.409156020263941e-05,5.642390140093567e-07,1.270590696065074e-08,2.459867401824443e-06,1.737290023275359e-05,2.782718592557379e-05,1.218196242637654e-05,1.540695236786672e-05,1.699739348531249e-06,4.314494660360642e-04,1.072769418262365e-05,5.259455314617536e-02,1.550682619782491e-03,1.336410230723358e-04,4.231602543642475e-04,6.019589384700538e-01,7.141476901932120e+04,0.000000000000000e+00,2.115283589527288e+03,1.015335323181694e+05,
1.032461032485259e-07,4.209073331461168e+00,1.490883928873217e-01,1.053217378267610e-05,1.021843088424433e-04,5.956028404409759e-04,1.350038312103980e-07,7.201811338283916e-05,1.235419236994258e-02,2.240507555590317e-08,1.666984180286106e-03,1.410992719835726e-10,5.451197834574274e-10,5.160022468454258e-11,1.940181901783355e-09,4.126332840789972e-10,1.924866925114007e-09,3.296831674595242e-09,7.153104842648336e-12,2.677962702648615e-11,2.397001666292565e-11,4.307062935466887e-03,2.343960910783624e-02,1.802543561671287e-10,1.612830197187339e-08,3.082720109697711e-10,7.387116985603091e-09,3.966133566789704e-13,6.467255175850862e-15,5.270002431970469e-09,2.539951452964582e-09,2.825866307569820e-14,9.038864262330252e-12,3.522329591072022e-13,2.177403818518435e-12,1.174635839515991e-13,3.196115561901643e-13,5.193760963971828e-13,3.312093205940236e-15,1.842404177685760e-13,5.180967798354308e-13,4.766140136382779e-18,6.651068043992184e-15,1.855549800719875e-13,8.696428030090121e-17,4.325078611905880e-18,1.590922237836930e-06,1.096715352794119e-05,3.067275863100515e-08,9.884422380498674e-08,6.243977795146423e-08,1.472877054160874e-12,3.761502610612536e-14,7.797150793943596e-14,2.061799048952168e-12,2.412507547093605e-12,1.862066517709099e-12,6.692309094923365e-13,1.069333620577647e-01,7.944677816189370e+03,0.000000000000000e+00,2.330957438935708e+03,1.013250132938241e+05,
4.915847032084717e-07,4.138896236359082e+00,1.596621856858854e-01,3.253733605074615e-05,2.970141895345519e-04,8.764486122752155e-04,2.118229675122163e-07,1.164065904942445e-04,1.234747684718975e-02,8.335939439285809e-08,3.030237847905565e-03,2.159695515394306e-10,6.002556459750532e-10,6.362306754828204e-11,2.042131515379723e-09,4.026858682229955e-10,8.223738231373760e-09,3.740935555563003e-09,7.802459154240003e-12,3.328181726493393e-11,2.582761560490821e-11,6.256987251937585e-03,2.303507908832426e-02,1.979412938511722e-10,1.657002945156163e-08,5.307298187106012e-10,8.659042963712044e-09,2.828367875364209e-12,2.882281617454634e-14,5.289250935079357e-09,2.522087369502898e-09,2.095704265884885e-13,2.207863991212841e-11,2.755810644890738e-12,9.549715574826567e-12,6.461462785865103e-12,7.536607298301580e-12,1.770761736684051e-11,3.729555961406903e-13,7.680143857705170e-12,1.005981928844488e-12,9.807498300065273e-16,1.041512125704174e-11,2.866332718876166e-13,8.344912825089267e-16,2.266956765622645e-17,2.522325984079321e-06,1.779646455803312e-05,3.070782476632735e-08,2.302376672252046e-06,1.578931718330154e-06,3.854225585747345e-12,3.748834288540187e-12,1.865816081301505e-13,2.652949959944413e-11,8.590590016655548e-11,6.695255522222947e-11,2.358939483039033e-11,1.144923084596408e-01,7.956114249613783e+03,0.000000000000000e+00,2.290265549626051e+03,1.013250929122522e+05,
1.140830796842590e-07,4.238366939457175e+00,1.469189094783814e-01,7.182175394976653e-06,6.924825358256690e-05,5.054837584458282e-04,1.367274737284248e-07,6.104003430073631e-05,1.235386702820307e-02,1.454135091768865e-08,1.322041464751243e-03,8.247790936704697e-11,3.979173022157805e-10,3.470422552377282e-11,1.530518722152018e-09,3.848381095430209e-10,1.127410703687352e-09,2.381526014610122e-09,5.211207287487475e-12,1.782292222725605e-11,1.804685144753985e-11,3.776795756806348e-03,2.360631839648953e-02,1.296915756407468e-10,1.276635589862698e-08,1.673028560265946e-10,5.078792824703470e-09,1.291490448436517e-13,2.334542536407321e-15,4.242222168803778e-09,2.223878926626203e-09,8.784858169529477e-15,4.019398712306979e-12,1.067909702821038e-13,1.038869634507313e-12,3.450346256133257e-14,1.506128943860006e-13,1.955302770554184e-13,6.291059638700006e-16,1.803831197704056e-14,5.457483220624067e-14,1.028700240528663e-18,1.673473300840461e-15,1.428719031053925e-13,3.954521093934130e-17,2.465919594707012e-18,9.414287696803429e-07,6.427952980119384e-06,2.517626810536044e-08,2.851677982773044e-08,1.759855138697673e-08,7.322240769084452e-13,2.785693421314228e-14,4.263895483355711e-15,1.594261077311677e-12,2.757534436497614e-12,2.629612941452946e-12,7.491428305547217e-13,1.053739993991577e-01,7.986259344599634e+03,0.000000000000000e+00,2.347241114390704e+03,1.013250074875473e+05,

