1
0
56
1
(4 0
((0,0) (7,127) (0,0))
((0,256) (7,383) (0,0))
((0,128) (7,255) (0,0))
((0,384) (7,511) (0,0))
)
4
FabOnDisk: SD_5_Old_MF_D_0003 0
FabOnDisk: SD_5_Old_MF_D_0001 0
FabOnDisk: SD_5_Old_MF_D_0002 0
FabOnDisk: SD_5_Old_MF_D_0000 0

4,56
-7.421261366748229e+00,-1.750031402130886e+01,-2.683090229164162e+01,-6.017004817597984e+00,-8.590251270477376e+00,-8.177436828098912e+00,-9.999309838134390e-01,-6.238774737409436e+02,-2.172228949007426e-01,-7.026495446243322e-01,-7.597713011011775e-02,-1.328840109583769e+01,-1.228476455739146e+01,-1.428201791854622e+00,-9.997023975036690e+00,-4.408423358504791e-01,-6.913456355540079e-02,-2.769648353679526e+00,-1.339621597175984e+02,1.321007438247185e-21,-7.060458773256548e-02,-4.314818065025012e+01,-1.625699360121882e+00,-1.865252421688456e+02,-7.607505672317195e+00,-2.415558825481956e+01,-3.990965922563859e+00,-2.940276161037934e+00,-8.754708000747563e-03,-1.920627255985364e+00,-1.662723556165832e+00,-8.304135336008015e-01,-3.452162805656914e+00,-1.994105492098343e+00,-2.823420653126707e+00,-2.024192977907830e-01,-3.121556147121279e+01,-5.497244304138950e-01,-3.336448667140890e-01,-8.091808499567302e+00,-7.012280231397039e-01,-1.342328652009472e-02,-5.081794551869570e-04,-7.956317414973151e-02,-1.385787567375789e-01,-1.961755784204660e+00,-6.581236626787015e-02,-2.786052742513198e-01,-1.255255924440732e-01,-2.262187676326366e+01,-4.407113380158679e-01,-5.544402360235454e+02,-8.367545501936151e+01,-8.393041367645187e+00,-2.320331962215653e+01,-6.804157237638719e-11,
-1.295614878794899e-02,-9.289641408063848e-02,-2.014033392538286e-01,2.510697931935554e-06,-3.037901313287191e-02,1.813608744895581e-01,-2.293570912288237e-05,-8.279312695093997e-01,-1.130079919984320e-07,-2.353070247281132e-07,-2.721153554390929e-08,-8.745756605466096e-07,-1.012468522320646e-07,-2.270048397571591e-06,-1.429021529452280e-06,-3.248760395673178e-09,-1.488262629841445e-08,-1.030584939879018e-08,-1.118389291325615e+00,7.745791924149877e-01,-8.231650181912869e-08,-6.335452496727435e-06,-3.199700739351918e-07,-4.578133817490676e-06,-7.355485385850643e-08,-4.778323337447163e-10,-2.065206314349302e-06,-8.601181832370099e-07,-9.549738476421618e-10,-1.316744971879469e-08,-3.297690052216343e-08,-1.485643557788517e-07,-2.625801060839669e-08,-8.467502081702409e-08,-1.502927350683202e-07,-6.236549898786029e-09,-1.697516556572147e-07,-4.695778307577212e-07,-1.625868517758025e-11,-7.158595752865712e-09,-1.021206488043675e-10,-8.363978120483031e-14,-2.808560914744394e-15,-1.225273447090738e-03,-8.709249751113516e-03,-1.072460732110052e-05,-2.587210787605899e-04,-1.675858836511408e-04,-3.872852962640946e-09,-1.096084511614588e-07,-2.023575056239044e-07,-2.021394611012353e-06,-1.007954371439574e-06,-5.376616480453596e-07,-2.889418619450203e-07,-8.262446282714109e-12,
-1.822948258161505e-01,-9.299516285906624e-01,-5.352695483774376e-01,-7.239276602050616e-04,-1.341648178592341e-01,5.080580720789918e-01,-3.448542836816994e-04,-4.745710233858327e+00,-2.726911839726079e-07,-1.737202911165439e-07,-4.996956220399543e-08,-3.256377065581974e-06,-4.668822396352890e-08,-3.632846397212455e-05,-4.279127645343243e-06,-8.505321993591755e-09,-5.728020751914267e-08,-3.895752242479851e-08,-5.876845832527479e+00,1.804553617353714e+00,-4.641030649438234e-08,-1.152717317217826e-06,-7.928285805774755e-07,-1.630569583352872e-05,-3.441258902065450e-07,-5.258679574212668e-09,9.839865770869216e-08,5.671006943339680e-07,-6.800180792030053e-09,-4.272190617650785e-08,-2.391887817069195e-07,-2.904113048660687e-06,-7.501805664180743e-07,-1.849774726904760e-06,-4.780691373991240e-06,-1.186596920265151e-07,-2.809890119743415e-06,-9.663738622902179e-07,-5.798775209329131e-10,-5.021887846273174e-06,-6.054310733990255e-08,-2.035054509664911e-10,-5.491518917374243e-12,-1.477346417386722e-03,-1.091519357037066e-02,8.664472549599113e-07,-2.242096746930273e-02,-1.568891751092628e-02,-7.749692387039002e-08,-1.941884022582941e-06,-1.644082373517249e-07,-2.348560597344790e-05,-3.299876217192835e-05,-1.297822889133166e-05,-9.291778106386016e-06,-3.460454145454150e-11,
-3.550010376503059e-03,-2.973545718306949e-02,-8.782198508248606e-02,1.466536414207634e-06,-1.085120125456151e-02,1.037610136485031e-01,-6.645154698616100e-06,-3.346368661191448e-01,-8.232776988714532e-08,-2.928988840120345e-07,-2.521703336127497e-08,-1.132800812752595e-06,-2.527143733163005e-07,-6.735189535660306e-07,-1.374276679161349e-06,-3.029134157949941e-09,-1.199021142441346e-08,-1.045157269586110e-08,-4.777331414567066e-01,2.785291667447649e-01,-8.157701734996778e-08,-7.862991639530588e-06,-1.485040331301776e-07,-4.036084535038366e-06,-5.473160031817674e-08,-3.917398185674540e-10,-3.455761707471969e-06,-1.204302767515794e-06,-3.476457098070170e-10,-4.558219449870037e-09,-1.881416581849852e-08,-7.819025629191209e-08,-2.903828370058741e-09,-1.528708064461327e-08,-1.629779058329736e-08,-6.219980751196690e-10,-3.116749570247171e-08,-4.636018377406633e-07,-1.036039782842679e-12,-3.528976633074825e-10,-1.079429838743641e-10,-5.083987318200338e-14,-2.550213330888491e-15,-7.264289475001553e-04,-5.025229164914218e-03,-1.220169527433814e-05,-4.373439446319162e-05,-2.742473848985798e-05,-8.073069300362317e-10,-1.077203033738965e-08,-1.971006019046586e-07,-5.921874783600062e-07,-1.256261759228425e-07,-1.379248929290869e-07,-3.472353871590467e-08,-9.426515124033585e-12,

4,56
5.515869674257065e+00,3.167793633766704e+01,4.457172960926074e+01,7.419368051229431e+00,1.224159436142034e+01,3.138333198986815e+02,5.906154884049597e-01,5.711589011535116e-12,5.275937279242220e-01,1.267328313632641e+00,1.446989672680158e-01,2.400254356778024e+01,1.506762377344614e+01,1.843763745209936e+00,1.496048303140341e+01,4.687946507637038e-01,1.266987000084958e-01,2.905748369236272e+00,4.406304348163860e+02,2.784005026942417e+02,1.448310829422981e-01,4.974427960193033e+01,3.619153884132023e+00,2.836633868166002e+02,1.123337644021848e+01,2.544509927965742e+01,7.969772267860598e+00,3.354231870757350e+00,1.594095014991933e-02,3.565274988207510e+00,2.450866059925747e+00,9.530761751559340e-01,3.668335666835553e+00,1.986304498255724e+00,3.499819561080835e+00,2.138721925415711e-01,3.182581994838686e+01,1.159963000878087e+00,5.696714178544906e-01,7.901990691025458e+00,1.074546069475732e+00,3.331907137383822e-02,8.172487289449166e-04,7.464083909387964e-02,2.697755709085863e-01,2.157631207219326e+00,4.417325611400729e-01,6.366141226097404e-01,1.872111337861344e-01,1.516029322034605e+01,8.751005656718412e-01,2.108743290790419e-02,8.514166720498403e+01,1.364007706105557e+01,2.380378695920563e+01,8.439826615358470e-11,
-3.577981591555146e-03,-2.995418582516408e-02,-8.833687596876237e-02,7.553299578449338e-06,-1.092200836805437e-02,5.027964633174054e-01,-6.696802318486950e-06,-3.366750955259503e-01,-6.572435269357736e-08,-1.184602198819424e-07,-2.088859296673485e-08,7.671442368280494e-09,1.505367284749247e-07,-6.743570467431074e-07,-8.665094010713185e-07,-1.454420065074781e-09,-1.014648810771779e-08,-3.793003175015813e-09,-4.806005970029201e-01,1.791550503437747e+00,-4.264515125012583e-08,-8.066401812369301e-07,-1.452135589475837e-07,-7.024546989932228e-07,7.687400228346912e-08,7.536911994630910e-10,1.887142138471031e-07,5.929483341117595e-07,6.830791115275274e-10,-4.471311611070560e-09,3.276298634512211e-08,7.259109244060220e-07,3.725721057830229e-08,1.065331561378314e-07,1.519391962590982e-07,4.091580651840985e-09,1.484325842510908e-07,6.338424226904611e-07,1.849660676990657e-11,5.197687808078348e-09,5.979697923197453e-11,-5.087582754042008e-14,-1.824217037361264e-15,-7.293439168102533e-04,-5.046015998316274e-03,6.701711915217295e-07,-4.418982726714962e-05,-2.771422394694228e-05,-1.504693069044138e-10,7.043257874261209e-08,1.547470914709247e-07,1.326563689932726e-06,7.597966884778475e-07,7.148565484924911e-07,2.045515982078916e-07,8.994416322849474e-12,
-1.313052462514983e-02,-9.391561868633794e-02,-2.028276317447809e-01,2.276467260709404e-06,-3.070229677809789e-02,3.087560034540420e+00,-2.321991016065149e-05,-8.350465379451015e-01,5.810656980704253e-07,1.580083650222984e-06,1.776086934121752e-07,9.097447035476259e-06,9.353943017378186e-07,-2.268234047719447e-06,9.509064687507017e-06,2.569609860924305e-08,1.020833090834761e-07,8.848184822522751e-08,-1.126560768742909e+00,9.282806366319271e+00,5.164331824076288e-07,3.870635188183794e-05,1.139163400050495e-06,4.032759762606549e-05,3.282417469099048e-07,3.464075808092230e-09,1.241131088717579e-05,4.486498452933867e-06,9.723119254143220e-09,3.024909373857861e-08,3.426182172259676e-07,3.152886565458675e-06,1.449200967328667e-06,1.876216666584239e-06,4.240997026887921e-06,1.191622107313818e-07,2.635814729335799e-06,4.519735597739671e-07,4.590763431320152e-10,1.607504682583848e-06,3.748094647281632e-10,1.692178233157155e-13,1.006444351833399e-14,2.690756776951825e-03,1.975720311744216e-02,6.698800631764328e-05,-2.636749030477263e-04,-1.693193883816784e-04,8.415901427072012e-08,1.528886425709705e-06,5.147874465822316e-07,1.219555403963270e-05,2.322019512291000e-05,1.615486265782740e-05,6.420716921150531e-06,5.477041042922792e-11,
-1.985151581511100e-03,-1.220763955878861e-02,-3.638416231669917e-02,6.323282663588930e-06,-5.961307265783866e-03,1.801842155990734e-01,-2.049101954460327e-06,-1.538415965939974e-01,-4.315651328078919e-08,-1.793526059655170e-07,-1.627227795750672e-08,-5.710059686954138e-07,-8.940851709993604e-08,-2.263349129798580e-07,-1.086957774691694e-06,-2.299171928649668e-09,-8.262473869953576e-09,-7.749802581956319e-09,-1.697235577995666e-01,7.699932923326525e-01,-6.101475480692999e-08,-5.501588322204676e-06,-8.577961236326216e-08,-2.412430585372427e-06,6.302914845333067e-08,1.880201455439711e-10,-1.859171832993820e-06,-8.116976998116577e-07,1.644278326787073e-10,-2.134741836926057e-09,3.356948793194428e-09,2.750093411411378e-07,1.556316624481771e-08,5.568728107517505e-08,7.099865616869152e-08,1.027360041683255e-09,6.062028402966650e-08,4.233130529893036e-07,1.562725909433381e-12,7.027539813960028e-10,-9.459101008803773e-11,-2.337557328217457e-14,-1.536808375257909e-15,-4.510072679829379e-04,-3.077063492140356e-03,-1.074676099400593e-05,-1.265418973648596e-05,-7.784577594481357e-06,-2.239136989503769e-10,1.640520092525869e-08,1.884245633525419e-07,6.865999027711299e-07,1.061205652903053e-06,7.381677454205542e-07,2.880835686442222e-07,8.658046501963668e-12,

