1
0
56
1
(4 0
((0,0) (7,127) (0,0))
((0,256) (7,383) (0,0))
((0,128) (7,255) (0,0))
((0,384) (7,511) (0,0))
)
4
FabOnDisk: SD_5_New_MF_D_0003 0
FabOnDisk: SD_5_New_MF_D_0001 0
FabOnDisk: SD_5_New_MF_D_0002 0
FabOnDisk: SD_5_New_MF_D_0000 0

4,56
-7.418857190936229e+00,-1.751539154115392e+01,-2.682408776865887e+01,-6.015446517851882e+00,-8.586049294955483e+00,-8.171585689403074e+00,-9.990992043659195e-01,-6.236215769084747e+02,-2.170261220353265e-01,-7.022711473251555e-01,-7.596548321482040e-02,-1.328541841259231e+01,-1.227213883082960e+01,-1.427433358710519e+00,-1.000040175289440e+01,-4.409554812943221e-01,-6.907031200483874e-02,-2.767525306781842e+00,-1.340469575656092e+02,1.306118187221231e-21,-7.044714775958509e-02,-4.310363671775755e+01,-1.624353573299936e+00,-1.863737071565572e+02,-7.602651744824755e+00,-2.413534844727907e+01,-3.991086825521394e+00,-2.940073412665985e+00,-8.748629362949139e-03,-1.920163132391356e+00,-1.662124627127138e+00,-8.297270981588588e-01,-3.448831452057812e+00,-1.992134052024766e+00,-2.823165121182714e+00,-2.024261921416382e-01,-3.119709419555971e+01,-5.493696812379492e-01,-3.334764695333920e-01,-8.087762348064418e+00,-6.999913097218717e-01,-1.340227359057130e-02,-5.071823875119820e-04,-7.953035919541085e-02,-1.385847780182682e-01,-1.960607693317900e+00,-6.581945660877250e-02,-2.789387592152949e-01,-1.255074557079742e-01,-2.263530604386916e+01,-4.405986144613371e-01,-5.538617054561395e+02,-8.360222411428906e+01,-8.383786430834895e+00,-2.318437260841180e+01,-5.989075901879914e-11,
-1.295536233745500e-02,-9.280531234263517e-02,-2.012309569677456e-01,2.502972437850400e-06,-3.040177161254652e-02,1.812409185498051e-01,-2.291508938817224e-05,-8.275770203053430e-01,-1.131257918747512e-07,-2.401789678521248e-07,-2.778793308609285e-08,-8.888399685931002e-07,-1.060090177605402e-07,-2.268121286984153e-06,-1.534664297556214e-06,-3.406176582758712e-09,-1.524460526110062e-08,-1.108877755235103e-08,-1.117168793731337e+00,7.740873263437152e-01,-8.043659707782526e-08,-6.269366218158325e-06,-3.166768484712173e-07,-4.544471620998428e-06,-6.489219022521359e-08,-5.700552656622188e-10,-2.051214451279585e-06,-8.577936216356535e-07,-7.657667537073515e-10,-1.305934870899362e-08,-4.312352214607047e-08,-1.693765190746668e-07,-1.480303393345243e-08,-6.614539989027700e-08,-1.617583243095138e-07,-4.600871485394640e-09,-1.297481930229826e-07,-6.439880385180240e-07,-1.428292559849874e-11,-9.114875693899044e-09,-1.022946774196443e-10,-8.362508374122450e-14,-2.809804528920913e-15,-1.225243683419577e-03,-8.708839906252814e-03,-1.072865197653170e-05,-2.584501553496231e-04,-1.674240543053503e-04,-5.077921604755712e-09,-1.351541225144196e-07,-2.294865933101807e-07,-2.319712145211915e-06,-1.294277561832999e-06,-7.482856009488139e-07,-3.739157597428403e-07,-9.539757872545351e-12,
-1.822638136101054e-01,-9.299606991617545e-01,-5.343280054818781e-01,-7.249324974046833e-04,-1.344895923429407e-01,5.081609910850934e-01,-3.450967094806509e-04,-4.748294551047245e+00,-3.593265685265589e-07,-1.980619675489214e-07,-1.666194825297612e-07,-1.280480934505725e-05,4.136310197976437e-08,-3.612005867047415e-05,-6.363747077692113e-06,-1.784747546184920e-08,-1.577747007834696e-07,-8.639827596299991e-08,-5.876334603056764e+00,1.802638970645692e+00,-4.586585872647137e-08,-1.088555883768416e-06,-2.535118093198647e-06,-6.132003542991089e-05,-7.721766740917001e-07,-5.365163384910582e-09,1.340803586655073e-07,5.882964259632526e-07,-5.953532773777261e-09,-1.089101591661551e-07,-2.050498505613845e-07,-3.434269212117490e-06,-1.124311374380417e-06,-2.370337998665516e-06,-5.124164096057822e-06,-9.561834599630674e-08,-2.560049130790736e-06,-8.447443810296305e-07,-5.531320014493515e-10,-3.825929631112380e-06,-6.095815841481545e-08,-2.051671915126586e-10,-5.527438533766537e-12,-1.477842097961680e-03,-1.091939661660704e-02,8.442989419372396e-07,-2.242813106614678e-02,-1.569465287619655e-02,-9.396493809145819e-08,-1.921122523538871e-06,-1.414346253728376e-07,-2.897325204185780e-05,-2.895253356503695e-05,-1.842169240866430e-05,-8.002149352908793e-06,-5.502309718963261e-11,
-3.547397123134527e-03,-2.971297261323333e-02,-8.776768052911990e-02,1.466821223610069e-06,-1.084364003879935e-02,1.036920218669816e-01,-6.639684917324243e-06,-3.344206767774229e-01,-8.230212029042124e-08,-2.929227120962752e-07,-2.522618770508799e-08,-1.129456547208376e-06,-2.531472385560752e-07,-6.728561574732766e-07,-1.376713046090850e-06,-3.025309012628753e-09,-1.198329034178873e-08,-1.048169613664116e-08,-4.774214694506251e-01,2.783501313861911e-01,-8.620690176347363e-08,-7.853248603590136e-06,-1.580433141901396e-07,-4.619189143912510e-06,-5.262656382655344e-08,-4.833021578457509e-10,-3.453324476682986e-06,-1.203467026913840e-06,-5.923984100341354e-10,-4.572797147926147e-09,-3.072718094717006e-08,-5.690221304205968e-08,-3.741479034548334e-09,-1.544613676743452e-08,-1.386293696488480e-08,-5.206955760472583e-10,-2.912396428682274e-08,-4.185588090537486e-07,-9.456481760313366e-13,-4.055203945098252e-10,-1.093676842935201e-10,-5.079866413663919e-14,-2.548229919252690e-15,-7.262184314919839e-04,-5.023709928395032e-03,-1.219836160428914e-05,-4.369220245414154e-05,-2.739775540426390e-05,-7.868730673640899e-10,-1.004648646620707e-08,-1.791324299832316e-07,-5.302127775359799e-07,-1.397636547877478e-07,-1.643168491803728e-07,-3.913479949088858e-08,-9.330869410462128e-12,

4,56
5.512933539032244e+00,3.167219162279333e+01,4.453569620840310e+01,7.417460277697148e+00,1.223507053399478e+01,3.137318572946170e+02,5.909031164812111e-01,3.000838293132357e-12,5.267561609445809e-01,1.266140181715674e+00,1.445994487825393e-01,2.400498023318273e+01,1.506253402553853e+01,1.844206594625559e+00,1.494962925217407e+01,4.688038487945277e-01,1.265978443323100e-01,2.904431983015798e+00,4.405309889828310e+02,2.785011431218073e+02,1.444425232841731e-01,4.973760702855405e+01,3.617046128962093e+00,2.834036051641959e+02,1.120281947412746e+01,2.541936736187105e+01,7.967135913069079e+00,3.352863395145072e+00,1.592988756675985e-02,3.565274779513676e+00,2.448222943910904e+00,9.515398102361926e-01,3.668137350247123e+00,1.982630149276234e+00,3.499244029119580e+00,2.136656233728293e-01,3.178166973527708e+01,1.160833357451592e+00,5.689653047028456e-01,7.896540150140281e+00,1.073263748940145e+00,3.326806668744128e-02,8.158580155429492e-04,7.470571071540327e-02,2.700195497968432e-01,2.158434762768438e+00,4.414341329052036e-01,6.366148092954984e-01,1.870892414144518e-01,1.513791748325435e+01,8.756618670202757e-01,1.933416198115322e-02,8.514191550820806e+01,1.362690950006313e+01,2.380453784269358e+01,6.240341576813080e-11,
-3.575350571276419e-03,-2.993159130893381e-02,-8.828425942314512e-02,7.553541487176259e-06,-1.091451686510391e-02,5.029003761750019e-01,-6.691570775950069e-06,-3.364598634066652e-01,-6.481964236633612e-08,-1.173218981239582e-07,-1.992931958916896e-08,-1.096407963979364e-10,1.476991647690153e-07,-6.739523488447015e-07,-8.830784689656972e-07,-1.433892543159725e-09,-9.449716387459976e-09,-3.808781268493410e-09,-4.802910028460249e-01,1.789629812571816e+00,-4.323106434263438e-08,-8.626527725974152e-07,-1.467189464812708e-07,1.698895364516545e-07,9.624425715046502e-08,1.141601384895992e-09,1.546001604591089e-07,5.894384595478053e-07,1.057255371787822e-09,-4.464099571547568e-09,5.182283333109856e-08,7.653694611601997e-07,3.866514935673389e-08,1.169135889709927e-07,2.120126202516373e-07,3.558729816431783e-09,1.379100345924285e-07,5.904929127796348e-07,1.737857870185786e-11,5.432008817829076e-09,5.980393456362476e-11,-5.076569576683212e-14,-1.822059403641347e-15,-7.291369684328621e-04,-5.044509798422740e-03,6.536683034054261e-07,-4.414723817784536e-05,-2.768701989938839e-05,-2.038406398497455e-10,6.959926499481749e-08,1.552614044906466e-07,1.299622208860849e-06,8.801266514975470e-07,8.153989606111357e-07,2.445347013207190e-07,8.387152083955129e-12,
-1.312944421382021e-02,-9.382324373526851e-02,-2.026546840889252e-01,2.267661087138434e-06,-3.072528927804007e-02,3.089672058515970e+00,-2.319898617264406e-05,-8.346954322007358e-01,5.763824407678385e-07,1.579038230923285e-06,1.665707680196717e-07,8.472435598375810e-06,1.088317151048958e-06,-2.268687414103697e-06,9.674000438226530e-06,2.579315804306311e-08,1.066058118067687e-07,8.618774342949005e-08,-1.125344071894816e+00,9.281938869607687e+00,5.122307872487449e-07,3.835351084732771e-05,1.111357232373605e-06,3.856624645817038e-05,4.928767990201588e-07,4.639742643143691e-09,1.230865177792999e-05,4.439724958829799e-06,1.104517851796932e-08,2.903399760308847e-08,4.285532420128337e-07,3.922551546928405e-06,1.050208687859712e-06,1.331353348673200e-06,3.352656557572071e-06,2.157432863746438e-07,5.227764194697796e-06,6.583349761247478e-07,1.572199086977478e-09,3.726980195589800e-06,3.810832584660884e-10,1.675358150055677e-13,9.971014075839164e-15,2.694613670743289e-03,1.978614397005610e-02,6.696616742520609e-05,-2.634005126412913e-04,-1.702896417917786e-04,2.681813405385421e-07,4.265506369027386e-06,4.401758588249982e-07,5.035927336227203e-05,3.314967773094710e-05,1.040087054345328e-05,9.203144568521713e-06,7.808509394635621e-11,
-1.983931309379462e-03,-1.219917003163775e-02,-3.636542254205379e-02,6.320301246697245e-06,-5.956871813104755e-03,1.800631921787183e-01,-2.047801053749359e-06,-1.537299244236239e-01,-4.315341382576562e-08,-1.821034971488570e-07,-1.650322483489351e-08,-5.833836933139916e-07,-8.677395485819880e-08,-2.262420331870414e-07,-1.080523780696868e-06,-2.319848052250623e-09,-8.400097445099227e-09,-7.695960159705861e-09,-1.696128494835504e-01,7.694977952877977e-01,-6.100867708463339e-08,-5.541704617295790e-06,-8.574655980761769e-08,-2.427787423129119e-06,6.011730367779194e-08,1.845901915061845e-10,-1.884322158078524e-06,-8.103876537459998e-07,1.584947528898854e-10,-2.133193341297861e-09,3.001781621249948e-09,4.573279201545350e-07,2.434216410393673e-08,9.556012961014281e-08,1.189237451219286e-07,8.287959633700196e-10,5.246181637262911e-08,4.203714332058789e-07,1.360498606150986e-12,1.094831236364029e-09,-9.456861997717530e-11,-2.336061526885534e-14,-1.536071958663365e-15,-4.508157675904615e-04,-3.075743104808470e-03,-1.075071195980880e-05,-1.264509689677829e-05,-7.778909114672229e-06,-5.599121349183712e-12,2.139579540949473e-08,1.837482049149790e-07,5.800977401943784e-07,1.658680767122769e-06,1.080877829014652e-06,4.514406783908289e-07,9.243245058243588e-12,

