1
0
63
1
(4 0
((0,152) (15,199) (0,0))
((0,264) (15,327) (0,0))
((0,200) (15,263) (0,0))
((0,328) (15,391) (0,0))
)
4
FabOnDisk: SD_0_Old_MF_D_0003 0
FabOnDisk: SD_0_Old_MF_D_0001 0
FabOnDisk: SD_0_Old_MF_D_0002 0
FabOnDisk: SD_0_Old_MF_D_0000 0

4,63
-1.721431490709528e-05,2.498647156069119e+00,1.655027397306323e-01,1.200065489443674e-07,1.453020848339632e-07,7.807316140363672e-06,3.338569397057146e-07,1.327910136542066e-04,9.655291058036378e-03,1.343664702089530e-07,3.899606034403599e-03,2.074296489023418e-12,1.987155751931086e-10,2.895269362921153e-11,5.554850800255241e-10,0.000000000000000e+00,1.429633876449566e-08,1.449748626823699e-09,1.969953846824601e-12,1.341223619345209e-11,7.991774455799841e-12,7.623649168458303e-03,3.099165260643945e-03,1.300259267051790e-11,5.600844942052317e-09,1.120622625220332e-10,0.000000000000000e+00,0.000000000000000e+00,0.000000000000000e+00,1.342740542383936e-09,5.250136413572653e-10,0.000000000000000e+00,2.927205290681970e-12,0.000000000000000e+00,0.000000000000000e+00,0.000000000000000e+00,0.000000000000000e+00,0.000000000000000e+00,0.000000000000000e+00,0.000000000000000e+00,0.000000000000000e+00,0.000000000000000e+00,0.000000000000000e+00,6.963408774451114e-09,4.243664905495058e-11,9.257067856015773e-13,6.652789059421937e-07,3.144955643152483e-07,4.332211084714937e-09,2.279169707116042e-06,4.057911053431874e-06,0.000000000000000e+00,0.000000000000000e+00,0.000000000000000e+00,0.000000000000000e+00,0.000000000000000e+00,0.000000000000000e+00,0.000000000000000e+00,1.187806611072151e-01,4.222193244932189e+03,0.000000000000000e+00,8.151788118055579e+02,1.013009385050444e+05,
-1.410057949747879e-07,5.118351177580613e+00,1.533873354631415e-01,1.868900207625124e-05,1.786689818011757e-04,7.423839118660521e-04,1.475328754501228e-07,9.238995249586895e-05,1.233784582234768e-02,4.360517026443572e-08,2.295282072312553e-03,1.916209302111647e-10,4.363987378427539e-10,5.321196495616268e-11,1.453495110323163e-09,2.100687329121202e-10,4.023751940640258e-09,2.962847507718910e-09,5.730053453492375e-12,2.844015727744113e-11,2.008315245725222e-11,5.191269618614706e-03,2.220425681284319e-02,1.390898267621806e-10,1.129146203992792e-08,4.736910883633945e-10,7.096843007034769e-09,7.281922945882819e-13,1.279771272323847e-14,3.192818610116015e-09,1.273718777129061e-09,9.579850805550454e-14,1.775389858954151e-11,1.149708541877466e-12,3.478925034341558e-14,1.100232361529503e-14,8.404023317225171e-15,1.131186706831678e-14,4.353336285604682e-17,1.227772435800788e-15,0.000000000000000e+00,9.713581434154771e-20,8.117272697417089e-16,5.206479199278466e-14,1.059499303380072e-16,3.012010331379725e-18,2.267388742532627e-06,1.587205339896450e-05,1.901825570009403e-08,4.833603899629271e-07,3.182055027978956e-07,2.735266145746873e-12,6.547695187513426e-15,0.000000000000000e+00,0.000000000000000e+00,0.000000000000000e+00,0.000000000000000e+00,0.000000000000000e+00,1.100286474101393e-01,6.094431168972772e+03,0.000000000000000e+00,2.157422906865406e+03,1.013249890184941e+05,
-1.942520853396179e-07,4.904921404831065e+00,1.570551886819971e-01,2.703071934226362e-05,2.518395686926767e-04,8.381486919579882e-04,1.824718371862905e-07,1.082709301979579e-04,1.232335433111357e-02,6.719502404166271e-08,2.776640868898584e-03,1.172530603699156e-10,1.982957766845308e-10,2.892165692965556e-11,6.117023815204543e-10,3.654230663243940e-14,6.403742697244452e-09,1.471780000459076e-09,2.221955292779574e-12,1.413583732683817e-11,9.264842768859503e-12,5.824433180258399e-03,2.130448698579452e-02,6.855693540732820e-11,5.468738726330882e-09,3.473245107824390e-10,3.371583224930667e-09,1.023495701363325e-12,0.000000000000000e+00,1.318219057119953e-09,5.358735295228907e-10,1.701324586964627e-13,1.754981306541449e-11,1.498597534602145e-12,0.000000000000000e+00,0.000000000000000e+00,0.000000000000000e+00,0.000000000000000e+00,0.000000000000000e+00,0.000000000000000e+00,0.000000000000000e+00,0.000000000000000e+00,0.000000000000000e+00,4.540105531632987e-14,1.042914873507619e-16,2.869124273451100e-18,1.993311904407979e-06,1.390284003150159e-05,7.629289298174247e-09,1.336660703517444e-06,9.047395651950826e-07,3.561096893597152e-12,0.000000000000000e+00,0.000000000000000e+00,0.000000000000000e+00,0.000000000000000e+00,0.000000000000000e+00,0.000000000000000e+00,1.126682570622694e-01,3.578124638305364e+03,0.000000000000000e+00,2.034279591909480e+03,1.013241614799081e+05,
-3.500602130575068e-05,5.220327026439163e+00,1.513063004836445e-01,1.444623070921771e-05,1.396874904419274e-04,6.755431687129911e-04,1.367621556679170e-07,8.256474973882483e-05,1.235084916259865e-02,3.236190689817312e-08,2.000210438208526e-03,1.739286141735219e-10,5.347175574653598e-10,5.728148932961400e-11,1.780057925307044e-09,2.887020439679227e-10,2.898738168255890e-09,3.404535964033140e-09,6.998827428300688e-12,3.000461377787702e-11,2.347056001173694e-11,4.776635536609194e-03,2.247422937744142e-02,1.750607917901764e-10,1.437848280480580e-08,4.067472830613539e-10,8.004657177647902e-09,5.106104386516316e-13,9.093943265109407e-15,4.376719220733901e-09,1.830941879847999e-09,5.806493748459696e-14,1.380148935253685e-11,6.886447550579921e-13,7.749492399064200e-14,1.046782301940135e-14,1.028245740639989e-14,1.119430124964711e-14,2.455411199220331e-17,7.395682354695740e-16,0.000000000000000e+00,4.021795922450540e-20,4.280547684821603e-16,1.053522469426465e-13,1.094428901365318e-16,4.156195434719767e-18,1.994907945843146e-06,1.387012258623865e-05,2.553217390441431e-08,2.391400378263604e-07,1.544520999610111e-07,2.137613284561882e-12,4.727247821683118e-15,0.000000000000000e+00,0.000000000000000e+00,2.803867361399885e-22,4.431852098552450e-20,0.000000000000000e+00,1.085311107587519e-01,7.218940804995189e+03,0.000000000000000e+00,2.216237228573200e+03,1.013230028119889e+05,

4,63
1.886022407093125e-05,4.899443488429491e+00,4.425827366494776e-01,4.965263831654690e-05,4.458356770140273e-04,9.578988013394281e-04,1.175827587718892e-04,3.637869613384926e-04,1.294458561852733e-02,2.126198176945214e-05,7.966347839849322e-02,1.472768882675276e-06,6.628892608150832e-06,7.450917843895527e-07,2.361216904382241e-04,2.652180401478967e-04,2.009338832322542e-05,5.161642616987442e-04,1.468528941236588e-05,9.677455885692134e-07,6.790731157443097e-05,1.427564345312603e-02,2.122226187366568e-02,8.638110028014163e-07,6.445775354660109e-04,2.234502051784801e-05,4.621607850707477e-03,1.017121309861822e-04,4.637374774903527e-04,3.339202707020454e-05,1.147998973837553e-04,1.304709098171971e-07,3.233386097686289e-05,3.774717490148313e-05,1.279810808910687e-05,5.961816777242340e-05,3.206546044866265e-05,4.177910375755278e-05,3.092848097231761e-06,6.576133775678815e-04,1.045181504698276e-05,4.231027924599338e-06,1.169470277739475e-04,1.888001818127486e-05,6.768488216080461e-07,1.643039105513937e-08,1.967892497860920e-06,1.372120185373716e-05,3.064011088846664e-05,1.297825345989463e-05,1.674590728117471e-05,1.685613670843341e-06,4.488672980331591e-04,9.232252380802162e-06,2.618762312346911e-02,1.661969062209570e-03,1.454869650512473e-04,4.532073381343352e-04,3.089768451315492e-01,7.496722440877302e+04,0.000000000000000e+00,2.031269093822837e+03,1.013289582464447e+05,
1.369825723832602e-07,5.219122907095311e+00,1.569755476146448e-01,2.684218799670672e-05,2.502270162487256e-04,8.363681569583084e-04,1.815153254353807e-07,1.079523461977971e-04,1.235073570881495e-02,6.663959022945125e-08,2.766666749416274e-03,1.960117529770535e-10,5.338753621719283e-10,5.837896199395675e-11,1.776821762408630e-09,2.876686250507518e-10,6.347566074064923e-09,3.401350223615166e-09,6.987761023795654e-12,3.080043462929023e-11,2.344049008911872e-11,5.811904211965055e-03,2.247007167458417e-02,1.747446913158774e-10,1.434675575609580e-08,5.181153511042621e-10,7.999497098495793e-09,1.092735061933722e-12,1.907084989051918e-14,4.363530779652102e-09,1.823738542304292e-09,1.685888644677186e-13,2.183548329327225e-11,2.102217627386896e-12,7.691361340631997e-14,1.238723947474790e-14,1.086955324317229e-14,1.337320800293457e-14,1.250324392109935e-16,2.953434089133929e-15,5.800460207156548e-17,4.101840140966184e-19,1.969534485119634e-15,1.045908247460781e-13,1.172360727591669e-16,4.145415409422334e-18,2.486066891255466e-06,1.753671677507707e-05,2.545922957025020e-08,1.310719119187860e-06,8.867373229000611e-07,3.547211874862417e-12,1.019438614568381e-14,2.218500740645803e-17,4.730484486713100e-16,7.517517330468818e-15,1.053605436077568e-14,2.017671046095554e-15,1.126109598588447e-01,7.209559667063950e+03,0.000000000000000e+00,2.215544106941038e+03,1.013250215478381e+05,
2.292780202220705e-07,5.116231805783938e+00,1.653022103333559e-01,4.622562944466599e-05,4.130376381428805e-04,9.552438926145715e-04,3.286493380553446e-07,1.324766860080211e-04,1.238760672386252e-02,1.326190925447559e-07,3.863564168027289e-03,1.917546093817339e-10,4.339192105766936e-10,5.302930283516882e-11,1.445865620641273e-09,2.086150879497703e-10,1.400840807651042e-08,2.950624924750858e-09,5.698390674923778e-12,2.835131415865042e-11,1.999890050464145e-11,7.539815023735898e-03,2.220045785083626e-02,1.381993558649495e-10,1.122174663802719e-08,5.181468057004776e-10,7.069605164972428e-09,1.424492489729178e-12,2.428789750050828e-14,3.167923255558695e-09,1.263424290686087e-09,2.470574577506947e-13,2.242385797038952e-11,3.385635438984673e-12,3.695759037063194e-14,1.680516373963420e-14,1.455232219566032e-14,2.335156313299405e-14,2.366746206704888e-16,5.162282279830307e-15,3.375601590767749e-16,9.887677978192634e-19,4.065769883583925e-15,5.205369818343545e-09,3.104356267584280e-11,6.810656876802559e-13,2.496169872016520e-06,1.762397673720389e-05,1.888129754095932e-08,6.425698093371526e-06,4.457890527813727e-06,3.990827449690450e-12,1.133281290340959e-14,1.771659690216117e-16,4.333379471336846e-14,5.293579700130702e-14,7.257356913138271e-14,1.442249901241083e-14,1.186324720892318e-01,6.061707559942082e+03,0.000000000000000e+00,2.156181705290447e+03,1.013250307958464e+05,
3.576739109417632e-05,5.281620638238827e+00,1.533460594682482e-01,1.860095989212900e-05,1.778734256726175e-04,7.411506515224296e-04,1.472535589163831e-07,9.220036491727694e-05,1.235557791046499e-02,4.336628169792761e-08,2.289596682659166e-03,1.914100598916169e-10,5.610788346130609e-10,5.847133088515574e-11,1.907757421279314e-09,3.427380477161462e-10,3.999782659428914e-09,3.475429719085718e-09,7.352579953219848e-12,3.081111398085880e-11,2.447200864009002e-11,5.183469359250531e-03,2.271537460709823e-02,1.852584810077279e-10,1.567643131920804e-08,4.726681546137783e-10,8.077812164447791e-09,7.238181769813263e-13,1.272366010311150e-14,4.956915851178865e-09,2.193782274977873e-09,9.499112696417722e-14,1.768540374725592e-11,1.139654003917440e-12,1.123784805975487e-13,1.184871217359334e-14,1.043248964067154e-14,1.209646259008848e-14,4.752455228337995e-17,1.268619639959928e-15,5.856557716400496e-19,9.869365936509810e-20,8.021995169228672e-16,1.453793007421023e-13,1.171475864444454e-16,4.511406604147609e-18,2.263113375359316e-06,1.584021307723446e-05,2.878129950109067e-08,4.771640674464146e-07,3.140135155489049e-07,2.724170107913598e-12,6.516242394872491e-15,5.352367137180521e-20,4.742841904020838e-17,2.245492649826032e-16,2.378835184762175e-16,5.891662178539791e-17,1.099989392101278e-01,7.575399234967799e+03,0.000000000000000e+00,2.251186094214428e+03,1.013270537360860e+05,

