1
0
56
1
(4 0
((0,152) (15,199) (0,0))
((0,264) (15,327) (0,0))
((0,200) (15,263) (0,0))
((0,328) (15,391) (0,0))
)
4
FabOnDisk: SD_5_Old_MF_D_0003 0
FabOnDisk: SD_5_Old_MF_D_0001 0
FabOnDisk: SD_5_Old_MF_D_0002 0
FabOnDisk: SD_5_Old_MF_D_0000 0

4,56
-7.585769251751551e+00,-1.673472062789794e+01,-2.645795361864082e+01,-5.996960814569115e+00,-7.983967091563271e+00,-8.054188584095364e+00,-1.149114898217944e+00,-6.263666350604071e+02,-2.612973380283426e-01,-7.756860862511112e-01,-8.758375765578737e-02,-1.373901484901883e+01,-1.231711413904294e+01,-1.373654161351140e+00,-9.443661994646588e+00,-4.483278022268868e-01,-7.061254518379495e-02,-2.749015319110360e+00,-1.320567981358497e+02,8.922605418187857e-01,-9.290876098617371e-02,-4.893403747451032e+01,-1.825346473245260e+00,-2.014356523434089e+02,-7.593522452249317e+00,-2.420433471079674e+01,-4.512570636698851e+00,-2.873051771860623e+00,-8.805462407064497e-03,-1.997243291590098e+00,-1.572956490482708e+00,-9.416803176373394e-01,-3.854773942113255e+00,-2.256921846200873e+00,-3.261265311048970e+00,-2.172257813488739e-01,-3.285571219018765e+01,-4.882708493321312e-01,-3.137310252894351e-01,-8.616470748275830e+00,-9.576333793008265e-01,-1.559121401204804e-02,-6.355204800053135e-04,-8.342891318093823e-02,-1.688644960167495e-01,-2.129248700832922e+00,-7.125980132191187e-02,-4.089518641180379e-01,-1.342452800079909e-01,-2.504220072748822e+01,-4.627127996806151e-01,-5.868572095857685e+02,-9.044212659365670e+01,-9.455436314858378e+00,-2.504135550632150e+01,-3.188063146808418e-10,
-1.258824912658818e-01,-6.747757503523580e-01,-5.542151029125594e-01,-3.981475808696572e-04,-1.329105087983879e-01,1.465920801161447e+00,-2.271310499460220e-04,-3.467285307011218e+00,-2.129405375621211e-08,4.949185411636613e-07,2.250025368428845e-08,1.753046604400928e-06,4.677806530828154e-07,-2.302709284858827e-05,2.104759168494319e-06,6.170785850517856e-09,8.968502527110129e-09,1.737768432741332e-08,-4.020838116633551e+00,4.150165956855931e+00,1.724097125286539e-07,1.602279298987809e-05,-3.001531826536452e-07,4.050805280645924e-06,-1.103813213258246e-08,-1.716681458990079e-10,6.567286554555099e-06,3.200693582381815e-06,-6.636439057875467e-10,-2.364460665701111e-08,-1.138852409678660e-08,-3.590470460151722e-10,-9.178906556063490e-10,-6.981594455308768e-10,-3.505341294747302e-09,-3.746005401805615e-10,-2.695435920817615e-09,-2.678204954675331e-07,-6.469617391441780e-13,-6.036986262222694e-10,2.816014594143824e-10,2.496605044855850e-14,5.444058303510623e-15,-1.250032673365390e-03,-9.518026577683344e-03,3.393849558394365e-05,-1.069561449299020e-02,-7.437036538758781e-03,-4.540280121077789e-09,-7.199075448540897e-09,-1.011432038634383e-07,-4.914104668002479e-07,-2.794291489482403e-09,-2.619866055361941e-09,-7.684931308695231e-10,-2.806999077620276e-11,
-2.065273488164638e-01,-1.185895812303164e+00,-5.608542450102867e-01,-2.519025580995668e-03,-1.442572742091049e-01,-3.255972629531847e+00,-6.832284363193488e-04,-1.909925014420580e+01,2.953971892255557e-07,1.206788570247585e-06,6.366045961238724e-08,3.653162099394824e-06,6.233983734657813e-07,-1.242948364433911e-04,6.129470609545675e-06,1.477324534359398e-08,-2.530969614092124e-07,4.170541986242823e-08,-3.847880999853017e+01,6.432974008657883e+00,-1.076194763107820e-05,3.172286092347124e-05,2.568135857976685e-07,1.394442069879312e-05,-2.533332652017542e-08,-1.483755768135805e-10,1.125511020160163e-05,4.061458016114710e-06,-6.672145554492020e-10,-5.997154411542818e-09,-1.160384794290796e-08,-4.602718580909530e-09,-1.450842977614689e-09,-1.029215150452052e-09,-1.093600396663766e-08,-6.581822096359521e-08,-4.937766055702344e-09,-5.102501557402340e-07,-1.127583528921240e-12,-9.867689069129520e-10,-1.370039539430607e-03,-9.166352546752098e-06,-1.941597394442372e-07,3.558959209221714e-04,2.054866553463472e-03,5.916945293106924e-05,-6.769952140279967e-02,-4.911290698819358e-02,-4.463473562795786e-09,-9.299950994187916e-09,-1.908509656562980e-07,-4.394525954477868e-07,-5.705330619101866e-08,-1.556955295006670e-07,-1.603446969807465e-08,-3.247180302423658e-11,
-5.439278338896193e-02,-3.319627680675880e-01,-4.273316180868830e-01,-1.110805935480576e-04,-8.146954116767885e-02,9.187549498763273e-01,-9.745746323460761e-05,-2.075540235354026e+00,-9.802526855088773e-08,1.474784705829055e-07,-6.324902500705685e-09,7.770400599854156e-07,3.403460013210682e-07,-9.683717527031242e-06,3.727604505208435e-07,1.836974458622639e-09,-4.886474182022838e-09,5.790933272743114e-09,-2.595339183044322e+00,3.021595127393252e+00,5.085806520166668e-08,7.383713088673889e-06,-3.611052546742268e-07,-3.507782403534628e-08,-1.677350272571764e-09,-2.831968214474833e-11,3.449156013440498e-06,2.144608509797407e-06,-3.197280884913926e-10,-2.366180106623251e-08,-4.015715849137481e-09,2.016780060180840e-10,-9.861034443309992e-12,-2.373554889095737e-12,-1.247884449368905e-11,-3.596906538233195e-13,-7.805418897464865e-12,-9.846193467420396e-12,-1.230256128911613e-15,-5.116336695965171e-12,2.351457251944955e-10,-5.266257161171906e-14,1.580066015639090e-15,-1.406047854078408e-03,-1.036757363770941e-02,1.799219441125703e-05,-2.540635266031966e-03,-1.723615111460901e-03,-3.946294362462750e-09,-1.443192515569098e-11,-3.163824982119154e-12,-6.190336005196557e-11,-9.901395760390699e-11,-5.795508025623732e-11,-2.683490684529424e-11,-2.863043135903354e-11,

4,56
5.574718057897035e+00,2.919931723597269e+01,4.323289769956640e+01,7.555336723286556e+00,1.354439308965113e+01,3.107057289442916e+02,6.283832183267348e-01,-1.321194162853828e+01,6.298020450695292e-01,1.405511144183685e+00,1.625506680914325e-01,2.578243187369436e+01,1.583511061385553e+01,1.882664557058135e+00,1.555236958700167e+01,3.794863270348204e-01,1.289861202494523e-01,2.714476279293387e+00,4.598673753543626e+02,2.788544181279595e+02,2.058341929610365e-01,6.124548769514841e+01,3.911195761493896e+00,3.018267584565681e+02,1.310523475414950e+01,2.593796067277162e+01,8.691135956728594e+00,3.516221934571754e+00,1.515749316995586e-02,3.787232267930292e+00,2.317117865444541e+00,1.120219806520468e+00,4.003499345904242e+00,2.348030119786225e+00,3.947437652353833e+00,1.967937908071103e-01,3.448958145476247e+01,1.000302444801174e+00,5.846474037900133e-01,7.988143687545943e+00,1.555840782063243e+00,4.163398152424301e-02,1.080184011935650e-03,7.793856543656366e-02,3.992506909831686e-01,2.496293448576786e+00,4.769258379616559e-01,7.077040936654405e-01,1.794965952251622e-01,1.630628539702034e+01,7.337898885337558e-01,5.979849902038403e-01,8.853420603775349e+01,1.472744376977890e+01,2.484130051030659e+01,2.573017354734475e-10,
-5.501059517292838e-02,-3.351281311713350e-01,-4.292702188127682e-01,-1.131486393173099e-04,-8.207529467981964e-02,2.622819991899715e+00,-9.853699891240865e-05,-2.089527456005003e+00,2.876082021618640e-07,1.195487725058420e-06,9.999163457436184e-08,3.641116309506136e-06,6.221119261676641e-07,-9.792520302230803e-06,6.055554287582185e-06,1.467462880076342e-08,4.734095285381635e-08,4.137231469387546e-08,-2.609809199402708e+00,6.369813198131157e+00,4.027145549304876e-07,3.141921291058175e-05,2.431341964519905e-07,1.392895857070759e-05,1.073912565926119e-08,8.699106859798829e-12,1.118993340155699e-05,4.304632516237883e-06,-3.229948222301258e-10,-6.520633401099744e-09,-4.060609591679641e-09,1.330145015387176e-09,7.433582974166863e-10,9.126375380545836e-10,4.066103626189910e-09,2.339288598057944e-10,2.541249432481727e-09,4.380275859042288e-07,8.092844126291243e-13,3.948641307445852e-10,3.458308459879658e-10,1.847694232622340e-13,1.011709353959791e-14,2.977090872118730e-04,1.613936978470793e-03,5.870117639294210e-05,-2.588209993252304e-03,-1.756475394845128e-03,-3.964305160737270e-09,5.574711118064845e-09,1.550141174955157e-07,2.791339602348980e-07,7.353808534635188e-09,9.962423661447181e-09,2.009871773407926e-09,2.736566528938056e-11,
1.131506036416027e-01,-6.834107056059118e-01,8.805862600871854e-01,-4.067751805562202e-04,2.021904773850325e-01,3.236296423518377e+00,-2.307093664622996e-04,-3.502987890653600e+00,3.880375138986018e-06,5.270068773872112e-06,4.100752769809879e-07,1.643027232589160e-04,1.103641087890818e-04,-2.339321166312183e-05,4.334320256851179e-05,3.218505166644191e-07,1.229580339046008e-07,3.835704704390865e-06,-4.061059526702421e+00,6.049404680972410e+01,5.980465739229834e-07,9.170550267486189e-05,1.046096427023141e-05,5.619220700099277e-04,1.230343542959614e-06,6.757103252144299e-06,3.615389381738726e-05,5.753306309888349e-06,6.271997752890321e-09,1.988817084340585e-06,1.394254002062570e-06,4.171674086400494e-07,2.270756900062365e-06,1.120564502093692e-06,2.162899384973336e-07,3.524916057420372e-10,6.024234613640718e-06,4.566209390029387e-07,1.499604574405873e-08,2.201169343027001e-06,2.672730542335104e-10,1.032685617692789e-13,7.278284394171272e-15,1.304464058783962e-02,9.111479666190615e-02,7.742338870831434e-05,-1.098910447735147e-02,-7.642534914169512e-03,1.504949251741281e-08,4.965588274919033e-07,1.737597566320307e-07,5.078469785436797e-07,7.521364916243756e-07,8.766815920829556e-08,3.920727134971509e-07,4.676703468931009e-11,
-2.865831050827701e-02,-1.957927101940830e-01,-3.220469322364347e-01,-3.147820039743341e-05,-5.343141332870285e-02,1.453924024922733e+00,-5.313841375002364e-05,-1.430356933616856e+00,-2.345997206971632e-08,4.874162840343537e-07,2.182365175545199e-08,1.732759801230153e-06,4.656053376594927e-07,-5.214971814598096e-06,2.065866788175077e-06,6.078060683694450e-09,8.634692711632716e-09,1.713060296933788e-08,-1.895244946999457e+00,4.127348341305788e+00,1.698090932511741e-07,1.584545003308817e-05,-3.027570498277524e-07,3.956889552746990e-06,-1.033856433500229e-09,-1.769774524112327e-11,6.506974497635824e-06,3.183030149946659e-06,-1.711844142564894e-10,-2.045091714539242e-08,-2.074277509837412e-09,2.541216476364779e-10,1.524199019965549e-13,1.974250607485049e-11,3.323001524924777e-11,-2.362409935779182e-14,1.235774210818810e-12,3.165142702219349e-12,1.451415215899551e-16,-6.006001066145997e-13,3.198510867743809e-10,2.310248371935087e-14,5.366725521395298e-15,-1.257183777229747e-03,-9.564332135617319e-03,3.362472562705851e-05,-9.420769685087656e-04,-6.264111933064082e-04,-2.901224925757373e-09,-5.792969423176751e-12,1.112274985043460e-12,1.036217187498801e-10,3.270325515143381e-10,2.269875177508180e-10,9.144139426115374e-11,2.392086528857362e-11,

