1
0
56
1
(4 0
((0,152) (15,199) (0,0))
((0,264) (15,327) (0,0))
((0,200) (15,263) (0,0))
((0,328) (15,391) (0,0))
)
4
FabOnDisk: SD_5_New_MF_D_0003 0
FabOnDisk: SD_5_New_MF_D_0001 0
FabOnDisk: SD_5_New_MF_D_0002 0
FabOnDisk: SD_5_New_MF_D_0000 0

4,56
-7.583124260720123e+00,-1.675635734283620e+01,-2.645283042141403e+01,-5.994637465589167e+00,-8.009456631596402e+00,-8.059124018553604e+00,-1.139979929706025e+00,-6.258380365504403e+02,-2.666925725076200e-01,-7.747895254332111e-01,-8.751251314288971e-02,-1.370609229052953e+01,-1.236964343731561e+01,-1.381576350860093e+00,-9.453170031328849e+00,-4.458988788335099e-01,-7.020267663559164e-02,-2.736449955632687e+00,-1.320593145481981e+02,8.421404714293494e-01,-9.399662839858397e-02,-4.869340085923933e+01,-1.808845691449593e+00,-2.017999169184682e+02,-7.633696391677701e+00,-2.404807808306283e+01,-4.478970641590406e+00,-2.868425184622188e+00,-8.735979520460180e-03,-1.981748230411014e+00,-1.565056175637455e+00,-9.395682094779280e-01,-3.855751642814389e+00,-2.257575885236242e+00,-3.262174809448608e+00,-2.161744086368760e-01,-3.274038115992580e+01,-4.845812736066376e-01,-3.119746952031661e-01,-8.555091518839985e+00,-9.610215220236693e-01,-1.558158632955374e-02,-6.412064533175559e-04,-8.311796877931299e-02,-1.737245920991169e-01,-2.112263578184114e+00,-7.123378554229834e-02,-4.104537798343096e-01,-1.354146721918789e-01,-2.510728590377354e+01,-4.678162032933262e-01,-5.874392483078964e+02,-9.112317998649733e+01,-9.556603046678942e+00,-2.517730394779349e+01,-3.436753104324453e-10,
-1.260264651365860e-01,-6.753561029450466e-01,-5.539662667790082e-01,-3.989688233229393e-04,-1.328623381619228e-01,1.466843998624784e+00,-2.274184777739496e-04,-3.471074548450453e+00,-2.108850986074150e-08,4.957116388365865e-07,2.256880565090085e-08,1.755224319816731e-06,4.680500127791504e-07,-2.305462384718787e-05,2.108979352652685e-06,6.180658100936494e-09,9.002386225295733e-09,1.740592201850993e-08,-4.026943688547994e+00,4.153337301688865e+00,1.726862075315308e-07,1.604296514525149e-05,-2.999124395616369e-07,4.060934085525438e-06,-1.069628542963547e-08,-1.685590175010805e-10,6.574026564672992e-06,3.203055908091569e-06,-6.576996384814914e-10,-2.364634888570054e-08,-1.125961590688495e-08,-2.781661283168107e-10,-8.156026623907351e-10,-6.425154447005245e-10,-3.246460852588716e-09,-3.488701740393029e-10,-2.474706145946484e-09,-2.635312171592597e-07,-6.339457429611798e-13,-5.985065883629628e-10,2.824338447228239e-10,2.517375447044239e-14,5.453354198304546e-15,-1.249347126805583e-03,-9.513848629364469e-03,3.397773265607783e-05,-1.072238247706253e-02,-7.455892503163027e-03,-4.527865447732889e-09,-6.286897801686929e-09,-9.890321754462367e-08,-4.609166885883157e-07,-1.719902683610971e-09,-4.049013752083358e-09,-4.728163682830803e-10,-2.241229424271296e-11,
-2.067792934659756e-01,-1.181756196873354e+00,-5.600226345443675e-01,-2.527720543285115e-03,-1.442267387511930e-01,-3.332536982655907e+00,-6.812857134656148e-04,-1.927497963405107e+01,-2.812269294932195e-07,1.207904268717540e-06,-9.089761091027040e-08,3.656286845047973e-06,6.220226198593227e-07,-1.264992310602312e-04,6.123460839308159e-06,1.477601927944263e-08,-3.658873215770370e-07,4.164770003565136e-08,-3.884381479335696e+01,6.442600452679053e+00,-1.143061052938453e-05,3.172891690931545e-05,2.592672393938054e-07,1.398909692210054e-05,-2.413653167445493e-08,-1.426075627832335e-10,1.125630385938471e-05,3.986862858850020e-06,-6.649544373600066e-10,-5.931674727134329e-09,-1.151064570568253e-08,-4.489639507534092e-09,-1.430562350737160e-09,-1.014862468024820e-09,-9.863549065638545e-09,-6.635384330039932e-08,-2.938825675207642e-09,-4.874866623943200e-07,-1.033475305927976e-12,-9.350403262731455e-10,-1.433734367568177e-03,-9.607268966872442e-06,-2.034828190853442e-07,3.613746471325236e-04,2.097014534560237e-03,5.918817131801355e-05,-6.777962944793620e-02,-4.922793590501537e-02,-4.505477049549403e-09,-7.962252347081684e-09,-1.814845923948157e-07,-4.039942640275095e-07,-2.999801056605392e-08,-1.602637230380777e-07,-8.332154296199518e-09,-3.645617141501134e-11,
-5.443544214241438e-02,-3.322692673750708e-01,-4.275486318660148e-01,-1.112877004106670e-04,-8.151613841045172e-02,9.203530848211480e-01,-9.756472615201480e-05,-2.076982287059717e+00,-9.731045941587122e-08,1.482883130803869e-07,-6.057435932285249e-09,7.810568134318312e-07,3.403462400882826e-07,-9.695030937592109e-06,3.651883508462652e-07,1.860430359398362e-09,-4.807267891306918e-09,5.595195327500402e-09,-2.597318472239275e+00,3.023397316927022e+00,5.208733189663655e-08,7.401215353613856e-06,-3.619847918818680e-07,-3.584590361631876e-08,-1.679642044760749e-09,-2.835026678104550e-11,3.438002006908679e-06,2.142594983852563e-06,-3.200875914337411e-10,-2.366521989751292e-08,-4.020551822317796e-09,1.980109841107938e-10,-9.890893220700537e-12,-2.240535206514873e-12,-1.358750134578560e-11,-2.514218619589660e-13,-4.744106678160820e-12,-1.048165947146997e-11,-7.052321831754413e-16,-4.347926683739087e-12,2.350671339936746e-10,-5.510040255348922e-14,1.524226298916956e-15,-1.406172036344927e-03,-1.036861728279716e-02,1.801236142054783e-05,-2.545468845891320e-03,-1.726955548636018e-03,-3.948352730121209e-09,-1.304230270417743e-11,-3.345806859340163e-12,-6.643301591345476e-11,-1.079777291702279e-10,-7.749235835583793e-11,-2.930189551443005e-11,-2.258948583744314e-11,

4,56
5.583874684587084e+00,2.905621363449407e+01,4.333691709388322e+01,7.562316135989159e+00,1.353439067518762e+01,3.113695751569384e+02,6.268668182092114e-01,-1.244168590700303e+01,6.225673130632509e-01,1.396181112729204e+00,1.638900324575403e-01,2.569826425839349e+01,1.586395347945989e+01,1.891975054947195e+00,1.548609365461019e+01,3.866825331295944e-01,1.294400404802719e-01,2.708225667420022e+00,4.588736499907197e+02,2.787532928528369e+02,2.031114028478092e-01,6.092840879519003e+01,3.909087484030291e+00,3.038959325706018e+02,1.289536715998680e+01,2.604604078873293e+01,8.773763008795450e+00,3.500863329327162e+00,1.530565402600882e-02,3.744020563468684e+00,2.288681083082233e+00,1.128303553794592e+00,4.002953627114492e+00,2.323777175783258e+00,3.987783569946240e+00,1.962370987663580e-01,3.407687549342516e+01,8.992221440900168e-01,5.911871128310842e-01,8.023546325113866e+00,1.555290168182970e+00,4.145579147015221e-02,1.077034084833926e-03,7.853676580489720e-02,4.011594056293301e-01,2.510658035589123e+00,4.790921494130264e-01,7.082768651024933e-01,1.828479572835240e-01,1.627323898059356e+01,6.717707151552752e-01,5.496451219816237e-01,8.976288098064160e+01,1.477923497262319e+01,2.527470910894331e+01,3.135198767267866e-10,
-5.505385048251882e-02,-3.354406129434712e-01,-4.294886175325602e-01,-1.133647814043716e-04,-8.212191611013750e-02,2.623550723201761e+00,-9.864753499393496e-05,-2.090986075287706e+00,2.885663246252014e-07,1.196724310544386e-06,1.002084830583763e-07,3.646466166775281e-06,6.222383516800977e-07,-9.804222540297550e-06,6.063472705126920e-06,1.468531549089441e-08,4.741824430399661e-08,4.140383756028258e-08,-2.611820522650869e+00,6.379403543971397e+00,4.031000734805642e-07,3.144195695798048e-05,2.451457095254395e-07,1.392852977754416e-05,9.930995560389368e-09,1.228875841508224e-11,1.119528060454930e-05,4.304824300090214e-06,-3.233948376933506e-10,-6.466351751454022e-09,-4.066672107088117e-09,6.192990966020313e-10,6.010998681190772e-10,4.852626221467277e-10,3.706501486153048e-09,2.338932546892788e-10,2.337301717597453e-09,4.195544541455713e-07,7.791125544073166e-13,3.652309778728554e-10,3.460415504865169e-10,1.863969266268820e-13,1.015666461783086e-14,3.028020020476901e-04,1.654362666331412e-03,5.872228682960985e-05,-2.593213788071293e-03,-1.759935623834810e-03,-3.966370413783728e-09,5.130653588802536e-09,1.483280091353820e-07,2.621420448206244e-07,2.217194447522710e-09,4.901212223299478e-11,6.355911005865391e-10,2.373123919596765e-11,
1.196684033417590e-01,-6.839841742196887e-01,9.019080637265456e-01,-4.076315217354148e-04,2.029772010091165e-01,3.238976658507307e+00,-2.310037400660203e-04,-3.506855120431465e+00,3.572130818654054e-06,4.966891413235406e-06,3.698457535014911e-07,1.701766840972395e-04,1.132028092600836e-04,-2.342202733878616e-05,4.126573752334555e-05,3.257865865300368e-07,1.148426643413487e-07,4.028310762581655e-06,-4.067188464161120e+00,6.106765878968074e+01,5.976167901142644e-07,9.242474690227636e-05,1.059308273222167e-05,5.897871639069764e-04,1.305177182879422e-06,7.210586599571809e-06,3.518655276546734e-05,5.493122724724537e-06,5.035699299059899e-09,2.106193600367837e-06,1.449188907996096e-06,4.521079167598997e-07,2.488927533816208e-06,1.235752739850872e-06,2.639438303026276e-07,3.500531235385449e-10,6.475399962840572e-06,4.429869935830675e-07,1.598139922924809e-08,2.418340373124394e-06,2.680547482248818e-10,1.057596828553819e-13,7.346530182423950e-15,1.307860768985691e-02,9.127517485989137e-02,7.737674525542088e-05,-1.101698865402777e-02,-7.662242377559355e-03,1.541483822807951e-08,5.358872083783452e-07,1.679367333878181e-07,4.805657861876376e-07,8.454895184133121e-07,8.352320201399897e-08,4.333898239959951e-07,3.218625366230299e-11,
-2.880491440905768e-02,-1.962945575483681e-01,-3.235816145512996e-01,-3.084882965915952e-05,-5.359862212443459e-02,1.454840926886087e+00,-5.274191123042217e-05,-1.431502249699986e+00,-2.326063350937516e-08,4.881958040451183e-07,2.189093234300520e-08,1.734911819907159e-06,4.658729552249256e-07,-5.180259942368621e-06,2.069984444709525e-06,6.087796730923117e-09,8.667837937958936e-09,1.715847331132255e-08,-1.896384996984713e+00,4.130469396353594e+00,1.700814944747012e-07,1.586534702934925e-05,-3.025273515020120e-07,3.966808472642613e-06,-1.025045707297347e-09,-1.758420784798082e-11,6.513646493266168e-06,3.185391271680357e-06,-1.710226333573273e-10,-2.034254510193997e-08,-2.074779915363511e-09,2.544156821581346e-10,-7.533690072866383e-13,1.818401224785404e-11,3.028414327219292e-11,-8.562874090771561e-15,1.082423910173901e-12,3.580700380081908e-12,5.935417012864328e-17,-6.795091541229818e-13,3.200553552119202e-10,2.330635895684090e-14,5.375819175823286e-15,-1.256563670170909e-03,-9.560386367352940e-03,3.366337239239945e-05,-9.391617749022519e-04,-6.239950748714707e-04,-2.867501804888399e-09,-5.792360613572439e-12,1.256520207964066e-12,1.080554400485348e-10,3.065952523469042e-10,2.019968355859209e-10,8.605782200061875e-11,2.305489132936600e-11,

