1
0
63
1
(4 0
((0,0) (7,127) (0,0))
((0,256) (7,383) (0,0))
((0,128) (7,255) (0,0))
((0,384) (7,511) (0,0))
)
4
FabOnDisk: SD_0_New_MF_D_0003 0
FabOnDisk: SD_0_New_MF_D_0001 0
FabOnDisk: SD_0_New_MF_D_0002 0
FabOnDisk: SD_0_New_MF_D_0000 0

4,63
-3.582885120152398e-06,1.168494299128004e+00,1.590432152859017e-01,0.000000000000000e+00,6.410747879190041e-24,3.767947166259856e-18,9.988620708171266e-13,2.715941450235059e-08,3.601801462505415e-10,3.949860666266000e-13,2.789840325843767e-03,0.000000000000000e+00,3.030364006646729e-30,2.407308032214319e-31,0.000000000000000e+00,0.000000000000000e+00,7.005271041844010e-25,0.000000000000000e+00,0.000000000000000e+00,0.000000000000000e+00,0.000000000000000e+00,6.135331048625669e-11,1.575930208577749e-12,8.059726876593807e-37,2.369264829534798e-13,0.000000000000000e+00,0.000000000000000e+00,0.000000000000000e+00,0.000000000000000e+00,5.476049537348349e-31,8.646849621889770e-15,0.000000000000000e+00,0.000000000000000e+00,0.000000000000000e+00,0.000000000000000e+00,0.000000000000000e+00,0.000000000000000e+00,0.000000000000000e+00,0.000000000000000e+00,0.000000000000000e+00,0.000000000000000e+00,0.000000000000000e+00,0.000000000000000e+00,3.361963421503051e-18,3.384462408421257e-19,5.690365183403308e-21,9.323769448627305e-19,3.004442520349636e-19,1.223751461137741e-17,2.827142562447027e-18,5.094079552152311e-18,0.000000000000000e+00,0.000000000000000e+00,0.000000000000000e+00,0.000000000000000e+00,0.000000000000000e+00,0.000000000000000e+00,0.000000000000000e+00,1.139131950173755e-01,3.338056880770378e+03,0.000000000000000e+00,4.430000027346754e+02,1.012967868331134e+05,
-2.237080598325775e-07,4.637299440405887e+00,1.469773069954002e-01,7.259169951428189e-06,7.002067862871899e-05,5.078935578102784e-04,1.327414057077945e-07,6.131751972581659e-05,1.235445881748155e-02,1.471923405707979e-08,1.331215986998663e-03,8.364905062870262e-11,4.010822027231096e-10,3.505346557029012e-11,1.538865692368313e-09,3.848698392887795e-10,1.144028082743688e-09,2.400541900487860e-09,5.252674501088381e-12,1.800703530830398e-11,1.817212454520331e-11,3.790428129504999e-03,2.303086733842657e-02,1.308197154863156e-10,1.284006238770245e-08,1.700619281967658e-10,5.125620568083881e-09,0.000000000000000e+00,3.327149645196544e-16,4.266289825391206e-09,2.231502422778322e-09,0.000000000000000e+00,4.110983609071234e-12,0.000000000000000e+00,0.000000000000000e+00,0.000000000000000e+00,0.000000000000000e+00,0.000000000000000e+00,0.000000000000000e+00,0.000000000000000e+00,0.000000000000000e+00,0.000000000000000e+00,0.000000000000000e+00,1.437027496851869e-13,4.036428299834300e-17,2.501019310213824e-18,9.545639411103393e-07,6.519394488982563e-06,2.530100022395537e-08,2.948907415414115e-08,1.821028669315416e-08,7.460678211592308e-13,0.000000000000000e+00,0.000000000000000e+00,0.000000000000000e+00,0.000000000000000e+00,0.000000000000000e+00,0.000000000000000e+00,1.054163922362786e-01,7.831841097230940e+03,0.000000000000000e+00,2.289080897356610e+03,1.013249905255806e+05,
-9.872464513274685e-07,4.359194440609893e+00,1.492133011990645e-01,1.068167486206500e-05,1.038285002757575e-04,5.995383306644452e-04,1.327954514113140e-07,7.238660078808319e-05,1.218908583455643e-02,2.285248298548004e-08,1.686761204090504e-03,1.416779694187493e-10,4.071384374602309e-10,5.158376881512742e-11,1.372435815339240e-09,1.940135780154662e-10,1.957753944085194e-09,2.844301978351907e-09,5.239120455864798e-12,2.679999968682957e-11,1.885858424724048e-11,4.321350039694222e-03,2.225012320878427e-02,1.287635109064298e-10,1.047829961921291e-08,3.112901942582150e-10,6.836949239991092e-09,0.000000000000000e+00,0.000000000000000e+00,2.737154398274320e-09,1.066852351307065e-09,1.933102286152465e-14,9.224074660738541e-12,0.000000000000000e+00,0.000000000000000e+00,0.000000000000000e+00,0.000000000000000e+00,0.000000000000000e+00,0.000000000000000e+00,0.000000000000000e+00,0.000000000000000e+00,0.000000000000000e+00,0.000000000000000e+00,4.814250103134356e-14,8.724363221810708e-17,3.146649351737460e-18,1.603309211069383e-06,1.105785362017632e-05,1.605682010891544e-08,1.029386306110089e-07,6.510675740363445e-08,1.487148521157778e-12,0.000000000000000e+00,0.000000000000000e+00,0.000000000000000e+00,0.000000000000000e+00,0.000000000000000e+00,0.000000000000000e+00,1.070243352488429e-01,4.538009173982031e+03,0.000000000000000e+00,2.128789814469750e+03,1.013249305034674e+05,
-7.906035831585399e-08,4.708750248866215e+00,1.461020580592793e-01,6.137493469648615e-06,5.860767910481094e-05,4.703475912277980e-04,1.349146081964066e-07,5.717408008980382e-05,1.235277635869583e-02,1.216042615544345e-08,1.187616472123636e-03,5.221994917721464e-11,2.761415433082720e-10,2.335158771460968e-11,1.103672657133904e-09,3.017696325425120e-10,8.791497990072551e-10,1.654142971342144e-09,3.605276897833334e-12,1.193088157273512e-11,1.269658609036969e-11,3.576967016244801e-03,2.343263060938070e-02,8.898032055819553e-11,9.171159301548730e-09,1.022244001967640e-10,3.424694126540345e-09,0.000000000000000e+00,7.071637200807383e-16,3.042037712262853e-09,1.646664066598262e-09,1.165816433739909e-15,2.229209692447483e-12,0.000000000000000e+00,5.026731839005912e-14,0.000000000000000e+00,0.000000000000000e+00,0.000000000000000e+00,0.000000000000000e+00,0.000000000000000e+00,0.000000000000000e+00,0.000000000000000e+00,0.000000000000000e+00,8.040842457104797e-14,1.797803300185366e-17,1.232887178687223e-18,5.988184988746517e-07,4.073008454834334e-06,1.824926097547088e-08,1.367173483542979e-08,8.361274693547149e-09,4.338361155358802e-13,0.000000000000000e+00,0.000000000000000e+00,0.000000000000000e+00,0.000000000000000e+00,0.000000000000000e+00,0.000000000000000e+00,1.047856709363697e-01,7.928806233383682e+03,0.000000000000000e+00,2.330242329859544e+03,1.013249929615478e+05,

4,63
2.921349909936373e-06,4.353802530006724e+00,8.373327865653388e-01,5.073883150524247e-05,4.447346324261669e-04,9.517420510838973e-04,1.182423823624563e-04,4.280579009413527e-04,1.310780080404421e-02,1.944363606860798e-05,1.827792704715711e-01,1.398293421861651e-06,6.386028102727202e-06,7.218405318319278e-07,2.312226478158825e-04,2.768786054977433e-04,2.041195376122087e-05,4.961296465438861e-04,1.555302335537026e-05,9.760207614293596e-07,7.061540280119440e-05,1.414247602741684e-02,2.224013290801813e-02,7.724565004514974e-07,5.974106677087816e-04,2.177063535915415e-05,4.377200352818122e-03,1.009534309014063e-04,4.770650134732091e-04,3.182913955809314e-05,1.061422376189523e-04,1.381120372069289e-07,3.143404946503304e-05,3.934864099755424e-05,1.145562550235590e-05,5.534028459476677e-05,2.978384629447324e-05,3.913356631808332e-05,3.102747917992873e-06,6.265253600768273e-04,1.150682493036029e-05,4.607980500601525e-06,1.089667298050648e-04,1.624921528535256e-05,6.455274397874647e-07,1.487787935408222e-08,2.596390750859652e-06,1.832776499203081e-05,2.823019521420908e-05,1.212394479892736e-05,1.520530907161367e-05,1.715462456814240e-06,4.185184459420384e-04,1.017009524257207e-05,5.259455292762477e-02,1.565395442781036e-03,1.371360845405385e-04,4.274738886957833e-04,6.019589355755026e-01,7.270696488303499e+04,0.000000000000000e+00,2.125468393475967e+03,1.013501915510095e+05,
2.015799153688452e-07,4.708405642958427e+00,1.491847666101437e-01,1.063396359125052e-05,1.033649111577494e-04,5.984358975515697e-04,1.348941255977311e-07,7.224642248524313e-05,1.235570241138485e-02,2.273546292427999e-08,1.682352103084279e-03,1.411212424595462e-10,5.424908850711112e-10,5.146124475571864e-11,1.927396971592472e-09,4.092924966156854e-10,1.946184806314084e-09,3.284310410978851e-09,7.121081756936431e-12,2.673274115488535e-11,2.388996865043882e-11,4.314853973080786e-03,2.343059401811945e-02,1.793319972781386e-10,1.602555633856135e-08,3.097955664975217e-10,7.372905557542410e-09,5.080816982796166e-13,6.069755582837340e-15,5.235090818975164e-09,2.520598747769698e-09,4.103427244553217e-14,9.160214663472082e-12,1.196501543128352e-12,5.712501463041604e-12,6.387580864765930e-13,1.587061062725525e-12,2.657076240547644e-12,5.029044389284205e-14,1.901154582110190e-12,2.237256778413301e-12,6.838921739201236e-17,5.505274225630439e-14,1.826434290425715e-13,8.679019219538604e-17,4.287286082189993e-18,1.596562427774871e-06,1.101002975151504e-05,3.048708451247457e-08,1.015999667759078e-07,6.424111384313269e-08,1.485585202874508e-12,3.512329392263352e-13,1.698219722726760e-12,6.811467677030220e-12,1.508023299979942e-11,9.890635565898338e-12,4.107472587393804e-12,1.070038060188022e-01,7.928501263820552e+03,0.000000000000000e+00,2.330045567499717e+03,1.013250082116533e+05,
9.616998885943309e-07,4.636403181968328e+00,1.588260659529256e-01,3.295212113963963e-05,2.836200302865290e-04,8.630264606141235e-04,1.971918892717492e-07,1.213003877670544e-04,1.235516774645592e-02,7.817195356261282e-08,2.767375263935968e-03,2.141358617200218e-10,5.671482320839573e-10,5.969250926419515e-11,1.952511653435644e-09,3.977935501907133e-10,8.632102362886127e-09,3.538339569282001e-09,7.436431586948491e-12,3.148651240217690e-11,2.474421433848633e-11,6.534127096601937e-03,2.302619892310677e-02,1.874873631212444e-10,1.616892174007087e-08,5.489471231988440e-10,8.250808003731952e-09,1.455178103481139e-12,2.138148824761198e-14,5.246494077319013e-09,2.499779123193590e-09,2.117969823628977e-13,2.165034951750928e-11,2.787274761958664e-12,1.205967323535602e-11,3.370751390877442e-12,6.199018650072570e-12,1.896807901829223e-11,3.242801787398517e-13,8.193886738549023e-12,1.426582804890173e-12,5.753898936382515e-16,1.132098015431978e-12,1.809187851120512e-13,2.101189605773892e-16,5.156032545828946e-18,2.612344936207772e-06,1.843953064177902e-05,3.051876997760740e-08,2.228626918673600e-06,1.522753800161449e-06,4.050773367488146e-12,5.469842872744102e-12,6.640549426200759e-13,5.646294052079910e-11,1.166718370610677e-10,4.599455580371449e-11,3.243523908477923e-11,1.137594026238056e-01,7.829885808902218e+03,0.000000000000000e+00,2.288562366952006e+03,1.013250560325947e+05,
6.448747551957143e-08,4.738656474830633e+00,1.469669045177706e-01,7.244863764854584e-06,6.987677885583183e-05,5.074447751927288e-04,1.366441348846707e-07,6.126622532365731e-05,1.235444171663676e-02,1.468641400650155e-08,1.329517114525782e-03,8.333404506293555e-11,4.000336774981865e-10,3.494903694231409e-11,1.535645587164673e-09,3.843975842305645e-10,1.140752693890097e-09,2.394517536727924e-09,5.239657101796987e-12,1.795459141208785e-11,1.813204653215577e-11,3.787874199550809e-03,2.360187802759512e-02,1.304415282404389e-10,1.281029845123297e-08,1.693516460322714e-10,5.113455319778479e-09,1.311952729505980e-13,2.535916571946908e-15,4.256343905069640e-09,2.227180263599750e-09,1.200758479283232e-14,4.089153126476784e-12,3.089412151691994e-13,3.115355937551951e-12,1.576862039561343e-13,6.154607341386939e-13,8.806483863539222e-13,1.010861332065584e-14,4.722429255624908e-13,2.702999977981166e-12,9.779622471224050e-18,8.546832651979963e-15,1.431673627500096e-13,4.010577337954676e-17,2.487934104313853e-18,9.508354946700355e-07,6.493617000182726e-06,2.524369151158072e-08,2.926891686478568e-08,1.807225766788313e-08,7.425308909627542e-13,7.540152976709675e-14,2.412271096305399e-12,1.221070560920455e-12,3.440570909961402e-12,2.005161974951515e-12,9.347331567113852e-13,1.054089106048608e-01,7.974966572751137e+03,0.000000000000000e+00,2.346631802764735e+03,1.013250025916772e+05,

