1
0
56
1
(4 0
((0,0) (7,127) (0,0))
((0,256) (7,383) (0,0))
((0,128) (7,255) (0,0))
((0,384) (7,511) (0,0))
)
4
FabOnDisk: SD_5_New_MF_D_0003 0
FabOnDisk: SD_5_New_MF_D_0001 0
FabOnDisk: SD_5_New_MF_D_0002 0
FabOnDisk: SD_5_New_MF_D_0000 0

4,56
-7.675507405856139e+00,-1.704509431886508e+01,-2.711043570649021e+01,-5.915722179321746e+00,-8.703419517373698e+00,-8.664957548605411e+00,-9.513476716713112e-01,-6.377730578586624e+02,-2.528158476336482e-01,-6.947057483840099e-01,-7.542978420791091e-02,-1.343547156000074e+01,-1.280639665922653e+01,-1.392716915066667e+00,-9.872950950118383e+00,-4.350986301179809e-01,-7.006841203203848e-02,-2.758926470595142e+00,-1.345753198859901e+02,2.206917874291478e-21,-7.584524492517457e-02,-4.594963181562774e+01,-1.637115346529273e+00,-1.931959731947290e+02,-7.592131002669970e+00,-2.556810205085846e+01,-3.852058042519624e+00,-2.902356971028802e+00,-8.615891072761213e-03,-1.936788908176560e+00,-1.688682370713869e+00,-8.730966680150692e-01,-3.580900105296843e+00,-2.062021821072413e+00,-2.914760155125177e+00,-2.014949582108630e-01,-3.198102546718107e+01,-6.152000032796191e-01,-3.249276303081118e-01,-8.241222836895064e+00,-8.514887527143461e-01,-1.492126757249837e-02,-5.955402477993559e-04,-7.873642291758119e-02,-1.534178003049950e-01,-1.987280672667943e+00,-6.680147480475040e-02,-3.141525779727661e-01,-1.285394889378380e-01,-2.302317417662994e+01,-5.019259290395777e-01,-5.631457150060630e+02,-8.444089744565258e+01,-8.588940151025831e+00,-2.343882043729193e+01,-9.856648830464110e-11,
-1.285515022420792e-02,-9.653962035961967e-02,-2.086467857676944e-01,2.144683938104582e-06,-2.995192073707795e-02,1.866271152644148e-01,-2.391426385635281e-05,-8.484174508371728e-01,-1.374415672578076e-07,-2.962307046892513e-07,-4.047086707825199e-08,-1.554150865688054e-06,-1.100961539424321e-07,-2.383031891188499e-06,-2.473071716383804e-06,-6.358055637812202e-09,-2.894914085180769e-08,-2.104287321977905e-08,-1.173735684745062e+00,7.967461625137342e-01,-9.802447087601805e-08,-7.129606559442338e-06,-3.822872706443686e-07,-8.905505618999245e-06,-8.714403806713826e-07,-1.702699094047266e-09,-2.091094354100410e-06,-8.487789286051625e-07,-2.341728704012171e-08,-1.469957519185512e-08,-1.202616566751037e-06,-6.787392914333667e-07,-1.029677894759171e-07,-2.891597616790027e-07,-4.928150125669284e-07,-1.495476593816479e-08,-4.488637018277170e-07,-9.716419041673827e-07,-2.878787289585616e-11,-4.212577619113524e-08,-9.983954570134474e-11,-9.143078189441381e-14,-2.863289242452840e-15,-1.225530315097214e-03,-8.721718985112778e-03,-1.052321649278876e-05,-2.714939391466179e-04,-1.758613577265746e-04,-4.152768837535011e-09,-9.594182940651858e-08,-4.475183253440246e-07,-1.538449029608001e-06,-3.287131088428406e-06,-1.582722451522341e-06,-9.054498660192334e-07,-8.993739780693843e-12,
-1.826795735705840e-01,-8.834283495534475e-01,-5.528344204425782e-01,-6.286655175155572e-04,-1.302489522150207e-01,5.067777418586500e-01,-3.146442234290594e-04,-4.447199106366664e+00,-6.336306659378003e-07,-1.433190282116068e-06,-2.087940654927694e-07,-1.255192496397450e-05,-5.672478402934746e-07,-3.650166025316568e-05,-1.420723347636441e-05,-3.950720445773662e-08,-1.904050701381248e-07,-1.409948368291585e-07,-5.434140076164131e+00,1.893347726511391e+00,-1.214432515781471e-07,-8.443467174159838e-06,-1.766686616894006e-06,-6.477524053988193e-05,-5.386210647602085e-07,-5.790824753390110e-09,-6.757117705303342e-07,2.582956689867504e-07,-1.935494912754589e-08,-8.464404546887390e-08,-8.630665135145069e-07,-6.220810294185990e-06,-1.763025926311541e-06,-3.182877103914459e-06,-4.517110551776732e-06,-9.805717129618936e-08,-2.246614074537171e-06,-1.303280001917487e-06,-3.645389175206768e-10,-8.231316552031979e-07,-8.486896048175525e-09,-8.965847703699487e-14,-2.018391926100112e-15,-1.421921615485181e-03,-1.048231326536396e-02,1.735052817629788e-06,-2.113725672180363e-02,-1.476217861178134e-02,-4.970549730275169e-08,-1.458195074670453e-06,-5.765878873254745e-07,-1.758497231394647e-05,-2.760833325810285e-05,-2.656766850563803e-05,-7.524128659871646e-06,-1.876897248731524e-11,
-3.783998912485452e-03,-3.073181416154215e-02,-9.020270339529889e-02,1.051483621791731e-06,-1.117385671912917e-02,1.063122527183766e-01,-6.886602646251053e-06,-3.440874799539909e-01,-8.602364263408398e-08,-3.001767453587045e-07,-2.584387372374492e-08,-1.130771171060662e-06,-2.570384000996271e-07,-6.969077560341447e-07,-1.683991577250701e-06,-3.912743866962019e-09,-1.449906455035915e-08,-1.345335990010190e-08,-4.915499911949339e-01,2.801514298634911e-01,-8.421123563104091e-08,-8.088354847923680e-06,-1.665155512400158e-07,-4.721390835861201e-06,-6.609853353307998e-07,-8.291154155553490e-10,-3.598012914552726e-06,-1.225973905455016e-06,-3.484377962402966e-09,-4.743273954443510e-09,-2.789387115084943e-07,-2.182022339282610e-07,-1.112405311551917e-08,-6.334194462636747e-08,-1.190260817600146e-07,-3.384690240938106e-09,-1.952640873228389e-07,-6.432859255187719e-07,-4.644122173760688e-12,-3.231221796104301e-09,-1.059856470903432e-10,-5.139445529948129e-14,-2.547765231020437e-15,-7.339436213709395e-04,-5.080123018177398e-03,-1.251431741139975e-05,-4.550995855596212e-05,-2.855951315566887e-05,-1.073730678341675e-09,-2.644768169677855e-08,-2.900562584426443e-07,-5.363379501017584e-07,-5.497174607924136e-07,-3.470617713359774e-07,-1.545688279331350e-07,-9.650683030493212e-12,

4,56
5.646145181247116e+00,3.037124740526498e+01,4.470608075753265e+01,7.479520769082669e+00,1.271383874756099e+01,3.184108375868064e+02,5.769601151211637e-01,8.070685545108307e-12,5.554824051247433e-01,1.327948077132463e+00,1.547529971243335e-01,2.422073654094751e+01,1.585643330404216e+01,1.829054415466520e+00,1.541359517220547e+01,4.456553601301167e-01,1.270283843080999e-01,2.971138246089924e+00,4.498554352738581e+02,2.831097941390996e+02,1.631099816603978e-01,5.304566278385323e+01,3.720474927527247e+00,2.898587511903921e+02,1.124440152750831e+01,2.707834445425104e+01,8.308554989862936e+00,3.287852416558489e+00,1.587784013415923e-02,3.676478847421128e+00,2.431571733322711e+00,1.024222397332101e+00,3.808411249989681e+00,2.100736872138660e+00,3.719674027736789e+00,2.162465773210161e-01,3.254194641568062e+01,1.152239576021733e+00,6.118691570578862e-01,8.017942262296765e+00,1.251139971559194e+00,3.924433130206601e-02,9.659899670707926e-04,7.822520269235364e-02,3.062750053388883e-01,2.236006504474502e+00,4.483243630337147e-01,6.477988587994955e-01,1.916916615268218e-01,1.605909958591403e+01,8.880395474815116e-01,5.242582710992520e-01,8.966559853696694e+01,1.409194743168627e+01,2.507197112244707e+01,9.993073035730049e-11,
-3.692835690932501e-03,-3.096085797656426e-02,-9.073843814019203e-02,7.550356891602717e-06,-1.124784256289989e-02,5.019510367177791e-01,-6.941121518576253e-06,-3.462236872822377e-01,-6.357942266377803e-08,-7.886676201327213e-08,-1.386457195232161e-08,2.632260375275148e-07,1.677783933070993e-07,-6.969448012883252e-07,-4.925346793578037e-07,-5.196568995496840e-10,-6.338557322562732e-09,-5.728075635900417e-10,-4.945704394572264e-01,1.878616412049218e+00,-3.833366631389932e-08,-3.142438816651623e-07,-1.440541390230725e-07,3.725798352868598e-08,3.645044986750191e-07,1.009657225552887e-09,3.613040825469979e-07,6.777944666992578e-07,2.874170103078795e-09,-4.499063496717129e-09,1.544642302847208e-07,1.991532655603264e-06,2.620221588652728e-07,6.099495006666574e-07,1.043822385331267e-06,2.312144799122214e-08,8.523214470319559e-07,1.140740849918366e-06,3.477315570652255e-11,1.644240469879216e-07,7.166527246340776e-11,-5.136059982459105e-14,-1.631001009758465e-15,-7.369000524233505e-04,-5.101235144691355e-03,1.559003935268632e-06,-4.599531459956275e-05,-2.886884091208881e-05,2.716906096035609e-09,1.542875365544108e-07,1.183836932742626e-06,2.594857673298633e-06,5.931027138073181e-06,3.991054555914436e-06,1.611233203296187e-06,7.992800865608274e-12,
-1.301859640536226e-02,-9.762515816454374e-02,-2.102019873053172e-01,1.914783666887791e-06,-3.023129014980158e-02,3.039211975194179e+00,-2.421303226672628e-05,-8.555706304953323e-01,7.193446144509188e-07,1.810367910157679e-06,1.823272055372936e-07,6.171489465143363e-06,1.649649042352989e-06,-2.361768859088698e-06,9.832038605701942e-06,2.380364782795684e-08,8.345859967325147e-08,8.715259935741870e-08,-1.183003692888164e+00,8.591692169853602e+00,5.807624062183528e-07,4.440018893469111e-05,9.544765003833034e-07,2.610671171317404e-05,5.118745150777306e-07,6.696077392808854e-08,1.414609093178331e-05,4.789561724684860e-06,1.076147920619187e-08,2.522809948443119e-08,4.076346464059353e-07,2.674204886798072e-06,1.094397213397606e-06,2.706893251020423e-06,8.283343079601758e-06,1.431772146755746e-07,3.707217097960504e-06,8.447487740969207e-07,3.444730805813353e-10,7.797722623111055e-07,4.187122604967944e-10,6.213155690092971e-11,9.523957808989301e-13,2.287616963804573e-03,1.662869751940170e-02,6.880404825307084e-05,-2.766667808025266e-04,-1.792412503824549e-04,1.121345045641621e-07,2.528905709700110e-06,4.660647273232337e-07,2.529717624322308e-05,5.150352898785892e-05,1.597621992236625e-05,1.429641356088000e-05,4.402407605130776e-11,
-2.003742654945364e-03,-1.232620904903994e-02,-3.570587591230159e-02,6.443107790448013e-06,-6.081549339214028e-03,1.854063789039085e-01,-1.994785802906536e-06,-1.581500281782384e-01,-4.328322920576678e-08,-1.791435969125651e-07,-1.652338473304850e-08,-4.518597920069058e-07,-7.994969789695041e-08,-2.200112086549632e-07,-1.062300914273939e-06,-2.174972677010209e-09,-7.709959542126667e-09,-7.283561267517589e-09,-1.706294264818471e-01,7.919179000267464e-01,-6.133465686532421e-08,-5.562315300619530e-06,-8.467450370448304e-08,-1.869500483655053e-06,2.090649298998474e-07,5.403659394439208e-10,-1.844569942775753e-06,-7.769524496261459e-07,7.445322976736446e-10,-2.119536773250428e-09,5.742318843722702e-08,6.864921969326202e-07,5.711858627439781e-08,2.558489488538833e-07,3.545301913529508e-07,4.154451370300881e-09,1.981025240351961e-07,1.029958120954908e-06,4.571553832951210e-12,3.506027257749205e-09,-9.486143202882265e-11,-2.364784647105049e-14,-1.559022969376370e-15,-4.586335929339938e-04,-3.128498137535258e-03,-1.054776916096742e-05,-1.271042114789992e-05,-7.816067564074120e-06,2.188427910014974e-10,4.626136377363916e-08,1.069927430899128e-06,8.265193850766883e-07,1.452437635386723e-06,8.506708886038016e-07,3.959282834567772e-07,9.675024670308119e-12,

