1
0
56
1
(4 0
((0,0) (7,127) (0,0))
((0,256) (7,383) (0,0))
((0,128) (7,255) (0,0))
((0,384) (7,511) (0,0))
)
4
FabOnDisk: SD_5_Old_MF_D_0003 0
FabOnDisk: SD_5_Old_MF_D_0001 0
FabOnDisk: SD_5_Old_MF_D_0002 0
FabOnDisk: SD_5_Old_MF_D_0000 0

4,56
-7.722744324490076e+00,-1.716291546626180e+01,-2.692495451437205e+01,-5.890458430528443e+00,-8.688161095094859e+00,-8.666030643529941e+00,-9.602559711565017e-01,-6.380513531184797e+02,-2.515485785824577e-01,-7.007920717824823e-01,-7.585219914908062e-02,-1.352797428629066e+01,-1.271408229868930e+01,-1.389446651975804e+00,-9.913105105619778e+00,-4.418865107503431e-01,-6.967935119156859e-02,-2.807405678782034e+00,-1.347265795975080e+02,2.228424570217857e-21,-7.489963102958749e-02,-4.578673676706802e+01,-1.660671782169973e+00,-1.916303473868399e+02,-7.476261388830517e+00,-2.553349386454270e+01,-3.907447087207033e+00,-2.883286732180115e+00,-8.591790763184783e-03,-1.939390581939318e+00,-1.689812039005204e+00,-8.710971191223713e-01,-3.548815981748741e+00,-2.042071983669357e+00,-2.950661178325606e+00,-2.043651463146521e-01,-3.185390033580239e+01,-6.162802096871838e-01,-3.227767226604511e-01,-8.211463274600510e+00,-8.500646311383058e-01,-1.497369356912966e-02,-6.003325173059439e-04,-7.825659672719557e-02,-1.574361014864880e-01,-1.977300320433968e+00,-6.687178790435432e-02,-3.190090860279514e-01,-1.306234304435050e-01,-2.355259866877897e+01,-5.136162070560892e-01,-5.522280038702520e+02,-8.320275587071743e+01,-8.440416779519511e+00,-2.314563747900058e+01,-1.036930541431502e-10,
-1.285344107811001e-02,-9.654194795049030e-02,-2.086572448939100e-01,2.143842685527105e-06,-2.995314405458679e-02,1.866519266487731e-01,-2.391561445640749e-05,-8.484409423866842e-01,-1.283660097282299e-07,-2.960084274079538e-07,-3.689816642758368e-08,-1.414724469824961e-06,-1.163164734041807e-07,-2.393890089817182e-06,-2.533998485356276e-06,-5.758448402931976e-09,-2.542631413025000e-08,-2.113201751898026e-08,-1.173803179616149e+00,7.968287624654214e-01,-9.797371802877735e-08,-6.358716334958853e-06,-3.732957783593202e-07,-9.845997220862728e-06,-9.945653038632920e-07,-2.132795777998355e-09,-1.963554702020153e-06,-8.034404311041176e-07,-2.205723450602685e-08,-1.494237973160938e-08,-1.127219098424518e-06,-5.713956657464864e-07,-8.699870854199056e-08,-3.042109362191377e-07,-5.206234049844111e-07,-1.019567944071438e-08,-2.970554651719312e-07,-8.942017853212111e-07,-2.347500577259905e-11,-3.847394126121923e-08,-9.865811020947665e-11,-8.629550379241913e-14,-2.809221870862894e-15,-1.225363962127690e-03,-8.720553674156263e-03,-1.052133864126018e-05,-2.714696976741964e-04,-1.758408711971041e-04,-3.532193981680866e-09,-7.256972813982195e-08,-4.466817842648871e-07,-1.112398494956882e-06,-3.298410796999077e-06,-1.831676184472930e-06,-9.087476824824810e-07,-8.390108052758194e-12,
-1.825492712640377e-01,-8.811699069226825e-01,-5.517900131099808e-01,-6.264345153908736e-04,-1.309485576467945e-01,5.067706321576464e-01,-3.138106279444402e-04,-4.441020413487024e+00,-3.006385134491813e-07,-5.674304964269488e-07,-4.161055351641045e-08,-1.893736183413762e-06,-4.657209889061207e-07,-3.639580901708774e-05,-9.716441451562208e-06,-1.919705422764897e-08,-6.413326253254995e-08,-7.959637347117883e-08,-5.411546061731229e+00,1.893479202494473e+00,-8.311562745497857e-08,-4.438325051626387e-06,-8.257781705079218e-07,-1.256052475530274e-05,-5.232208261630926e-07,-2.454972646739196e-09,-5.352889239308935e-07,3.044570198079403e-07,-8.666518883020700e-09,-3.481529041168945e-08,-5.024807225389589e-07,-5.223083278552795e-06,-1.414397539762356e-06,-2.513057433733618e-06,-4.213029844373948e-06,-1.016074059176948e-07,-2.495219222959001e-06,-9.356739875915220e-07,-3.409123124258164e-10,-1.025312298934555e-06,-7.763218322446851e-09,-8.735314829274512e-14,-1.899609228614877e-15,-1.421634736659251e-03,-1.047995893802305e-02,1.749688121768643e-06,-2.106554819600932e-02,-1.471189675800645e-02,-6.125975863037230e-08,-1.764104235336204e-06,-3.717647035605742e-07,-2.184032153364269e-05,-2.786662583708509e-05,-2.113373475986301e-05,-7.759615559449575e-06,-1.867324350701693e-11,
-3.790739723608895e-03,-3.073636272111810e-02,-9.021309246653328e-02,1.035357924458357e-06,-1.117529877100436e-02,1.063108785358060e-01,-6.887545841800873e-06,-3.441248319459942e-01,-8.604834693363631e-08,-3.003240956330323e-07,-2.585265212900811e-08,-1.116795288132942e-06,-2.572616306779533e-07,-6.943788779086274e-07,-1.671898324292932e-06,-3.896195821765928e-09,-1.443888023441167e-08,-1.352284418862455e-08,-4.916018349856963e-01,2.799790490330668e-01,-8.836111030987065e-08,-8.094819176282223e-06,-1.789531025490917e-07,-5.840028538094846e-06,-3.518340868798533e-07,-1.389304486216892e-09,-3.601310608249898e-06,-1.225929713673102e-06,-3.515586574290680e-09,-4.844116383300152e-09,-2.443642108860862e-07,-2.305601022987936e-07,-1.298484253904548e-08,-6.327318744336675e-08,-1.282978786110962e-07,-4.067759101151837e-09,-2.212739444438198e-07,-7.762366849601025e-07,-5.294578914007243e-12,-3.095901384609833e-09,-1.090072182933575e-10,-5.134059382131928e-14,-2.545393060197121e-15,-7.339152812344980e-04,-5.079936309424422e-03,-1.252187222528509e-05,-4.551327910310384e-05,-2.856169782921183e-05,-1.027079104880844e-09,-2.245723848013632e-08,-3.558472559183237e-07,-5.415545590003415e-07,-4.273467274002800e-07,-2.896965825301946e-07,-1.212535900313131e-07,-8.335485079946636e-12,

4,56
5.659056151810028e+00,3.022694024638042e+01,4.467670869601811e+01,7.419846208439309e+00,1.275669880440172e+01,3.188626915023092e+02,5.841172711319721e-01,9.316358584110854e-13,5.504353056030878e-01,1.316439389748236e+00,1.553213724417253e-01,2.449108291923881e+01,1.601568442817348e+01,1.849630133862358e+00,1.530408703460809e+01,4.502144164634146e-01,1.254204933888098e-01,2.964453614795500e+00,4.512337491936863e+02,2.834987979791133e+02,1.675383404693398e-01,5.413101408548869e+01,3.703567299413457e+00,2.854975599666392e+02,1.139319359394309e+01,2.685135039113569e+01,8.323555828495927e+00,3.250724006076234e+00,1.564755148101170e-02,3.711873434945540e+00,2.363655953354831e+00,1.002936020364712e+00,3.860521284341305e+00,2.085896700966585e+00,3.768394263909418e+00,2.129687715076687e-01,3.168380634468363e+01,1.214188355242410e+00,6.001338064992523e-01,7.929195285505424e+00,1.276281150531076e+00,3.954362423569849e-02,9.700593615717212e-04,8.075252988361899e-02,3.098937807896214e-01,2.293045719084864e+00,4.443987448512244e-01,6.524141042673125e-01,1.877857385585495e-01,1.579590189969977e+01,9.427782195538629e-01,6.200327621613938e-01,9.086876873940625e+01,1.389532073022696e+01,2.542711865616383e+01,1.539319782750681e-10,
-3.693629161547153e-03,-3.096539257409016e-02,-9.074870844211060e-02,7.550423473843314e-06,-1.124922530016690e-02,5.019504578682479e-01,-6.942223205038861e-06,-3.462613599939169e-01,-6.173249432890598e-08,-9.643911093917372e-08,-1.755811562224326e-08,4.577865761640060e-08,1.701209552883519e-07,-6.906360307392034e-07,-5.760658503940867e-07,-9.419069136216035e-10,-8.256389183022478e-09,-1.311193902003397e-09,-4.946233052777598e-01,1.878718135482268e+00,-4.029018406041381e-08,-5.523569850804636e-07,-1.414874455706725e-07,-2.912311771993257e-07,3.586957317475637e-07,8.657074092155221e-10,3.295940314537014e-07,6.636259207517647e-07,2.097773208122407e-09,-4.420864850078917e-09,1.454828253893000e-07,2.395712935217309e-06,2.890749027183182e-07,7.278233384608988e-07,1.278264445416210e-06,2.924277150710230e-08,1.065681509101771e-06,1.151452595194635e-06,4.374051159871554e-11,1.793942753972626e-07,7.097721803674020e-11,-5.110911564115112e-14,-1.641018433639728e-15,-7.368669931883971e-04,-5.101022103086450e-03,1.560912524970623e-06,-4.599916365495863e-05,-2.887108140395117e-05,1.590299824767265e-09,1.278038761656773e-07,1.480280808526888e-06,3.393269179193397e-06,6.601105463123749e-06,4.160895155098281e-06,1.798451060716905e-06,7.844405680579314e-12,
-1.301660816621892e-02,-9.762608839039691e-02,-2.102097680786202e-01,1.913028891488564e-06,-3.023221616617840e-02,3.043767439881728e+00,-2.421416965183893e-05,-8.555975762338401e-01,7.193229966901426e-07,1.811860098159161e-06,1.822782395607438e-07,8.335438236120062e-06,1.653346417319255e-06,-2.348030738070689e-06,9.997236072309285e-06,2.752693984870144e-08,1.081510396898288e-07,9.263141133068125e-08,-1.183091829493885e+00,8.556216607089009e+00,5.811103005154465e-07,4.443014951380737e-05,9.508646946206571e-07,3.678404299720083e-05,7.111162049348694e-07,6.632425044801991e-08,1.416692190693392e-05,4.793671230688047e-06,8.926874602173054e-09,2.494141213382024e-08,3.205075078263197e-07,3.244512555652283e-06,1.151149487297075e-06,3.049830501454772e-06,5.082490182999591e-06,3.991320141799080e-08,9.889364691159235e-07,1.125931481178475e-06,3.070063642569142e-10,7.028770367708464e-07,4.254022314980558e-10,6.385202918309919e-11,1.010900055413755e-12,2.273076844654178e-03,1.651621870524644e-02,6.880439018546841e-05,-2.766410731410653e-04,-1.792419852351746e-04,3.831804950679826e-08,7.768270127357594e-07,4.927425887054628e-07,9.817496794102522e-06,2.462856342089478e-05,1.508857619211633e-05,6.777814308003654e-06,2.083747063785779e-11,
-2.003083549235600e-03,-1.231755036933737e-02,-3.565074931756976e-02,6.443656888646423e-06,-6.080419487001766e-03,1.854320039776788e-01,-1.990757905179672e-06,-1.581668640939300e-01,-4.326464189741257e-08,-1.844706548891409e-07,-1.643012778232395e-08,-3.096759953412901e-07,-7.637480548314982e-08,-2.196140618861786e-07,-1.070764672137293e-06,-1.855322930984545e-09,-7.373469163171776e-09,-6.077034913446420e-09,-1.705191722509563e-01,7.919981114312931e-01,-6.132955632262529e-08,-5.590464048464969e-06,-8.510697877500554e-08,-2.101051504611784e-06,2.082546749836783e-07,5.793872265368930e-10,-1.839074315734743e-06,-7.726238661498697e-07,5.834979316701519e-10,-2.116186627189127e-09,5.868713434722243e-08,9.015713748950199e-07,6.979902879816395e-08,2.930899323606161e-07,4.382678210055857e-07,5.541205066956244e-09,2.664980395877730e-07,7.615843635917154e-07,5.580624937661282e-12,4.291847066489832e-09,-9.484115835455705e-11,-2.363752494156654e-14,-1.558682799378850e-15,-4.586707111538824e-04,-3.128714553870277e-03,-1.054663937504903e-05,-1.270037657750845e-05,-7.809685921102648e-06,1.256024457195357e-10,4.222322447356742e-08,2.757763788130774e-07,1.557139821043047e-06,2.388575957171954e-06,1.283475094983710e-06,6.524367735834219e-07,1.009396732865042e-11,

