1
0
63
1
(4 0
((0,0) (15,255) (0,0))
((0,768) (15,1023) (0,0))
((0,512) (15,767) (0,0))
((0,256) (15,511) (0,0))
)
4
FabOnDisk: SD_0_Old_MF_D_0003 0
FabOnDisk: SD_0_Old_MF_D_0000 0
FabOnDisk: SD_0_Old_MF_D_0001 0
FabOnDisk: SD_0_Old_MF_D_0002 0

4,63
-9.839039906791638e-07,1.298416510997887e+00,1.575966293464596e-01,4.622755117144769e-21,2.143230930411201e-19,1.601435234240180e-15,5.764898198363633e-10,2.958435413691284e-07,1.056302075844594e-07,2.357956587708321e-10,2.845789469872306e-03,0.000000000000000e+00,5.678426149321053e-25,3.838046371753330e-26,6.752395974196385e-12,1.121712896322778e-10,8.855650984224064e-21,6.396122136154141e-10,5.209894159150551e-15,1.414648283158779e-25,1.203926671432196e-11,3.564479614553739e-08,3.384889256356648e-09,5.569585744273644e-31,3.690008143596513e-10,3.011052735475552e-22,3.236184144628539e-09,0.000000000000000e+00,0.000000000000000e+00,1.811263146906282e-24,4.182340972204755e-11,2.124978772023608e-18,1.381400767326441e-20,1.869004544109730e-12,0.000000000000000e+00,0.000000000000000e+00,0.000000000000000e+00,0.000000000000000e+00,0.000000000000000e+00,0.000000000000000e+00,0.000000000000000e+00,0.000000000000000e+00,0.000000000000000e+00,4.849673749675098e-14,1.091305388683452e-16,3.012916699342959e-18,3.474865515096175e-14,1.127087492738156e-14,4.675954780801442e-13,1.087367626858821e-13,1.959270543658444e-13,3.753128145276301e-29,0.000000000000000e+00,0.000000000000000e+00,0.000000000000000e+00,0.000000000000000e+00,0.000000000000000e+00,0.000000000000000e+00,1.130580204878505e-01,3.574886794836134e+03,0.000000000000000e+00,4.430007613674044e+02,1.013209478666436e+05,
-1.126712003159545e-07,4.847394142814148e+00,1.460871898343956e-01,6.107218110643966e-06,5.831451601662377e-05,4.692793931565984e-04,1.349810523273034e-07,5.704391019009273e-05,1.235215008863492e-02,1.209836786215667e-08,1.184071669834920e-03,5.119703385044946e-11,2.715248198812064e-10,2.293867449683009e-11,1.086512969706252e-09,2.978196550030835e-10,8.717164748774580e-10,1.626807913202884e-09,3.544361765280475e-12,1.171852988711918e-11,1.249397453357776e-11,3.569552832386419e-03,2.344075330007050e-02,8.745182843788390e-11,9.028330983600297e-09,1.001466528829500e-10,3.365101097491904e-09,0.000000000000000e+00,0.000000000000000e+00,2.994468241587642e-09,1.622489138789657e-09,3.889555720406028e-15,2.178145495464895e-12,0.000000000000000e+00,0.000000000000000e+00,0.000000000000000e+00,0.000000000000000e+00,0.000000000000000e+00,0.000000000000000e+00,0.000000000000000e+00,0.000000000000000e+00,0.000000000000000e+00,0.000000000000000e+00,7.819877832302903e-14,1.737644933510986e-17,1.194904368924328e-18,5.874508674023064e-07,3.995314408355913e-06,1.797085630761086e-08,1.330931384039175e-08,8.137965786791531e-09,4.246966859729663e-13,0.000000000000000e+00,0.000000000000000e+00,0.000000000000000e+00,0.000000000000000e+00,0.000000000000000e+00,0.000000000000000e+00,1.047756760708390e-01,7.926149948717451e+03,0.000000000000000e+00,2.331076609815408e+03,1.013249930405179e+05,
-1.355087652660505e-07,4.778605742429509e+00,1.469268289013661e-01,7.193512746132204e-06,6.934838280790410e-05,5.058086900869645e-04,1.327130037749262e-07,6.108889505907329e-05,1.235465890776665e-02,1.456576252414128e-08,1.322906549133175e-03,8.138845675403919e-11,3.923128289086712e-10,3.422523587594838e-11,1.508553968647635e-09,3.790684196184054e-10,1.127129551579289e-09,2.348200602529696e-09,5.138071838278235e-12,1.757897787427271e-11,1.779229439534504e-11,3.778317127611815e-03,2.305580799990559e-02,1.278633077806470e-10,1.258224557013025e-08,1.651098673214246e-10,5.007703013801268e-09,0.000000000000000e+00,0.000000000000000e+00,4.180598676504244e-09,2.190973691414956e-09,4.555873479875606e-15,3.968823510846254e-12,0.000000000000000e+00,1.473988646496167e-13,0.000000000000000e+00,0.000000000000000e+00,0.000000000000000e+00,0.000000000000000e+00,0.000000000000000e+00,0.000000000000000e+00,0.000000000000000e+00,0.000000000000000e+00,1.386753278458835e-13,3.846708570484494e-17,2.396729342500568e-18,9.286260288492728e-07,6.340798914461679e-06,2.480394273453604e-08,2.821063414742719e-08,1.741132048767233e-08,7.228597445631465e-13,0.000000000000000e+00,0.000000000000000e+00,0.000000000000000e+00,0.000000000000000e+00,0.000000000000000e+00,0.000000000000000e+00,1.053801814089054e-01,7.836437824025159e+03,0.000000000000000e+00,2.292022232830771e+03,1.013249953512202e+05,
-7.657710914175083e-07,4.528849762016734e+00,1.490344306277467e-01,1.038984949212384e-05,1.009566194297060e-04,5.926880107943670e-04,1.327194268836248e-07,7.154140870181998e-05,1.233891214808222e-02,2.213352135041950e-08,1.658736929834389e-03,1.367197285635697e-10,4.183626386731208e-10,5.026749306762497e-11,1.397987437207210e-09,1.998167948245983e-10,1.883670534589792e-09,2.871581236490871e-09,5.500193934470115e-12,2.609325978853665e-11,1.944098920469538e-11,4.280714200396524e-03,2.216479318791277e-02,1.327222751360076e-10,1.078505153354437e-08,2.986618308186752e-10,6.887976012309569e-09,0.000000000000000e+00,2.093580804523561e-15,3.013515084544509e-09,1.200052481780674e-09,1.405636235757072e-14,8.726725187631726e-12,0.000000000000000e+00,0.000000000000000e+00,0.000000000000000e+00,0.000000000000000e+00,0.000000000000000e+00,0.000000000000000e+00,0.000000000000000e+00,0.000000000000000e+00,0.000000000000000e+00,0.000000000000000e+00,4.879211374070234e-14,8.279227369475889e-17,2.990387093261433e-18,1.546141881648037e-06,1.065584265276492e-05,1.801692084310760e-08,9.396137191763251e-08,5.932036326699110e-08,1.420719459613661e-12,0.000000000000000e+00,0.000000000000000e+00,0.000000000000000e+00,0.000000000000000e+00,0.000000000000000e+00,0.000000000000000e+00,1.068961971037589e-01,5.946229234136456e+03,0.000000000000000e+00,2.148896937405300e+03,1.013249782033933e+05,

4,63
8.809080697953933e-07,4.526549513687467e+00,8.373275485483258e-01,4.972617863833427e-05,4.547040940002370e-04,9.628199486138493e-04,1.189666925164018e-04,3.582437396800337e-04,1.295461754112385e-02,2.150426157669101e-05,1.827779912227780e-01,1.414323087102380e-06,6.515797138968498e-06,7.326303193142570e-07,2.348060780192499e-04,2.602677976678507e-04,2.026289167213248e-05,5.163036773059939e-04,1.488122198257130e-05,9.642168365186246e-07,6.778363893577119e-05,1.416185521865150e-02,2.216049927427726e-02,8.256847738339335e-07,6.275146454275898e-04,2.219627358376697e-05,4.590479840576375e-03,1.015778018182705e-04,4.582083208008414e-04,3.285894220034082e-05,1.156461304308284e-04,1.321105608180655e-07,3.250798616897410e-05,3.803912921575871e-05,1.262260662454143e-05,5.932523191540698e-05,3.192599420358989e-05,4.181894602454911e-05,3.100745880154761e-06,6.587867071424974e-04,1.073679820899997e-05,4.193401557603154e-06,1.181780964007840e-04,1.759770081394258e-05,6.475836074105777e-07,1.538825650437649e-08,2.492360552919069e-06,1.759598831447156e-05,3.058270608166886e-05,1.294741667398823e-05,1.672518040967049e-05,1.697592399071544e-06,4.563805365629056e-04,9.350673842537633e-06,5.259426901424726e-02,1.686728484163353e-03,1.461163983584406e-04,4.595693592567252e-04,6.019548402141629e-01,7.543876341890913e+04,0.000000000000000e+00,2.147567807064060e+03,1.013263754944240e+05,
1.094395613935709e-07,4.877110384551392e+00,1.469220802480247e-01,7.186957328421997e-06,6.928252788904018e-05,5.056018640155943e-04,1.366616204885931e-07,6.106521051963441e-05,1.235464880470000e-02,1.455078487255029e-08,1.322127864037896e-03,8.123455459677125e-11,3.917788994514820e-10,3.417231885225247e-11,1.506810595723723e-09,3.788084173022681e-10,1.125607422888721e-09,2.344995311267122e-09,5.131002354944559e-12,1.755130853137338e-11,1.776958819582190e-11,3.777141208133190e-03,2.361020199038448e-02,1.276830925538288e-10,1.256773390483999e-08,1.647702690313727e-10,5.000452454990230e-09,1.386194231821325e-13,2.559124935588996e-15,4.175770171094456e-09,2.188866007477889e-09,8.647913698687499e-15,3.958640107462903e-12,1.030360607602705e-13,5.136457248091071e-13,4.471491297285483e-14,2.534882886673525e-13,5.569915701273674e-13,8.078878168294832e-15,4.415876203876449e-13,1.082328771921322e-12,8.044582383110251e-18,4.751923948867755e-15,1.384201186933410e-13,3.834865910355322e-17,2.390647685824655e-18,9.269029419990904e-07,6.328893192432748e-06,2.477669657692350e-08,2.811194553626909e-08,1.734949744208095e-08,7.212222685291053e-13,8.742739468952901e-14,3.633533955498447e-13,4.766638983550460e-12,4.367906299154211e-12,1.082799596761999e-12,1.208874002809864e-12,1.053767667574542e-01,7.953731487902235e+03,0.000000000000000e+00,2.346973316035560e+03,1.013250040789944e+05,
1.366737613133589e-07,4.847234796480253e+00,1.490211098164430e-01,1.036789074554143e-05,1.007429243709470e-04,5.921697688628368e-04,1.349715254752651e-07,7.147585150913407e-05,1.235703546233769e-02,2.207990439128704e-08,1.656675331814957e-03,1.364611864793201e-10,5.323086114864091e-10,5.020379326785232e-11,1.899848884560809e-09,4.057164554303999e-10,1.878398671419273e-09,3.218600626424734e-09,6.988238290235942e-12,2.606410798261423e-11,2.347849900447286e-11,4.277671455691764e-03,2.343980623699808e-02,1.758870835727239e-10,1.580480373464394e-08,2.979662926468666e-10,7.203984472803890e-09,5.263203497888191e-13,6.007381696544644e-15,5.172157710541718e-09,2.498096625644429e-09,2.775606846994740e-14,8.697600770840044e-12,7.319240802874695e-13,1.631511267924796e-12,1.887595568720815e-13,5.876238970803670e-13,1.405588792979497e-12,3.371039959672885e-14,1.467316964668941e-12,5.184871713908214e-12,4.816974822394914e-17,2.620084818490828e-14,1.793855853452407e-13,8.257053144598608e-17,4.141486357735504e-18,1.542939161766955e-06,1.063318140790385e-05,3.013880947566467e-08,9.337653529137119e-08,5.894297068107302e-08,1.419364047709641e-12,2.717930481323512e-13,1.916265640961484e-12,6.006121996533450e-12,5.710752036600967e-12,1.666045643438333e-12,1.576328616576222e-12,1.068866101301756e-01,7.930460714949591e+03,0.000000000000000e+00,2.330986513497895e+03,1.013250038327379e+05,
5.583249235573241e-07,4.778189860253433e+00,1.575110478390128e-01,2.824014953300948e-05,2.619142848777551e-04,8.494239450941414e-04,1.884912764982531e-07,1.103867646420421e-04,1.235706916171270e-02,7.064816473544842e-08,2.835088065053303e-03,1.971797334782855e-10,5.610405954606600e-10,5.841287114055354e-11,1.936827114221051e-09,3.973383886898674e-10,6.762188504234845e-09,3.477237207241087e-09,7.354491723244191e-12,3.078964223746992e-11,2.448668553849518e-11,5.902938062363159e-03,2.305358968046012e-02,1.854069104837563e-10,1.601050332467541e-08,5.176543597635989e-10,8.103380554224866e-09,3.921600045884835e-12,2.758373385955289e-14,5.195062588203276e-09,2.486688613620624e-09,2.194650471179072e-13,2.207539982588584e-11,4.562649431872869e-12,4.401206724782026e-12,1.852960703310209e-12,2.431932957044871e-12,1.004397870462961e-11,5.200983985880886e-13,1.190223974319948e-11,1.356627947137088e-11,2.338409210749228e-15,8.871361155191487e-13,1.786301774062468e-13,1.169979779085268e-16,4.512523664891372e-18,2.490571070107506e-06,1.757817310852719e-05,3.022358509198585e-08,1.500272865100134e-06,1.018346703432807e-06,3.639801263295237e-12,3.008570839538249e-12,4.695716379142394e-12,8.582010417848752e-11,5.885149311331856e-11,1.570960567974097e-11,1.662324297644369e-11,1.129964459269376e-01,7.835401702031609e+03,0.000000000000000e+00,2.291779243069505e+03,1.013250108865891e+05,

