1
0
63
1
(4 0
((0,0) (15,255) (0,0))
((0,768) (15,1023) (0,0))
((0,512) (15,767) (0,0))
((0,256) (15,511) (0,0))
)
4
FabOnDisk: SD_0_New_MF_D_0003 0
FabOnDisk: SD_0_New_MF_D_0000 0
FabOnDisk: SD_0_New_MF_D_0001 0
FabOnDisk: SD_0_New_MF_D_0002 0

4,63
-7.386259627552490e-07,1.322993925993261e+00,1.575984793948030e-01,4.362824635824452e-21,2.027301935289730e-19,1.535559455595772e-15,5.515554302995448e-10,2.880480715424631e-07,1.013357649299100e-07,2.255670005207340e-10,2.845990138296285e-03,0.000000000000000e+00,5.222328044862505e-25,3.527114483501003e-26,6.471690649888143e-12,1.124213566258532e-10,8.339501068138610e-21,6.090721086853572e-10,4.917950011494077e-15,1.291384966505652e-25,1.205329799949845e-11,3.410219976512034e-08,3.222014118186883e-09,5.090359185263490e-31,3.516779864259485e-10,2.724068034242206e-22,3.238445187687122e-09,0.000000000000000e+00,0.000000000000000e+00,1.656196269817028e-24,3.968857456928886e-11,1.999520490968518e-18,1.257160730994378e-20,1.600090391234344e-12,0.000000000000000e+00,0.000000000000000e+00,0.000000000000000e+00,0.000000000000000e+00,0.000000000000000e+00,0.000000000000000e+00,0.000000000000000e+00,0.000000000000000e+00,0.000000000000000e+00,4.827664880843730e-14,1.087254693736264e-16,3.000760099572256e-18,3.272424419798493e-14,1.061398917453720e-14,4.403130481929006e-13,1.023898771090019e-13,1.844909350480021e-13,3.422740569682419e-29,0.000000000000000e+00,0.000000000000000e+00,0.000000000000000e+00,0.000000000000000e+00,0.000000000000000e+00,0.000000000000000e+00,1.130593301551593e-01,3.569106897080991e+03,0.000000000000000e+00,4.430007270083811e+02,1.013207295436427e+05,
-8.750466767304408e-08,4.872331836922160e+00,1.460872467308533e-01,6.107486725671919e-06,5.831701233450165e-05,4.692889441129071e-04,1.349813925415694e-07,5.704515867980272e-05,1.235215587450671e-02,1.209887102501655e-08,1.184093909306081e-03,5.119797397164100e-11,2.715224664021257e-10,2.293868258123481e-11,1.086491913838722e-09,2.978074909489508e-10,8.717643992379185e-10,1.626790141795756e-09,3.544336587269828e-12,1.171853925604886e-11,1.249373176955916e-11,3.569615767710896e-03,2.344075231453352e-02,8.745141724239599e-11,9.028141434081086e-09,1.001486179695549e-10,3.365081830857026e-09,0.000000000000000e+00,0.000000000000000e+00,2.994409706848364e-09,1.622440691192809e-09,3.738109981920221e-15,2.178221642617096e-12,0.000000000000000e+00,8.157198188542064e-14,0.000000000000000e+00,0.000000000000000e+00,0.000000000000000e+00,0.000000000000000e+00,0.000000000000000e+00,0.000000000000000e+00,0.000000000000000e+00,0.000000000000000e+00,7.819285120310108e-14,1.737601198374134e-17,1.194847109611728e-18,5.874550536266021e-07,3.995345288047234e-06,1.797040759342373e-08,1.331019697202721e-08,8.138515391547057e-09,4.247070287891265e-13,0.000000000000000e+00,0.000000000000000e+00,0.000000000000000e+00,0.000000000000000e+00,0.000000000000000e+00,0.000000000000000e+00,1.047757056183217e-01,7.926143980964108e+03,0.000000000000000e+00,2.331077196275147e+03,1.013249933649622e+05,
-1.607656744104926e-07,4.803543588234616e+00,1.469268037096009e-01,7.193452767629270e-06,6.934785682982246e-05,5.058068880474901e-04,1.327132552192101e-07,6.108863574126833e-05,1.235465994742707e-02,1.456565041368689e-08,1.322904681040850e-03,8.138438861263783e-11,3.922909239029089e-10,3.422210837036018e-11,1.508309291781282e-09,3.790703871638772e-10,1.127110483324264e-09,2.348053135053525e-09,5.137458639097502e-12,1.757645981820280e-11,1.779026889781066e-11,3.778315965412883e-03,2.305578387873888e-02,1.278601142374948e-10,1.258192376377153e-08,1.650564312190418e-10,5.004454798216426e-09,0.000000000000000e+00,0.000000000000000e+00,4.180628469226190e-09,2.190995592047181e-09,4.415543645570925e-15,3.967809861662782e-12,0.000000000000000e+00,1.592668658849577e-13,0.000000000000000e+00,0.000000000000000e+00,0.000000000000000e+00,0.000000000000000e+00,0.000000000000000e+00,0.000000000000000e+00,0.000000000000000e+00,0.000000000000000e+00,1.386808895491085e-13,3.846824525284070e-17,2.396814783074916e-18,9.286405577145224e-07,6.340897249990230e-06,2.480447690641952e-08,2.821073577103714e-08,1.741137731393925e-08,7.228776859699160e-13,0.000000000000000e+00,0.000000000000000e+00,0.000000000000000e+00,0.000000000000000e+00,0.000000000000000e+00,0.000000000000000e+00,1.053801629823160e-01,7.836456970120816e+03,0.000000000000000e+00,2.292020144957720e+03,1.013249959130545e+05,
-6.524125380707793e-07,4.553792198547379e+00,1.490345545273691e-01,1.039000967415038e-05,1.009583327469779e-04,5.926919144462400e-04,1.327196902216093e-07,7.154180517027094e-05,1.233883561695072e-02,2.213395625279142e-08,1.658759085939670e-03,1.367091549755597e-10,4.182959287655198e-10,5.026129240276046e-11,1.397443043163578e-09,1.997689731707901e-10,1.883679930541954e-09,2.870866484688518e-09,5.498345991966342e-12,2.608846560994720e-11,1.943505015234097e-11,4.280747860870313e-03,2.216503869512803e-02,1.327094300882472e-10,1.078429589767431e-08,2.986750976098844e-10,6.885360280735044e-09,0.000000000000000e+00,7.657081722957674e-17,3.013305494303002e-09,1.199978484328534e-09,7.344273958691549e-15,8.726925238777838e-12,0.000000000000000e+00,0.000000000000000e+00,0.000000000000000e+00,0.000000000000000e+00,0.000000000000000e+00,0.000000000000000e+00,0.000000000000000e+00,0.000000000000000e+00,0.000000000000000e+00,0.000000000000000e+00,4.863494616313410e-14,8.279796673350354e-17,2.982526461611879e-18,1.546213092477446e-06,1.065633827646270e-05,1.801635483426786e-08,9.396888969354000e-08,5.932517847473712e-08,1.419849959307699e-12,0.000000000000000e+00,0.000000000000000e+00,0.000000000000000e+00,0.000000000000000e+00,0.000000000000000e+00,0.000000000000000e+00,1.068962846823916e-01,5.943708910216541e+03,0.000000000000000e+00,2.148874372991270e+03,1.013249877863633e+05,

4,63
8.702748242859340e-07,4.551492323826291e+00,8.373277231191941e-01,4.971382095719878e-05,4.543771083838152e-04,9.626315343792464e-04,1.189524961765027e-04,3.589149836405944e-04,1.295314001013591e-02,2.150343426082631e-05,1.827780348786114e-01,1.418222719680195e-06,6.518753634966241e-06,7.337682543421831e-07,2.347802396477121e-04,2.604103390800904e-04,2.025963457314524e-05,5.165560395672715e-04,1.487386788828040e-05,9.638452377369230e-07,6.776417773323611e-05,1.416689612317817e-02,2.216076300809240e-02,8.280896454988651e-07,6.283786985807061e-04,2.221958863301940e-05,4.590038072563411e-03,1.015908035952308e-04,4.582458975422108e-04,3.291215232030693e-05,1.156814783681591e-04,1.320112100467624e-07,3.248947299965211e-05,3.800049388792373e-05,1.263292958893175e-05,5.936363744659920e-05,3.192617201322065e-05,4.178988434217692e-05,3.098748246645021e-06,6.585634010476061e-04,1.071339711615744e-05,4.196743312484039e-06,1.181289248367258e-04,1.765070600826400e-05,6.484471883939152e-07,1.542093368571573e-08,2.492498303983410e-06,1.759695495609072e-05,3.057037024713530e-05,1.294973516879276e-05,1.672598191910277e-05,1.699140650263019e-06,4.558780068722373e-04,9.362793326702904e-06,5.259427623686316e-02,1.686076330439064e-03,1.460566445919395e-04,4.596306088317997e-04,6.019549780524714e-01,7.540330269938150e+04,0.000000000000000e+00,2.147544623778660e+03,1.013264385354729e+05,
7.273135794814254e-08,4.902044093666244e+00,1.469220493594246e-01,7.186891847640529e-06,6.928194007641285e-05,5.055998844698600e-04,1.366612584728695e-07,6.106493461223127e-05,1.235464982927888e-02,1.455065763437940e-08,1.322124984098967e-03,8.123524340268121e-11,3.917844412647048e-10,3.417278656957043e-11,1.506853747448051e-09,3.788178591016773e-10,1.125599571961219e-09,2.345036891637565e-09,5.131124011234519e-12,1.755168288878057e-11,1.777002660014205e-11,3.777138751414751e-03,2.361012482342537e-02,1.276843314461020e-10,1.256788859496943e-08,1.647702068542251e-10,5.000400701605126e-09,1.782805334661711e-13,2.598929268619210e-15,4.175828400145637e-09,2.188902146879058e-09,8.626177752644434e-15,3.958630527567657e-12,1.081833947378283e-13,5.684441904751810e-13,4.493747306769564e-14,2.459677616641657e-13,4.977556696705837e-13,7.460811529251248e-15,4.096933588314563e-13,3.085160637935474e-12,7.684605353410000e-18,4.433620501335567e-15,1.384254627027802e-13,3.834970915855518e-17,2.390725631390583e-18,9.269144607167941e-07,6.328970797577570e-06,2.477716934973207e-08,2.811190558784135e-08,1.734946584173031e-08,7.212415836788969e-13,9.289747369208796e-14,4.034235977603718e-13,3.410853529493387e-12,3.218599224451753e-12,7.545180853999924e-13,8.924220239996047e-13,1.053767439667717e-01,7.954015966569278e+03,0.000000000000000e+00,2.346971431756410e+03,1.013250038457067e+05,
1.499706917714172e-07,4.872172347530821e+00,1.490212277385004e-01,1.036804313414539e-05,1.007445589093426e-04,5.921734942061486e-04,1.349718616998584e-07,7.147622818520236e-05,1.235703379726978e-02,2.208031857854100e-08,1.656696674065296e-03,1.364662509866340e-10,5.323244210210524e-10,5.020555954323452e-11,1.899909429159320e-09,4.057253423342650e-10,1.878448528882502e-09,3.218695391033202e-09,6.988464424314474e-12,2.606507911995667e-11,2.347921123785230e-11,4.277704025788677e-03,2.343980401574182e-02,1.758916927214362e-10,1.580517686102205e-08,2.979824634113805e-10,7.204392281259425e-09,8.043997691045213e-13,5.818984248567745e-15,5.172264040942369e-09,2.498178558226607e-09,3.318740560555441e-14,8.698144210710166e-12,8.510754426003836e-13,1.791456905669407e-12,1.910402466777258e-13,5.710459843839072e-13,1.409706734047713e-12,3.197812956153367e-14,1.371122847678601e-12,3.203408926530847e-12,4.527701686855902e-17,2.698554393891467e-14,1.793988297352827e-13,8.257655980139525e-17,4.141751776782333e-18,1.543009618793534e-06,1.063367155300891e-05,3.013975874273995e-08,9.338382431648934e-08,5.894763744084081e-08,1.419400682438351e-12,3.697589134494473e-13,2.280344071456491e-12,9.403036355452850e-12,7.952718329630000e-12,3.057999590339002e-12,2.189447113847590e-12,1.068866934422429e-01,7.930476564636106e+03,0.000000000000000e+00,2.330986978988440e+03,1.013250041455783e+05,
1.137715544970876e-06,4.803127513853701e+00,1.575128359984249e-01,2.824134573982586e-05,2.619309212428383e-04,8.494308838089077e-04,1.885053674384777e-07,1.103858607470718e-04,1.235706647054532e-02,7.065527105254820e-08,2.835284057868246e-03,1.967187593345926e-10,5.610621068840949e-10,5.841462142278735e-11,1.936773786489851e-09,3.973327863053327e-10,6.762891801013995e-09,3.478590827846438e-09,7.354764010776008e-12,3.078891393415987e-11,2.448893894662184e-11,5.903069378504476e-03,2.305356495172124e-02,1.854138353334496e-10,1.601146233661854e-08,5.176719911339753e-10,8.096820866242222e-09,2.572359618605614e-12,2.530627751921884e-14,5.195027043028583e-09,2.486767394993439e-09,1.812152499324094e-13,2.208383105648646e-11,3.023648092706657e-12,3.789024189966886e-12,1.797943584930102e-12,2.754518209017217e-12,1.024714542626460e-11,4.546994030320305e-13,1.107582432909116e-11,1.596604389164758e-11,2.432154067814720e-15,1.103558948903708e-12,1.786385879224175e-13,1.170066053562331e-16,4.512888318561038e-18,2.490715312825494e-06,1.757918931111995e-05,3.022444907062485e-08,1.500753839031131e-06,1.018679654594892e-06,3.643596214505206e-12,6.812645080926469e-12,7.988193946841951e-12,1.353536131055156e-10,7.568134665530108e-11,1.893041062397416e-11,2.105861368519382e-11,1.129977120264711e-01,7.835417758212279e+03,0.000000000000000e+00,2.291777057638278e+03,1.013250205966605e+05,

