1
0
56
1
(4 0
((0,0) (15,255) (0,0))
((0,768) (15,1023) (0,0))
((0,512) (15,767) (0,0))
((0,256) (15,511) (0,0))
)
4
FabOnDisk: SD_5_New_MF_D_0003 0
FabOnDisk: SD_5_New_MF_D_0000 0
FabOnDisk: SD_5_New_MF_D_0001 0
FabOnDisk: SD_5_New_MF_D_0002 0

4,56
-7.570047183587975e+00,-1.755347849063629e+01,-2.693771399365294e+01,-6.048596193341079e+00,-8.007229977682172e+00,-8.239337829359965e+00,-1.136878490877271e+00,-6.244108243171106e+02,-2.569824040308010e-01,-7.773219401279283e-01,-8.767363697874690e-02,-1.374789530719961e+01,-1.217622937749131e+01,-1.409603978448692e+00,-9.604511772476441e+00,-4.498263067439003e-01,-7.082399700985970e-02,-2.725617711074425e+00,-1.331295874535167e+02,4.586988341243048e-16,-9.173690423273226e-02,-4.757151538049263e+01,-1.819978003988152e+00,-2.008807129360813e+02,-7.706653493829308e+00,-2.359786196500847e+01,-4.550863755067355e+00,-2.905981224690470e+00,-8.913919064736429e-03,-1.977667128996218e+00,-1.572939295874613e+00,-9.210172917036848e-01,-3.821499243907672e+00,-2.242272936327794e+00,-3.265121929858096e+00,-2.173277339541209e-01,-3.261208541812577e+01,-4.622570560502421e-01,-3.087410491072773e-01,-8.509123463013708e+00,-8.726241191866717e-01,-1.466981762834005e-02,-5.882352324209788e-04,-8.178788636378938e-02,-1.623547714449581e-01,-2.097070431421899e+00,-7.135116957381456e-02,-3.978725268059026e-01,-1.370556796401624e-01,-2.531561582071014e+01,-4.681326601192459e-01,-5.959544688190452e+02,-9.219122965405607e+01,-9.621673074405820e+00,-2.542099273036862e+01,-3.168310058754287e-10,
-4.216599078730250e-03,-2.982819828229849e-02,-8.783742782943467e-02,-1.752140240342477e-07,-1.103133136218996e-02,1.013328887612770e-01,-6.592213171466534e-06,-3.313879293109337e-01,-8.581650658150288e-08,-3.130834325877625e-07,-3.354371807648662e-08,-2.476670881908381e-06,-2.674952823754512e-07,-6.644108231254318e-07,-1.945271138423755e-06,-5.243899802629079e-09,-1.979798728327477e-08,-1.769355935969187e-08,-4.668100022513558e-01,2.441397059941148e-01,-8.854627385448614e-08,-8.264250624555762e-06,-2.499908572105870e-07,-1.038531125825946e-05,-4.166958963765643e-07,-3.595510628838003e-09,-3.667950098443863e-06,-1.268391425549417e-06,-1.576027134435695e-09,-6.193496616965397e-09,-1.132729500297100e-07,-5.329095843592325e-08,-2.123562653016325e-08,-1.290172220661525e-07,-2.205953455775376e-07,-5.986148903614635e-09,-4.469670820401651e-07,-3.705132952005504e-06,-8.022649291852998e-12,-2.301892911662463e-09,-1.007573758417315e-10,-4.935114275045505e-14,-2.487412892519211e-15,-7.155344900034030e-04,-4.948339555518512e-03,-1.293768638460056e-05,-4.262875084562455e-05,-2.672677056984369e-05,-2.281362416306473e-09,-1.006533818775883e-07,-1.405408861162282e-06,-3.973180803941805e-06,-1.322063005176022e-06,-2.208089251006584e-07,-3.688943917557686e-07,-3.540885640251901e-11,
-1.226412713242662e-02,-9.059971247367554e-02,-1.998245058910366e-01,3.573569741701501e-06,-2.857690209743102e-02,1.844951584712938e-01,-2.218754573761827e-05,-8.033005996620026e-01,-1.534243043861923e-07,-4.507483563090472e-07,-6.544004227300521e-08,-3.362049267974823e-06,-1.321719453738458e-07,-2.193840544934663e-06,-3.238272662331790e-06,-8.900223850704749e-09,-3.948055416746164e-08,-2.994811887306518e-08,-1.106451230589012e+00,7.545672792622795e-01,-1.071982177282576e-07,-8.155211695828264e-06,-5.897115823422256e-07,-2.183829006319599e-05,-2.026424107010308e-06,-6.079841020270557e-09,-2.254768719253747e-06,-9.244025477668256e-07,-4.016034298239702e-08,-1.853465504698690e-08,-2.442940802074447e-06,-5.380599304264162e-07,-8.969125819325979e-08,-3.006385588985295e-07,-4.731844306282783e-07,-2.823168278961401e-08,-9.224869648048244e-07,-6.450229075966593e-06,-7.711911901658110e-11,-3.774935571344647e-08,-1.016123986654468e-10,-8.128953673673850e-14,-2.653055363665679e-15,-1.188668256536007e-03,-8.439139609237546e-03,-1.075261335330342e-05,-2.398520156950319e-04,-1.550232305665369e-04,-6.976507459471075e-09,-1.932681376571765e-07,-2.888393372889259e-06,-7.336035875415198e-06,-3.101776975521322e-06,-1.028875956167695e-06,-8.570586421400998e-07,-4.034694800481020e-11,
-1.411699738131274e-01,-7.382689498586139e-01,-5.604548135909649e-01,-4.623678821556142e-04,-1.409351387962484e-01,4.816082447672131e-01,-2.535912915188526e-04,-3.720635243855866e+00,-1.389605865165744e-06,-3.307372204282601e-06,-7.004584178220654e-07,-5.426748706460002e-05,-9.868757453575515e-07,-2.622317095575534e-05,-3.066142082444818e-05,-1.040790346572779e-07,-5.628989539509623e-07,-3.720087170358866e-07,-4.256543462537856e+00,1.778299923646140e+00,-8.746383133199266e-08,-5.038976563534805e-06,-8.105940155818234e-06,-2.647196297761278e-04,-1.202896823881256e-05,-3.312351363041837e-08,-5.925957835600618e-07,2.882392160332169e-07,-1.658165594718810e-07,-2.486406443363371e-07,-7.896668960591955e-06,-1.091640575445133e-06,-1.570925356316345e-06,-4.285011492116858e-06,-1.847759931977106e-05,-5.223953714155672e-07,-9.624092464950377e-06,-2.099401165777795e-05,-2.636646807649166e-09,-1.722372382139030e-06,-3.325520646914876e-10,-1.297811055543757e-12,-3.344039243503546e-14,-1.403946310272066e-03,-1.035083779694842e-02,2.352207076509047e-07,-1.291543199207590e-02,-9.000102077691275e-03,-3.628067270886336e-07,-8.670067558793297e-06,-7.431919504518952e-06,-2.087388940709521e-04,-9.927083747941174e-05,-2.633642177863819e-05,-2.767311676056839e-05,-1.242296820969102e-10,

4,56
5.514019718177023e+00,3.001720653708298e+01,4.359627831290833e+01,7.583925936463901e+00,1.358049670797030e+01,3.115213833528151e+02,6.365185952537948e-01,-4.469292574915684e-10,6.153094109217498e-01,1.378940107925371e+00,1.648464050986034e-01,2.594692249783047e+01,1.570353138481486e+01,1.925357818297782e+00,1.560097826516407e+01,4.024061645012362e-01,1.315801281442188e-01,2.702074664004980e+00,4.583686722461899e+02,2.789338322182466e+02,2.022524732544747e-01,6.037374961708101e+01,3.893829127263358e+00,3.074952288406398e+02,1.226180215715762e+01,2.572116325680884e+01,8.824779133082769e+00,3.535589637534320e+00,1.557291717102169e-02,3.714921584567851e+00,2.291514994378423e+00,1.131292720620579e+00,4.042186052504859e+00,2.329731511150057e+00,4.047211030666039e+00,1.978441695873763e-01,3.460109550356498e+01,9.682563436429463e-01,5.676337715425851e-01,8.093873799887753e+00,1.477615631255646e+00,3.780395729426789e-02,9.911962695002021e-04,8.037829121047441e-02,3.882969255902034e-01,2.534318527853361e+00,4.803742260156024e-01,7.031704125082152e-01,1.866523302795676e-01,1.644827336440778e+01,7.153300998616439e-01,6.066087006157300e-02,9.098617562989047e+01,1.490965594199029e+01,2.561821327729974e+01,4.063167580170557e-10,
-1.768482033563490e-03,-1.108431591657200e-02,-3.012980939715965e-02,6.451606876999568e-06,-6.105300390083598e-03,1.839142207670279e-01,-1.582294588437678e-06,-1.524013948743526e-01,-3.585932025257413e-08,-1.220550783446972e-07,-7.594249297405606e-09,3.470256534262274e-07,-7.194268287437198e-08,-1.779666574374775e-07,-8.822465148020182e-07,-7.316859360629499e-10,-1.804307245503975e-09,-4.285216703351199e-09,-1.478622759782232e-01,7.525349719200496e-01,-5.725214697305866e-08,-5.037591414139224e-06,-5.229228652987412e-08,1.297773738978704e-06,2.654318186216879e-07,2.220879428215680e-09,-1.715479756217574e-06,-7.862572370486490e-07,4.718498425973605e-10,-1.934620023091203e-09,2.786579010303716e-08,3.377872753484024e-07,6.415230617024672e-08,3.781132759250015e-07,8.781146036734793e-07,1.353190432619637e-08,7.600869463255745e-07,5.558885999324757e-06,1.407219598388898e-11,7.508894634411536e-09,-8.850171045725834e-11,-2.287601016917203e-14,-1.546992230979028e-15,-4.499138164928017e-04,-3.066102964276222e-03,-1.069941372170289e-05,-1.143645174650458e-05,-7.011061774162383e-06,1.556432463567812e-09,1.276927898663297e-07,1.054334594315098e-06,5.619724693629231e-06,4.459681149131952e-06,9.134174063307920e-07,1.233654468849711e-06,3.446348761926288e-11,
-3.809685443089210e-03,-2.992899628142383e-02,-8.806559916066056e-02,7.686885293143908e-06,-1.106683792616908e-02,4.793868432381225e-01,-6.615868813546251e-06,-3.323477781942150e-01,-6.074892847052746e-08,-6.422441475793973e-08,-6.469498844855706e-09,1.324631824238782e-06,1.393115335681351e-07,-6.622097829921108e-07,-5.330894327589600e-07,8.072211887779864e-11,-2.347707339269830e-09,7.557550179096631e-10,-4.680797442399439e-01,1.771679523330670e+00,-3.956002177798241e-08,-9.833121315799758e-07,-7.566354400722969e-08,2.850646189138678e-06,1.214705579689855e-06,2.214044198028644e-09,6.892502540048242e-08,5.226138250377866e-07,1.216334277671486e-08,-3.753689961718112e-09,1.669027095357508e-07,7.481749550164408e-07,2.602199063203031e-07,8.822391390180007e-07,2.077401353979701e-06,5.070154514686698e-08,2.214010249991615e-06,7.869770104735876e-06,6.689292924567372e-11,3.901205564062856e-08,5.019167778940364e-11,-4.944695561120801e-14,-1.888406765005863e-15,-7.169034635264714e-04,-4.958124124823275e-03,1.873075268148365e-07,-4.284103504573639e-05,-2.686188071453865e-05,1.319785853186719e-08,6.175474479066486e-07,5.645198896832079e-06,1.574204979687834e-05,1.196721863113199e-05,2.987722599163936e-06,3.313713979597457e-06,3.641366375095600e-11,
-1.233732070937504e-02,-9.108090846195518e-02,-2.005285059001102e-01,3.488732270316630e-06,-2.870807518993683e-02,2.835035474118854e+00,-2.231930804944777e-05,-8.065792986406098e-01,1.601268094062786e-06,3.988152272010002e-06,4.084123809950971e-07,3.222013622426107e-05,2.427672860007978e-06,-2.038788727476179e-06,3.823455400107093e-05,1.047799294892600e-07,4.566531264111121e-07,3.796220666100228e-07,-1.110614898488658e+00,6.739828371588462e+00,6.590655788309121e-07,5.401305854821482e-05,3.661309847165350e-06,1.807116442403808e-04,1.011171901269762e-05,1.476639514344038e-08,1.445697771516056e-05,5.125165438039213e-06,3.632801512354675e-08,1.193281039841736e-07,1.453530657979168e-06,1.820614609568772e-06,1.493518734386329e-06,2.984044374746613e-06,1.239385982292846e-05,7.659023840844470e-07,1.779719436829337e-05,2.617598037386517e-05,4.199186985698590e-09,1.918359270892579e-06,3.640279023634737e-10,1.543035024411367e-13,9.264363241099050e-15,7.488520652187787e-04,4.969030574200185e-03,6.190325991273334e-05,-2.420478059544035e-04,-1.564655227672349e-04,5.563891132196373e-07,1.173355233385696e-05,1.558356372418733e-05,2.256237487087029e-04,1.019020530136829e-04,2.187311534593574e-05,2.824497371412807e-05,1.683658767959173e-10,

