1
0
56
1
(4 0
((0,0) (15,255) (0,0))
((0,768) (15,1023) (0,0))
((0,512) (15,767) (0,0))
((0,256) (15,511) (0,0))
)
4
FabOnDisk: SD_5_Old_MF_D_0003 0
FabOnDisk: SD_5_Old_MF_D_0000 0
FabOnDisk: SD_5_Old_MF_D_0001 0
FabOnDisk: SD_5_Old_MF_D_0002 0

4,56
-7.575443782991342e+00,-1.756384223733507e+01,-2.696961451815685e+01,-6.054755542489514e+00,-8.001232236099483e+00,-8.263055586307164e+00,-1.140932250295754e+00,-6.240133674989321e+02,-2.562701683752143e-01,-7.770445488526265e-01,-8.767549040328459e-02,-1.375959598815684e+01,-1.216248345814796e+01,-1.407674480839830e+00,-9.597344516579478e+00,-4.513441749783041e-01,-7.095512717357694e-02,-2.732003757641582e+00,-1.331966172554735e+02,4.999527267873782e-16,-9.120960080093611e-02,-4.760484023611947e+01,-1.820633573779044e+00,-2.005551577971943e+02,-7.712517785443548e+00,-2.365583920806498e+01,-4.559209670619914e+00,-2.909664810288652e+00,-8.946648296487324e-03,-1.984534639813878e+00,-1.576867698612340e+00,-9.167408756394021e-01,-3.820730440166150e+00,-2.241809706824929e+00,-3.265567514558120e+00,-2.178409824560414e-01,-3.265784316022321e+01,-4.614888382712587e-01,-3.100563691567824e-01,-8.531964457267053e+00,-8.695152626233191e-01,-1.465592885959471e-02,-5.854234985573970e-04,-8.198786363816153e-02,-1.609342362958801e-01,-2.103319995196812e+00,-7.135803560959661e-02,-3.968577066246847e-01,-1.370015473088590e-01,-2.533290580058373e+01,-4.679109785229311e-01,-5.945778822422303e+02,-9.210037747976779e+01,-9.596176648318554e+00,-2.541052557285495e+01,-3.323776809338597e-10,
-4.220791498171012e-03,-2.982838469138972e-02,-8.782806152715221e-02,-2.127557576762351e-07,-1.103407388052047e-02,1.012879023826942e-01,-6.590541099093817e-06,-3.313244940489730e-01,-8.569903142522631e-08,-3.164998646600467e-07,-3.083159988339752e-08,-1.696150898649878e-06,-2.677388095974236e-07,-6.650959454526329e-07,-1.980566549004851e-06,-5.287730041986416e-09,-1.925230466495235e-08,-1.807428143637247e-08,-4.665779844828218e-01,2.440633313347496e-01,-8.943380317260862e-08,-8.267282024785792e-06,-2.476770461497842e-07,-1.057064847690637e-05,-4.106701017263604e-07,-3.751091323115423e-09,-3.666489825073269e-06,-1.270099249561319e-06,-1.809940078114434e-09,-6.215351642213450e-09,-1.279784595645524e-07,-1.123004838356846e-07,-1.904660193140583e-08,-1.110953027661843e-07,-2.166890713786188e-07,-5.450090004180375e-09,-3.718563872628045e-07,-4.042908425523854e-06,-6.463827957674322e-12,-2.460895630197244e-09,-1.008514315969258e-10,-4.928628865358154e-14,-2.483802828461785e-15,-7.155341250474498e-04,-4.948299668396668e-03,-1.294979806281947e-05,-4.261687430497240e-05,-2.671928586570343e-05,-1.755248304207367e-09,-6.390957197423685e-08,-1.800802526349567e-06,-4.983574255798002e-06,-8.808585913377355e-07,-1.551593625557530e-07,-2.425328211096000e-07,-3.064122566787120e-11,
-1.227020516986828e-02,-9.060017814399304e-02,-1.998245849064709e-01,3.580042362247709e-06,-2.858052682796687e-02,1.845627583205334e-01,-2.218517522833865e-05,-8.031600189213113e-01,-1.575531032044284e-07,-4.727876054415551e-07,-7.281550966713428e-08,-3.960302551296750e-06,-1.361040577077813e-07,-2.194309482139970e-06,-3.476591329134543e-06,-9.580819812635260e-09,-4.453465868909834e-08,-3.332012046876825e-08,-1.106074154760825e+00,7.542255993989126e-01,-1.089965855223813e-07,-8.166681970009633e-06,-5.279882418127971e-07,-1.920991393243833e-05,-2.770155851540417e-06,-6.554111298537053e-09,-2.133134217139400e-06,-8.754134409854663e-07,-1.810433732158635e-08,-1.562159554902609e-08,-1.854636813052112e-06,-3.694260576341466e-07,-7.381782396121397e-08,-2.751096365215558e-07,-6.317577743077721e-07,-1.972731958564792e-08,-8.388361084128927e-07,-7.154442798763945e-06,-5.128832492614270e-11,-2.934560773728207e-08,-1.009283085901165e-10,-8.116763707914354e-14,-2.649293346798187e-15,-1.188630096000145e-03,-8.438809746203367e-03,-1.075760443314311e-05,-2.397992829203437e-04,-1.549886754916171e-04,-7.375185184936026e-09,-2.607239344588933e-07,-2.784097341476903e-06,-4.598188586036850e-06,-3.462292578229892e-06,-7.805273655215589e-07,-9.655856686376394e-07,-3.610960142008679e-11,
-1.412434912341689e-01,-7.379586278945439e-01,-5.600536512169233e-01,-4.621133873408853e-04,-1.409861520088255e-01,4.816928375263601e-01,-2.534642115703875e-04,-3.719791294645831e+00,-7.693932996994596e-07,-9.281483421721129e-07,-3.986000260221006e-07,-4.187010849916838e-05,-1.799794993015834e-07,-2.616086753840233e-05,-8.423688876250609e-06,-3.415181625544572e-08,-2.090500355580546e-07,-1.306185143096888e-07,-4.252458236427906e+00,1.777701730671011e+00,-8.545830629654004e-08,-4.927657446606522e-06,-6.434007442164838e-06,-2.390202728618156e-04,-1.362053133976485e-05,-4.542937665947402e-08,-5.067879091793928e-07,3.165029068066706e-07,-1.386109789095694e-07,-1.183872560082545e-07,-6.716791953360636e-06,-1.907521800604748e-06,-2.395983737549245e-06,-4.492588203879013e-06,-1.932265321781444e-05,-5.342363668491498e-07,-1.636657372197837e-05,-2.561168453970284e-05,-3.166536354403035e-09,-2.553050528927435e-06,-3.673582005608908e-10,-1.380723306645072e-12,-3.591367331995450e-14,-1.403870475548531e-03,-1.035011892744125e-02,2.284515530840908e-07,-1.290739362201122e-02,-8.994631786056775e-03,-4.944236742086784e-07,-1.518122531891968e-05,-9.410783556682337e-06,-2.563015759993109e-04,-1.225740789698082e-04,-3.323216163207130e-05,-3.417850906981210e-05,-1.279955030852875e-10,

4,56
5.508834038100837e+00,3.009205640282417e+01,4.356791551798906e+01,7.597329551085402e+00,1.358404298789160e+01,3.114059762251513e+02,6.374980042624656e-01,-4.832372141327923e-10,6.111808557060375e-01,1.382960956277488e+00,1.646756631358730e-01,2.599397400712515e+01,1.570618931760774e+01,1.925750591291830e+00,1.558227668400038e+01,4.037169372410345e-01,1.314918396556560e-01,2.707713538524469e+00,4.584503422165487e+02,2.790309124217862e+02,2.011583608940569e-01,6.046563272880581e+01,3.901578580074593e+00,3.073253788466690e+02,1.233711856583215e+01,2.572519752122435e+01,8.815644097393472e+00,3.542919925065952e+00,1.561447169112934e-02,3.730825594607173e+00,2.283571586929689e+00,1.129091347226319e+00,4.045344303725388e+00,2.338146375726875e+00,4.041867000629064e+00,1.981251186087600e-01,3.448052284431781e+01,9.765165083048633e-01,5.683595279892336e-01,8.091774881770712e+00,1.474734772082749e+00,3.779080212994784e-02,9.899760921048782e-04,8.040298869061963e-02,3.869890679418189e-01,2.534792198594684e+00,4.797579264401646e-01,7.026575377079238e-01,1.872269805844808e-01,1.640892256874408e+01,7.200491575081437e-01,5.779897288032505e-02,9.071342657705192e+01,1.491633587153393e+01,2.555355029029828e+01,3.464037945377640e-10,
-1.766288648990458e-03,-1.105174609043168e-02,-2.999341440638173e-02,6.452092995506615e-06,-6.101658742639940e-03,1.839824186531568e-01,-1.574839201410791e-06,-1.524747172242401e-01,-3.742792168551745e-08,-1.363658846544680e-07,-1.153534331248520e-08,1.590685703764527e-07,-6.518194211697409e-08,-1.774173345498105e-07,-9.346027728685898e-07,-1.350761039904000e-09,-4.676764233989838e-09,-5.461280124712458e-09,-1.478138042107505e-01,7.521703167509998e-01,-5.714245317045375e-08,-5.002802621735793e-06,-5.023537010607366e-08,8.124953047395595e-07,2.050641350223660e-07,1.379279121056387e-09,-1.749333912712703e-06,-8.126601253196446e-07,3.825664649872299e-10,-1.813551498440594e-09,2.288906405332860e-08,3.504020626006192e-07,6.869423677790815e-08,4.032942163816114e-07,9.199368725084796e-07,1.320046067928492e-08,6.776115185006309e-07,3.538271806414385e-06,1.198818843817526e-11,7.564109960955673e-09,-8.851571089553874e-11,-2.287489924876590e-14,-1.547293697526473e-15,-4.499081292579890e-04,-3.066047690785309e-03,-1.069078328553435e-05,-1.142484561400817e-05,-7.004096547448128e-06,1.472010633685742e-09,1.212313798334564e-07,1.180620400436538e-06,8.191751684444967e-06,4.818544792296233e-06,1.034434796394729e-06,1.336098348018085e-06,2.939068324651906e-11,
-3.815386172337681e-03,-2.992859917235969e-02,-8.805286292671560e-02,7.694636535639940e-06,-1.106926649871412e-02,4.794730463672804e-01,-6.613992497304039e-06,-3.322883103391862e-01,-6.010020680806802e-08,-4.723794710590316e-08,-6.717329915063462e-09,1.332551546915086e-06,1.395417425020089e-07,-6.641926316898612e-07,-5.155470180658866e-07,1.611807203008480e-10,-2.308835709449875e-09,9.204174323002606e-10,-4.678619636838444e-01,1.771085734262437e+00,-4.145718251649491e-08,-1.022079085079822e-06,-8.634596346889802e-08,2.439295990750721e-06,1.225758136164764e-06,2.467486426202120e-09,5.473826681636912e-08,5.157035683189608e-07,9.066837213537121e-09,-3.866710651146483e-09,1.411979247478201e-07,7.470022718433931e-07,2.640633734219307e-07,8.814526261509652e-07,2.261101235668119e-06,5.641104569205462e-08,2.658641482709566e-06,9.938293619934280e-06,7.842239255869333e-11,4.558303327252767e-08,5.029715083299943e-11,-4.939918426909910e-14,-1.884988246224560e-15,-7.169051983387201e-04,-4.958077517686074e-03,1.825139495006293e-07,-4.282833650458298e-05,-2.685368095639734e-05,1.384413059822011e-08,7.020307718662355e-07,6.941075865837923e-06,9.726011261511180e-06,1.025955350769969e-05,2.158011829469366e-06,2.844150316532490e-06,3.188842245815948e-11,
-1.234339237637316e-02,-9.108101811241710e-02,-2.005246266200381e-01,3.493078409625546e-06,-2.871155491369939e-02,2.835929759473796e+00,-2.231661545187243e-05,-8.064399108008519e-01,1.708457380599329e-06,4.807267162455614e-06,7.437347984998700e-07,5.359201104785034e-05,2.614173351266243e-06,-2.100119146415327e-06,4.128112134940019e-05,1.223586732958961e-07,5.543638025812519e-07,4.308003490327421e-07,-1.110234135657968e+00,6.733407572176648e+00,6.959547593569378e-07,5.820157310939521e-05,7.110594904999670e-06,2.455211517536545e-04,1.057800638579137e-05,2.617560505786211e-08,1.477019856377507e-05,6.253340660227087e-06,4.562712602840040e-08,1.996671602524235e-07,1.604801829394529e-06,2.123271723382487e-06,2.274467025190140e-06,4.031111881208365e-06,7.065581809843785e-06,7.402618370190784e-07,1.683932302919816e-05,2.414478957332757e-05,4.378870463398197e-09,1.605556661347327e-06,3.730844193923174e-10,1.508831027919263e-13,9.141180744373901e-15,7.475631085201178e-04,4.957164522633267e-03,6.184730320808571e-05,-2.419921397082351e-04,-1.564304002232350e-04,4.463480983177127e-07,9.738892169375939e-06,1.523553256966855e-05,2.651743732724020e-04,3.709763339891645e-05,2.129130499614264e-05,1.035542755829005e-05,1.541725636045044e-10,

