1
0
63
1
(4 0
((0,0) (7,127) (0,0))
((0,256) (7,383) (0,0))
((0,128) (7,255) (0,0))
((0,384) (7,511) (0,0))
)
4
FabOnDisk: SD_0_New_MF_D_0003 0
FabOnDisk: SD_0_New_MF_D_0001 0
FabOnDisk: SD_0_New_MF_D_0002 0
FabOnDisk: SD_0_New_MF_D_0000 0

4,63
-1.754628109241187e-04,2.149861201851604e+00,1.583431284604839e-01,-4.532780552597914e-06,-1.149986321860334e-08,7.177431392651276e-17,1.943585536792976e-11,7.991755925522241e-08,4.983360894008225e-09,7.818852268321736e-12,2.913595481592518e-03,-1.296540558722225e-09,9.343499787872310e-28,7.361478276821624e-29,2.833594353398409e-13,1.066996982674751e-11,5.404445557624352e-23,1.195820438082246e-11,4.640578239070651e-17,1.106553104156257e-28,1.272225616671140e-12,1.197862613817314e-09,6.026266666273338e-11,-1.437046079024298e-10,7.669260692755269e-12,7.078260062416090e-26,-1.081160037122971e-11,-5.926540594766094e-13,-7.155144904334408e-12,6.709691867529892e-28,5.052415422996429e-13,1.303392595531605e-20,4.064491875525527e-24,-5.991204750317404e-14,-2.754753751919772e-14,-4.137226798646540e-13,-2.218933491355676e-13,-3.605964268525694e-13,-1.303393630657397e-14,-1.277641593565654e-11,-1.376041862114268e-13,-8.164394007444016e-14,-3.094801429033870e-12,5.572018882784436e-16,5.691530805483345e-17,8.463857577421242e-19,1.606575070208750e-16,5.195101987426102e-17,2.136917264518926e-15,4.954108200486573e-16,8.926547091411304e-16,-4.098102449142256e-14,-1.950478923079755e-11,-1.497239710338773e-13,-5.234069168695787e-09,-4.364463056260604e-11,-9.332602289291868e-13,-1.120671218758500e-11,1.135816617493970e-01,3.809032391328761e+03,0.000000000000000e+00,4.430000471944494e+02,1.010353527009231e+05,
-1.979513251952514e-07,5.654671271854821e+00,1.469521131386597e-01,7.226722119672426e-06,6.968693962596865e-05,5.068612109564419e-04,1.327252022279275e-07,6.120565784980986e-05,1.235468529917432e-02,1.464315146923510e-08,1.327116929411739e-03,8.243087865217308e-11,3.962776807738612e-10,3.460321652342740e-11,1.522138886211885e-09,3.815409561998234e-10,1.135509862507762e-09,2.372002454237913e-09,5.190297564298932e-12,1.777555814776606e-11,1.796542184601629e-11,3.784613121069202e-03,2.304431184239180e-02,1.291882774161977e-10,1.269641462122301e-08,1.673953798768191e-10,5.062018558621751e-09,5.744216543560158e-15,1.181975997242950e-15,4.218447861684383e-09,2.208624533391955e-09,4.933513972599907e-15,4.035322214235732e-12,-5.358308739928723e-16,-9.733599605807812e-16,-1.807303358761661e-16,-1.672294114519511e-15,-2.045320653045724e-15,-2.748088368813395e-17,-1.646475202103699e-15,-2.945372116871903e-15,-4.552936176359685e-20,-2.807982378874492e-17,1.408458757056642e-13,3.931799303907206e-17,2.442918906891587e-18,9.405096190012999e-07,6.422684780502922e-06,2.502376804474258e-08,2.881534388952697e-08,1.778944346889584e-08,7.335937331040676e-13,-9.325402199584236e-17,-4.142181535182387e-16,-4.079589291460130e-15,-6.679059175363418e-15,-5.260805426611803e-15,-2.523354767439775e-15,1.053983625087199e-01,7.830885387853330e+03,0.000000000000000e+00,2.290705687668564e+03,1.013250074545605e+05,
-1.035244675150041e-03,5.393981053703730e+00,1.491219554182743e-01,1.053073146356899e-05,1.023402239542312e-04,5.960050364448715e-04,1.327472914011295e-07,7.195291464623892e-05,1.228904286768582e-02,2.248132610267136e-08,1.672345914981939e-03,1.389146140551728e-10,4.028714620404358e-10,5.064540918248546e-11,1.351005209339080e-09,1.912996335288288e-10,1.918978779137556e-09,2.797078219038760e-09,5.289509955116255e-12,2.639960137061522e-11,1.892789970312165e-11,4.300529463723637e-03,2.221930114757356e-02,1.270774313200597e-10,1.036598123496179e-08,3.043272994369576e-10,6.724584220471333e-09,1.446243164646306e-13,3.089856202331691e-15,2.860288411469150e-09,1.138254217661470e-09,2.756426398924296e-14,8.953856818870091e-12,1.949601106547103e-13,5.279922585526944e-15,-2.337682438648728e-16,-6.664359412309422e-16,-1.477236899736910e-15,-1.473493941092772e-16,-3.340024786741379e-15,-2.124303215673464e-15,-1.158422536812079e-18,-1.771696494506782e-15,4.736648493878634e-14,8.468161576799517e-17,2.942079621732596e-18,1.571334991787539e-06,1.083333440795075e-05,1.717224494695875e-08,9.809079128921012e-08,6.198296299561045e-08,1.455704043798784e-12,-3.565502769801667e-16,-7.815074763969860e-16,-7.814341451901302e-14,-2.949454242851973e-14,-5.569817843294453e-15,-8.300776316520665e-15,1.069590419039902e-01,5.448878638837174e+03,0.000000000000000e+00,2.139932627536836e+03,1.007722171636730e+05,
-6.466592316359992e-08,5.724600642288246e+00,1.460986315000665e-01,6.127853348902877e-06,5.851592008704485e-05,4.700072530728405e-04,1.349544691233899e-07,5.713072242822074e-05,1.235255324278794e-02,1.214139097709108e-08,1.186558445119916e-03,5.175902749888704e-11,2.739582339443906e-10,2.315965347136031e-11,1.095364687493819e-09,2.997342513255715e-10,8.765038730623141e-10,1.641202732351992e-09,3.576556181140034e-12,1.183250687117491e-11,1.260000507170731e-11,3.574514866726656e-03,2.343672638965954e-02,8.825894196178514e-11,9.101776122917660e-09,1.012932624267148e-10,3.396785171873682e-09,2.948320324773895e-17,4.586341157148407e-16,3.019102513295619e-09,1.634706113116959e-09,4.053243073588697e-15,2.207202639777830e-12,-1.687780180935145e-16,8.247199768292555e-14,-2.876139495719255e-17,-3.637701102753636e-16,-7.151966878007212e-16,-1.051850829365714e-17,-5.557986625881190e-16,-5.755767287661087e-15,-1.099522879411520e-20,-5.312090600864841e-18,7.926806047346588e-14,1.768953898739237e-17,1.214111154104448e-18,5.936031971297847e-07,4.037429653746651e-06,1.811172105978989e-08,1.352152435224106e-08,8.268969297417117e-09,4.297799193550742e-13,-9.864439024045941e-17,-1.401858080067674e-15,-9.545027538798991e-16,-4.843905563994251e-15,-2.300692103499466e-15,-1.529156926077830e-15,1.047835933781256e-01,7.928393635798071e+03,0.000000000000000e+00,2.330703012751408e+03,1.013249995577332e+05,

4,63
1.898171439559476e-04,5.388830327491538e+00,8.373319644858952e-01,5.036094513808357e-05,4.321852061543220e-04,9.476095574917014e-04,1.217582070328841e-04,4.046771683832465e-04,1.299527600441170e-02,2.072050128288826e-05,1.827790780227408e-01,1.464486073490613e-06,6.614746938322255e-06,7.349664044035689e-07,2.326715128183546e-04,2.751893364802893e-04,1.995995193274409e-05,5.114891971931940e-04,1.674980864118498e-05,9.736843214562616e-07,6.915058425721867e-05,1.440383358587277e-02,2.221418206153047e-02,8.655551761999100e-07,6.452461589758987e-04,2.195745424991612e-05,4.565559907462811e-03,1.007566440052166e-04,4.798255028371403e-04,3.249211649733343e-05,1.106606136234992e-04,1.318370719279079e-07,3.166004213776945e-05,3.805022478631360e-05,1.224934881276500e-05,5.825690790856910e-05,3.120096484003516e-05,4.033698887927001e-05,3.082421427708871e-06,6.462339174967209e-04,1.311832598648418e-05,4.383064375733553e-06,1.116465695232382e-04,1.904342755265801e-05,7.170436326601782e-07,1.737801185690594e-08,2.506709616563437e-06,1.770315405429299e-05,2.955288022300353e-05,1.268330140407464e-05,1.620743072782974e-05,1.678761215207639e-06,4.389626278555910e-04,1.121540209811483e-05,5.259449937997469e-02,1.611183518086177e-03,1.405829297826046e-04,4.412573928001064e-04,6.019583007360306e-01,7.383984646279892e+04,0.000000000000000e+00,2.137072397627286e+03,1.016972361149907e+05,
1.531728895682864e-07,5.724264073086612e+00,1.490941178494574e-01,1.048479322130272e-05,1.018932276195575e-04,5.949315775665508e-04,1.349343657834610e-07,7.181695599361227e-05,1.235666946221885e-02,2.236872411965142e-08,1.668053472086904e-03,1.383420219900554e-10,5.361780675648783e-10,5.069742522904791e-11,1.909833836875650e-09,4.071167958287636e-10,1.907826064384115e-09,3.243753164532178e-09,7.038707408798171e-12,2.632796644455350e-11,2.363442475743206e-11,4.294218898660025e-03,2.343474057423263e-02,1.771944881724107e-10,1.588456632507037e-08,3.028197715633342e-10,7.270346954471514e-09,3.294297035626971e-13,5.739225095754509e-15,5.194055527427796e-09,2.504830881235649e-09,2.764986533878457e-14,8.890139797003069e-12,3.293202232158415e-13,2.215484036170563e-12,1.909920639871105e-13,6.520807478356387e-13,1.184114241101071e-12,1.124230959083689e-14,6.262455899016948e-13,1.702882049356994e-12,1.477996546744856e-17,1.926190328153875e-14,1.804132739542112e-13,8.422921621799204e-17,4.196351556666054e-18,1.564751569849278e-06,1.078670636323400e-05,3.026012185378472e-08,9.683760738595767e-08,6.117342997052082e-08,1.446885918419537e-12,2.667677247803548e-13,1.056090533466966e-13,5.528301189054867e-12,1.135165566013548e-11,6.680445618742851e-12,3.104160656315806e-12,1.069390089591106e-01,7.930339305068538e+03,0.000000000000000e+00,2.330510941232719e+03,1.013250373922190e+05,
3.110669688874430e-03,5.653803612922054e+00,1.581549825538213e-01,2.951093797962000e-05,2.723184881675964e-04,8.579706269879554e-04,1.949017147741096e-07,1.122690952383654e-04,1.242897097309978e-02,7.432310250359825e-08,2.892708385561560e-03,1.962046284358557e-10,5.663462276137586e-10,5.862674540099167e-11,1.940348614437242e-09,3.969435795062753e-10,7.176589283134144e-09,3.502577288805481e-09,7.432134707415358e-12,3.088922770372563e-11,2.474893618118256e-11,6.001201623433399e-03,2.303976751920876e-02,1.873142517440226e-10,1.606170088408982e-08,5.192464354854722e-10,8.110039207559989e-09,1.196209661090321e-12,2.096348291899146e-14,5.210701714954835e-09,2.489213006918327e-09,1.899030391439251e-13,2.229432294780420e-11,2.412810931257990e-12,1.832008319184015e-12,1.435746672717519e-13,2.684701210215606e-13,5.314860132998673e-13,3.006682150180304e-15,1.283681352133421e-13,2.149056184282226e-13,1.037027937090107e-17,1.034131365752382e-14,1.791944304955956e-13,1.179349180038456e-16,4.591915231255821e-18,2.506856877637805e-06,1.770278590236110e-05,3.031555876043221e-08,1.722359379126980e-06,1.173189792560845e-06,3.735073134800105e-12,1.345620854713093e-13,7.432859152570095e-14,5.500810288941109e-12,6.937121613396625e-12,3.345799501463619e-12,1.912165679484780e-12,1.134482273231383e-01,7.855283985707616e+03,0.000000000000000e+00,2.290199207769720e+03,1.019546621922317e+05,
5.690475293764457e-08,5.754369691483824e+00,1.469419616285998e-01,7.212831477318504e-06,6.954714831950459e-05,5.064239983198605e-04,1.366449187028701e-07,6.115576617078020e-05,1.235466585770099e-02,1.461128753973122e-08,1.325460134463494e-03,8.210575983957683e-11,3.951576981985945e-10,3.449200602138815e-11,1.518510494000902e-09,3.810126161229767e-10,1.132277982591947e-09,2.365236273734310e-09,5.175448082730014e-12,1.771729215972491e-11,1.791750925371871e-11,3.782125474615850e-03,2.360478911776253e-02,1.288164978174762e-10,1.266667693476147e-08,1.666855193513528e-10,5.047111926687961e-09,1.285134747223605e-13,2.323643250663620e-15,4.208558706565180e-09,2.204328512099339e-09,8.811680750858433e-15,4.013731345024940e-12,1.056169050903150e-13,1.302109897689989e-12,1.137979442478123e-13,5.211007851436280e-13,7.762812639865247e-13,8.962646173051573e-15,4.252638155738514e-13,2.046354200746913e-12,8.387672051667801e-18,6.929103052953978e-15,1.403141754736591e-13,3.906679304925473e-17,2.430092375213683e-18,9.368647734124577e-07,6.397492947078839e-06,2.496682843900575e-08,2.860360138042338e-08,1.765674234811697e-08,7.301721782069932e-13,3.880057164047153e-14,5.526212356361286e-13,1.338436264255626e-12,3.883432403534157e-12,1.836781631749008e-12,1.062140623054102e-12,1.053910578425807e-01,7.965517469033462e+03,0.000000000000000e+00,2.346721720947794e+03,1.013250186165689e+05,

