1
0
63
1
(4 0
((0,0) (7,127) (0,0))
((0,256) (7,383) (0,0))
((0,128) (7,255) (0,0))
((0,384) (7,511) (0,0))
)
4
FabOnDisk: SD_0_Old_MF_D_0003 0
FabOnDisk: SD_0_Old_MF_D_0001 0
FabOnDisk: SD_0_Old_MF_D_0002 0
FabOnDisk: SD_0_Old_MF_D_0000 0

4,63
-2.191376942065827e-04,2.157072985514624e+00,1.583183969071129e-01,0.000000000000000e+00,2.497606501440102e-21,8.025350441839722e-17,2.190373372150120e-11,8.396466396355648e-08,5.549341211394641e-09,8.816905117451485e-12,2.912929000038606e-03,0.000000000000000e+00,1.170532690350897e-27,9.218169885877063e-29,3.168534754346626e-13,1.072557191795157e-11,6.480625927285058e-23,1.376764006317003e-11,5.504273834601152e-17,1.430069403896386e-28,1.467634237040302e-12,1.350118401664800e-09,6.950549865796995e-11,0.000000000000000e+00,8.795659198019240e-12,9.492281289692008e-26,0.000000000000000e+00,0.000000000000000e+00,0.000000000000000e+00,8.773459257597790e-28,5.910972525678584e-13,1.566937440212280e-20,5.457387626689537e-24,0.000000000000000e+00,0.000000000000000e+00,0.000000000000000e+00,0.000000000000000e+00,0.000000000000000e+00,0.000000000000000e+00,0.000000000000000e+00,0.000000000000000e+00,0.000000000000000e+00,0.000000000000000e+00,6.744746685272990e-16,6.892603668371322e-17,1.025457537939335e-18,1.947113432162026e-16,6.296984184185133e-17,2.590965289819069e-15,6.007416011281256e-16,1.082444705417112e-15,0.000000000000000e+00,0.000000000000000e+00,0.000000000000000e+00,0.000000000000000e+00,0.000000000000000e+00,0.000000000000000e+00,0.000000000000000e+00,1.135658070790700e-01,3.809080866734807e+03,0.000000000000000e+00,4.430000507739709e+02,1.010021910786883e+05,
-1.606195301049668e-07,5.675218937319144e+00,1.469510122825838e-01,7.225257261198500e-06,6.967205869936108e-05,5.068148884195642e-04,1.327249801518653e-07,6.120048552739316e-05,1.235468686402094e-02,1.463975580220971e-08,1.326936828100387e-03,8.238744481939057e-11,3.961163481740614e-10,3.458768629808462e-11,1.521594576395198e-09,3.814373271251103e-10,1.135150277622172e-09,2.371038667252587e-09,5.188192295752351e-12,1.776769859477317e-11,1.795835063203435e-11,3.784347711426051e-03,2.304485033651779e-02,1.291300714588409e-10,1.269147055534039e-08,1.672979118087307e-10,5.059520244157366e-09,4.892670942585356e-14,1.421667323750338e-15,4.216831191601529e-09,2.207884285363294e-09,6.900446407566723e-15,4.032416062832122e-12,1.192531071168019e-16,3.499073071039163e-14,0.000000000000000e+00,0.000000000000000e+00,0.000000000000000e+00,0.000000000000000e+00,0.000000000000000e+00,0.000000000000000e+00,0.000000000000000e+00,0.000000000000000e+00,1.407607831773007e-13,3.928330900971021e-17,2.441068971937032e-18,9.400287841631748e-07,6.419368863014536e-06,2.501524458173647e-08,2.878991649471894e-08,1.777353210460467e-08,7.332125646024729e-13,0.000000000000000e+00,0.000000000000000e+00,0.000000000000000e+00,0.000000000000000e+00,0.000000000000000e+00,0.000000000000000e+00,1.053975717637592e-01,7.831219954880279e+03,0.000000000000000e+00,2.290765576525538e+03,1.013248777971891e+05,
-8.373522599081138e-03,5.399659911151065e+00,1.477524899505671e-01,1.052499399955011e-05,1.022839735984063e-04,5.958707282202025e-04,1.315500655570488e-07,7.193618985433905e-05,1.205808289773452e-02,2.246716843444125e-08,1.671798903452126e-03,1.388248431528869e-10,4.034259101879829e-10,5.067369372210185e-11,1.352660804999667e-09,1.916023966545058e-10,1.917547369209765e-09,2.799743378349714e-09,5.297884825588324e-12,2.638721543897469e-11,1.895246658624357e-11,4.299738579792527e-03,2.215909142909693e-02,1.272645429974259e-10,1.038178715604631e-08,3.040761903020188e-10,6.730812181907486e-09,1.370738484974498e-13,2.742782846729789e-15,2.867145627193307e-09,1.141239294562937e-09,2.651202842123589e-14,8.944085262319532e-12,1.707947189595612e-13,0.000000000000000e+00,0.000000000000000e+00,0.000000000000000e+00,0.000000000000000e+00,0.000000000000000e+00,0.000000000000000e+00,0.000000000000000e+00,0.000000000000000e+00,0.000000000000000e+00,4.731646271365294e-14,8.460603982268169e-17,2.939192063809284e-18,1.570337330756894e-06,1.082630010792287e-05,1.721490818000639e-08,9.792210116338672e-08,6.187412319400255e-08,1.453829277822965e-12,0.000000000000000e+00,0.000000000000000e+00,0.000000000000000e+00,0.000000000000000e+00,0.000000000000000e+00,0.000000000000000e+00,1.059819946743979e-01,5.458935935166826e+03,0.000000000000000e+00,2.140300129814958e+03,9.883121798313323e+04,
-5.361249478989426e-08,5.745092159447586e+00,1.460982440612615e-01,6.127298502647123e-06,5.851041179616528e-05,4.699876976538865e-04,1.349563925316823e-07,5.712846861712340e-05,1.235254437014413e-02,1.214019250311345e-08,1.186487032546775e-03,5.173592883067442e-11,2.738504949780474e-10,2.315014406572509e-11,1.094958395566920e-09,2.996373309336370e-10,8.763608862179956e-10,1.640562829986936e-09,3.575141463016814e-12,1.182761886783078e-11,1.259517787793604e-11,3.574392326308989e-03,2.343692987856294e-02,8.822351252582739e-11,9.098374670120051e-09,1.012460935749946e-10,3.395392886604486e-09,0.000000000000000e+00,8.923017198380630e-16,3.017970616420884e-09,1.634121291813282e-09,4.171238842121890e-15,2.206055505610484e-12,3.649835651778668e-14,1.974163386439090e-15,0.000000000000000e+00,0.000000000000000e+00,0.000000000000000e+00,0.000000000000000e+00,0.000000000000000e+00,0.000000000000000e+00,0.000000000000000e+00,0.000000000000000e+00,7.921313976114454e-14,1.767519658138780e-17,1.213190243165391e-18,5.933413638775131e-07,4.035640668579837e-06,1.810503477342801e-08,1.351349741175193e-08,8.264022732253661e-09,4.295730640291061e-13,0.000000000000000e+00,0.000000000000000e+00,0.000000000000000e+00,0.000000000000000e+00,0.000000000000000e+00,0.000000000000000e+00,1.047833176343058e-01,7.928290293226706e+03,0.000000000000000e+00,2.330722111182175e+03,1.013249521529001e+05,

4,63
1.398566528801278e-04,5.394540307944091e+00,8.373319017328774e-01,5.033169746055332e-05,4.325193591820488e-04,9.479787268694629e-04,1.210835736193854e-04,4.033559262996403e-04,1.299094630074023e-02,2.071027651844200e-05,1.827790632083262e-01,1.488508142651018e-06,6.626304920104928e-06,7.434115701512791e-07,2.328916277395643e-04,2.744973602084745e-04,2.006615418612125e-05,5.084912847073235e-04,1.659232664248989e-05,9.741334057098476e-07,6.842189768094665e-05,1.440013056269854e-02,2.221297993414699e-02,8.611933468420881e-07,6.448207399030259e-04,2.215337850386627e-05,4.577298451584698e-03,1.033495477420375e-04,4.787238015351635e-04,3.290996751221536e-05,1.111588246974820e-04,1.311237706792952e-07,3.166731932205391e-05,3.805910513871841e-05,1.226588123624084e-05,5.818419105231768e-05,3.130476639507073e-05,4.056653873792896e-05,3.051747398983475e-06,6.463674197847278e-04,1.296903134200526e-05,4.307842917945419e-06,1.120981545181165e-04,1.907892499076359e-05,7.159588449785430e-07,1.740194764015449e-08,2.505755676196239e-06,1.769633450072228e-05,2.964439786265669e-05,1.271444446747608e-05,1.614792714965753e-05,1.645824453812343e-06,4.337241059943124e-04,1.132816018934650e-05,5.259449530516066e-02,1.606666073509998e-03,1.406619098732762e-04,4.385477938091843e-04,6.019582520719250e-01,7.357185736292586e+04,0.000000000000000e+00,2.137440800106551e+03,1.017293272066750e+05,
1.359298768971026e-07,5.744755961179531e+00,1.490906020953665e-01,1.047912712822121e-05,1.018376522990330e-04,5.947984321575999e-04,1.349363130647742e-07,7.180039700624675e-05,1.235668555511563e-02,2.235475169155505e-08,1.667511638979622e-03,1.382589686476627e-10,5.360235343195535e-10,5.067660931352074e-11,1.909451654967018e-09,4.070707472568141e-10,1.906422272152344e-09,3.242744773814283e-09,7.036691573156565e-12,2.631675263312271e-11,2.362834050848346e-11,4.293435092417408e-03,2.343494605567547e-02,1.771416640604306e-10,1.588162830008394e-08,3.025948878471440e-10,7.267340633573782e-09,3.296507947852827e-13,5.614470930744053e-15,5.193302880801377e-09,2.504677048551916e-09,2.753673191556927e-14,8.881147768465091e-12,3.255750121251246e-13,2.580932987702878e-12,2.108026665459898e-13,4.954959979446037e-13,5.766105665908369e-13,7.033955828103714e-15,4.332305646617428e-13,1.042234449419883e-12,1.096860336688846e-17,9.056298145120372e-15,1.803767429201344e-13,8.415541530478309e-17,4.194023408367273e-18,1.563759333875530e-06,1.077971190584486e-05,3.025552866973082e-08,9.667210207685747e-08,6.106668084523207e-08,1.445584001860811e-12,6.248665379708750e-14,1.110730215706380e-13,3.213326146029652e-12,3.730399203351552e-12,4.258326076226302e-12,9.985844039327982e-13,1.069364841918690e-01,7.930392913821537e+03,0.000000000000000e+00,2.330530294728048e+03,1.013249567381156e+05,
1.293058610504305e-02,5.674352450554068e+00,1.581302135809142e-01,2.943319871465889e-05,2.718202194348880e-04,8.575526027065200e-04,1.946528878653538e-07,1.121150953443665e-04,1.267279880763685e-02,7.416096261097183e-08,2.891805779686296e-03,1.961925388784501e-10,5.779935255140769e-10,5.925896800449658e-11,1.961401790259093e-09,3.969622301119796e-10,7.149701045769964e-09,3.560475473724505e-09,7.628289661168485e-12,3.102577196286847e-11,2.534891200903597e-11,5.993182413581159e-03,2.329144410766838e-02,1.927021564882713e-10,1.612692852764679e-08,5.191322926646544e-10,8.299621140801842e-09,1.193018622750756e-12,2.090490435786119e-14,5.210058390181305e-09,2.489205915857351e-09,1.893510686508811e-13,2.229751785094346e-11,2.404346470071005e-12,1.790112954250390e-12,1.736649825458692e-13,3.617873862673391e-13,7.051539973654983e-13,1.097715719035706e-14,3.560007160027121e-13,3.282974246066096e-13,1.510545623908479e-17,1.214520306309984e-14,1.791785016304021e-13,1.178997889963663e-16,4.756048101824762e-18,2.505929040169080e-06,1.769607364603928e-05,3.031216688433707e-08,1.711000589434972e-06,1.165305089132723e-06,3.729829014502360e-12,1.436617391122220e-13,8.432789627862320e-14,6.230870618371879e-12,7.449983151023787e-12,3.263059964911602e-12,2.067721893028249e-12,1.134321389651118e-01,8.847198240431329e+03,0.000000000000000e+00,2.290259681436988e+03,1.039894007248709e+05,
4.683023106624296e-08,5.774851921340026e+00,1.469408749994796e-01,7.211386815148328e-06,6.953247196474880e-05,5.063782492753593e-04,1.366455637201478e-07,6.115065884070052e-05,1.235466731658069e-02,1.460794042058438e-08,1.325282309290937e-03,8.206235025937608e-11,3.949950266121953e-10,3.447644150014943e-11,1.517973425976481e-09,3.809224739395880e-10,1.131921958271544e-09,2.364292363860301e-09,5.173375863503964e-12,1.770935529275089e-11,1.791076860227513e-11,3.781863277330020e-03,2.360490956909662e-02,1.287610395933109e-10,1.266192683322539e-08,1.665909289018103e-10,5.044809802319322e-09,1.327817118108491e-13,2.324992618584971e-15,4.206973275557632e-09,2.203602552254272e-09,8.792592996529801e-15,4.010969271945303e-12,1.078063833641314e-13,8.066074837425128e-13,4.334509029568993e-14,1.900590394250007e-13,2.189747744024950e-13,2.715138979330999e-15,1.461220464333582e-13,1.595814124312851e-12,2.884337788512443e-18,2.000180149749112e-15,1.402291117431166e-13,3.903237975119113e-17,2.428252041028936e-18,9.363874403627045e-07,6.394201636244969e-06,2.495831485550118e-08,2.857854223057263e-08,1.764106439484827e-08,7.297332661149692e-13,3.870105533862357e-14,4.603726073426229e-13,1.397465944675010e-12,2.385176440125613e-12,1.044849298424939e-12,6.517621915453394e-13,1.053902773106373e-01,7.965371010272671e+03,0.000000000000000e+00,2.346729410209098e+03,1.013249929598221e+05,

