1
0
56
1
(4 0
((0,0) (7,127) (0,0))
((0,256) (7,383) (0,0))
((0,128) (7,255) (0,0))
((0,384) (7,511) (0,0))
)
4
FabOnDisk: SD_5_New_MF_D_0003 0
FabOnDisk: SD_5_New_MF_D_0001 0
FabOnDisk: SD_5_New_MF_D_0002 0
FabOnDisk: SD_5_New_MF_D_0000 0

4,56
-7.472670606981217e+00,-1.623333772112010e+01,-2.771538351820378e+01,-5.669263638781083e+00,-8.063610649624650e+00,-8.540378021629177e+00,-9.787274012238494e-01,-6.316626938970646e+02,-2.713383976026224e-01,-6.570598654117787e-01,-7.725491623553998e-02,-1.300558162775777e+01,-1.271027261998192e+01,-1.297881951131087e+00,-9.330908087882634e+00,-4.189952492688637e-01,-6.795497494513546e-02,-2.654967029889741e+00,-1.304394445712799e+02,6.208751503374021e-19,-8.267536800534024e-02,-4.832671959366562e+01,-1.671241945441639e+00,-2.007648308372840e+02,-7.352060007208968e+00,-2.494685238663661e+01,-3.779248432107903e+00,-2.875638440545508e+00,-8.053798238018117e-03,-1.877593250115708e+00,-1.589429115298932e+00,-9.175797679324075e-01,-3.755976629979100e+00,-2.165760824642794e+00,-2.837252641305111e+00,-1.906281718852694e-01,-3.236373730785697e+01,-5.659620832840635e-01,-3.088933981389514e-01,-8.425101606337169e+00,-1.018114326524948e+00,-1.671741904574407e-02,-6.741788183264374e-04,-8.157704681888370e-02,-1.650197772691383e-01,-2.051064098639142e+00,-7.015574241753142e-02,-3.644473825576990e-01,-1.311248032656286e-01,-2.192947784317005e+01,-2.127426444034897e+00,-5.819278187856714e+02,-8.749443505163677e+01,-9.002538678918905e+00,-2.421577261354864e+01,-1.598436938365921e-10,
-1.239466566436376e-02,-9.309886364147150e-02,-2.035998289606502e-01,2.861432097855782e-06,-2.909493426618595e-02,1.846063315427043e-01,-2.295883894140681e-05,-8.248291203548728e-01,-1.216300266199576e-07,-2.696211032126435e-07,-3.310408295148437e-08,-9.948767913563618e-07,-1.050576573371804e-07,-2.259828217240108e-06,-1.657695169255179e-06,-3.886303201371187e-09,-1.811513256956243e-08,-1.247224013187845e-08,-1.141791080358260e+00,7.807664439701494e-01,-9.797146085883921e-08,-6.492565409975743e-06,-3.702607578296787e-07,-9.621442601051151e-06,-1.199665354115561e-07,-1.776626911560648e-09,-2.018394902848981e-06,-8.475619223443168e-07,-2.365563688115304e-09,-1.363964974214105e-08,-1.134928761409448e-07,-1.950367674903455e-07,-2.928119445169431e-08,-1.190262927321271e-07,-1.972462438141316e-07,-3.257952990789678e-09,-1.314605106173402e-07,-6.507359420094262e-07,-7.708908924139528e-12,-5.000968062158729e-09,-1.001830856052501e-10,-8.137808485831956e-14,-2.727150866407784e-15,-1.203110154962037e-03,-8.551423984211300e-03,-1.057421452844021e-05,-2.535166677586092e-04,-1.640170454873111e-04,-3.196760215534563e-09,-6.755011278381872e-08,-2.636778883935881e-07,-1.036950748703308e-06,-8.868444366755677e-07,-9.582202184705195e-07,-2.368222623932839e-07,-1.330568988322511e-11,
-2.542012860078024e-01,-1.054483534426118e+00,-2.792302242432159e+00,-2.222522639006638e-03,-3.799743931495636e-01,-1.614495417622862e+00,-6.192380447403459e-04,-3.996714866085334e+00,-3.986085991821395e-06,-1.716119482098017e-06,-7.725049324335954e-07,-6.907611519809739e-06,-5.569048826096787e-07,-6.964815936790254e-05,-1.633074581367033e-05,-2.839017054836684e-08,-1.932870729054641e-07,-9.469623538237171e-08,-4.341178388839472e+00,1.841995228430020e+00,-2.029553586923018e-06,-4.923066133245141e-05,-6.176339082278286e-06,-4.145407229328660e-05,-4.653476668851952e-07,-4.097859679340023e-09,-1.296956516759708e-05,-8.120159507277060e-06,-4.326123729592864e-09,-1.730135225056744e-07,-1.341776433439764e-07,-1.526777639531677e-06,-8.751640048982681e-07,-1.461208986970400e-06,-3.089542653208598e-06,-1.488913304278205e-07,-4.299751861808501e-06,-1.044208510567185e-06,-1.273565990992118e-09,-2.889729331342768e-06,-1.298141593752603e-09,-2.531283542715949e-12,-5.792773999151291e-14,-5.926721893057501e-03,-1.472747633823877e-02,-1.387262515769196e-04,-1.527329936279078e-02,-1.067610953117486e-02,-1.744133092293786e-07,-4.062994979911597e-06,-3.712689485529373e-07,-6.562442486306031e-05,-2.114659691354295e-05,-9.843008239065402e-06,-6.001212067365653e-06,-4.934008757118136e-11,
-4.031762507845393e-03,-3.019616936087374e-02,-8.888987612631237e-02,1.967062191345399e-07,-1.104716301289084e-02,1.046532309275433e-01,-6.741253960406025e-06,-3.382528529850660e-01,-9.027773272215336e-08,-3.088115970892793e-07,-2.637965151172366e-08,-1.138408988212434e-06,-2.630081495008867e-07,-6.789958118558547e-07,-1.632053554649181e-06,-3.768919310916745e-09,-1.402024221155730e-08,-1.295080974941901e-08,-4.816613188116217e-01,2.680974729595678e-01,-8.608766485997509e-08,-8.304152327451609e-06,-1.604957411739104e-07,-5.046085686893215e-06,-1.384868877704738e-07,-6.318184419723415e-10,-3.770740527911446e-06,-1.235382367751456e-06,-6.657202448111038e-10,-4.527626603323039e-09,-4.162591368947814e-08,-4.714435339046770e-08,-6.876644764598510e-09,-2.360496571708711e-08,-4.497886479496370e-08,-8.814965879889279e-10,-4.131676493014685e-08,-3.085405944699786e-07,-8.824631573797687e-13,-8.311778878675220e-10,-1.061792137252141e-10,-5.015742492165641e-14,-2.506395526534639e-15,-7.229828249852735e-04,-5.002393212737500e-03,-1.277302057178796e-05,-4.401173533277648e-05,-2.760644819046462e-05,-7.794215110992042e-10,-7.138628908019074e-09,-1.217961143045596e-07,-2.732976022926692e-07,-2.245082559195372e-07,-1.627262453771231e-07,-6.128555621380699e-08,-1.109608238625270e-11,

4,56
5.554678380770095e+00,2.826217100150539e+01,4.300728427200679e+01,7.315130343469347e+00,1.294386479609299e+01,3.127698644437991e+02,5.785704068817853e-01,-5.959878424111054e-12,5.628077574501594e-01,1.359582127747326e+00,1.529667629596056e-01,2.331112885397259e+01,1.556594145214931e+01,1.660352656148273e+00,1.558609268437562e+01,9.270585621776399e-01,1.185277500921201e-01,2.846990334395980e+00,4.578567956235239e+02,2.803859811136329e+02,1.752597949218268e-01,5.614666979879683e+01,3.618765016971625e+00,3.009069649652424e+02,1.210160188198254e+01,2.719850725770966e+01,8.333465098940330e+00,3.300675893190872e+00,1.382182774127427e-02,3.657558010092303e+00,2.319033433184624e+00,1.135846789590823e+00,3.766495601513192e+00,2.313755638227833e+00,3.871177722151288e+00,2.043743190224488e-01,3.363243274316543e+01,9.655593800619370e-01,6.529640458158290e-01,8.020315961505210e+00,1.400095316589458e+00,4.670207310970460e-02,1.146493595643450e-03,7.475989493813609e-02,3.610482070205873e-01,2.220169678006160e+00,4.693366007056948e-01,6.641436157679480e-01,1.897624778905518e-01,1.630642584765769e+01,1.728261911898293e+00,1.853809437279743e+00,9.013414335824571e+01,1.468957029268020e+01,2.519250404920893e+01,1.550688466522843e-10,
-3.684539092852894e-03,-3.041438485449860e-02,-8.940161530903794e-02,7.534699917001956e-06,-1.111804224141195e-02,4.873122697087319e-01,-6.793472720458316e-06,-3.403129519557356e-01,-6.526304198974125e-08,-1.169892644554068e-07,-2.075281675417528e-08,-5.309413492534389e-08,1.485829803346540e-07,-6.833089385758980e-07,-8.582225127599189e-07,-1.445498431365458e-09,-1.089163735096587e-08,-3.724334589072634e-09,-4.845944295892439e-01,1.827694327952821e+00,-4.265740423585546e-08,-8.101453675154291e-07,-1.419559980009872e-07,-1.890973086314192e-06,3.786040496561104e-08,5.923983938583358e-10,1.817875233385724e-07,5.878001433623873e-07,9.321905747203450e-10,-4.446849583076871e-09,2.657499383900099e-08,1.002392601798244e-06,8.335091745703498e-08,2.578258321193251e-07,4.948872151179661e-07,6.008536151778547e-09,3.529115884967509e-07,1.032580458343105e-06,9.302672971049292e-12,6.454900497306301e-09,5.918638433267391e-11,-5.005946952558907e-14,-1.785982125823124e-15,-7.258162996378716e-04,-5.022650872085130e-03,8.488308129701398e-07,-4.447632769038613e-05,-2.790345060569601e-05,2.909899861720803e-09,1.352988351579320e-07,1.258018456496692e-07,2.921917050791453e-06,5.684702450201617e-06,3.231578795803390e-06,1.556561536796153e-06,1.483141387481623e-11,
1.748254106441613e-01,7.466207432299998e-01,2.356040617195633e+00,2.250556718272374e-03,2.964373563878528e-01,3.324800677641917e+00,7.164090099058929e-04,-6.053144465966227e-01,3.971452880327747e-06,2.139141345173048e-06,8.002183343512220e-07,1.884029462633878e-05,1.005905593966657e-06,7.173418121428857e-05,1.641512631927785e-05,3.432899851604684e-08,1.962505500967057e-07,1.728924802054971e-07,-1.150794841926565e+00,6.872415929008254e+00,2.129815562477256e-06,6.546529244999560e-05,5.326143045220494e-06,8.172804124657832e-05,1.151901840565721e-06,6.790665642207818e-09,2.005036098498141e-05,1.301722946867571e-05,8.032498071825582e-09,1.710215035300887e-07,2.939674213060741e-07,5.582504174199206e-06,2.823413991293083e-06,4.137181104215598e-06,7.663455046769713e-06,1.305014864718352e-07,3.045582950130203e-06,4.307079614603721e-07,7.338248011011599e-10,1.288052294704354e-06,4.221385518957523e-10,2.934778483735284e-12,7.380982117470048e-14,2.324540401777283e-03,8.559039576647023e-03,1.754253630794324e-04,4.019975242639961e-03,3.620386894869231e-03,1.315058574665104e-07,2.367751087574812e-06,1.489839060493205e-07,2.870965434455520e-05,2.344640516758292e-05,3.506730545584890e-05,6.310798578841562e-06,2.705746737774462e-11,
-1.961257126256222e-03,-1.167950487974607e-02,-3.244027707005638e-02,6.400448640921776e-06,-5.909393534266923e-03,1.834501566925885e-01,-1.761822663149748e-06,-1.564850597322918e-01,-4.072606184196708e-08,-1.742001834669320e-07,-1.545432317164980e-08,-5.135670066551510e-07,-7.831251196907375e-08,-1.960493812897897e-07,-1.004739559050871e-06,-2.033162703064150e-09,-7.300708402855639e-09,-7.020769129968915e-09,-1.630273753005096e-01,7.760787894130841e-01,-5.962457487776113e-08,-5.500785387977260e-06,-8.517410752502264e-08,-2.209906333034873e-06,2.730596731406909e-08,1.559057056574270e-10,-1.847470287389192e-06,-7.977649529439044e-07,1.061440081924077e-10,-2.148804639878528e-09,6.530072822722452e-09,6.645032305477935e-07,5.986176595207858e-08,2.758550970138361e-07,4.009892579697005e-07,4.733831450601058e-09,2.236347195658864e-07,1.007554251389383e-06,4.440455489346954e-12,3.543655429003478e-09,-9.291148892983378e-11,-2.263342837063612e-14,-1.513967835103376e-15,-4.547805669354838e-04,-3.099803023023541e-03,-1.059829266525974e-05,-1.194683261371066e-05,-7.333987165249022e-06,-2.254809490704940e-10,1.731437799306409e-08,2.763473682677072e-07,6.378956257782689e-07,1.979201639636445e-06,9.999063504757817e-07,5.418101788090932e-07,1.133057536684134e-11,

