1
0
56
1
(4 0
((0,0) (7,127) (0,0))
((0,256) (7,383) (0,0))
((0,128) (7,255) (0,0))
((0,384) (7,511) (0,0))
)
4
FabOnDisk: SD_5_Old_MF_D_0003 0
FabOnDisk: SD_5_Old_MF_D_0001 0
FabOnDisk: SD_5_Old_MF_D_0002 0
FabOnDisk: SD_5_Old_MF_D_0000 0

4,56
-7.590538313432784e+00,-1.666805851774303e+01,-2.745349590687752e+01,-5.632448075837342e+00,-8.106557404863354e+00,-8.511611640079314e+00,-1.008420500921982e+00,-6.333242786801983e+02,-2.635434684178414e-01,-6.717696288954432e-01,-7.516647941374528e-02,-1.313168928955985e+01,-1.250999318139710e+01,-1.310188266306260e+00,-9.425729560196753e+00,-4.075095053218593e-01,-6.788355803197657e-02,-2.626573527469540e+00,-1.305306836160826e+02,7.750351467376848e-19,-8.088910984301714e-02,-4.839708358045279e+01,-1.612656174921414e+00,-1.969419621041779e+02,-7.018471177142817e+00,-2.491515664107761e+01,-3.657277223751497e+00,-2.846828773315991e+00,-7.799354060181314e-03,-1.903845687093575e+00,-1.598770732393244e+00,-9.263698510371473e-01,-3.700522016732772e+00,-2.130852916671252e+00,-2.975468672521771e+00,-2.005941705774685e-01,-3.226010973071786e+01,-5.652108937633316e-01,-3.071397104526589e-01,-8.405147879282106e+00,-1.011616013255801e+00,-1.644789615099768e-02,-6.841879565441394e-04,-8.029641136456997e-02,-1.766935656576579e-01,-2.040659220341317e+00,-7.019495283633101e-02,-3.788646512639474e-01,-1.349052702619593e-01,-2.368564901516086e+01,-2.348780183023229e+00,-5.561079858218735e+02,-8.464265308721669e+01,-8.655756332627005e+00,-2.354418202167199e+01,-3.410605131648481e-10,
-1.238081600229271e-02,-9.297672631490854e-02,-2.034143425650707e-01,2.888208493123392e-06,-2.906499591123170e-02,1.845283317090219e-01,-2.292447555537653e-05,-8.239564217610904e-01,-1.084816855820533e-07,-2.364994604363388e-07,-2.791543938828960e-08,-8.805181554904880e-07,-1.027407903703243e-07,-2.257608931260764e-06,-1.517259283605674e-06,-3.401287304270270e-09,-1.578523306373482e-08,-1.083453472007274e-08,-1.140541881578862e+00,7.800852231124463e-01,-8.555594183469855e-08,-6.798435813515757e-06,-2.911802122993320e-07,-5.316371000866051e-06,-5.964924406861768e-08,-7.062764908460141e-10,-2.163797565733661e-06,-8.963158760533924e-07,-1.843444374947741e-09,-1.254112751412308e-08,-8.834290390306193e-08,-2.945482090317244e-07,-5.100129410236248e-08,-1.512368906309195e-07,-2.267951004372903e-07,-3.648267063394675e-09,-1.843762059023198e-07,-6.658292833534451e-07,-6.452776468408651e-12,-5.283336206514834e-09,-1.005703464343697e-10,-8.141544435012672e-14,-2.745076699479267e-15,-1.202455942796957e-03,-8.546395141698311e-03,-1.057790499529847e-05,-2.529122099002086e-04,-1.636168569514744e-04,-2.658441903751646e-09,-4.421627853073199e-08,-2.488998657756013e-07,-9.333431679055835e-07,-1.456095325288359e-06,-1.238958336660313e-06,-3.969685901871248e-07,-1.320077380739804e-11,
-2.727953686456244e-01,-1.077823753689346e+00,-3.058659609609878e+00,-1.971246994477427e-03,-3.706336864088249e-01,-1.498523775266136e+00,-4.859671521948147e-04,-3.981877700357609e+00,-3.784843584251624e-06,-1.495944352221333e-06,-7.277055888294198e-07,-6.268659046825493e-06,-5.336426326490262e-07,-6.226658327357214e-05,-8.490108949355443e-06,-3.576302255836711e-08,-1.898796431282469e-07,-7.795183332376830e-08,-4.342125325054337e+00,1.049200345462737e+00,-1.875046884326599e-06,-5.114133570525333e-05,-5.966992818860456e-06,-3.194391239533297e-05,-4.682735575677078e-07,-3.258733864291635e-09,-2.250213510754243e-05,-7.354770373216429e-06,-4.155445068506772e-09,-1.340974687713296e-07,-1.137562840030472e-07,-1.761210918563229e-06,-6.716896791631924e-07,-8.030088751799305e-07,-2.242616725245294e-06,-1.336629699985515e-07,-3.056398735072280e-06,-1.301033024349283e-06,-7.420962906875443e-10,-1.660732045377445e-06,-1.174176414606625e-09,-1.983668700225959e-12,-4.146833163726722e-14,-4.432872367300028e-03,-1.435296992649324e-02,-1.896030380577279e-04,-1.514474296118416e-02,-1.058425199477936e-02,-1.222406298195286e-07,-2.303651722990384e-06,-4.825364178827721e-07,-2.988006593477182e-05,-1.979913289286885e-05,-7.587371136835539e-06,-5.603939498187970e-06,-3.137756721116602e-11,
-4.036184856751027e-03,-3.017416588082920e-02,-8.883580551638304e-02,1.867093195038709e-07,-1.104208480466979e-02,1.045712092545588e-01,-6.735312422389951e-06,-3.380070245786183e-01,-9.030470525184688e-08,-3.088956110574973e-07,-2.638414818425351e-08,-1.138791422577591e-06,-2.631517332292021e-07,-6.792507474692243e-07,-1.387363074759138e-06,-3.186356318769448e-09,-1.227396216079119e-08,-1.047581946850045e-08,-4.812363787277627e-01,2.675665460339135e-01,-8.239859536587528e-08,-8.305996911791300e-06,-1.547266224224917e-07,-4.515933046050991e-06,-1.294121604675993e-07,-5.998280347560152e-10,-3.772586173480268e-06,-1.235564418323544e-06,-4.403743850303886e-10,-4.528824971192186e-09,-2.507181527566075e-08,-4.044704195949304e-08,-5.885554528234787e-09,-2.904483608743578e-08,-5.595413275820711e-08,-8.949928756407034e-10,-4.270360662845031e-08,-3.595663716636696e-07,-8.807874703470070e-13,-4.490970091061917e-10,-1.045268160518452e-10,-5.009511391034900e-14,-2.503706667231024e-15,-7.226249365706779e-04,-4.999841419753177e-03,-1.277466371357698e-05,-4.395707239385248e-05,-2.757229708040622e-05,-7.952030563253178e-10,-5.400650349068719e-09,-1.497202230974755e-07,-1.950403834454171e-07,-1.670209243239328e-07,-7.419236811187892e-08,-4.509268532508074e-08,-1.187105969080449e-11,

4,56
5.553102901242463e+00,2.824835560745325e+01,4.327739281282172e+01,7.166319308449645e+00,1.309411219235816e+01,3.143114547853615e+02,5.928950279744218e-01,-1.465883924661737e-11,5.544649867284811e-01,1.341996778135996e+00,1.557745554336391e-01,2.420645364249336e+01,1.599950767877398e+01,1.711376241615111e+00,1.524584232736921e+01,9.882734188061576e-01,1.162321368509580e-01,2.830657251554368e+00,4.526602528825967e+02,2.797026016933602e+02,1.802801491020948e-01,5.700015404171654e+01,3.553860003545883e+00,2.910363387611051e+02,1.379468789110429e+01,2.649192922847520e+01,8.410905810161211e+00,3.236018792857037e+00,1.319047014778241e-02,3.741494214519104e+00,2.240641333986476e+00,1.098238144134047e+00,3.916146132838521e+00,2.166909557345063e+00,4.045448202067504e+00,1.997293227500998e-01,3.185528609785214e+01,1.172454923056830e+00,5.870993928103893e-01,7.832268576285973e+00,1.476160704131517e+00,4.680119312680571e-02,1.151978387436259e-03,8.251276790190945e-02,3.719028321658642e-01,2.376276990598415e+00,4.610578442897638e-01,6.793392382722286e-01,1.750057274190671e-01,1.637742985092597e+01,1.874029656377643e+00,1.739425935690595e+00,9.305536089442398e+01,1.425460658877438e+01,2.605646756053924e+01,1.869011612143368e-10,
-3.684374388906650e-03,-3.039218872779579e-02,-8.934738327100505e-02,7.533338851637969e-06,-1.111298317065793e-02,4.868170196849391e-01,-6.787015784025204e-06,-3.400656095278078e-01,-6.507571514034394e-08,-1.201495423763229e-07,-1.978819043508852e-08,-6.860850389476945e-08,1.450163755672622e-07,-6.823079542320428e-07,-8.906495222211686e-07,-1.526671572372627e-09,-1.043319804947413e-08,-4.015475844373868e-09,-4.841672473529551e-01,1.825709500293194e+00,-4.287266145581374e-08,-8.288329308363253e-07,-1.425696262733931e-07,-2.216661309534088e-06,4.571379245773642e-08,3.795729999497212e-10,2.030756362741165e-07,5.907429415038744e-07,8.330670384947818e-10,-4.468188348618518e-09,3.773721342424722e-08,1.020356418243564e-06,1.028326968473584e-07,2.585443737737976e-07,2.926558671949784e-07,3.844551246525840e-09,2.324927496421962e-07,6.619768498674868e-07,8.951693034020506e-12,6.903898056401903e-09,5.896808142316342e-11,-5.009649685382049e-14,-1.786225053038701e-15,-7.254575309607674e-04,-5.020091953103995e-03,8.210680406215483e-07,-4.442060517948699e-05,-2.786790396377775e-05,-1.123956820638551e-10,2.887913265968551e-08,1.293856080441334e-07,1.620078208381433e-06,1.448309818738248e-06,1.730418213291711e-06,3.985351327984193e-07,1.219579992550734e-11,
1.966468539838419e-01,7.571059677065972e-01,2.601137901332294e+00,1.949535935832992e-03,2.875263948952265e-01,3.187137063143524e+00,4.930670529726760e-04,-6.198990097463941e-01,3.791582048059737e-06,1.818032596665368e-06,7.525403065529289e-07,1.068601436060242e-05,1.226184494467881e-06,5.422476456531506e-05,9.767323135923584e-06,4.024311452566350e-08,1.921797492818415e-07,1.053140825540077e-07,-6.395740432298780e-01,6.873904970483722e+00,2.013405892143186e-06,6.454936576808111e-05,5.252128005064152e-06,4.244054930373276e-05,6.920614592575540e-07,4.876803331292997e-09,2.882318204871015e-05,1.146410387538743e-05,3.603676720698371e-09,1.116401931059266e-07,1.353338129717224e-07,2.115497854429892e-06,1.365284022570963e-06,2.238362198947286e-06,4.167289150373529e-06,1.081217656527694e-07,2.632473358931510e-06,4.410441649152421e-07,7.055645135881301e-10,1.225617609886432e-06,4.650574201753877e-10,2.078027208280637e-12,4.824085603099477e-14,1.293625206925756e-03,8.368084296836598e-03,2.155998635645369e-04,2.457604886028465e-03,2.310742113181039e-03,1.201558071999875e-07,2.196728991181040e-06,1.335638575568205e-07,2.398222107513562e-05,1.925877858654194e-05,1.471408008412494e-05,5.443595667906376e-06,4.570210876408964e-11,
-1.957481285524565e-03,-1.166719035110531e-02,-3.238588407055099e-02,6.399156457406614e-06,-5.907487834993668e-03,1.833727728620742e-01,-1.757217044854117e-06,-1.563463573040896e-01,-4.188839805535728e-08,-1.794036047018837e-07,-1.617533302402363e-08,-5.792258799663381e-07,-8.795017044120366e-08,-1.955542808292674e-07,-1.061944357786472e-06,-2.278369128852783e-09,-8.142904428252827e-09,-7.770626826697541e-09,-1.626932959285851e-01,7.754011323791745e-01,-5.986588390586837e-08,-5.541858382078821e-06,-8.538549167841657e-08,-2.302766326186971e-06,2.485080566697821e-08,1.248176516944434e-10,-1.853982834259245e-06,-7.998962075969230e-07,6.845764587557407e-11,-2.147909003427161e-09,4.497165390706958e-09,3.616284715456217e-07,2.130804403930251e-08,9.238071939457486e-08,1.118585908298130e-07,1.602365324850030e-09,8.392673991483083e-08,8.757062035378745e-07,1.617350748764702e-12,1.041092063836924e-09,-9.298269272480736e-11,-2.261071516038317e-14,-1.512925808553552e-15,-4.545584137400881e-04,-3.098235069542014e-03,-1.060178691142625e-05,-1.192685668397591e-05,-7.321474931203986e-06,-2.667800850796695e-10,1.939383144471881e-08,2.562714876401293e-07,7.119889278860797e-07,1.249793880396154e-06,5.385195263458156e-07,3.430090484108483e-07,1.223371404179829e-11,

