1
0
63
1
(4 0
((0,168) (15,215) (0,0))
((0,280) (15,335) (0,0))
((0,216) (15,279) (0,0))
((0,336) (15,399) (0,0))
)
4
FabOnDisk: SD_0_Old_MF_D_0003 0
FabOnDisk: SD_0_Old_MF_D_0001 0
FabOnDisk: SD_0_Old_MF_D_0002 0
FabOnDisk: SD_0_Old_MF_D_0000 0

4,63
-1.105105966420835e-01,2.767715194771130e+00,1.563089868954743e-01,8.131087621531749e-07,8.180730235732090e-07,1.977608798504607e-05,2.898219061477724e-07,1.377787952269646e-04,1.118331118214151e-02,1.198071292817282e-07,3.418358926941367e-03,1.366758508301919e-10,2.398597883917570e-10,3.505047946853819e-11,7.854018023732550e-10,7.970334160964340e-11,1.419133040868289e-08,1.815697187905763e-09,2.856360292591916e-12,1.793362097571669e-11,1.181414918442800e-11,7.748670068571775e-03,4.007579000757149e-03,8.350272248884922e-11,6.422956167694497e-09,2.834200791354454e-10,2.058471151378261e-09,0.000000000000000e+00,0.000000000000000e+00,1.510206616864207e-09,5.926458044898169e-10,0.000000000000000e+00,1.311942248468523e-11,0.000000000000000e+00,0.000000000000000e+00,0.000000000000000e+00,0.000000000000000e+00,0.000000000000000e+00,0.000000000000000e+00,0.000000000000000e+00,0.000000000000000e+00,0.000000000000000e+00,0.000000000000000e+00,2.190073110739763e-09,1.199678169275771e-11,2.767271127596745e-13,6.834365894627940e-07,6.568398141393932e-07,4.473712527916879e-09,3.752914099560857e-06,4.049775592307146e-06,0.000000000000000e+00,0.000000000000000e+00,0.000000000000000e+00,0.000000000000000e+00,0.000000000000000e+00,0.000000000000000e+00,0.000000000000000e+00,1.123170228262446e-01,3.864155518313091e+03,0.000000000000000e+00,9.936943175752467e+02,9.188329638218565e+04,
-7.566645497499728e-07,5.258721665963950e+00,1.534810946834284e-01,1.880324157354603e-05,1.798615475654900e-04,7.437672784661154e-04,1.479046199196929e-07,9.253255038006178e-05,1.228848911536149e-02,4.395374750456626e-08,2.305326986110354e-03,1.927725339406579e-10,4.564951425590536e-10,5.498762024103940e-11,1.515938208267425e-09,2.214909673515115e-10,4.059038456815073e-09,3.069147051008707e-09,5.960069293880355e-12,2.925674848765682e-11,2.071366766204648e-11,5.201653114367129e-03,2.229368780379392e-02,1.462936260357230e-10,1.184598666248389e-08,4.777496075231634e-10,7.334199520666983e-09,7.386343897050910e-13,1.297241918693656e-14,3.361470339494600e-09,1.339031961469070e-09,9.754637711919375e-14,1.797065533593131e-11,1.172076474183405e-12,2.227063235141324e-14,0.000000000000000e+00,0.000000000000000e+00,0.000000000000000e+00,0.000000000000000e+00,0.000000000000000e+00,0.000000000000000e+00,0.000000000000000e+00,0.000000000000000e+00,5.833293212766140e-14,1.115229825836328e-16,3.246469885506524e-18,2.288054914213262e-06,1.602022492368430e-05,1.986723739523200e-08,4.964279500993241e-07,3.270254112300365e-07,2.766979229797224e-12,0.000000000000000e+00,0.000000000000000e+00,0.000000000000000e+00,0.000000000000000e+00,0.000000000000000e+00,0.000000000000000e+00,1.100966939490211e-01,6.142318012741986e+03,0.000000000000000e+00,2.164387461747461e+03,1.013249322740740e+05,
-7.067961863366177e-07,5.063056937378648e+00,1.566420017028415e-01,2.613939832041939e-05,2.419140386586687e-04,8.248438453818341e-04,1.754911662494195e-07,1.071244239280536e-04,1.220806010184689e-02,6.364059137294923e-08,2.683246856647508e-03,1.471463701628674e-10,2.453313076294435e-10,3.563780837900013e-11,8.471640386217747e-10,9.235846939627758e-11,6.190453488328635e-09,1.876518959897070e-09,3.096382074877317e-12,1.885129214030400e-11,1.260636898808232e-11,5.815863740436386e-03,2.153809095143877e-02,8.057092296796624e-11,6.473991093677677e-09,4.200614265597215e-10,4.472298837354311e-09,1.077549388504210e-12,0.000000000000000e+00,1.532018868535115e-09,6.209362995806186e-10,1.625810710111475e-13,1.870704409889499e-11,2.028735950010201e-12,0.000000000000000e+00,0.000000000000000e+00,0.000000000000000e+00,0.000000000000000e+00,0.000000000000000e+00,0.000000000000000e+00,0.000000000000000e+00,0.000000000000000e+00,0.000000000000000e+00,4.911989407901015e-14,1.099273818099455e-16,3.066866613411608e-18,2.230622857229613e-06,1.561241469252704e-05,9.063417657135817e-09,1.214676160952768e-06,8.198617710989714e-07,3.515903695228761e-12,6.299883413524606e-16,0.000000000000000e+00,0.000000000000000e+00,0.000000000000000e+00,0.000000000000000e+00,0.000000000000000e+00,1.123427803514741e-01,3.652944085416316e+03,0.000000000000000e+00,2.054804864610169e+03,1.013244143159423e+05,
-2.197999431534204e-03,5.347466498457405e+00,1.511478170334239e-01,1.445392374372117e-05,1.398455164249880e-04,6.753517904959558e-04,1.366223814674016e-07,8.251652342563304e-05,1.233831091593409e-02,3.235656873858979e-08,2.000885870471902e-03,1.748347848554097e-10,5.360452578381671e-10,5.755017509016303e-11,1.783456094416488e-09,2.883676805637702e-10,2.901522200771063e-09,3.417116286451313e-09,7.012460497156164e-12,3.013647257883022e-11,2.354495088797707e-11,4.775187430858410e-03,2.248694018715787e-02,1.754118625095095e-10,1.440229260827939e-08,4.091470032938973e-10,8.040122845596406e-09,5.134967092312283e-13,9.143193527233427e-15,4.380201498451319e-09,1.829855543559203e-09,5.854315393488844e-14,1.389126319174728e-11,6.940914797602326e-13,5.041034033282928e-14,0.000000000000000e+00,0.000000000000000e+00,0.000000000000000e+00,0.000000000000000e+00,0.000000000000000e+00,0.000000000000000e+00,0.000000000000000e+00,0.000000000000000e+00,1.054165057525149e-13,1.103755224540649e-16,4.184702199316655e-18,2.007192740901246e-06,1.395474138337247e-05,2.557094892075807e-08,2.411759306101605e-07,1.557114956677830e-07,2.148620198644874e-12,0.000000000000000e+00,0.000000000000000e+00,0.000000000000000e+00,0.000000000000000e+00,0.000000000000000e+00,0.000000000000000e+00,1.084170272924011e-01,7.170548944598811e+03,0.000000000000000e+00,2.214992164884299e+03,1.012100374567495e+05,

4,63
1.282129303214046e-01,5.058591407410201e+00,3.565091534120363e-01,5.340743317746006e-05,4.504912159754869e-04,9.613225000513296e-04,1.168756708286902e-04,3.656941504728123e-04,1.465914243971091e-02,1.774376884006310e-05,5.775178422868396e-02,1.502705238158374e-06,6.553396451873002e-06,7.451579866091555e-07,2.359461616622987e-04,2.781202792308370e-04,2.036752146606869e-05,5.077862047756705e-04,1.291287177394368e-05,9.820501308147619e-07,7.036213535873269e-05,1.437718262126404e-02,2.147386775404526e-02,8.405669011169791e-07,6.294299299304347e-04,2.215018611590176e-05,4.499397152169560e-03,1.065397708215110e-04,4.800247436585121e-04,3.272722509065475e-05,1.091811300158871e-04,1.353270640366270e-07,3.140094475785127e-05,3.865667009725912e-05,1.201715621321194e-05,5.707520057339678e-05,3.067305929703052e-05,3.985709450848462e-05,3.144522206064067e-06,6.391358828970409e-04,1.262498918720085e-05,4.641098342300340e-06,1.124087589066621e-04,1.830958704078935e-05,7.054517447667639e-07,1.679084093273512e-08,2.206403761292234e-06,1.543709542784704e-05,2.909579594659008e-05,1.270704440183853e-05,1.584988175781860e-05,1.740321382466254e-06,4.321622376236595e-04,1.233772092160741e-05,1.519112984520812e-02,1.582797739697859e-03,1.381299442585248e-04,4.350896683680107e-04,2.487865575063035e-01,7.373388400551588e+04,0.000000000000000e+00,2.051972753510405e+03,1.145563385401632e+05,
6.957501573618152e-07,5.346251905352582e+00,1.565696556104928e-01,2.595370567270918e-05,2.404562963920215e-04,8.232133476299540e-04,1.747260631143830e-07,1.067727946931619e-04,1.233983095121470e-02,6.315536554302966e-08,2.675853126888925e-03,1.980471378595263e-10,5.351563710744095e-10,5.861773292306985e-11,1.780065209363381e-09,2.873015918372428e-10,6.132982025182514e-09,3.413720982426593e-09,7.000670537155353e-12,3.092425432470157e-11,2.351316325704511e-11,5.800583742184407e-03,2.248323743096012e-02,1.750783406899333e-10,1.436921364870087e-08,5.229837581436276e-10,8.034515138843303e-09,1.070408675451554e-12,1.869252204561902e-14,4.366461839858845e-09,1.822400077946805e-09,1.610640317946316e-13,2.147151725136071e-11,2.007931967584843e-12,1.399349766416963e-13,4.670228962335686e-14,5.915410492994324e-14,6.879690992894611e-14,3.681935615411456e-16,9.046999687781201e-15,7.112948655009398e-14,9.040273524148729e-19,4.414361014826906e-15,1.046304673025520e-13,1.185802375352066e-16,4.173396688659558e-18,2.499160720809722e-06,1.761941097200134e-05,2.549484132487411e-08,1.191577746449722e-06,8.038850168907790e-07,3.500644126153581e-12,1.305559562260691e-14,2.918003583970779e-14,5.717763218446841e-14,1.868651841907893e-13,6.697049183786948e-13,5.045369749095105e-14,1.122922345870030e-01,7.159526704293107e+03,0.000000000000000e+00,2.214276298030809e+03,1.013250492825106e+05,
7.504114950453169e-06,5.256629973822755e+00,1.637033366027248e-01,4.564601476862001e-05,3.824543606573730e-04,9.349628423830370e-04,2.856075958849985e-07,1.373444091801841e-04,1.228679260501404e-02,1.182034163016671e-07,3.390351634076417e-03,1.978243804700665e-10,4.544842439705365e-10,5.486645286026790e-11,1.509726225748348e-09,2.202164442710317e-10,1.392852520633297e-08,3.059674021304351e-09,5.933394235605113e-12,2.919686105292962e-11,2.064192813164746e-11,7.680032484213842e-03,2.229082381854239e-02,1.455723048109373e-10,1.178744005919633e-08,5.274838890772992e-10,7.313435536631095e-09,1.569952321430554e-12,2.637141261166303e-14,3.338762074410550e-09,1.329146489560263e-09,2.559101262668238e-13,2.207331296068850e-11,3.550936960033267e-12,5.430761670402065e-14,2.038346477482743e-14,1.577284799511793e-14,5.156605420661932e-14,1.810116978399322e-15,3.720221521669116e-14,1.198215019440491e-15,6.168513625131259e-18,7.857337745725403e-15,1.636690183387815e-09,8.773457740385311e-12,2.035495512669243e-13,2.550465337433151e-06,1.800850015101442e-05,1.973811890946936e-08,5.680232153446986e-06,3.933064658690965e-06,4.202712946571203e-12,3.372995455234431e-14,3.670086120837677e-16,1.097282139704034e-14,3.219904283603009e-13,8.787935040548756e-14,9.273702171003444e-14,1.172904895578488e-01,6.112314749755980e+03,0.000000000000000e+00,2.163249295196770e+03,1.013250873127708e+05,
3.606820126002712e-03,5.410164004911792e+00,1.534379063926939e-01,1.871271036175569e-05,1.790450453585671e-04,7.425215480903076e-04,1.476177785581907e-07,9.233939670851310e-05,1.236693312195084e-02,4.370822907435024e-08,2.299542233094977e-03,1.925638597696746e-10,5.648798348101812e-10,5.875620280235570e-11,1.919842451312907e-09,3.444597315613254e-10,4.034280071516610e-09,3.496190419385151e-09,7.404484923014101e-12,3.094761540288453e-11,2.462708890192429e-11,5.193605390119850e-03,2.274041087488289e-02,1.866140797624819e-10,1.576889139034762e-08,4.767163290225929e-10,8.122799324809979e-09,7.341110151850144e-13,1.289590596096792e-14,4.986135981302717e-09,2.205057506024187e-09,9.671148858935375e-14,1.790097849340074e-11,1.161624127687507e-12,2.710330430599751e-13,6.574587166794088e-14,1.324942471092377e-13,3.115654763338160e-13,1.518830641414837e-15,3.291118674737647e-14,9.726860899785938e-16,2.553246907856773e-18,1.139053236478178e-14,1.467906242560300e-13,1.185140198836789e-16,4.567041422790410e-18,2.283700602495535e-06,1.598774632425576e-05,2.894696297505303e-08,4.898994919436269e-07,3.226049573930957e-07,2.755593237224174e-12,1.257092910966026e-13,4.863123466828211e-16,1.933593003880962e-12,3.846808850130964e-12,1.739729221327806e-12,1.056358164685573e-12,1.100656321961260e-01,7.670423603870260e+03,0.000000000000000e+00,2.251190422585482e+03,1.014551930623186e+05,

