1
0
63
1
(4 0
((0,168) (15,215) (0,0))
((0,280) (15,335) (0,0))
((0,216) (15,279) (0,0))
((0,336) (15,399) (0,0))
)
4
FabOnDisk: SD_0_New_MF_D_0003 0
FabOnDisk: SD_0_New_MF_D_0001 0
FabOnDisk: SD_0_New_MF_D_0002 0
FabOnDisk: SD_0_New_MF_D_0000 0

4,63
-1.538421051093706e-01,2.794872347359445e+00,1.526598934291564e-01,4.955056707991899e-07,7.718129418138732e-07,1.892865367782748e-05,2.901758298479736e-07,1.378570062420547e-04,1.117059597862691e-02,1.188535334237741e-07,3.419796693774906e-03,6.405352811013661e-11,2.374163924794566e-10,3.463557358775419e-11,7.719748846133399e-10,7.921366502608077e-11,1.422066006608761e-08,1.804986680013075e-09,2.899176513504191e-12,1.768172280762376e-11,1.245928892747457e-11,7.757380536556177e-03,3.978024933271828e-03,8.339470061093554e-11,6.423178745584800e-09,2.687349137335900e-10,2.051255661381756e-09,1.611366202466494e-12,-1.814749759511132e-10,1.501309664857884e-09,5.918575607843665e-10,-3.656871694606507e-14,1.451732558338117e-11,0.000000000000000e+00,-7.820304935270907e-13,5.563124875051060e-13,2.780820464499301e-13,-2.083757556707631e-11,-1.707876554223130e-12,0.000000000000000e+00,4.436456794867468e-15,7.564520173429554e-15,0.000000000000000e+00,2.241771206410887e-09,1.230849797870675e-11,2.838351040457893e-13,6.808804277463275e-07,6.304802759648598e-07,4.413710055780770e-09,3.695162470828570e-06,4.060988016954605e-06,-3.998075521772019e-12,0.000000000000000e+00,1.265782562798340e-15,5.936779215445713e-13,1.234236346100131e-12,-1.173677861194119e-11,4.775602335617107e-13,1.097295695156265e-01,3.866161776487299e+03,0.000000000000000e+00,9.874556212073348e+02,8.980079950670805e+04,
-6.118662017092987e-07,5.342995446225533e+00,1.534845209414279e-01,1.881041971635796e-05,1.799225356432309e-04,7.438519815850631e-04,1.479214781768109e-07,9.254809714321998e-05,1.228739294356153e-02,4.397123957322880e-08,2.305680711498493e-03,1.928055184672492e-10,4.566331783240781e-10,5.501585451030581e-11,1.516401185669874e-09,2.215495051374755e-10,4.061091773055233e-09,3.070113273977846e-09,5.960949406077981e-12,2.926931744402069e-11,2.071541960117665e-11,5.202390656943557e-03,2.229389827776649e-02,1.463453391912590e-10,1.184898361027180e-08,4.778568144197998e-10,7.336268275434061e-09,7.390381874321221e-13,1.297904334934577e-14,3.361024570722451e-09,1.338581744814080e-09,9.761477159006242e-14,1.797632898659421e-11,1.172937280956035e-12,-2.682736815346447e-14,-2.830960830305427e-14,-4.271877788335444e-14,-1.502561074378674e-13,-3.113870358972640e-15,-7.660776438960545e-14,-6.187867331265684e-15,-2.409202096956872e-17,-4.028169173818847e-14,5.832647402973566e-14,1.116299840399991e-16,3.248768001886448e-18,2.288525362687841e-06,1.602366971602820e-05,1.986031397608719e-08,4.969621466960493e-07,3.273865440646310e-07,2.767994108148403e-12,-6.463111283835394e-14,-1.462050996279249e-15,-7.559952945420316e-13,-7.395363358368648e-13,-5.040726914094826e-13,-2.032663673809882e-13,1.100991248017790e-01,6.140764362562370e+03,0.000000000000000e+00,2.164331671604531e+03,1.013249588452714e+05,
-4.790512813326139e-07,5.147232228797854e+00,1.566449186310408e-01,2.616173024533546e-05,2.419845954381196e-04,8.248878799005080e-04,1.754801038581480e-07,1.071916656159877e-04,1.220748447415380e-02,6.365852889617114e-08,2.682131014458306e-03,1.459731665790234e-10,2.441150471193294e-10,3.543751370981125e-11,8.444435889495106e-10,9.332529411346168e-11,6.199275745299038e-09,1.869267370343033e-09,3.109367820478008e-12,1.869673886662463e-11,1.288803458581296e-11,5.819804083992148e-03,2.153149233949248e-02,8.045229256597474e-11,6.470823406195392e-09,4.190844428471363e-10,4.487041524887912e-09,1.078680864292958e-12,1.884518016330493e-14,1.525964268880842e-09,6.195435423079904e-10,1.627301029396732e-13,1.884949366106773e-11,2.030922827354014e-12,-5.746894306923476e-15,2.557823891147650e-15,2.025987153764604e-15,0.000000000000000e+00,-2.540058145423422e-16,0.000000000000000e+00,-2.014689636778720e-16,-1.366722478351314e-19,1.022234264160023e-16,4.918477264201488e-14,1.101079563696290e-16,3.072648501077931e-18,2.228008100005345e-06,1.559348032288313e-05,9.040626792719733e-09,1.216820923368675e-06,8.213256776354824e-07,3.518415455850636e-12,9.294349758668012e-17,-2.678184058705002e-17,-1.954553921462827e-14,-1.439780554476862e-16,-4.623751994540849e-14,-6.597919159519614e-17,1.123435953738505e-01,3.647280573581359e+03,0.000000000000000e+00,2.054539282701678e+03,1.013243068753403e+05,
-5.604332407249002e-04,5.431889851562908e+00,1.512361957160989e-01,1.444910042415840e-05,1.400114265449413e-04,6.759164443376625e-04,1.367719461606054e-07,8.260667726584440e-05,1.233993071254248e-02,3.241526183334489e-08,2.002224925046601e-03,1.751036391457082e-10,5.360141290477637e-10,5.761881572567367e-11,1.783309304827502e-09,2.883035370583183e-10,2.908487852952761e-09,3.417081038241897e-09,7.011917734805316e-12,3.016946534090115e-11,2.354354630297093e-11,4.778276712763721e-03,2.248699609404540e-02,1.753995072942090e-10,1.440069959763085e-08,4.094964181015144e-10,8.040197412415539e-09,5.145902169944316e-13,9.156022367812980e-15,4.379392985123743e-09,1.829367884108008e-09,5.867504623027577e-14,1.390499921033886e-11,6.954341374530206e-13,7.781418015361914e-14,4.548629095706601e-16,0.000000000000000e+00,-1.978201433006917e-14,-1.255363880785901e-15,-2.843129134341581e-14,-5.951787908486216e-15,-4.281625764480333e-18,-8.973593476954054e-15,1.053705650565842e-13,1.106055420292713e-16,4.184399847154938e-18,2.008627473810177e-06,1.396491946680605e-05,2.556626806059436e-08,2.415431194657427e-07,1.559105533300899e-07,2.152574435368916e-12,-1.624861961611156e-14,-1.815402694365520e-15,-2.884296933830695e-13,-1.853642050683528e-13,0.000000000000000e+00,-5.286321564397666e-14,1.084800047700570e-01,7.169943679518690e+03,0.000000000000000e+00,2.214938550899847e+03,1.012646616119562e+05,

4,63
1.390160494353510e-01,5.142761265233832e+00,3.590655220308137e-01,5.453068933473005e-05,4.592337303921883e-04,9.811104295315014e-04,1.170115438697738e-04,3.671401715287152e-04,1.512005975054869e-02,1.786752664968106e-05,5.840025651263776e-02,1.496313486336422e-06,6.569119333770327e-06,7.441259113235020e-07,2.361622018881852e-04,2.782786040651728e-04,2.035175985823002e-05,5.077285320393397e-04,1.319448757981796e-05,9.840859323239171e-07,7.048363240888915e-05,1.444902597407567e-02,2.146681904730134e-02,8.374063081284085e-07,6.281868554202345e-04,2.215917875650681e-05,4.503391891461230e-03,1.053837250856927e-04,4.817356867679147e-04,3.268081593313813e-05,1.091087255288491e-04,1.348279459538617e-07,3.156021153846055e-05,3.874997987787801e-05,1.202444094311289e-05,5.694948972359465e-05,3.068057768417876e-05,3.990431245739879e-05,3.144061448656361e-06,6.402812293035122e-04,1.120797482400756e-05,4.596571180937674e-06,1.125578169217762e-04,1.829910405176272e-05,7.055168286869542e-07,1.680159909577588e-08,2.203627909660362e-06,1.541699637394671e-05,2.915606688851495e-05,1.294126916017852e-05,1.584720847379637e-05,1.728903168963325e-06,4.312753249366830e-04,1.060985568008538e-05,1.554231928206330e-02,1.582929681316378e-03,1.387853718317398e-04,4.339494671803735e-04,2.505673675262453e-01,7.374967205193661e+04,0.000000000000000e+00,2.051698797399538e+03,1.184492383145783e+05,
5.459227452792523e-07,5.430673789331446e+00,1.565728779181815e-01,2.597576882043656e-05,2.405286877460953e-04,8.232613680693602e-04,1.747174260994948e-07,1.068388675519071e-04,1.233952411925063e-02,6.317400948201748e-08,2.674795593875891e-03,1.981916284900215e-10,5.351246075279917e-10,5.862039667963581e-11,1.779916230536859e-09,2.872369996762084e-10,6.141634239070254e-09,3.413682724262572e-09,7.000113886097545e-12,3.092555365086546e-11,2.351169461884608e-11,5.804443456480670e-03,2.248328081337886e-02,1.750658043776573e-10,1.436759638652858e-08,5.232453505817484e-10,8.034579733370632e-09,1.072462028783223e-12,1.871375595708256e-14,4.365638161612181e-09,1.821904336965209e-09,1.612207893485064e-13,2.146913034626890e-11,2.010363555164205e-12,2.227496451863837e-13,5.508548885940516e-14,6.628941518976334e-14,1.953044408709593e-13,3.140405601054242e-15,6.914845151421851e-14,5.257592801176430e-15,1.881249735306235e-17,4.842050255577486e-14,1.045839868594131e-13,1.185982146630891e-16,4.173086014906432e-18,2.500100924108724e-06,1.762609818336210e-05,2.549004869043256e-08,1.193687464441149e-06,8.053253691663637e-07,3.503082722330345e-12,5.860768029989414e-14,1.392333547401018e-15,8.488699978819254e-13,8.327156795272780e-13,5.302967630684120e-13,2.292767483745673e-13,1.122933097597559e-01,7.158928536690615e+03,0.000000000000000e+00,2.214222352101035e+03,1.013250248029530e+05,
1.038227857326387e-05,5.340901164188361e+00,1.637192768103877e-01,4.569697130060619e-05,3.827168702571110e-04,9.350481738900065e-04,2.859399244124430e-07,1.374260388692572e-04,1.228566852995939e-02,1.183406356188893e-07,3.391553766999532e-03,1.980122573962292e-10,4.546306839024685e-10,5.489570331317295e-11,1.510208622038693e-09,2.202797493339219e-10,1.395811629994272e-08,3.060687343575137e-09,5.934352567131243e-12,2.920990988762317e-11,2.064389766305170e-11,7.688674525759345e-03,2.229101563473559e-02,1.456269511623747e-10,1.179066367412058e-08,5.278594848452605e-10,7.315588474243465e-09,1.744454103699179e-12,1.369225925808096e-12,3.338358325884050e-09,1.328708935335411e-09,2.543134303695137e-13,2.206556169403820e-11,3.572178322152272e-12,5.240391367252724e-14,3.397707180113317e-13,1.687205901294262e-13,7.758946344296490e-14,1.343285282772786e-15,1.529050569168560e-12,2.887261616558154e-15,4.767554835816341e-15,5.857827472830386e-13,1.680527320111095e-09,9.034073332928812e-12,2.095019990907175e-13,2.551959504218239e-06,1.801888038732547e-05,1.973134428767549e-08,5.695940289917497e-06,3.944104289658462e-06,4.204117345391941e-12,2.737934041008473e-13,2.305032563994484e-15,3.243676377140470e-13,7.074659583069138e-13,4.230823623758846e-14,2.792496659193102e-13,1.173015305436110e-01,6.110627776077054e+03,0.000000000000000e+00,2.163194192474374e+03,1.013250263206759e+05,
1.630184518282267e-03,5.495792622896818e+00,1.534414409198233e-01,1.871979497147088e-05,1.791056472812590e-04,7.426063820689047e-04,1.476347927822794e-07,9.235469411614945e-05,1.235316720245028e-02,4.372564415506953e-08,2.299901202558847e-03,1.925963875340490e-10,5.642296194379732e-10,5.875835728927579e-11,1.917596700803684e-09,3.440267133790900e-10,4.036302512318834e-09,3.494480166145667e-09,7.393822567984195e-12,3.094911461608110e-11,2.458152705797481e-11,5.194329558071680e-03,2.271550157285123e-02,1.864534326566828e-10,1.575715466488525e-08,4.768233034545862e-10,8.124367918723511e-09,7.345071566564071e-13,1.290263195969256e-14,4.981668668405216e-09,2.202795257577031e-09,9.677971985593285e-14,1.790669008298646e-11,1.162492335032219e-12,2.475548038004341e-13,5.297710921020656e-14,1.031219627861893e-13,2.547410503877335e-13,1.727942568878482e-15,3.836990996457992e-14,4.097491737335646e-15,4.871831214873570e-18,1.549321403839024e-14,1.466195316912455e-13,1.185323178609504e-16,4.556131032774867e-18,2.284171300456551e-06,1.599119619722158e-05,2.894073625914907e-08,4.904267240145317e-07,3.229612888378966e-07,2.756602307092432e-12,1.142143734819050e-13,1.261502246351585e-15,2.461233594106078e-12,2.676854084518541e-12,1.144389984957582e-12,7.362236418718313e-13,1.100681451131026e-01,7.652181008489762e+03,0.000000000000000e+00,2.251212232901230e+03,1.013420023613727e+05,

