1
0
56
1
(4 0
((0,168) (15,215) (0,0))
((0,280) (15,335) (0,0))
((0,216) (15,279) (0,0))
((0,336) (15,399) (0,0))
)
4
FabOnDisk: SD_5_Old_MF_D_0003 0
FabOnDisk: SD_5_Old_MF_D_0001 0
FabOnDisk: SD_5_Old_MF_D_0002 0
FabOnDisk: SD_5_Old_MF_D_0000 0

4,56
-7.862104322400691e+00,-1.622887455813681e+01,-2.618257382468354e+01,-6.001205717381606e+00,-9.291196882171850e+00,-8.947974331307204e+00,-1.112655418361969e+00,-6.378071685005860e+02,-2.755349099665046e-01,-8.133472815479561e-01,-9.716240782404935e-02,-1.382435842693937e+01,-1.312743071414462e+01,-1.453675584733208e+00,-1.032126551596939e+01,-4.614965035344488e-01,-7.535380982156176e-02,-2.884412723323886e+00,-1.437786015703259e+02,3.872982990368307e+00,-1.029887815088926e-01,-4.878814857600855e+01,-1.843805557833137e+00,-2.017180134219732e+02,-7.811852689232562e+00,-2.533802878490582e+01,-4.707245205059922e+00,-2.898737454617617e+00,-9.336533631277111e-03,-1.997121308407110e+00,-1.651438550720417e+00,-9.282736170653350e-01,-3.745440105535461e+00,-2.178282505902292e+00,-3.128187360560997e+00,-2.166549008699697e-01,-3.215665479680684e+01,-5.543172571111041e-01,-3.306637871227681e-01,-8.419102292346963e+00,-1.024295557558275e+00,-1.777470128787622e-02,-6.878813646568134e-04,-8.186264497548691e-02,-1.774066568293029e-01,-2.046418525521826e+00,-6.825387345473433e-02,-4.304813234872790e-01,-1.379793570423739e-01,-2.409768616999158e+01,-5.071928861236530e-01,-5.966550216589627e+02,-8.918387650378787e+01,-9.464231976523752e+00,-2.453659336045484e+01,-2.827675871230895e-10,
-1.218422617929433e-01,-5.980206303432407e-01,-5.001459810746427e-01,-3.414372017582056e-04,-1.385541604959129e-01,1.490922030292197e+00,-2.002645427782684e-04,-3.269624452497599e+00,-1.657516871958838e-08,5.054895216500950e-07,2.382871056043822e-08,1.775302782216030e-06,4.672498310719250e-07,-2.034883723065581e-05,2.152758801596437e-06,6.282292772064246e-09,9.539639959330634e-09,1.745589221163732e-08,-3.473096063396330e+00,4.126087727466150e+00,1.766449789565724e-07,1.618946916974130e-05,-2.941721209866114e-07,4.158936484061564e-06,-4.838577358598454e-08,-1.657046424099724e-10,6.622484810609188e-06,3.191887435171414e-06,-5.650249254179317e-10,-2.378727605624403e-08,-8.861065839655022e-09,-1.793434864370251e-08,-6.711778196806163e-09,-1.497322557571520e-08,-4.460572397109360e-08,-1.564728208426256e-09,-5.218837140951885e-08,-5.920135212636682e-08,-8.348009949634038e-12,-1.640261824954566e-08,3.213106360496015e-10,2.758409981845759e-14,5.538052400187796e-15,-1.246468216153370e-03,-9.499669358106051e-03,3.394147376830051e-05,-9.178098657011203e-03,-6.375771966236228e-03,-7.209147786755845e-09,-8.859923224652753e-08,-7.249293568773107e-09,-1.338273156908472e-06,-4.562063419819505e-07,-1.998437804755407e-07,-1.267673196258897e-07,-2.737943205488591e-11,
-2.094437604914817e-01,-1.164153579340896e+00,-5.082795568321968e-01,-1.969338453221155e-03,-1.554573592439244e-01,-2.021635438165340e+00,-6.203326539473502e-04,-1.447941426936814e+01,2.363587162138510e-07,1.120787261997911e-06,9.218458656139148e-08,3.389704043684197e-06,6.124797352393289e-07,-1.031965328130248e-04,5.677031838983892e-06,1.379244894951055e-08,4.322565713157532e-08,3.764068903603164e-08,-2.983601736947143e+01,5.551491039113210e+00,-3.247615494507894e-06,1.184126687511314e-05,1.658738665241292e-07,1.239508910550741e-05,-1.486457965707230e-07,-3.090995104554243e-08,1.052321770980043e-05,3.517283974986083e-06,-8.087576972064598e-10,-1.195358252326895e-08,-1.530509447744858e-08,-1.420063451328410e-08,-1.046007920248744e-08,-1.663323288929558e-08,-5.614426077617663e-08,-1.445915240218899e-08,-1.392059877417796e-07,-8.493033313483269e-07,-4.423564112139093e-10,-2.639077870396145e-08,-4.520065575403363e-04,-2.698159114591096e-06,-6.068699057992367e-08,2.775606009110016e-05,-4.322412360296055e-04,5.478463339808007e-05,-6.067392235623693e-02,-4.328522477313909e-02,-7.680794170013998e-09,-2.035729156268468e-07,-2.331933159075546e-07,-3.358253647248163e-06,-5.127371541017850e-07,-1.352585437678381e-07,-1.474365882408077e-07,-3.963229744385899e-11,
-5.607991145992901e-02,-3.336833676414691e-01,-4.222350395046588e-01,-2.591956923935339e-04,-8.273857455031684e-02,8.062052747870858e-01,-2.045193352708459e-04,-2.092257158255718e+00,-9.860648895766520e-07,-2.975135554497196e-07,-3.702430977248143e-07,5.378044916395040e-07,3.354829010593692e-07,-2.170962416754751e-05,-6.671747661660692e-07,-2.117167809832750e-10,-1.032126273811620e-08,-7.923971200354314e-09,-2.581728694426672e+00,2.929826234382661e+00,-9.247407717199911e-08,5.660087328382619e-06,-2.362463209027525e-06,-2.099890463001153e-06,-8.016590640963475e-08,-6.949108767282786e-10,1.275641752341516e-06,1.574873802048630e-06,-6.453292736427650e-10,-4.452367310143341e-08,-2.035881013562675e-08,-5.135822650633191e-08,-1.393700628053157e-08,-1.801263031635631e-08,-3.741948479352236e-08,-3.865321953753739e-09,-1.766261141466337e-07,-8.227219242771239e-07,-9.145150968121872e-12,-3.469681576729638e-09,2.228066370069162e-10,-5.304396775679055e-13,-2.455202326069915e-15,-1.783586703307510e-03,-1.115475849825021e-02,1.713354099980609e-05,-2.617273705651519e-03,-1.777174670705403e-03,-9.603307381575145e-09,-2.773419047213825e-08,-3.248155662694196e-07,-1.114737055914875e-06,-3.243471601909485e-07,-3.041588857228280e-07,-8.617035874491218e-08,-4.919797902402934e-11,

4,56
5.881518587437458e+00,3.439894623252722e+01,4.863518825003631e+01,7.452975579747128e+00,1.317995914444978e+01,3.182966311272929e+02,6.044529224168596e-01,-1.542088532852259e+01,6.320686135528618e-01,1.361723596658295e+00,1.628621887162768e-01,2.568472223040020e+01,1.638610912373399e+01,1.974581691641997e+00,1.572866934405378e+01,2.311768115361391e-01,1.356989651272824e-01,2.877115808630710e+00,4.615618696231885e+02,3.153560280413157e+02,2.022002839619136e-01,5.816383300806142e+01,3.864081928724256e+00,2.987669674338208e+02,1.428228061734453e+01,2.753950156001845e+01,8.617662454562016e+00,3.378573701990909e+00,1.644191927079434e-02,3.729538960626612e+00,2.525240255412249e+00,1.071556353468743e+00,3.886367624139285e+00,2.285324867315750e+00,3.839769763976484e+00,1.999252357689543e-01,3.498790787761029e+01,2.435921463482492e+00,6.692646579150706e-01,7.998538404868034e+00,1.417716829442038e+00,4.225621955850146e-02,1.065576948908295e-03,7.593970856381442e-02,4.136161311603815e-01,2.407322751767635e+00,4.691857278261886e-01,6.724466465065535e-01,1.920231225804734e-01,1.706502382674885e+01,2.490921104879748e+00,2.465953643307124e-01,9.207443759664314e+01,1.426592371225269e+01,2.579989440321347e+01,4.620801519195084e-10,
-5.676414996034127e-02,-3.367935474905557e-01,-4.239140045782489e-01,-1.162266170690360e-04,-8.342396787856796e-02,2.608234169064961e+00,-9.941649188223736e-05,-2.106476110532384e+00,2.342698536301778e-07,1.121824838470518e-06,9.120495363101784e-08,3.474389781056020e-06,6.109543881681407e-07,-9.835403402417741e-06,5.629499604078519e-06,1.398507460421903e-08,4.438154717015915e-08,3.802087499092927e-08,-2.594257804157474e+00,5.509847928306975e+00,3.856631402948326e-07,2.993081620187744e-05,1.578380274167941e-07,1.286880549840125e-05,2.490148599154984e-08,1.847713292175263e-10,1.044355762736510e-05,4.108653639223282e-06,-8.313535938005759e-11,-1.150979764320893e-08,6.756105473749417e-09,5.954872148776772e-08,3.476496728522215e-08,5.410612375216732e-08,6.261013492970565e-08,3.524388081712685e-10,2.482004097918063e-08,8.781351221780054e-08,6.823990476837506e-12,7.500308655683041e-09,3.445114878677332e-10,1.943385769102422e-13,1.050374695275230e-14,-1.800366621879188e-05,-7.876214015979507e-04,5.431321307486969e-05,-2.665896818908266e-03,-1.810880054762128e-03,-2.606361369179223e-09,3.434026345297764e-08,3.184387143549018e-08,6.271887473637406e-07,2.035397703640418e-07,6.451040601556414e-07,5.578293789820038e-08,2.464872750351788e-11,
-1.409425522833684e-02,-6.051015664498023e-01,3.117785384578666e-01,-3.483386744465581e-04,2.250260021546645e-01,3.316277093788111e+00,-2.032057376238009e-04,-3.301301155289626e+00,4.156884665126541e-06,3.308411314576124e-06,4.230273866272008e-07,4.721903987121533e-05,3.808111798870776e-05,-2.067381758569371e-05,3.079278635038318e-05,9.507089127496877e-08,2.338420484933452e-07,7.991243448069587e-07,-3.499593766472091e+00,4.691995111834533e+01,6.770833589265446e-07,5.156967509806765e-05,4.975431785996454e-06,1.318372279717775e-04,1.539499006584139e-07,6.196075742720272e-07,1.699217012473207e-05,4.934522876272154e-06,8.800253077087963e-09,3.704664971855020e-07,4.062898819147047e-07,8.982651830326228e-08,2.250619171495615e-07,9.724716565004102e-08,7.812748180389093e-08,2.316181419566920e-09,2.545692790064149e-07,8.652727670598023e-07,5.482205527228769e-10,1.618885944438712e-07,3.224680935474135e-10,1.851406475483965e-13,1.012532143466331e-14,1.106975702606476e-02,7.854346318723933e-02,7.728621512774800e-05,-9.420935695881004e-03,-6.546049486456143e-03,1.171357570623603e-08,7.496925296366780e-08,2.495127407476851e-07,2.103785347648529e-06,1.621232861921116e-07,3.542875024432078e-07,4.629862148160855e-08,4.211209159166174e-11,
-2.762046701841601e-02,-1.829087691069066e-01,-1.422807289697812e-01,1.384095798062533e-04,-4.215045532637968e-02,1.477753940926022e+00,6.050027883052253e-05,-1.424123094354709e+00,7.525267605726851e-07,6.554674613341224e-07,3.480443980319587e-07,1.755153293543229e-06,4.652093838692922e-07,1.090504898344182e-05,2.114750997627252e-06,6.190421495223086e-09,9.199014944857856e-09,1.721981377568108e-08,-1.836588371369339e+00,4.106320057324190e+00,2.016592319486533e-07,1.601469813536440e-05,1.596906290100163e-06,4.065945289350145e-06,2.685704717646114e-08,1.123135326944024e-10,6.564215034167687e-06,3.175290152544085e-06,-9.433861325394402e-12,9.802668639337451e-10,3.642247856153172e-10,9.186032201272601e-08,3.496489827893629e-08,6.787254667803678e-08,2.019760616388874e-07,1.736654276589181e-09,6.870680021629558e-08,3.923457747989193e-07,4.118923516619884e-12,7.100027788988207e-09,3.203681924337316e-10,4.991865771912076e-13,5.463650178234387e-15,-1.126803784375943e-03,-9.548225209356716e-03,3.364286959652053e-05,-6.895115503560023e-04,1.479941453690277e-04,4.745879386694279e-09,1.265530341929901e-07,1.615734830310011e-07,2.875160235959456e-06,2.780991765171222e-06,9.005375553486825e-07,7.740115257714847e-07,4.103917206066399e-11,

