1
0
56
1
(4 0
((0,168) (15,215) (0,0))
((0,280) (15,335) (0,0))
((0,216) (15,279) (0,0))
((0,336) (15,399) (0,0))
)
4
FabOnDisk: SD_5_New_MF_D_0003 0
FabOnDisk: SD_5_New_MF_D_0001 0
FabOnDisk: SD_5_New_MF_D_0002 0
FabOnDisk: SD_5_New_MF_D_0000 0

4,56
-7.823836539074097e+00,-1.633155134935807e+01,-2.616443258693633e+01,-5.980725665499016e+00,-9.539390635833310e+00,-8.950344433212003e+00,-1.120439523821708e+00,-6.378840975893675e+02,-2.877759244561589e-01,-7.949197600456190e-01,-9.314008766547197e-02,-1.393188740307581e+01,-1.311423618666750e+01,-1.499003726369862e+00,-1.040673106098715e+01,-4.653435578301250e-01,-7.667909327528429e-02,-2.898439554629569e+00,-1.446631226550714e+02,3.692656754500447e+00,-9.875383990406490e-02,-4.937784553342933e+01,-1.855216478832533e+00,-2.016598333051110e+02,-7.747059082897696e+00,-2.551311803495672e+01,-4.562212465674831e+00,-2.902345709469856e+00,-9.382024783319332e-03,-2.000526483930887e+00,-1.653913026209996e+00,-9.372010736888221e-01,-3.706083935245574e+00,-2.153510671520617e+00,-3.080061088177624e+00,-2.184980425758813e-01,-3.239294275724420e+01,-7.512993415273727e-01,-3.394785264680347e-01,-8.432888095606613e+00,-1.044779019264064e+00,-1.766235616193089e-02,-6.902077126908088e-04,-8.300908867307920e-02,-1.749932753073744e-01,-2.062678224497464e+00,-7.067634434592368e-02,-4.398903651469920e-01,-1.375537027563655e-01,-2.360936443283728e+01,-5.204163964069495e-01,-5.929631570090118e+02,-8.809115925004204e+01,-9.440323751048879e+00,-2.417873049157694e+01,-2.975184543174691e-10,
-1.221019481492455e-01,-5.986038029540989e-01,-5.002031546819905e-01,-3.420186192922813e-04,-1.387371445964430e-01,1.493362067053075e+00,-2.004954613668479e-04,-3.273228021860674e+00,-1.628724445496502e-08,5.064089620475142e-07,2.392756192145818e-08,1.777486817958469e-06,4.674437807059753e-07,-2.039535573740075e-05,2.158319803018065e-06,6.294788749710829e-09,9.594653622426813e-09,1.747852386718063e-08,-3.474265674245975e+00,4.124474321887147e+00,1.770137157426312e-07,1.621001286062324e-05,-2.936629074435135e-07,4.170269391919857e-06,-4.689539709952092e-08,-1.390009579676116e-10,6.627257861261767e-06,3.192384203888169e-06,-7.452117394652629e-10,-2.378830322486272e-08,-1.633124488816596e-08,-5.122439960755944e-09,-6.845334540850884e-09,-1.189870119448436e-08,-3.905916390451172e-08,-7.398749139648781e-10,-4.613132623004250e-08,-6.540506686434061e-08,-5.363282192768255e-12,-9.403479643947852e-09,3.213264267747999e-10,2.780663059077066e-14,5.547236976927545e-15,-1.245616426564938e-03,-9.494691285843036e-03,3.395654133832822e-05,-9.206692161326458e-03,-6.395728379795264e-03,-6.067296923358746e-09,-6.028806403945191e-08,-8.874889541488856e-09,-8.939461802247436e-07,-1.574243073771014e-07,-9.754602504120339e-08,-4.480398598253215e-08,-2.571187707189893e-11,
-2.093435934837913e-01,-1.166249583381386e+00,-5.086208713875102e-01,-1.984011462608648e-03,-1.551556706586572e-01,-2.094041227349955e+00,-6.230525623049248e-04,-1.459970869739554e+01,2.379822363610822e-07,1.124807184768051e-06,9.260569351586324e-08,3.405057227808282e-06,6.140528746944722e-07,-1.064545093663768e-04,5.700014231953769e-06,1.385092105127294e-08,2.282102909354853e-08,3.779965106303195e-08,-3.014179415725592e+01,5.553764970194980e+00,-3.699236197786354e-06,4.901841202112832e-06,1.680752021936521e-07,1.246573153650490e-05,-1.430199328949032e-07,-3.422406446802165e-10,1.054543234020292e-05,2.398084635932550e-06,-8.255615118210471e-10,-1.185775574782875e-08,-1.607105841773052e-08,-9.679818454283094e-09,-1.241093474632988e-08,-1.388834168862703e-08,-4.850459147787530e-08,-6.045782126712240e-09,-1.059034429771140e-07,-8.015454140219306e-07,-1.997253569408696e-11,-4.367857521713248e-09,-4.693026816004591e-04,-2.806620648613303e-06,-6.310135459652077e-08,3.360111284071059e-05,-3.911546423641145e-04,5.485858497139085e-05,-6.086925534872845e-02,-4.350406500020051e-02,-6.683803221939183e-09,-1.678950033537517e-07,-2.190092179608821e-07,-2.891326977158186e-06,-3.325728780118417e-07,-1.198152487257168e-07,-9.605952787305415e-08,-3.210054444480193e-11,
-5.620076144999318e-02,-3.339044375866832e-01,-4.221339303182842e-01,-2.325496365052167e-04,-8.289171425877012e-02,8.406821009927796e-01,-1.935034476090008e-04,-2.093713745983098e+00,-8.888400472257009e-07,-2.740156842129376e-07,-3.479467005661216e-07,5.715596449942854e-07,3.355556857413675e-07,-2.017209699214202e-05,-9.916932372873975e-07,1.409382651177997e-10,-1.005833830565266e-08,-7.277191387106681e-09,-2.580754493752291e+00,2.940941915352060e+00,-7.584553185393887e-08,5.497034425276630e-06,-2.177020349922416e-06,-1.193153369012330e-06,-7.167312147238371e-08,-4.880424156636414e-10,1.779167499217852e-06,1.678968722734041e-06,-5.242670399259315e-10,-4.413017888104837e-08,-1.513070508967836e-08,-3.709717042842564e-08,-8.996152655047325e-09,-2.312573970140320e-08,-4.440976206628138e-08,-2.666861319724304e-09,-1.351981598062939e-07,-1.025302669012541e-06,-6.292074078020440e-12,-2.657945037269577e-09,2.238293991537786e-10,-5.019383462288570e-13,-3.862621867779241e-15,-1.700538456120778e-03,-1.104739488024549e-02,1.869690181377391e-05,-2.622168879964134e-03,-1.780632650836046e-03,-9.193296331232007e-09,-3.477079233328023e-08,-4.292481075052190e-07,-1.158756320128589e-06,-5.355711388100025e-07,-3.322486772006073e-07,-1.430549844041115e-07,-3.928590786017594e-11,

4,56
5.871510368587966e+00,3.502189145634782e+01,5.093274883625788e+01,7.497245139440596e+00,1.313284626852390e+01,3.182447163813288e+02,6.129120269778860e-01,-1.555633013683225e+01,6.356220237393259e-01,1.376896646492493e+00,1.617168160032045e-01,2.552514708040523e+01,1.627131314100724e+01,1.921069809253422e+00,1.597634723570030e+01,2.829582784480239e-01,1.352235491153649e-01,2.930859988510145e+00,4.620972139676191e+02,3.156307882586327e+02,2.028901713833822e-01,5.865451509854972e+01,3.831102955497069e+00,2.947585744326593e+02,1.327961819081731e+01,2.753160541629677e+01,8.588373255141235e+00,3.430192093127434e+00,1.613836872360738e-02,3.810820851265856e+00,2.530515524033239e+00,1.067970139703846e+00,3.866223655076051e+00,2.295413799830188e+00,3.803897629944756e+00,1.946917376651104e-01,3.484741365319346e+01,1.793577750292834e+00,5.703648266130160e-01,7.937640047158702e+00,1.411256175090455e+00,4.239769995447909e-02,1.075947618953771e-03,7.508468919092004e-02,4.242508498504947e-01,2.367506994321501e+00,4.683095447001997e-01,6.690448301833215e-01,1.709689105630409e-01,1.691110053384858e+01,1.989050746951678e+00,1.610995153219360e-01,9.105951470326578e+01,1.397384437244304e+01,2.548735669382847e+01,2.804654286592267e-10,
-5.688913541888430e-02,-3.370222743931066e-01,-4.237723154436088e-01,-1.164767577616584e-04,-8.357987241738969e-02,2.612233213633592e+00,-9.952081035392068e-05,-2.107965233944216e+00,2.352959126269350e-07,1.124742369537480e-06,9.149843442978382e-08,3.480667538420256e-06,6.124630606396850e-07,-9.844105815516498e-06,5.646992090050985e-06,1.401304578258418e-08,4.450810612179786e-08,3.809657876572629e-08,-2.593223146440837e+00,5.511710575856339e+00,3.867369413085966e-07,3.000853455909915e-05,1.590795138234459e-07,1.288727874173355e-05,2.451535562267485e-08,1.024621926218965e-10,1.046064995710777e-05,4.113713306452250e-06,-3.270534796344624e-10,-1.148723247123452e-08,-3.835277785004906e-09,4.816719252201808e-08,3.258031997255734e-08,4.678239962762017e-08,4.008131842885358e-08,3.280559867703131e-10,2.253602041325754e-08,7.032464558293428e-08,6.724673573072901e-12,8.848180390301041e-09,3.448965919191155e-10,1.954149948460296e-13,1.053543072987102e-14,-1.432654478965290e-05,-7.514824002947318e-04,5.437311000780962e-05,-2.671671705334373e-03,-1.814854491009163e-03,-3.034059773686341e-09,3.026629903400620e-08,2.380147384213681e-08,6.707945193078419e-07,9.613913608147128e-08,8.082151133766548e-08,2.731663134437925e-08,2.632738471675111e-11,
-9.595616572952430e-03,-6.057373329602215e-01,3.217691488737926e-01,-3.490610284357775e-04,2.280446105348959e-01,3.311720205304399e+00,-2.034997856944997e-04,-3.305002643524106e+00,2.694633231854996e-06,2.817978652499856e-06,3.293278434002352e-07,4.985199691323685e-05,3.819560811414399e-05,-2.072886447282275e-05,1.852838228418610e-05,7.685478997190962e-08,1.318727166459547e-07,8.403559072673284e-07,-3.501024432622657e+00,4.740037552915901e+01,6.753498181641053e-07,5.144387641692324e-05,5.020727233932007e-06,1.421788914982436e-04,2.312635102925156e-07,1.025789828986931e-06,1.840125605057933e-05,4.920896883512689e-06,6.612415023922649e-09,4.252935815260564e-07,4.251326196458665e-07,9.400752853484160e-08,4.455404457415187e-07,2.179359726527820e-07,8.267091829643081e-08,2.106980147696546e-09,7.941976099964349e-07,8.364290245740705e-07,2.351314940665733e-09,4.389023798182437e-07,3.224350215707993e-10,1.858118982948677e-13,1.014218938471486e-14,1.114576392904441e-02,7.890042881280389e-02,7.734233085405039e-05,-9.454035491558058e-03,-6.569011695440516e-03,1.192455411582795e-08,7.899966836181978e-08,2.398977431883344e-07,1.917625342698280e-06,1.211641724700645e-07,2.365626133217026e-07,4.356091840805032e-08,3.494626810152113e-11,
-2.912632859392373e-02,-1.900702088443662e-01,-1.778037715667691e-01,1.256724421766861e-04,-4.762425070325277e-02,1.480155973052642e+00,5.358442062220317e-05,-1.444000052619560e+00,6.491154401936734e-07,6.396585899473632e-07,3.264563905099795e-07,1.757248655265467e-06,4.653676588026651e-07,8.931765538842861e-06,2.119196345577702e-06,6.201630218935585e-09,9.249482435882548e-09,1.724311749000793e-08,-1.843673539101575e+00,4.104801622189496e+00,1.895816019023268e-07,1.603298800790031e-05,1.369614463393771e-06,4.075891328365070e-06,2.648789799596745e-08,1.585909179491493e-10,7.400395219500852e-06,3.175912057840672e-06,-2.602473382888928e-11,-4.613050825858550e-10,5.731438097310141e-10,6.629949726872285e-08,1.999406132103260e-08,4.980436777047896e-08,1.357379731965368e-07,1.480959305878970e-09,6.789126218253648e-08,4.201593178993905e-07,3.875829172502388e-12,5.233833299579309e-09,3.203902944411530e-10,4.540127887592311e-13,5.472699090343216e-15,-1.039632675297851e-03,-9.544105586853495e-03,3.365414614392728e-05,-7.729035828620287e-04,2.952639114099392e-05,3.991596290766931e-09,9.850997997725762e-08,1.711620524253514e-07,2.993609051466444e-06,1.752294879652225e-06,5.921400273381940e-07,4.870329457835394e-07,3.851763352713533e-11,

