1
0
63
1
(4 0
((0,0) (7,127) (0,0))
((0,256) (7,383) (0,0))
((0,128) (7,255) (0,0))
((0,384) (7,511) (0,0))
)
4
FabOnDisk: SD_0_Old_MF_D_0003 0
FabOnDisk: SD_0_Old_MF_D_0001 0
FabOnDisk: SD_0_Old_MF_D_0002 0
FabOnDisk: SD_0_Old_MF_D_0000 0

4,63
-2.415549674257894e-07,3.310630629712713e-01,1.576942364673633e-01,8.127912587924061e-20,2.893372871839106e-18,1.452873580373770e-14,5.212428181741189e-09,1.862801475791983e-06,8.998403341657983e-07,2.138212287475251e-09,2.858221833750518e-03,0.000000000000000e+00,3.807160886380063e-23,3.057386453383287e-24,5.875283647136277e-11,1.139419477027190e-10,1.449881660944409e-19,1.729288320235663e-09,6.827419882780524e-14,1.248052770068791e-23,1.210767893743202e-11,3.224725149572255e-07,3.417522522136245e-08,4.852008275067809e-29,3.629102957804246e-09,2.941891615497527e-20,3.222851401777393e-09,3.029966035947062e-19,2.027535686431346e-14,9.891601504051684e-23,4.501203726692859e-10,2.969177159170919e-17,7.002748931716606e-19,2.302865262782272e-12,4.884265944197013e-16,6.723910615587151e-15,4.650635806157370e-15,5.775608347771569e-15,5.873280075568132e-23,6.763585901805373e-16,0.000000000000000e+00,0.000000000000000e+00,2.149269926817631e-15,8.603269341685935e-14,1.970741865491902e-16,5.588268448525329e-18,4.331249108780379e-13,1.405481014801324e-13,5.838157982598236e-12,1.358232332376369e-12,2.447327387300420e-12,9.746533242042505e-27,8.232302901844829e-15,0.000000000000000e+00,0.000000000000000e+00,0.000000000000000e+00,0.000000000000000e+00,0.000000000000000e+00,1.131290038543803e-01,4.084368439131048e+03,0.000000000000000e+00,4.430094752431654e+02,1.013010893766022e+05,
-1.196202476602892e-07,3.812611971926182e+00,1.469363596553040e-01,7.205804092408255e-06,6.947018518794412e-05,5.061873388915797e-04,1.327004322758581e-07,6.113318934880054e-05,1.235467623675949e-02,1.459380741538392e-08,1.324361906465506e-03,8.163467938677436e-11,3.931146001062219e-10,3.430662173832328e-11,1.510965421875556e-09,3.792634104171060e-10,1.129858009433697e-09,2.352799895636187e-09,5.148297713005506e-12,1.762088678436917e-11,1.782476585248275e-11,3.780336970383321e-03,2.305549607633562e-02,1.281548490260676e-10,1.260525913561080e-08,1.657244881151032e-10,5.021127852839887e-09,1.275116292120818e-13,2.314403735741081e-15,4.187731012363814e-09,2.193810013862143e-09,8.722424206255257e-15,3.987535402244824e-12,1.035425196879658e-13,1.255309252334081e-13,3.225035044716799e-15,5.400277809358506e-15,4.842966170552023e-15,2.356881869766853e-18,1.002525975667805e-16,3.643298034760453e-20,2.176773363217007e-21,4.927737266417322e-17,1.389000426309951e-13,3.862020828728658e-17,2.403718448391319e-18,9.316528369955789e-07,6.361735109465794e-06,2.484993972218079e-08,2.839183185983179e-08,1.752499679637296e-08,7.258075409505950e-13,1.265507293431684e-15,0.000000000000000e+00,0.000000000000000e+00,1.055034085771493e-26,1.887686307461341e-26,1.096485372760193e-26,1.053871661270208e-01,7.835233509371457e+03,0.000000000000000e+00,2.291944965133873e+03,1.013249509818792e+05,
-2.158480998892678e-07,3.561555750346331e+00,1.490516690528167e-01,1.042093249019739e-05,1.012494819164466e-04,5.934084722598430e-04,1.327098845003098e-07,7.163748746935907e-05,1.234079910071533e-02,2.220648012591716e-08,1.661267370530469e-03,1.370402402160672e-10,4.172897906971831e-10,5.032578018875323e-11,1.394765178345900e-09,1.992688208346934e-10,1.890705647258486e-09,2.865310703543041e-09,5.487045149408828e-12,2.613048923169154e-11,1.939494946244612e-11,4.284333224994146e-03,2.215876709052837e-02,1.323693508000141e-10,1.075459018771209e-08,2.994850762362905e-10,6.873237406340194e-09,2.960335291146604e-13,5.347351392230367e-15,3.002969860340254e-09,1.195658773601588e-09,2.701863360252180e-14,8.761618466342499e-12,3.192233853756907e-13,2.987940972064707e-14,7.260973808612212e-15,8.039237727363920e-15,8.767137691814817e-15,9.302237152968479e-18,3.284299832846878e-16,0.000000000000000e+00,1.147239512237557e-20,1.743801985665728e-16,6.197599708685631e-14,8.297052652546623e-17,3.420127113699520e-18,1.549118682978465e-06,1.067712141440119e-05,1.795022818774364e-08,9.467683584723979e-08,5.978326757642601e-08,1.428395906471389e-12,2.832581518487149e-15,0.000000000000000e+00,0.000000000000000e+00,0.000000000000000e+00,7.864764686636534e-25,0.000000000000000e+00,1.069086480405251e-01,5.960608968807825e+03,0.000000000000000e+00,2.148602061094016e+03,1.013249445741510e+05,
-4.178089604296605e-08,3.881464577088590e+00,1.460848882096575e-01,6.091575553310303e-06,5.817115836980793e-05,4.687167977190910e-04,1.349684411295088e-07,5.696455129171611e-05,1.235214062416342e-02,1.207026118687060e-08,1.183279233046249e-03,5.114104848627928e-11,2.716656535249882e-10,2.293852301832143e-11,1.087661559730682e-09,2.983595791697670e-10,8.692193190686771e-10,1.627507641775495e-09,3.545360036015116e-12,1.171688413781077e-11,1.250694957099199e-11,3.567187362206104e-03,2.343999832489794e-02,8.749573451705008e-11,9.042195683167646e-09,1.000910270992115e-10,3.368345764737479e-09,6.909278158376543e-14,1.249515477443578e-15,2.998560477874050e-09,1.625381826781703e-09,4.091124467272343e-15,2.175931103326601e-12,4.868732353394217e-14,8.163416443150398e-14,1.571747354141113e-15,3.171641298991722e-15,2.782653720035921e-15,9.586533836824231e-19,4.453138660909612e-17,1.672642548465988e-20,7.824219378188230e-22,2.123752294513047e-17,7.839660746097551e-14,1.737077662389739e-17,1.195962522172982e-18,5.874688419200755e-07,3.995328250995976e-06,1.800640504631648e-08,1.326670227160506e-08,8.111569906198018e-09,4.243474960621127e-13,6.975756110955651e-16,1.141123569500620e-24,0.000000000000000e+00,2.020188808060980e-28,0.000000000000000e+00,7.701274988273862e-28,1.047746112203344e-01,7.926817304261231e+03,0.000000000000000e+00,2.330971744749607e+03,1.013249511995130e+05,

4,63
2.956340997194826e-07,3.556892864225432e+00,8.372883777452459e-01,5.089909046526287e-05,4.638918129900025e-04,9.712700022465175e-04,1.192127295522258e-04,3.286645655937684e-04,1.311862378685974e-02,2.133375616778619e-05,1.827683649267133e-01,1.331239666062622e-06,6.190837557340437e-06,7.052386618018881e-07,2.291098012663872e-04,2.528641309992011e-04,2.053623076992816e-05,5.042832227012658e-04,1.467151410102203e-05,9.541947310618175e-07,6.601536516435189e-05,1.402457292163947e-02,2.214950091939496e-02,7.244752655774724e-07,5.873964104962468e-04,2.177783072206888e-05,4.458646581881735e-03,9.960898048522930e-05,4.418789797926599e-04,3.129631935837859e-05,1.157178453157038e-04,1.346310598703702e-07,3.189493282780688e-05,3.837485994430174e-05,1.161067224615172e-05,5.608028955123410e-05,3.035326786175770e-05,3.984044469990915e-05,3.101282141395259e-06,6.451985512789071e-04,1.095687658850784e-05,4.089870110468196e-06,1.159211364884177e-04,1.571724133444987e-05,6.473214559062400e-07,1.462683795131468e-08,2.488789712228426e-06,1.756827573713466e-05,2.933319289536807e-05,1.264426019516065e-05,1.639823199383282e-05,1.640506818971297e-06,4.514669191920808e-04,9.737845066983438e-06,5.259257304277732e-02,1.651105841937723e-03,1.377755158611623e-04,4.471779825661604e-04,6.019242470105363e-01,7.544076104711877e+04,0.000000000000000e+00,2.145958599222497e+03,1.013281985227909e+05,
1.406500178028206e-07,3.881143939761553e+00,1.490251557079458e-01,1.037748619068800e-05,1.008263053890143e-04,5.923848265253011e-04,1.349497688159275e-07,7.150805693262717e-05,1.235707734743194e-02,2.210012189215764e-08,1.657163340647647e-03,1.364841824071387e-10,5.321023810412054e-10,5.019468805339930e-11,1.898766164895998e-09,4.050620360070086e-10,1.880151146826886e-09,3.217322722309256e-09,6.985406871240829e-12,2.605940803660518e-11,2.346596783446168e-11,4.278280818435931e-03,2.343827824648251e-02,1.758214542019378e-10,1.579548708982857e-08,2.980101904831630e-10,7.201435883036595e-09,2.937089050230300e-13,5.306044858732939e-15,5.168695027573178e-09,2.492647867103169e-09,2.672481541609884e-14,8.700510177390183e-12,3.157560227893761e-13,1.478008214163945e-13,7.214654305360067e-15,8.878585737275836e-15,8.728141139530254e-15,9.177034757156934e-18,3.246791403814917e-16,1.101035803532949e-19,1.127886270229578e-20,1.722223446716400e-16,1.786064731996135e-13,8.253183126420211e-17,4.137495556469362e-18,1.542741497964650e-06,1.063200952420618e-05,3.011409067939505e-08,9.351095501403692e-08,5.903091557674156e-08,1.419789062207599e-12,2.811483535388212e-15,5.338136399762564e-24,3.280844316134881e-21,2.644411932511380e-20,2.048062104380225e-19,6.380229358915047e-21,1.068895572805517e-01,7.928870398240025e+03,0.000000000000000e+00,2.330809469639892e+03,1.013250314088272e+05,
2.154298631720793e-07,3.811832870900097e+00,1.575245397883241e-01,2.831753847706755e-05,2.624547247066508e-04,8.501558666118090e-04,1.887884873935769e-07,1.105622641587220e-04,1.235716497743614e-02,7.082930481265357e-08,2.836916717952983e-03,1.956467664914532e-10,5.603555049981659e-10,5.833750833339271e-11,1.930533520279400e-09,3.966950436038951e-10,6.782466501530606e-09,3.466426240364868e-09,7.345363523560963e-12,3.075128372373447e-11,2.445318837267127e-11,5.906824128673076e-03,2.305107629352145e-02,1.851816097547929e-10,1.599321155517571e-08,5.171224770953964e-10,8.056063246636779e-09,1.143775689552585e-12,1.999941728826186e-14,5.190001151026326e-09,2.483794862085692e-09,1.797339469048450e-13,2.204319266170923e-11,2.256586409307932e-12,1.452731672406376e-13,1.191871427264206e-14,1.039601378131477e-14,1.211567268092854e-14,1.361181487196466e-16,2.975204895230505e-15,2.460854859187953e-18,4.848150254772639e-19,2.249756262200630e-15,1.782656603356029e-13,1.695871327263324e-16,4.818286833403683e-18,2.487320587520809e-06,1.755166413617250e-05,3.019795595136285e-08,1.506844550937373e-06,1.022651780500661e-06,3.638095110900835e-12,9.898470200786999e-15,3.322200322912704e-19,1.141830210536493e-14,6.940683061061368e-15,3.739046679048764e-15,1.910614136783012e-15,1.130068617947850e-01,7.833029238003144e+03,0.000000000000000e+00,2.291461706646258e+03,1.013250515165912e+05,
4.350742634404785e-08,3.911501648980622e+00,1.469278647033393e-01,7.193508038496567e-06,6.934806514445915e-05,5.058022053049861e-04,1.367203830255789e-07,6.108821464241598e-05,1.235467223565447e-02,1.456617916855784e-08,1.322959536157845e-03,8.133961135645004e-11,3.920857798814572e-10,3.420500160821091e-11,1.507582433783845e-09,3.787292934011934e-10,1.127014001421409e-09,2.346584844111039e-09,5.134607630620346e-12,1.756764249074182e-11,1.778079860164263e-11,3.778205196783265e-03,2.361293326465196e-02,1.278098608948972e-10,1.257745501038202e-08,1.650877813414031e-10,5.007024587068062e-09,1.268790709092800e-13,2.302891175861124e-15,4.178471047835790e-09,2.189736844057000e-09,8.667129140376061e-15,3.968498659159137e-12,1.028896315587691e-13,1.251845280168564e-13,3.206969539023053e-15,5.379412078940059e-15,4.822871444590520e-15,2.338941093564052e-18,9.957821453695943e-17,3.648599996791181e-20,2.157578119710740e-21,4.893126205296748e-17,1.383920597978318e-13,3.839052352349695e-17,2.391814846561977e-18,9.285034335290521e-07,6.339970872373208e-06,2.480040704111913e-08,2.821021677458808e-08,1.741120783898724e-08,7.227859245060763e-13,1.259468232115491e-15,2.048049435109486e-24,9.303946159916745e-26,2.919137398097147e-20,1.932589447666980e-19,7.366185091943668e-21,1.053810783038186e-01,7.940265360654704e+03,0.000000000000000e+00,2.347054733498988e+03,1.013250245553470e+05,

