1
0
63
1
(4 0
((0,0) (7,127) (0,0))
((0,256) (7,383) (0,0))
((0,128) (7,255) (0,0))
((0,384) (7,511) (0,0))
)
4
FabOnDisk: SD_0_New_MF_D_0003 0
FabOnDisk: SD_0_New_MF_D_0001 0
FabOnDisk: SD_0_New_MF_D_0002 0
FabOnDisk: SD_0_New_MF_D_0000 0

4,63
-2.573655069336119e-07,3.840631730947226e-01,1.576882997584355e-01,7.185645956271334e-20,2.585440019904859e-18,1.321554754656227e-14,4.738375793578392e-09,1.716013491329893e-06,8.201265056921726e-07,1.943550781194249e-09,2.857491689571924e-03,-5.370816549074100e-12,3.155383148431313e-23,2.527344421699129e-24,5.349381359087370e-11,1.134062907508142e-10,1.283529738122388e-19,1.722763876756104e-09,6.133559465059168e-14,1.029183325690375e-23,1.207071917476630e-11,2.931388278290563e-07,3.100137280196558e-08,4.000497824999305e-29,3.292658484467906e-09,2.433823277514925e-20,3.225926561154648e-09,2.633211085413671e-19,2.026391094836757e-14,8.287422495710139e-23,4.084799985744495e-10,2.669307548390626e-17,5.848467333182630e-19,2.300873437331317e-12,4.408258088989134e-16,6.591526362753521e-15,4.559338856000602e-15,5.769208247701708e-15,5.328357406903160e-23,9.928763239403905e-16,-2.610295831525350e-16,1.168575608163445e-23,2.150913328649226e-15,8.178623946078405e-14,1.871431859762213e-16,5.297326015024008e-18,3.948404264291951e-13,1.281274199403876e-13,5.322519639218637e-12,1.238295243734064e-12,2.231219058582285e-12,1.006323977226426e-26,8.156743901594705e-15,-2.944200988448658e-17,-7.467480398433718e-12,-9.513175720268690e-15,-5.079320938941270e-16,-2.580610087537014e-15,1.131247043811475e-01,4.068512222615684e+03,0.000000000000000e+00,4.430084612549055e+02,1.013177301741727e+05,
-1.380390047509950e-07,3.862637305020554e+00,1.469357634829317e-01,7.205261690891372e-06,6.946441082327706e-05,5.061704304123482e-04,1.327008353715124e-07,6.113156907662322e-05,1.235466795704121e-02,1.459240442372869e-08,1.324270285553029e-03,8.162766821479863e-11,3.930963565310727e-10,3.430455119557706e-11,1.510935176283056e-09,3.792838364876337e-10,1.129732814626953e-09,2.352734116162627e-09,5.148128442700872e-12,1.761992839622025e-11,1.782423033218638e-11,3.780212515972699e-03,2.305560055280213e-02,1.281442629092226e-10,1.260440037449502e-08,1.656888601376466e-10,5.020381010706173e-09,1.274791975874071e-13,2.313823886559228e-15,4.187552941655669e-09,2.193779338022431e-09,8.719522216809489e-15,3.986426932824739e-12,1.035097742963167e-13,1.255312701115578e-13,3.224441319063154e-15,5.399430100938521e-15,4.841944270965916e-15,2.355957997251066e-18,1.002169606424133e-16,3.296043173620871e-20,2.175753972619497e-21,4.925905411255312e-17,1.388936873028499e-13,3.861401958716742e-17,2.403454934212090e-18,9.314513124044870e-07,6.360347870369886e-06,2.484637228799673e-08,2.838108374100290e-08,1.751826627033975e-08,7.256265371997119e-13,1.265166442742359e-15,-1.412002622591639e-26,-1.806347810173122e-25,-4.220272652887077e-26,-1.416384996047812e-26,-1.202804177777515e-26,1.053867231444947e-01,7.835258217630047e+03,0.000000000000000e+00,2.291958390897988e+03,1.013249518904077e+05,
-2.118396084131022e-07,3.611766278343918e+00,1.490509474295100e-01,1.041952381121701e-05,1.012366698617670e-04,5.933768947250093e-04,1.327102962775405e-07,7.163318868465833e-05,1.234074512600685e-02,2.220331799726713e-08,1.661160048134247e-03,1.370231239061958e-10,4.174516212342779e-10,5.032190440761913e-11,1.395247111024562e-09,1.993575442998548e-10,1.890388927908110e-09,2.866037681186830e-09,5.489049376744084e-12,2.612850966562677e-11,1.939999766886677e-11,4.284182531148209e-03,2.215917504335847e-02,1.324293474390937e-10,1.075925622017398e-08,2.994406713828949e-10,6.875103742332317e-09,2.959608878373659e-13,5.346067965901024e-15,3.004659868146582e-09,1.196342619358694e-09,2.700981578578188e-14,8.759874675681465e-12,3.191218993476557e-13,2.999647934882085e-14,7.259708874391736e-15,8.059775251062072e-15,8.765975194404719e-15,9.298414289283767e-18,3.283169797140554e-16,-1.475069020356854e-18,1.146647839830862e-20,1.743166376538894e-16,6.099928894869129e-14,8.295886447646704e-17,3.398128991948261e-18,1.548958540985831e-06,1.067600091159850e-05,1.796051395901105e-08,9.464362567645657e-08,5.976185201111852e-08,1.428143531754167e-12,2.831946258487343e-15,-5.356454026925470e-19,-2.363900494458501e-16,-3.266839295982029e-24,-1.331713638787876e-20,-1.180161103612458e-24,1.069081267759163e-01,5.962884172354446e+03,0.000000000000000e+00,2.148697961412961e+03,1.013249389916496e+05,
-7.230539713290187e-08,3.931474400954396e+00,1.460851969166752e-01,6.092895651641523e-06,5.818325204562761e-05,4.687638322309899e-04,1.349688650835876e-07,5.697168380887602e-05,1.235212335320824e-02,1.207265509686985e-08,1.183343265086337e-03,5.115967286554135e-11,2.717277658551149e-10,2.294476871251700e-11,1.087875330475325e-09,2.984129689183541e-10,8.694479737918979e-10,1.627944182945185e-09,3.546310578394389e-12,1.172038178925753e-11,1.250966459552014e-11,3.567332009178969e-03,2.344010908169765e-02,8.751206455192142e-11,9.043103728140152e-09,1.001105682219020e-10,3.368620846954645e-09,6.911477276226069e-14,1.249922646715551e-15,2.998979333058209e-09,1.625597323034712e-09,4.093071988807673e-15,2.176440889338852e-12,4.871365387885508e-14,8.165406729621787e-14,1.572467307311021e-15,3.172344538773499e-15,2.783363339884869e-15,9.592687726582892e-19,4.455378881568892e-17,1.673422145050220e-20,7.829986725054339e-22,2.124819831673608e-17,7.841058801438700e-14,1.737814188923149e-17,1.196343103042390e-18,5.875485490889410e-07,3.995878215116349e-06,1.800580726198698e-08,1.327227771518890e-08,8.115001468762946e-09,4.244354225123424e-13,6.977998801826885e-16,1.141448970812836e-24,-2.769951015885837e-26,1.203070616520981e-28,-2.868604950334110e-32,8.495117365191666e-28,1.047747992473368e-01,7.926793207154472e+03,0.000000000000000e+00,2.330983907299423e+03,1.013249558121497e+05,

4,63
2.441468588716457e-07,3.607108141665006e+00,8.372924502040973e-01,5.081518502317214e-05,4.634562577777166e-04,9.709474249993258e-04,1.192466910578365e-04,3.304343983503866e-04,1.310559067491513e-02,2.134553744563221e-05,1.827693558514034e-01,1.331577840097333e-06,6.190371159573204e-06,7.058697281465961e-07,2.295369081574170e-04,2.532360734761552e-04,2.052471934457221e-05,5.050662703141954e-04,1.472231996210084e-05,9.532486023083318e-07,6.617676817073412e-05,1.402478777980165e-02,2.214992245361017e-02,7.245498869292167e-07,5.880349569837936e-04,2.179820481077578e-05,4.465248483406821e-03,9.985151082283534e-05,4.428041562704312e-04,3.135855981440200e-05,1.156887510201310e-04,1.343000900277612e-07,3.188343100733710e-05,3.839358565700377e-05,1.167801575900062e-05,5.619690393217740e-05,3.044726863638264e-05,3.999354154456239e-05,3.103455916170460e-06,6.457837877372861e-04,1.094017840830025e-05,4.068328681962291e-06,1.161854730892749e-04,1.578495062500154e-05,6.436787346469413e-07,1.460058402658392e-08,2.488814516838023e-06,1.756947795475732e-05,2.938652004149346e-05,1.266128910600404e-05,1.641743290713689e-05,1.634536797789051e-06,4.521527859300117e-04,9.738707748326527e-06,5.259277071615178e-02,1.650866828739994e-03,1.381698248915325e-04,4.470324603383704e-04,6.019273966379148e-01,7.545330107018130e+04,0.000000000000000e+00,2.146052761878219e+03,1.013262595495658e+05,
1.113533935093649e-07,3.931157251414311e+00,1.490244302767472e-01,1.037604837894032e-05,1.008134021993809e-04,5.923528420991598e-04,1.349499869924518e-07,7.150363228613969e-05,1.235708004104611e-02,2.209694846101957e-08,1.657056513085032e-03,1.364663287665264e-10,5.320755270680447e-10,5.019058042882664e-11,1.898720019704419e-09,4.051269936093314e-10,1.879830032915724e-09,3.217172007877650e-09,6.985093432373771e-12,2.605732137233297e-11,2.346527256363001e-11,4.278130702117693e-03,2.343837571628639e-02,1.758103660678570e-10,1.579499169423504e-08,2.979643820400554e-10,7.200874890941051e-09,2.936345741971778e-13,5.304733089490930e-15,5.168626568358559e-09,2.493245235508369e-09,2.671588977870290e-14,8.698736532469917e-12,3.156539812587378e-13,1.478069934065597e-13,7.213355410236701e-15,8.877730769736283e-15,8.726931884781396e-15,9.173173783911922e-18,3.245647382370647e-16,1.100667285202086e-19,1.127290635186402e-20,1.721583508575711e-16,1.786527460603544e-13,8.251979978478937e-17,4.137218018324036e-18,1.542578402355324e-06,1.063086581595132e-05,3.011398666697092e-08,9.347770094401676e-08,5.900945307497890e-08,1.419530554738969e-12,2.810833768275153e-15,9.803345625249229e-24,4.160710449490146e-20,6.613331084430018e-20,1.549964425801944e-19,1.815373964204476e-20,1.068890329041185e-01,7.929021594161228e+03,0.000000000000000e+00,2.330820146098558e+03,1.013250296259965e+05,
2.110294983730816e-07,3.861848431460006e+00,1.575184771547034e-01,2.830175239689959e-05,2.623241477965536e-04,8.500131581946935e-04,1.887082257896568e-07,1.105349074871285e-04,1.235715545863369e-02,7.078348766287515e-08,2.836173751079214e-03,1.956349966643195e-10,5.603901907564484e-10,5.833763528564825e-11,1.930609952005148e-09,3.967162068982066e-10,6.777740354311815e-09,3.466612971367864e-09,7.345899861466377e-12,3.075024252725006e-11,2.445491748523268e-11,5.905861877962720e-03,2.305118077599335e-02,1.851928899956829e-10,1.599360576279024e-08,5.170894469067172e-10,8.056190882590981e-09,1.143153272010655e-12,1.998732444057122e-14,5.190131874680651e-09,2.483856660569872e-09,1.796006858672218e-13,2.203994630071342e-11,2.254642922439777e-12,1.452829890389247e-13,1.503773573103319e-14,3.190903338756590e-14,9.029753276289800e-14,6.786015721695006e-16,4.150649606405020e-14,3.789342070807718e-17,2.030522900204823e-18,4.504592463914238e-15,1.782737132231624e-13,1.623169270918353e-16,4.603837389134413e-18,2.487255661535727e-06,1.755263306284985e-05,3.019847721668516e-08,1.504524892444299e-06,1.021152110719782e-06,3.636957208682610e-12,7.462743998648534e-14,1.426911692333376e-17,1.786562033119384e-12,1.108859835706041e-12,2.826443367889160e-13,3.053415482809004e-13,1.130024698987121e-01,7.833077206705533e+03,0.000000000000000e+00,2.291475166611892e+03,1.013250501422104e+05,
5.625156269166828e-08,3.961473787677916e+00,1.469271864699198e-01,7.192876870138120e-06,6.934123238227717e-05,5.057819394029914e-04,1.367141136656665e-07,6.108630750674385e-05,1.235466358568243e-02,1.456453381710118e-08,1.322855442209566e-03,8.133302450603824e-11,3.920724139402128e-10,3.420327108401408e-11,1.507576999479770e-09,3.787592365422086e-10,1.126872107954825e-09,2.346549949558488e-09,5.134504854486848e-12,1.756685584549562e-11,1.778052040165140e-11,3.778061360255724e-03,2.361279442081427e-02,1.278004842071508e-10,1.257676440133202e-08,1.650505889599941e-10,5.006288763132314e-09,1.268449048544988e-13,2.302281928499910e-15,4.178352617545986e-09,2.189747976124396e-09,8.663979256471696e-15,3.967321308817154e-12,1.028534999275295e-13,1.251871241815218e-13,3.206364671516080e-15,5.378589755405419e-15,4.821824394732919e-15,2.337983181540866e-18,9.954093015487027e-17,3.647396127422091e-20,2.156498565431042e-21,4.891151460608066e-17,1.383879176293003e-13,3.838429104881383e-17,2.391565901447031e-18,9.282892999406867e-07,6.338496875338500e-06,2.479687361532308e-08,2.819843218490201e-08,1.740383192073889e-08,7.225943570112076e-13,1.259104475030311e-15,2.271912076188154e-24,2.895663348673505e-25,2.202662605291414e-20,1.542302388869862e-19,4.333093166235694e-21,1.053805773784355e-01,7.941039612994156e+03,0.000000000000000e+00,2.347046638889484e+03,1.013250216916350e+05,

