1
0
56
1
(4 0
((0,0) (7,127) (0,0))
((0,256) (7,383) (0,0))
((0,128) (7,255) (0,0))
((0,384) (7,511) (0,0))
)
4
FabOnDisk: SD_5_New_MF_D_0003 0
FabOnDisk: SD_5_New_MF_D_0001 0
FabOnDisk: SD_5_New_MF_D_0002 0
FabOnDisk: SD_5_New_MF_D_0000 0

4,56
-7.636956178101429e+00,-1.800252859855330e+01,-2.736279117345321e+01,-6.063980102301512e+00,-8.238176136346047e+00,-8.833377527808963e+00,-1.058583970113947e+00,-6.285968154223435e+02,-2.339228987302960e-01,-7.271802165032398e-01,-7.933911720431563e-02,-1.341051664913350e+01,-1.189149586611618e+01,-1.421366377238968e+00,-9.720521822100128e+00,-4.455363821194430e-01,-6.925363382882002e-02,-2.618604550457911e+00,-1.366100461856932e+02,2.870056622916728e-14,-7.455388934690663e-02,-4.514229275711181e+01,-1.697173057674436e+00,-1.905661813249946e+02,-7.588553099098865e+00,-2.350089342102918e+01,-4.170501610091237e+00,-2.890222347580658e+00,-8.556553332150477e-03,-2.021779848653581e+00,-1.615948208314660e+00,-8.541063706063855e-01,-3.535297648511976e+00,-2.050279693278811e+00,-2.967878167299877e+00,-2.054130499175829e-01,-3.198211465294675e+01,-5.054637173054426e-01,-3.288401798976166e-01,-8.320524056675378e+00,-7.703698985551855e-01,-1.471887254706473e-02,-5.825636931708974e-04,-7.601615960340098e-02,-1.400368789697039e-01,-2.032794573360868e+00,-6.964486381938839e-02,-3.474154316014283e-01,-1.283582715887724e-01,-2.377090610454191e+01,-4.462277439137725e-01,-5.699556656594609e+02,-8.600221375847615e+01,-8.494596045045494e+00,-2.392511038342685e+01,-2.777369445539080e-10,
-1.303105959534231e-02,-8.975749612585375e-02,-1.966620852443480e-01,3.266916408804544e-06,-2.842381754734777e-02,1.848098003010590e-01,-2.173377612062608e-05,-7.990439203811540e-01,-1.077989562235314e-07,-2.171187776381966e-07,-2.385797494283791e-08,-6.784967337029003e-07,-7.776393194728801e-08,-2.133008107727240e-06,-1.241428312875885e-06,-2.741939262824712e-09,-1.260688897045375e-08,-8.864253014888671e-09,-1.085464195476603e+00,7.508234938390075e-01,-7.511328878865573e-08,-6.064371696377179e-06,-2.918872281293482e-07,-3.476352965044495e-06,-4.742552014662412e-10,-8.405608830005468e-12,-1.981885727346528e-06,-7.925262610690691e-07,-6.046117664642051e-11,-1.223057916990780e-08,-7.111920116582012e-10,-5.892273391831251e-11,-8.752528756188658e-12,-5.501074641791566e-12,-7.442993835704245e-12,-2.564516666437715e-14,-7.616154672360738e-13,-4.065230774327633e-15,-1.693528043247067e-15,-4.351755830933896e-13,-9.304894503148751e-11,-7.788423153852210e-14,-2.451739479696563e-15,-1.193196922185051e-03,-8.441396327519167e-03,-1.168100642855668e-05,-2.348795391800764e-04,-1.517144547939635e-04,-1.677199310866565e-09,-4.159660683877220e-12,-1.327483071336042e-15,-4.414274154177131e-15,-6.590646393026375e-15,-4.385612423622528e-14,-2.585580136362949e-15,-3.305344886683770e-11,
-1.431848804384868e-01,-7.373917544010480e-01,-5.556532475146883e-01,-4.629329965650563e-04,-1.419581376375545e-01,4.868472657811010e-01,-2.534584304538785e-04,-3.724639363767809e+00,-1.206530660074816e-07,-1.341385132975755e-07,-2.295202854843198e-08,-1.837236260627885e-07,1.366793627241127e-07,-2.580072752450915e-05,-9.479103195793818e-07,-1.739939882819308e-09,-1.357050084299234e-08,-4.854690614800106e-09,-4.214528506616626e+00,1.754060666418748e+00,-4.934531860049964e-08,-1.623398639222768e-06,-4.031688696744354e-07,-4.676341977602620e-06,-8.191846794821509e-08,-5.738882404241078e-10,-3.422970015193512e-08,4.724994430018543e-07,-7.092267025539166e-10,-2.416428927157320e-08,-2.548383867068588e-08,-5.134404792926237e-09,-1.558613077555529e-08,-2.311217481176655e-08,-3.256814937117018e-08,-2.701614528823833e-11,-1.817996572277020e-09,-9.946146485362176e-08,-1.577228148999335e-12,-1.457150179384612e-09,-6.126663708607873e-09,-1.511194866854664e-11,-4.355185900802195e-13,-1.442435823880104e-03,-1.028205891817554e-02,-7.628799817877309e-07,-1.307730362922886e-02,-9.032051520345103e-03,-5.532634743900708e-09,-5.519052755621725e-09,-3.356950490885848e-08,-1.199230904644428e-07,-3.290325789370044e-08,-1.380359348660187e-07,-8.986049229571374e-09,-3.714828444856266e-11,
-4.750171161406927e-03,-2.937218540112243e-02,-8.890191101882514e-02,-5.665451450855514e-06,-1.096819111750271e-02,8.758026888815476e-02,-6.579950834074044e-06,-3.333246233748407e-01,-7.814495451350369e-08,-2.660119480788577e-07,-2.217124653918052e-08,-9.782510414711748e-07,-2.120144867128272e-07,-6.301351053327026e-07,-1.107075364598522e-06,-2.462237765132827e-09,-9.596284886730225e-09,-8.617134171525643e-09,-4.657462722540714e-01,2.816854988353829e-01,-7.332453493404764e-08,-7.898455361478565e-06,-1.425999850899384e-07,-3.511741980811534e-06,-1.412483018667473e-10,-2.555547884667395e-12,-3.492518664958248e-06,-1.097540659910005e-06,-1.262347463284559e-11,-4.358338700319436e-09,-1.483140784532163e-10,-6.801460849357889e-11,-3.634331624564706e-12,-4.215361873547487e-12,-4.323332200044526e-12,-4.012256650913014e-15,-1.510302397238352e-13,-5.003722276720217e-17,-2.398297358613918e-18,-7.794469737075632e-14,-9.542619904642450e-11,-4.443142560494725e-14,-2.202586451278315e-15,-7.175802390246574e-04,-4.956736805996066e-03,-1.461693814272841e-05,-4.215480898661179e-05,-2.643886966676122e-05,-6.831170446445809e-10,-1.356214122264546e-12,-1.520572873262987e-19,-2.615415276630289e-15,-6.543747008664680e-15,-3.540493831302677e-14,-2.769556159606956e-15,-2.919475772245050e-11,

4,56
5.427069938352313e+00,3.080238924921669e+01,4.395440097778992e+01,7.774195053354377e+00,1.331101544844587e+01,3.148091478732592e+02,6.203689772583277e-01,-3.991543429116007e-09,5.723201849639628e-01,1.339677998010874e+00,1.545650507713316e-01,2.623938759863535e+01,1.549194284002079e+01,1.951061109099194e+00,1.508597191690128e+01,4.421930444041868e-01,1.313358586412924e-01,2.887626849943413e+00,4.527459676787466e+02,2.822039403724693e+02,1.641143263803459e-01,5.551721148935575e+01,3.870371931287247e+00,2.969848523940897e+02,1.182287249845237e+01,2.500710305991561e+01,8.353811299854724e+00,3.411451376389763e+00,1.621943046720551e-02,4.007771100462127e+00,2.251114501690549e+00,1.013779832505294e+00,3.953947854950610e+00,2.180706930133141e+00,4.033243353508539e+00,2.169488893350231e-01,3.168659480201606e+01,1.377270592837529e+00,5.387441953778770e-01,7.815023572307960e+00,1.250882089655379e+00,3.617848988816372e-02,8.753201226408342e-04,8.347282936968609e-02,3.363841970202517e-01,2.386043553907101e+00,4.521786499859107e-01,6.622660121278617e-01,1.895738448680973e-01,1.573876984148534e+01,1.176294529922832e+00,4.999195805654393e-05,9.314288481221648e+01,1.459628319038514e+01,2.615163310461072e+01,4.062030711793341e-10,
-3.926888863979781e-03,-2.926294362500947e-02,-8.425033994732473e-02,8.942718541687101e-06,-1.098015569085163e-02,4.825946846640935e-01,-6.367081855985524e-06,-3.347632634470432e-01,-6.057736554551562e-08,-9.851659003909923e-08,-1.898179232218022e-08,-3.192041744504526e-08,1.747041792216014e-07,-6.296229840964577e-07,-6.436560478940388e-07,-1.211799562812018e-09,-9.906776957378405e-09,-2.239913349161806e-09,-4.656581962266669e-01,1.738706390531332e+00,-4.099320628050521e-08,-5.132353547463761e-07,-1.443507133023417e-07,-2.693113734156811e-06,-1.427482207636765e-10,-2.589035557743770e-12,2.632276565953348e-07,6.972792387660450e-07,-1.272560582057597e-11,-4.405134109720060e-09,-1.492030627577718e-10,7.464963306327685e-11,-3.689389285713194e-12,-4.307852394937205e-12,-4.379867683730405e-12,-4.040053752712106e-15,-1.522977179394479e-13,3.440280118112493e-16,9.892016891588704e-17,-7.838733447764192e-14,6.992300218070651e-11,-4.490640064996484e-14,-1.306482543770744e-15,-7.201254828944733e-04,-4.975076699536825e-03,-2.630735122016776e-07,-4.221757429265167e-05,-2.645752032460668e-05,-6.867001932770730e-10,-1.360891591321500e-12,1.337916776234975e-16,4.435364788815477e-14,8.188321193478665e-14,2.223099805985574e-14,2.270945928681434e-14,3.197886400130301e-11,
-1.313940910641216e-02,-9.067739767766271e-02,-1.969565112705959e-01,3.092907868771095e-06,-2.869978693165391e-02,2.858853984006094e+00,-2.200799762339799e-05,-8.061893856415525e-01,3.361684318966583e-07,1.258367750392253e-06,1.090905143235339e-07,3.758073929355207e-06,6.157788325597751e-07,-2.157687003995397e-06,6.423672449991987e-06,1.540650033159413e-08,5.168912140147098e-08,4.284511805151475e-08,-1.095141476391170e+00,6.673758018208384e+00,4.233108529388986e-07,3.235930528574432e-05,3.506657388989388e-07,1.480470663575482e-05,1.006899352242270e-08,8.332386250160982e-12,1.130841244692169e-05,4.216539873800468e-06,-6.131621825778900e-11,-2.526122804342473e-09,-7.085578102791622e-10,1.573965781540919e-08,1.070159790518360e-08,3.579826405115456e-08,1.143346093653630e-07,2.026338056315165e-09,6.755090718898609e-08,4.931349359850906e-09,3.483168241731768e-11,1.721533650325700e-08,3.102841628238884e-10,3.721656527577157e-14,5.889784628490617e-15,6.286382532776079e-04,5.297856808335060e-03,5.994508571237692e-05,-2.396244428868849e-04,-1.548129071026118e-04,9.982404728833861e-10,8.833883920000423e-08,1.729512968711947e-09,2.109761992837610e-06,1.465614804619953e-06,4.253795834911037e-07,4.068767793939838e-07,2.990940828340172e-11,
-1.699078579908118e-03,-7.117071725704666e-03,-1.224710547306805e-02,7.450156244553704e-06,-3.985350749934183e-03,1.838115482644502e-01,-5.904269848861429e-07,-1.658322646151262e-01,-3.271240556811116e-08,-1.031838196255482e-07,-1.147825893422550e-08,-2.428780657088263e-07,2.826948025568734e-08,-7.599971929834788e-08,-5.376686188360857e-07,-1.275003574550223e-09,-5.828216992060546e-09,-3.373285209737515e-09,-1.717643384406496e-01,7.508197463662662e-01,-4.463751035238459e-08,-3.029336858632351e-06,-7.903432182029564e-08,-2.133189833307529e-06,-5.663527589488213e-11,-1.030594495479565e-12,-7.902052647268300e-07,-1.794958352038837e-07,-3.639657062858879e-12,-2.003398975387399e-09,-3.977731005725144e-11,-3.719311199270423e-11,-1.398461741236516e-12,-2.705743495294677e-12,-2.231075337374041e-12,-7.039194818296510e-16,-3.575586061015499e-14,1.634975868889354e-16,5.528622322590146e-19,-1.481771213790098e-14,-6.843170224044616e-11,-1.808799280728758e-14,-1.286006125133265e-15,-4.501898293133204e-04,-3.065633995416002e-03,-9.670416190063197e-06,-9.415876501677798e-06,-5.780150445159683e-06,-3.059137943249307e-10,-4.477295897037168e-13,7.731501578337300e-17,7.431314316394659e-19,-7.557792902411660e-23,9.399096822407874e-16,-1.858382932809057e-22,3.071665144460667e-11,

