1
0
56
1
(4 0
((0,0) (7,127) (0,0))
((0,256) (7,383) (0,0))
((0,128) (7,255) (0,0))
((0,384) (7,511) (0,0))
)
4
FabOnDisk: SD_5_Old_MF_D_0003 0
FabOnDisk: SD_5_Old_MF_D_0001 0
FabOnDisk: SD_5_Old_MF_D_0002 0
FabOnDisk: SD_5_Old_MF_D_0000 0

4,56
-7.641025230979015e+00,-1.795693555754838e+01,-2.740018648942358e+01,-6.092726285704526e+00,-8.298586518347500e+00,-8.783740365405645e+00,-1.048748466286284e+00,-6.291875261178509e+02,-2.335305032892904e-01,-7.247482342863165e-01,-7.868616507300899e-02,-1.337841462170182e+01,-1.195369962530882e+01,-1.423161957916076e+00,-9.708714699391169e+00,-4.443833940058140e-01,-6.946478805802844e-02,-2.597320301769574e+00,-1.366412106099355e+02,3.417535351935008e-14,-7.477844719982554e-02,-4.525367641348640e+01,-1.683508697481478e+00,-1.912259638658236e+02,-7.610333730153555e+00,-2.349231287281678e+01,-4.139910903533398e+00,-2.889852356357918e+00,-8.479489155620579e-03,-2.025409148487315e+00,-1.613723210251887e+00,-8.513021394552113e-01,-3.537627940511030e+00,-2.050467635894210e+00,-2.930844718244754e+00,-2.032286407547435e-01,-3.200283310107838e+01,-5.040588375853512e-01,-3.326363330794333e-01,-8.304902850329370e+00,-7.702979398412076e-01,-1.478169762622408e-02,-5.867023771071884e-04,-7.595609060425039e-02,-1.386631165237220e-01,-2.029031212141733e+00,-6.916740390833724e-02,-3.444311129667703e-01,-1.266403739837674e-01,-2.349007370533842e+01,-4.437782786085909e-01,-5.740475359878993e+02,-8.619371564722915e+01,-8.504353534715820e+00,-2.397041562189528e+01,-2.606839188956656e-10,
-1.317652309451135e-02,-8.937218909331285e-02,-1.985918708129947e-01,3.074157736868321e-06,-2.828526594241651e-02,1.843082065614215e-01,-2.159160311776123e-05,-7.993631431781978e-01,-1.050014116277521e-07,-2.107868232412021e-07,-2.292399321392162e-08,-6.575123647844409e-07,-7.423825433419783e-08,-2.116468106561629e-06,-1.208177250445713e-06,-2.661408999064036e-09,-1.225555819034559e-08,-8.634475570522200e-09,-1.083969714057032e+00,7.525192594938513e-01,-7.350304981952517e-08,-5.952312994895574e-06,-2.928150545583561e-07,-3.458027335878166e-06,-4.732186880711275e-10,-8.381599109766221e-12,-1.921907263767267e-06,-7.679543936243119e-07,-6.023763793041109e-11,-1.224680695233257e-08,-7.071191993724284e-10,-5.839828900811351e-11,-8.661513955196667e-12,-5.438624858194994e-12,-7.459508084526787e-12,-2.550392974837577e-14,-7.585631762505701e-13,-4.109658553019340e-16,-1.663551737564075e-15,-4.331051868698772e-13,-9.261903116928298e-11,-7.671486092685822e-14,-2.437091158016957e-15,-1.195416067032489e-03,-8.442145564198391e-03,-1.183668569490829e-05,-2.337026669416444e-04,-1.509020558060719e-04,-1.679608206289209e-09,-4.154055151939582e-12,-1.200431189827056e-16,-4.474126948082709e-16,-9.602888063269229e-15,-5.637616358638239e-14,-4.527635153031111e-15,-3.024541728180452e-11,
-1.433056157034372e-01,-7.386293903028287e-01,-5.578348723176054e-01,-4.637276732599791e-04,-1.421219112314649e-01,4.860676847021690e-01,-2.539182772397855e-04,-3.726154922201359e+00,-1.116340609859997e-07,-1.280944553554948e-07,-2.230804003906136e-08,-1.640170126532516e-07,1.402862146683809e-07,-2.588075075580598e-05,-9.047594075148296e-07,-1.658641118609815e-09,-1.214678316477773e-08,-4.620558892701674e-09,-4.216353223170308e+00,1.751954945218861e+00,-4.854110283520956e-08,-1.602563419842664e-06,-3.854437999526434e-07,-3.100141648776527e-06,-4.499801209243055e-08,-1.956117163868723e-10,1.189971598486674e-08,4.853263377592045e-07,-8.411718277018495e-10,-2.454397542964179e-08,-1.576931536810521e-08,-4.678169835833098e-08,-1.888599462067608e-08,-2.702953249453543e-08,-4.714691749604662e-08,-4.906330620648353e-13,-1.318593900921165e-11,-8.301415844836878e-09,-2.435781021696874e-15,-9.633176675356847e-12,-6.860660334453370e-09,-1.684814707135889e-11,-4.866650617291132e-13,-1.469986485570976e-03,-1.026393422210935e-02,-1.108211174302250e-06,-1.316911739852496e-02,-9.049667077889526e-03,-4.861524147672055e-09,-3.083826734657093e-11,-1.067153284338137e-09,-6.324434682537037e-09,-2.142819630142054e-10,-1.006566236652911e-07,-5.868364989353786e-11,-3.157563099875915e-11,
-4.864279432481868e-03,-2.955652584229123e-02,-8.957486163154532e-02,-6.443791656697939e-06,-1.094475315888414e-02,8.374879739505244e-02,-6.628743315867382e-06,-3.337195047780220e-01,-7.646333791061622e-08,-2.540233994995521e-07,-2.107633511804028e-08,-9.319365407786826e-07,-1.994223623953928e-07,-6.286891639880830e-07,-1.078476174272033e-06,-2.397869058952863e-09,-9.158615202729980e-09,-7.985168912421067e-09,-4.670407707971300e-01,2.867668868851830e-01,-6.942432197640286e-08,-7.562388680101977e-06,-1.399545229634982e-07,-3.450508864119619e-06,-1.381868832658044e-10,-2.489572900964790e-12,-3.392482915331210e-06,-1.018009942561912e-06,-1.252263511305356e-11,-4.293243437582429e-09,-1.491356388124395e-10,-6.714502320838277e-11,-3.581476638152559e-12,-4.064109984967392e-12,-4.216978556910463e-12,-3.960731487295056e-15,-1.489751727393319e-13,-4.936091199967385e-17,-2.869239312588930e-18,-7.707988899871712e-14,-9.539635607168527e-11,-4.441469210760745e-14,-2.203655138522013e-15,-7.182824637126547e-04,-4.957457660722217e-03,-1.475324480124725e-05,-4.220786537800997e-05,-2.646860024326034e-05,-6.773282452234574e-10,-1.342594692939406e-12,-2.488877812149091e-19,-2.259029409430475e-16,-9.078677444646835e-15,-4.319147106420904e-14,-4.571218253013596e-15,-3.416295024649685e-11,

4,56
5.433250576890839e+00,3.089108101118572e+01,4.403820070430478e+01,7.852012181453732e+00,1.327436089652175e+01,3.150635872338438e+02,6.173370805710204e-01,-4.315646950914243e-09,5.732365486095896e-01,1.341628070839663e+00,1.543757380580351e-01,2.623679747293374e+01,1.546316462730165e+01,1.958648356124698e+00,1.508933805650433e+01,4.418941119052306e-01,1.326329654477032e-01,2.898262021261103e+00,4.521540613084247e+02,2.821888859222297e+02,1.625562963087667e-01,5.499848437446926e+01,3.903834468182131e+00,2.983737912475258e+02,1.175050398306101e+01,2.511319386384315e+01,8.333832896196041e+00,3.390184826514104e+00,1.639742371685589e-02,4.028499266284620e+00,2.288668773922073e+00,1.014972636191058e+00,3.921467037983480e+00,2.157034615057806e+00,4.018882880977001e+00,2.192288439847835e-01,3.200176392910205e+01,1.401776187974257e+00,5.503555223411130e-01,7.837725914358075e+00,1.238610631165620e+00,3.642052617844832e-02,8.738739897646851e-04,8.300470773880660e-02,3.336709472539745e-01,2.363123432665640e+00,4.524222387278010e-01,6.586370827598653e-01,1.915659497167771e-01,1.573417486177441e+01,1.220027706127017e+00,2.305661075846181e-04,9.292423113197948e+01,1.466349408993714e+01,2.608335379394137e+01,5.456968210637569e-10,
-3.900776023075777e-03,-2.915929434866226e-02,-8.322755219565463e-02,9.167438966628286e-06,-1.092979176438849e-02,4.818135529528090e-01,-6.299083009022535e-06,-3.352484682800108e-01,-5.808279662391708e-08,-8.065484221749796e-08,-1.740309413934998e-08,3.293285067170897e-08,1.831061466408805e-07,-6.232259323737223e-07,-5.316479996828410e-07,-9.784174697485604e-10,-9.355355492046441e-09,-1.351982022705018e-09,-4.666899399893241e-01,1.736362544164994e+00,-3.595758038179329e-08,1.160422894642814e-08,-1.416029330770755e-07,-2.548153199501215e-06,-1.394694000729954e-10,-2.523953090560006e-12,4.594133852424370e-07,8.088962282190949e-07,-1.259710625444694e-11,-4.343044633076751e-09,-1.493055127232930e-10,7.623157616331409e-11,-3.629790509313164e-12,-4.162123070800645e-12,-4.277232197152736e-12,-3.985854608268576e-15,-1.501381539758974e-13,1.688497240039118e-18,8.308374072998918e-17,-7.738369802944167e-14,7.053742018040625e-11,-4.471545327413555e-14,-1.335859511469159e-15,-7.207458579622114e-04,-4.975841245898586e-03,-5.975952752687067e-08,-4.219652844045852e-05,-2.643189549078234e-05,-6.809745041024088e-10,-1.347919346460129e-12,1.681504069351090e-17,3.279938669216393e-15,1.498838633647545e-14,4.990756925389104e-15,4.156734673511710e-15,3.411682047982367e-11,
-1.327457292571693e-02,-9.031968617334141e-02,-1.954885176669838e-01,2.912346974829269e-06,-2.856277573690714e-02,2.862050523391389e+00,-2.187579719200397e-05,-8.064675456480905e-01,3.295335133369357e-07,1.240837409976969e-06,1.073373102971584e-07,3.698512273521555e-06,6.161839374304350e-07,-2.142384431101472e-06,6.334551050754956e-06,1.510011502461265e-08,5.048977991511724e-08,4.181383677038130e-08,-1.093798619020477e+00,6.676626021602128e+00,4.198992592728086e-07,3.205893249797406e-05,3.287684997399429e-07,1.447220739987580e-05,1.525626320812338e-08,-8.448148769173903e-12,1.124240606959302e-05,4.186369521043987e-06,-6.111446269776049e-11,-3.401128369392162e-09,-7.187280769912816e-10,2.609645100382105e-10,5.500016787107382e-11,2.248551338177896e-10,1.912230536326376e-08,4.594520236473360e-09,1.112808259464520e-07,2.716654037181024e-09,4.914271230392555e-11,3.195648582711007e-08,3.084164437404545e-10,3.423923573219181e-14,5.773287583527777e-15,5.626174249723123e-04,5.472319254423228e-03,5.935698115222404e-05,-2.385594242915320e-04,-1.540753164182616e-04,2.688555336584387e-10,1.040135797863230e-07,4.642687069077145e-10,9.981125429958172e-07,5.942781936235671e-07,2.694082017539403e-09,1.647131603595857e-07,3.761502220811508e-11,
-1.693172581006984e-03,-6.609579782148304e-03,-9.789438826788240e-03,7.564090190667637e-06,-3.588276816729056e-03,1.834933437914015e-01,-4.378328444565054e-07,-1.670919613895026e-01,-3.083039346557415e-08,-8.309488062080447e-08,-9.781512307297337e-09,-1.760636161282211e-07,3.444549638284255e-08,-5.680360536800996e-08,-4.512717118786914e-07,-1.060202520722189e-09,-5.067994017093093e-09,-2.677504772115601e-09,-1.750012680763784e-01,7.528541169487986e-01,-3.706934781602888e-08,-2.264052563411661e-06,-7.658657674605851e-08,-1.970194817860012e-06,-5.361817532396864e-11,-9.708747184254873e-13,-5.382855289367369e-07,-5.458867272448175e-08,-3.477706955841414e-12,-1.949703810615093e-09,-3.738844151047944e-11,-3.836687758286380e-11,-1.321722339248919e-12,-2.554837565212473e-12,-2.131198936474489e-12,-6.341339544776664e-16,-3.315161087108907e-14,-1.306001909730732e-17,9.234262349363267e-19,-1.347100259761752e-14,-7.156421486188756e-11,-1.760322027527480e-14,-1.268153728001670e-15,-4.501803768094567e-04,-3.065377286395704e-03,-9.115450274891591e-06,-9.052993732450759e-06,-5.558042330324176e-06,-2.992780481220576e-10,-4.274608417234194e-13,8.979532192190320e-18,1.071957700188060e-18,-5.750310572199619e-23,6.016071769570993e-17,-1.671350097340766e-22,2.920208519441303e-11,

