1
0
63
1
(4 0
((0,0) (7,127) (0,0))
((0,256) (7,383) (0,0))
((0,128) (7,255) (0,0))
((0,384) (7,511) (0,0))
)
4
FabOnDisk: SD_0_Old_MF_D_0003 0
FabOnDisk: SD_0_Old_MF_D_0001 0
FabOnDisk: SD_0_Old_MF_D_0002 0
FabOnDisk: SD_0_Old_MF_D_0000 0

4,63
-2.445831792016062e-04,7.312979966466890e-01,1.600625556358758e-01,0.000000000000000e+00,3.119118181280478e-25,2.582326511217431e-18,7.618993263914863e-13,2.636093667867325e-08,2.912942807424725e-10,3.002981725677994e-13,3.133851995528643e-03,0.000000000000000e+00,0.000000000000000e+00,0.000000000000000e+00,1.435052198171580e-14,3.119558323351104e-12,1.610249531597272e-25,2.215891077934171e-13,1.783177720123929e-20,0.000000000000000e+00,2.193814739229496e-14,4.676263477200810e-11,1.046395549785232e-12,3.805523159301381e-37,1.632725515743814e-13,1.387887044686990e-29,1.395381491348824e-12,0.000000000000000e+00,2.378776254344041e-14,2.174908852055454e-31,5.174013035697557e-15,6.078946465300767e-23,3.933235197299780e-28,1.024821709842864e-15,0.000000000000000e+00,0.000000000000000e+00,0.000000000000000e+00,0.000000000000000e+00,0.000000000000000e+00,0.000000000000000e+00,0.000000000000000e+00,0.000000000000000e+00,0.000000000000000e+00,1.467798669920786e-18,1.470223318211533e-19,2.983727814161026e-21,4.016248288703420e-19,1.292599122825604e-19,5.246955115018915e-18,1.210682125726893e-18,2.181464477180941e-18,0.000000000000000e+00,0.000000000000000e+00,0.000000000000000e+00,0.000000000000000e+00,0.000000000000000e+00,0.000000000000000e+00,0.000000000000000e+00,1.148205770143689e-01,3.421785704753447e+03,0.000000000000000e+00,4.430000018901406e+02,1.007468606996299e+05,
-1.178797821697548e-07,4.123007008071150e+00,1.469178744849872e-01,7.181861944578496e-06,6.924519140583017e-05,5.054764459936480e-04,1.324407029179796e-07,6.103898501419032e-05,1.234450256816915e-02,1.454008238630078e-08,1.321984681843877e-03,8.256837206461955e-11,3.983590127159355e-10,3.474285338213119e-11,1.532226938852072e-09,3.852638045170671e-10,1.127535478406728e-09,2.384103305830133e-09,5.216974392897683e-12,1.784245468380922e-11,1.806558961994706e-11,3.776796081983830e-03,2.304046711059518e-02,1.298374231365084e-10,1.278042712013624e-08,1.674604929360018e-10,5.083188790774879e-09,7.235478858614068e-14,1.577994761507485e-15,4.246922295398230e-09,2.226333753456380e-09,4.902207202187294e-15,4.023188551327835e-12,0.000000000000000e+00,0.000000000000000e+00,0.000000000000000e+00,0.000000000000000e+00,0.000000000000000e+00,0.000000000000000e+00,0.000000000000000e+00,0.000000000000000e+00,0.000000000000000e+00,0.000000000000000e+00,1.431962045548654e-13,3.963067878810054e-17,2.471324171377626e-18,9.424612100275968e-07,6.434977095700681e-06,2.520510498971564e-08,2.854263794026592e-08,1.761433314219690e-08,7.329510771165122e-13,0.000000000000000e+00,0.000000000000000e+00,0.000000000000000e+00,0.000000000000000e+00,0.000000000000000e+00,0.000000000000000e+00,1.053731657914607e-01,7.934512394950520e+03,0.000000000000000e+00,2.291228326870322e+03,1.013249935196611e+05,
-8.062464691508467e-07,3.856122109015134e+00,1.490880542461170e-01,1.056884532520107e-05,1.023134424319201e-04,5.958663970404777e-04,1.315360163513007e-07,7.221114474177009e-05,1.220395917902246e-02,2.242439471105488e-08,1.664216467781728e-03,1.419226015451824e-10,3.508006815600550e-10,4.548921678508864e-11,1.190148993136841e-09,1.652407480183723e-10,1.935946237594752e-09,2.516532492773142e-09,4.618904672471575e-12,2.453224365106367e-11,1.713508557528233e-11,4.318637986615835e-03,2.233599206646636e-02,1.086180110949285e-10,8.996884031405744e-09,3.094572668253612e-10,6.079853440062133e-09,1.906886330048878e-13,2.330997515598377e-15,2.431242901377698e-09,9.777669865024397e-10,2.599429451490573e-14,9.053925972923152e-12,0.000000000000000e+00,0.000000000000000e+00,0.000000000000000e+00,0.000000000000000e+00,0.000000000000000e+00,0.000000000000000e+00,0.000000000000000e+00,0.000000000000000e+00,0.000000000000000e+00,0.000000000000000e+00,4.996001181856495e-14,8.757974604475487e-17,3.078817617467897e-18,1.595292196555808e-06,1.099758889959491e-05,1.489039397267343e-08,9.950228916278482e-08,6.285826077155437e-08,1.453944865648967e-12,0.000000000000000e+00,0.000000000000000e+00,0.000000000000000e+00,0.000000000000000e+00,0.000000000000000e+00,0.000000000000000e+00,1.069315413172004e-01,4.277398472464486e+03,0.000000000000000e+00,2.117599313151227e+03,1.013249743879649e+05,
-7.771755549163829e-08,4.192286707943528e+00,1.460616691586114e-01,6.093826704491661e-06,5.815527116513389e-05,4.687835475636879e-04,1.350491200432403e-07,5.701103737723969e-05,1.235281181458307e-02,1.205995022020580e-08,1.181553649332164e-03,5.117135195307220e-11,2.717289016206674e-10,2.294749350751764e-11,1.088022992267019e-09,2.986451699604848e-10,8.696571429405631e-10,1.627763223776578e-09,3.547088349630501e-12,1.172106444366144e-11,1.249931624253090e-11,3.568944278247092e-03,2.344364044674825e-02,8.751404861618131e-11,9.039219820949237e-09,1.000074646392231e-10,3.365490495130237e-09,3.936321921150727e-14,5.614849232872573e-16,2.997440762631335e-09,1.624756429120780e-09,3.548597194324222e-15,2.170630568572001e-12,0.000000000000000e+00,0.000000000000000e+00,0.000000000000000e+00,0.000000000000000e+00,0.000000000000000e+00,0.000000000000000e+00,0.000000000000000e+00,0.000000000000000e+00,0.000000000000000e+00,0.000000000000000e+00,7.839530106422549e-14,1.735641608714912e-17,1.195562751320902e-18,5.869567343114562e-07,3.991595673850316e-06,1.799506275758387e-08,1.322605303862823e-08,8.085173076857941e-09,4.238476347568992e-13,0.000000000000000e+00,0.000000000000000e+00,0.000000000000000e+00,0.000000000000000e+00,0.000000000000000e+00,0.000000000000000e+00,1.047560329246543e-01,7.940516741392299e+03,0.000000000000000e+00,2.331356936849204e+03,1.013249929770728e+05,

4,63
2.415012526023495e-04,3.850494099998163e+00,8.373327983221290e-01,4.881474088034715e-05,4.700062435843028e-04,9.662626996110564e-04,1.217741898947171e-04,4.204466460160019e-04,1.315912114140877e-02,1.983144095155158e-05,1.827792732138818e-01,1.230491078061779e-06,5.984492512742102e-06,6.775149332381692e-07,2.237055251408710e-04,2.650077124415045e-04,2.038537756187269e-05,4.928438767197262e-04,1.615678904665327e-05,9.495492848380418e-07,7.143229018905264e-05,1.373555804111925e-02,2.232316009260219e-02,6.675313681703924e-07,5.549990952451704e-04,2.108090108941387e-05,4.221630748978812e-03,9.809891654817488e-05,4.528111517390809e-04,3.037391181339494e-05,1.065231584461231e-04,1.379071054838063e-07,3.124598388043628e-05,3.934920568456122e-05,1.103637405101924e-05,5.365129781015564e-05,2.892549147653466e-05,3.809452091205488e-05,3.069200516055731e-06,6.179885665080709e-04,1.227662493909074e-05,4.396675198973994e-06,1.101759504358368e-04,1.391320100637678e-05,5.564880147647537e-07,1.251272688738790e-08,2.449455500221649e-06,1.730194986064386e-05,2.778884137743434e-05,1.221368617331303e-05,1.546580090559880e-05,1.688484091092105e-06,4.310687852296500e-04,1.073659646486061e-05,5.259455367737646e-02,1.548052193727313e-03,1.331366461041362e-04,4.222340884967139e-04,6.019589447247676e-01,7.116517520613931e+04,0.000000000000000e+00,2.113827797994101e+03,1.019220331861447e+05,
1.031017345201473e-07,4.191954930599826e+00,1.490606447736302e-01,1.051972710684980e-05,1.018622045051299e-04,5.947898437845928e-04,1.350292346678256e-07,7.205671409455077e-05,1.235393484154808e-02,2.231236214466133e-08,1.660343904021460e-03,1.412968234675176e-10,5.461179243266648e-10,5.167425095625893e-11,1.944769572910808e-09,4.131727596559360e-10,1.923828686260951e-09,3.301861197914034e-09,7.164208397465337e-12,2.680947842591436e-11,2.399358635974185e-11,4.311158236210378e-03,2.344162854290279e-02,1.805946848413067e-10,1.616211196847224e-08,3.079334560664034e-10,7.392392962466387e-09,3.902969569915881e-13,6.326856033752109e-15,5.276969129455682e-09,2.542431114174570e-09,2.829039353457182e-14,8.993399966424578e-12,3.424432246096619e-13,2.205987864297393e-12,1.220543583824003e-13,3.009182804186796e-13,2.127910553244392e-13,2.212899675079839e-15,1.274188024935258e-13,2.393562190992441e-13,4.753565944850066e-18,3.671951723519814e-15,1.860119632433114e-13,8.707327087221574e-17,4.338298693407172e-18,1.588441864895548e-06,1.094909414723352e-05,3.068521488444762e-08,9.819539778213617e-08,6.201478005991486e-08,1.469775055993534e-12,2.839465794432022e-14,4.571265165669824e-14,1.470430383328012e-12,2.321205029028729e-12,2.349466779464577e-12,6.259714226130081e-13,1.069120200725094e-01,7.983577376433448e+03,0.000000000000000e+00,2.331166593782888e+03,1.013250134480340e+05,
5.745346483085315e-07,4.122131164852953e+00,1.598063328547523e-01,3.227251206207325e-05,2.993506938648559e-04,8.789049179678383e-04,2.147873546857894e-07,1.149175574437286e-04,1.234404331272144e-02,8.423429078319884e-08,3.095003548145464e-03,2.127839033035597e-10,6.038704525832034e-10,6.359859612295641e-11,2.046320201854352e-09,4.044424963044974e-10,8.069189639124148e-09,3.759868964184476e-09,7.814805998350090e-12,3.325427425242837e-11,2.587394421947137e-11,6.175162262007045e-03,2.303568106026383e-02,1.994078406923019e-10,1.678896789284111e-08,5.271203556294933e-10,8.686056513863811e-09,1.429905704680097e-12,2.714539212626991e-14,5.306294433620365e-09,2.526459212290304e-09,2.089504115046358e-13,2.238183930852476e-11,2.962126634264142e-12,1.347736515452416e-11,7.201391070894561e-12,7.574712138906513e-12,1.177646395950395e-11,3.422310962244638e-13,7.058849945105468e-12,1.681799170532137e-12,2.056496882628444e-15,1.419987564309625e-11,3.041838121950728e-13,8.843567433989366e-16,2.389146228608810e-17,2.505200502395637e-06,1.768098469427977e-05,3.072878605269164e-08,2.306473414367340e-06,1.582717445695539e-06,3.825581457266263e-12,4.101835439097522e-12,1.255047152394561e-13,4.286942751792741e-11,6.002349750769713e-11,7.245985615059022e-11,1.640334632961501e-11,1.146303562756843e-01,7.990964123615257e+03,0.000000000000000e+00,2.290724922892027e+03,1.013250377117675e+05,
8.665035975853863e-08,4.221041565235193e+00,1.469078516498675e-01,7.167984337008524e-06,6.910562172180911e-05,5.050375247298326e-04,1.367450866961985e-07,6.098886348153254e-05,1.235372196719325e-02,1.450839967661118e-08,1.320331736653394e-03,8.223891895160440e-11,3.972174602421510e-10,3.462965740944836e-11,1.528516296099953e-09,3.847267233468300e-10,1.124305321078908e-09,2.377264448221285e-09,5.201850683976027e-12,1.778321702516600e-11,1.801731834817827e-11,3.774293808560708e-03,2.360742918043593e-02,1.294504427080820e-10,1.274931939236387e-08,1.667473201852260e-10,5.068173381968401e-09,1.284467160634530e-13,2.318647728766643e-15,4.236647693878196e-09,2.221878174941606e-09,8.692883384257123e-15,4.001433738152963e-12,1.025814864665649e-13,1.930692096048739e-12,1.097383932036238e-13,3.911650109909808e-13,3.211780671532838e-13,6.018338127309032e-15,1.698099556967264e-13,1.769654011034864e-13,8.648559491466657e-18,5.984042235985007e-15,1.426462475327852e-13,3.937470651702451e-17,2.458197648130852e-18,9.387718515455369e-07,6.409486527265582e-06,2.514684870337944e-08,2.833192044888199e-08,1.748234933183691e-08,7.294825184801472e-13,2.584127944267130e-14,3.553821322525872e-14,8.933724783102284e-13,2.708865396839711e-12,1.505770345238752e-12,7.343489066599555e-13,1.053659640085011e-01,7.988493729874661e+03,0.000000000000000e+00,2.347377040674682e+03,1.013250091251066e+05,

