1
0
63
1
(4 0
((0,0) (7,127) (0,0))
((0,256) (7,383) (0,0))
((0,128) (7,255) (0,0))
((0,384) (7,511) (0,0))
)
4
FabOnDisk: SD_0_New_MF_D_0003 0
FabOnDisk: SD_0_New_MF_D_0001 0
FabOnDisk: SD_0_New_MF_D_0002 0
FabOnDisk: SD_0_New_MF_D_0000 0

4,63
-2.874050419573869e-04,7.309615199511498e-01,1.600770821049776e-01,0.000000000000000e+00,3.073626172506351e-25,2.563808180392386e-18,7.564077155735049e-13,2.629370012931062e-08,2.894487176776935e-10,2.981196701462990e-13,3.140312144058106e-03,0.000000000000000e+00,0.000000000000000e+00,0.000000000000000e+00,1.425433023018576e-14,3.098788513799663e-12,1.581817554165575e-25,2.196170701643576e-13,1.737033624377566e-20,0.000000000000000e+00,2.173917656027256e-14,4.642506862093258e-11,1.036922205956925e-12,3.745864430508441e-37,1.618717989308504e-13,1.361246552013974e-29,1.383082565697997e-12,0.000000000000000e+00,2.031852168608902e-14,2.137193307072165e-31,5.120541123959478e-15,5.944347446722030e-23,3.858587066052595e-28,1.014127359290391e-15,0.000000000000000e+00,0.000000000000000e+00,0.000000000000000e+00,0.000000000000000e+00,0.000000000000000e+00,0.000000000000000e+00,0.000000000000000e+00,0.000000000000000e+00,0.000000000000000e+00,1.447183486801949e-18,1.449488504998734e-19,3.100790330439744e-21,3.959213680934878e-19,1.274224721670221e-19,5.172161247899691e-18,1.193407023910773e-18,2.150337379393215e-18,0.000000000000000e+00,0.000000000000000e+00,0.000000000000000e+00,0.000000000000000e+00,0.000000000000000e+00,0.000000000000000e+00,0.000000000000000e+00,1.148343692249234e-01,3.422409282275808e+03,0.000000000000000e+00,4.430000018808448e+02,1.007287736224585e+05,
-1.054397608569086e-07,4.121803573070837e+00,1.469167619709694e-01,7.180429265486290e-06,6.923080252527857e-05,5.054314406401394e-04,1.324153163386449e-07,6.103381433379553e-05,1.234410483437797e-02,1.453675659623629e-08,1.321812432786336e-03,8.254309589977590e-11,3.982807249377100e-10,3.473411292907217e-11,1.531864497603234e-09,3.852637153376432e-10,1.127225316240521e-09,2.383731020000876e-09,5.215960935365280e-12,1.783783445795270e-11,1.806305988338843e-11,3.776543642370283e-03,2.304055040269021e-02,1.298106440267822e-10,1.277846248789124e-08,1.674241504035500e-10,5.082938530281115e-09,5.664277049211950e-14,1.356281921605605e-15,4.246297485027608e-09,2.226110828973924e-09,8.591860503219615e-15,4.021643932051682e-12,8.635396594472908e-14,0.000000000000000e+00,0.000000000000000e+00,0.000000000000000e+00,0.000000000000000e+00,0.000000000000000e+00,0.000000000000000e+00,0.000000000000000e+00,0.000000000000000e+00,0.000000000000000e+00,1.431730822227779e-13,3.961327438407978e-17,2.470537025721693e-18,9.421928294521447e-07,6.433111698222110e-06,2.520213620528612e-08,2.852392924160091e-08,1.760257227035075e-08,7.326748048713423e-13,0.000000000000000e+00,0.000000000000000e+00,0.000000000000000e+00,0.000000000000000e+00,0.000000000000000e+00,0.000000000000000e+00,1.053723573047470e-01,7.935462288413004e+03,0.000000000000000e+00,2.291275719063076e+03,1.013249910915757e+05,
-9.664436772591429e-07,3.855050023398797e+00,1.490851263631890e-01,1.056787063982494e-05,1.022773684620824e-04,5.957730251913917e-04,1.314359423953026e-07,7.221807267743467e-05,1.220417985890417e-02,2.241403619977765e-08,1.663409490833058e-03,1.419501980044627e-10,3.501721408422391e-10,4.540437360509837e-11,1.188002660743495e-09,1.649226962689107e-10,1.935961562062112e-09,2.513167633206793e-09,4.612741588165561e-12,2.449236259653532e-11,1.712028274970862e-11,4.319281791627031e-03,2.233768200707066e-02,1.083828534009640e-10,8.980060902393342e-09,3.094079438180599e-10,6.071527720429254e-09,1.292566126981483e-13,4.207078109286578e-15,2.428662827371859e-09,9.773524107645243e-10,2.502362122621326e-14,9.048090554114123e-12,2.892416048673218e-14,0.000000000000000e+00,0.000000000000000e+00,0.000000000000000e+00,0.000000000000000e+00,0.000000000000000e+00,0.000000000000000e+00,0.000000000000000e+00,0.000000000000000e+00,0.000000000000000e+00,4.985876977764217e-14,8.759913927608429e-17,3.069229361200108e-18,1.595051624874814e-06,1.099583171256405e-05,1.488653657159613e-08,9.943776671782207e-08,6.281590235480597e-08,1.465220629643012e-12,0.000000000000000e+00,0.000000000000000e+00,0.000000000000000e+00,0.000000000000000e+00,0.000000000000000e+00,0.000000000000000e+00,1.069292219947781e-01,4.281313490049581e+03,0.000000000000000e+00,2.117457137528428e+03,1.013249754359006e+05,
-8.447331290222807e-08,4.191048239412149e+00,1.460609406443918e-01,6.093020712446690e-06,5.814695375697884e-05,4.687546208487671e-04,1.350516743442474e-07,5.700798438952191e-05,1.235280680273628e-02,1.205810529156694e-08,1.181441963635152e-03,5.114955322804401e-11,2.716339101982630e-10,2.293890602540247e-11,1.087679186676066e-09,2.985726095358950e-10,8.694763650158312e-10,1.627197553150677e-09,3.545833579775256e-12,1.171660755631158e-11,1.249505723606207e-11,3.568791082321555e-03,2.344384337209498e-02,8.748270211039390e-11,9.036336936563089e-09,9.996164262160887e-11,3.364223303677942e-09,5.907092183566578e-14,8.516479169967273e-16,2.996471608649673e-09,1.624271617802098e-09,3.556715508900262e-15,2.169447921248061e-12,0.000000000000000e+00,0.000000000000000e+00,0.000000000000000e+00,0.000000000000000e+00,0.000000000000000e+00,0.000000000000000e+00,0.000000000000000e+00,0.000000000000000e+00,0.000000000000000e+00,0.000000000000000e+00,7.835067725722124e-14,1.734339092858665e-17,1.194763126166651e-18,5.867089166771342e-07,3.989896976832158e-06,1.798945034698724e-08,1.321727536389610e-08,8.079742974428540e-09,4.236431522375575e-13,0.000000000000000e+00,0.000000000000000e+00,0.000000000000000e+00,0.000000000000000e+00,0.000000000000000e+00,0.000000000000000e+00,1.047555007252994e-01,7.940705847554528e+03,0.000000000000000e+00,2.331377852626733e+03,1.013249943754254e+05,

4,63
2.891193245467625e-04,3.849419534739735e+00,8.373327992869050e-01,4.875763092713686e-05,4.713195500226275e-04,9.665281847001993e-04,1.217704606499340e-04,4.202450393374172e-04,1.315479866658444e-02,1.983165183337887e-05,1.827792734391903e-01,1.229239158909367e-06,5.979957743859318e-06,6.770141155367487e-07,2.236638387065589e-04,2.648735063299838e-04,2.038307526104649e-05,4.927606880175786e-04,1.615306671270902e-05,9.490104286976784e-07,7.141600158365260e-05,1.373173797736059e-02,2.232487261572716e-02,6.666720629970431e-07,5.545946613014430e-04,2.107457712212879e-05,4.220673254019292e-03,9.811586324323647e-05,4.526112089777697e-04,3.036273406701909e-05,1.065459449042999e-04,1.378541931623210e-07,3.124343425514404e-05,3.934811994182332e-05,1.103456258599203e-05,5.363293100670420e-05,2.891769602181707e-05,3.808471825956833e-05,3.069145089600404e-06,6.178954129295070e-04,1.227460294533785e-05,4.393646688487408e-06,1.102049166413244e-04,1.389763696051508e-05,5.557830934579329e-07,1.249533516391918e-08,2.448693983361694e-06,1.729683453781942e-05,2.778490624204310e-05,1.221694828779389e-05,1.547087097404156e-05,1.687279423622024e-06,4.310011198963738e-04,1.073648677085843e-05,5.259455374072029e-02,1.547765261457213e-03,1.330859769898294e-04,4.221349631924276e-04,6.019589454703660e-01,7.114045428421197e+04,0.000000000000000e+00,2.113684324010929e+03,1.019360097710047e+05,
1.733756501798099e-07,4.190716652514407e+00,1.490577479660469e-01,1.051871350840890e-05,1.018269847234991e-04,5.946988341428030e-04,1.350317952164778e-07,7.206310785384919e-05,1.235390963438932e-02,2.230225670252449e-08,1.659564320295212e-03,1.413330037206169e-10,5.462703439411352e-10,5.168618110170286e-11,1.945359478575098e-09,4.132268500014231e-10,1.923855158656145e-09,3.302752857537044e-09,7.165999337458480e-12,2.681473613128158e-11,2.399859160807124e-11,4.311759762336762e-03,2.344183260343938e-02,1.806461920321988e-10,1.616710580309722e-08,3.079063952915255e-10,7.393257939604377e-09,4.054403611772412e-13,6.527524412509619e-15,5.278028556902080e-09,2.542671159684184e-09,2.856372219341841e-14,8.988491325543600e-12,3.561678651007440e-13,2.335121038960288e-12,1.175495267301788e-13,2.832226043245649e-13,2.289680864917219e-13,3.269904717907571e-15,1.959031549371954e-13,5.973718067309411e-13,4.737436163626011e-18,3.817238680518526e-15,1.860640850065390e-13,8.709211832604025e-17,4.340092637403475e-18,1.588197642366063e-06,1.094731293288346e-05,3.068651909439755e-08,9.813149990950127e-08,6.197286268873982e-08,1.469486945048103e-12,4.815151106962422e-14,1.902455905019499e-13,2.935138479113152e-12,2.509570690476965e-12,2.408072066824895e-12,6.976023587686118e-13,1.069097385616575e-01,7.987426810379310e+03,0.000000000000000e+00,2.331187590898982e+03,1.013250116525168e+05,
1.033530662000970e-06,4.120928189716782e+00,1.598206825279090e-01,3.224602840854303e-05,2.995770755289461e-04,8.791367278679483e-04,2.150780039941730e-07,1.147705072414898e-04,1.234362916254321e-02,8.431939673553285e-08,3.101421613026086e-03,2.124339445787053e-10,6.055646208844020e-10,6.354620987004779e-11,2.048575885141596e-09,4.045439634570405e-10,8.054251236603903e-09,3.765086924759256e-09,7.847539652391181e-12,3.321597458025380e-11,2.600337967950845e-11,6.167149723573571e-03,2.303577574754523e-02,1.998585711226646e-10,1.680950740724787e-08,5.236818853030862e-10,8.705137783443444e-09,1.746951875847785e-12,2.816394385778321e-14,5.308663926520594e-09,2.527011361114479e-09,2.088819638975827e-13,2.241534666518782e-11,3.014954955880116e-12,2.282574524652316e-11,1.015788012956469e-11,1.018703683988578e-11,1.733921085000155e-11,5.193160277324872e-13,1.204152355962275e-11,5.362242623412747e-12,3.165933493019461e-15,6.909541370861737e-12,3.057387280057248e-13,8.887362191489980e-16,2.399445790631449e-17,2.503760174780040e-06,1.767146369681688e-05,3.073155814123063e-08,2.307101509550354e-06,1.583245974053637e-06,4.085197065093449e-12,9.395728540726925e-12,1.263532151452007e-13,9.673489527265359e-11,8.513054454350874e-11,9.508201744067537e-11,2.372259249363913e-11,1.146440289306076e-01,7.994136195366429e+03,0.000000000000000e+00,2.290772859706644e+03,1.013250514217870e+05,
8.223084693811918e-08,4.219782461810108e+00,1.469067434309577e-01,7.166559554803488e-06,6.909130830437566e-05,5.049926968732782e-04,1.367468429840694e-07,6.098371763613354e-05,1.235370672630520e-02,1.450509305385648e-08,1.320160165307657e-03,8.221579452011454e-11,3.971509204275349e-10,3.462241283934365e-11,1.528313151276505e-09,3.847155222541270e-10,1.123995040884928e-09,2.376864242367981e-09,5.200950662546116e-12,1.777934616401803e-11,1.801447162456346e-11,3.774042424156291e-03,2.360754276781553e-02,1.294269696944950e-10,1.274767418123345e-08,1.666919325546087e-10,5.067143576573355e-09,1.282971344233612e-13,2.328055221137193e-15,4.236131552415053e-09,2.221703338837085e-09,8.706719437655575e-15,3.999636279693886e-12,1.033981948724353e-13,1.700566702893291e-12,7.397071194371420e-14,3.231818171329731e-13,3.025836913276726e-13,3.819449773317153e-15,2.134167239790577e-13,4.918427049047549e-13,4.454137163641032e-18,3.234743153599174e-15,1.426244428357503e-13,3.935785036757838e-17,2.457436321682297e-18,9.385037162769314e-07,6.407623149675644e-06,2.514385062022261e-08,2.831336563388440e-08,1.747068723157664e-08,7.292063656398572e-13,2.444308478536536e-14,4.130688383374403e-14,1.374268752216434e-12,4.397214815511935e-12,3.644740981205772e-12,1.177259926537372e-12,1.053651586502812e-01,7.988708343378546e+03,0.000000000000000e+00,2.347390630549281e+03,1.013250077210565e+05,

