1
0
56
1
(4 0
((0,0) (7,127) (0,0))
((0,256) (7,383) (0,0))
((0,128) (7,255) (0,0))
((0,384) (7,511) (0,0))
)
4
FabOnDisk: SD_5_Old_MF_D_0003 0
FabOnDisk: SD_5_Old_MF_D_0001 0
FabOnDisk: SD_5_Old_MF_D_0002 0
FabOnDisk: SD_5_Old_MF_D_0000 0

4,56
-7.400840271190081e+00,-1.765889200168483e+01,-2.675013443728775e+01,-5.998017592497181e+00,-8.534640590446177e+00,-8.128413457084200e+00,-9.896849164406514e-01,-6.212675132063997e+02,-2.146591150097277e-01,-7.006523544570560e-01,-7.607843948931463e-02,-1.326547473940697e+01,-1.216282497740874e+01,-1.424364358491063e+00,-1.001763018618018e+01,-4.422322901183572e-01,-6.865962686735760e-02,-2.745811856406769e+00,-1.336964444544508e+02,1.111730743271269e-21,-6.894699819737651e-02,-4.267374388541710e+01,-1.615094863100342e+00,-1.849467201293133e+02,-7.555381708381398e+00,-2.396115336022577e+01,-4.003830230012842e+00,-2.934853014134372e+00,-8.678961073712731e-03,-1.916129086382491e+00,-1.656790703752147e+00,-8.235686195630096e-01,-3.418774805866807e+00,-1.973660587937693e+00,-2.822717012528636e+00,-2.026018848507549e-01,-3.102348236263082e+01,-5.457730524619628e-01,-3.316843350971146e-01,-8.055569074408298e+00,-6.859834104594078e-01,-1.314105386955444e-02,-4.998732402746623e-04,-7.915758927877935e-02,-1.389260476993347e-01,-1.949448132957999e+00,-6.583466277241418e-02,-2.769398130533066e-01,-1.253302535307151e-01,-2.277846133327247e+01,-4.408526595661959e-01,-5.481570350569660e+02,-8.287405324955829e+01,-8.293785834485574e+00,-2.299725859053147e+01,-6.530243013003201e-11,
-1.293030532220490e-02,-9.198891281858071e-02,-1.997630307007854e-01,2.390146551961165e-06,-3.057251898388309e-02,1.801406656393108e-01,-2.273292293472096e-05,-8.245155902086838e-01,-1.160077044581094e-07,-2.391594049318377e-07,-2.854951707726971e-08,-8.968358048408752e-07,-1.241007012812441e-07,-2.255013443316141e-06,-1.486564334049546e-06,-3.259251105083667e-09,-1.504141827874459e-08,-1.082255381603933e-08,-1.107176289003972e+00,7.695777237133624e-01,-8.434899196983804e-08,-6.218500412793848e-06,-3.167482035409739e-07,-4.692960546263374e-06,-7.303096539865990e-08,-4.415644268268617e-10,-2.018597395241186e-06,-8.260577633173584e-07,-2.135472047423705e-09,-1.322683327290394e-08,-1.233223586336096e-07,-1.633986355146859e-07,-1.721804886569018e-08,-6.247858225520790e-08,-1.190138379906650e-07,-3.282036436605909e-09,-1.158896842422593e-07,-5.341926727293885e-07,-9.333017657011568e-12,-6.041410079863139e-09,-1.023333760394653e-10,-8.435373893516991e-14,-2.853030234331921e-15,-1.225178796014854e-03,-8.706157163675989e-03,-1.076470163191277e-05,-2.561046960490763e-04,-1.657718541497052e-04,-4.215374119280960e-09,-1.167934073572297e-07,-1.739438804675091e-07,-2.014758657991548e-06,-1.020983153765339e-06,-4.919162291505013e-07,-2.920651982618434e-07,-8.702705223129215e-12,
-1.820122282782682e-01,-9.297986792819771e-01,-5.260626537657731e-01,-7.334606923287185e-04,-1.371701705561586e-01,5.086182261206216e-01,-3.470742098593553e-04,-4.768422201660462e+00,-2.852855115377704e-07,-1.849867058899090e-07,-5.830998238878508e-08,-6.206619949117703e-06,-4.802286154777397e-07,-3.549323584173980e-05,-1.023254874228984e-05,-1.903695160897636e-08,-1.009437128648633e-07,-9.258700055046922e-08,-5.869750151643265e+00,1.787083825015819e+00,-4.840103253787158e-08,-1.389200642823301e-06,-1.257719852267371e-06,-3.023963667334366e-05,-5.365037075541133e-07,-6.491113939747536e-09,-3.030402801788511e-08,5.235774597851303e-07,-5.096501915108091e-09,-6.127994791703198e-08,-2.491246647275631e-07,-1.683181017525646e-06,-8.637720795627754e-07,-9.773150201203727e-07,-2.554969041987469e-06,-1.388255092505419e-07,-3.975320954077876e-06,-6.324501246834039e-07,-1.017972685973072e-09,-2.217665959231562e-06,-6.424116972228919e-08,-2.162362712780907e-10,-5.766128435073074e-12,-1.485978309135495e-03,-1.095985100380391e-02,6.748548656263285e-07,-2.250316545212254e-02,-1.575380560701760e-02,-1.078922321648245e-07,-3.289715116265783e-06,-2.175214829232845e-07,-4.848421123752371e-05,-2.006341956578601e-05,-9.608965396669600e-06,-5.731008770263068e-06,-1.578115416123183e-11,
-3.523893775242211e-03,-2.950909073197346e-02,-8.727579708156397e-02,1.465393902626193e-06,-1.077551886443659e-02,1.030632729252845e-01,-6.590288486008426e-06,-3.324660428691644e-01,-8.166395006387834e-08,-2.907945838506462e-07,-2.510478456350111e-08,-1.108034111895781e-06,-2.522334244520878e-07,-6.672638034800041e-07,-1.464211190840954e-06,-3.330750976338623e-09,-1.258923064787618e-08,-1.110209261158319e-08,-4.746015284154732e-01,2.766563922700040e-01,-7.898524118103405e-08,-7.833583359958492e-06,-1.494377648468237e-07,-3.654605266474975e-06,-6.515153614264069e-08,-6.270155382147868e-10,-3.442500054995292e-06,-1.201307608492279e-06,-4.966345372324220e-10,-4.542581635113486e-09,-3.161416429603184e-08,-1.660382426003818e-07,-6.145284766184461e-09,-2.545283541756736e-08,-3.106367146034616e-08,-1.529241119945698e-09,-8.776726658689832e-08,-5.950409595560578e-07,-1.686880161484944e-12,-7.584520889858408e-10,-1.075688697568004e-10,-5.068462237679203e-14,-2.549507938367562e-15,-7.243037312751307e-04,-5.009862405236885e-03,-1.216953734875036e-05,-4.331048955583028e-05,-2.715407455686250e-05,-7.825102129921402e-10,-8.611458214115004e-09,-2.450203679762763e-07,-4.652881775200105e-07,-1.604189675653088e-07,-1.583267399482888e-07,-4.383257625479424e-08,-9.085676655473662e-12,

4,56
5.489015137753045e+00,3.172206689295497e+01,4.454712710782949e+01,7.398540331659885e+00,1.218092230777211e+01,3.128342029704908e+02,5.941065242584023e-01,5.743392530500619e-12,5.194697260143868e-01,1.255758627020359e+00,1.437727713753877e-01,2.404279092269248e+01,1.502821312756015e+01,1.849117851888859e+00,1.484741548245348e+01,4.687203139283266e-01,1.256673195740384e-01,2.892606380036704e+00,4.397440141381503e+02,2.777406279429584e+02,1.430351933018046e-01,4.973854575273426e+01,3.597734281705665e+00,2.808675196853797e+02,1.089946021184860e+01,2.518695860789130e+01,7.949527381276407e+00,3.337454507885049e+00,1.583649995029928e-02,3.567332206387304e+00,2.421351152934267e+00,9.371354808840967e-01,3.669393168680140e+00,1.960275601008916e+00,3.497364422879361e+00,2.110916926229310e-01,3.134393507616426e+01,1.167489589246840e+00,5.626395625883081e-01,7.842703872924522e+00,1.063643425465062e+00,3.285411103747377e-02,8.044114103631144e-04,7.542133859815879e-02,2.671714065510425e-01,2.168075391569265e+00,4.385078222994425e-01,6.368037616743686e-01,1.859381842856515e-01,1.492542219525757e+01,8.793123085068784e-01,1.628007521146329e-02,8.523398093216397e+01,1.349971575538700e+01,2.383712282549366e+01,6.057376822354854e-11,
-3.551655141473452e-03,-2.972641619594900e-02,-8.778884051060974e-02,7.554013398142692e-06,-1.084598799062173e-02,5.034175953201718e-01,-6.641760710667058e-06,-3.344950471041518e-01,-6.533011414349719e-08,-1.136491438817204e-07,-2.055076066156076e-08,7.363159804054925e-09,1.518564917448335e-07,-6.685564919175363e-07,-8.614345653919215e-07,-1.314317525783305e-09,-1.003484730196656e-08,-3.618901663118438e-09,-4.774550526542346e-01,1.773906572420234e+00,-4.244875341267950e-08,-7.606726150058240e-07,-1.442962360118912e-07,-5.269873200878375e-07,7.461561179207278e-08,8.738804854473365e-10,1.656723757731857e-07,5.933126712239448e-07,7.125574319321907e-10,-4.447798946845364e-09,3.502698777364484e-08,8.661129313747190e-07,4.878290751727375e-08,1.077020060626248e-07,8.075310296039369e-08,4.095843395716355e-09,1.458285911830082e-07,7.421822802868106e-07,1.816942130140083e-11,6.441195601995294e-09,5.954989928539987e-11,-5.068663447797333e-14,-1.817650511058319e-15,-7.272177157976447e-04,-5.030632843605621e-03,5.189762031639080e-07,-4.376345941412680e-05,-2.744216194683923e-05,-1.245947580898691e-10,8.787239770358158e-08,1.477254570323715e-07,1.670314157213382e-06,7.955862284564110e-07,9.036486512793871e-07,2.113985721016462e-07,9.608924766979499e-12,
-1.310082554192660e-02,-9.299876744065706e-02,-2.011909549547440e-01,2.156461011640121e-06,-3.089278688148266e-02,3.106783105291219e+00,-2.301489412729634e-05,-8.316323721062934e-01,5.890876410697327e-07,1.641413406422776e-06,2.127254402933937e-07,1.178274151868446e-05,9.037842220432439e-07,-2.167315038574879e-06,1.151964764108375e-05,2.667821882041581e-08,1.216627742169119e-07,8.951997532353854e-08,-1.115454697603439e+00,9.271041295311960e+00,5.075069918000610e-07,3.799863265743133e-05,1.387234285260881e-06,4.659650973957002e-05,7.968213297569258e-07,5.800112616364736e-09,1.223392571090614e-05,4.442953552465843e-06,7.266223125979802e-09,3.294100935118350e-08,2.468493612401543e-07,4.999664385526839e-06,2.335327787738089e-06,2.946297347201077e-06,6.525701207017524e-06,1.304615584619235e-07,3.085765229911561e-06,9.784198565714161e-07,1.021640300705075e-09,3.854100253150311e-06,3.676963876492180e-10,1.596851873812674e-13,9.418158559764938e-15,2.729822501567124e-03,2.004848918274613e-02,6.698059342756864e-05,-2.610262355722234e-04,-1.686274305965946e-04,1.540149671271778e-07,2.437857480845077e-06,1.590557080812611e-07,2.702060381112601e-05,3.169908538193623e-05,2.277613332284188e-05,8.887281677554016e-06,3.892441924335799e-11,
-1.972516712758602e-03,-1.212049278523710e-02,-3.618191275149045e-02,6.294933248937693e-06,-5.915785516463694e-03,1.789696821212778e-01,-2.034896859178498e-06,-1.527076820828269e-01,-4.309321364886541e-08,-1.856419176146976e-07,-1.666901798304913e-08,-5.167379453927654e-07,-9.004081866449716e-08,-2.252857802958358e-07,-1.015254443453057e-06,-2.058484022914457e-09,-7.608551540818519e-09,-6.797311987246143e-09,-1.685644514569295e-01,7.650128863228253e-01,-6.093206303322915e-08,-5.537396282542200e-06,-8.545130265221211e-08,-2.363964143225828e-06,4.093286928080832e-08,1.735769764850650e-10,-1.850295863220027e-06,-8.169240770965851e-07,9.913337140142804e-11,-2.121555110173776e-09,4.345424428527472e-09,6.436799102361398e-07,3.971276783210269e-08,1.384071283658283e-07,1.299843200085370e-07,3.459269398046142e-09,1.298166025363228e-07,5.827799032456205e-07,5.123315487532689e-12,2.678733235986716e-09,-9.437682525218701e-11,-2.322710686694686e-14,-1.528678562782535e-15,-4.490683884691889e-04,-3.063677979910472e-03,-1.078608995348692e-05,-1.255885307507632e-05,-7.725189810958172e-06,-1.857064741433473e-10,2.191722169700767e-08,1.740959117980662e-07,9.866053874689290e-07,1.211595653251759e-06,7.269903537613461e-07,3.308052184148221e-07,8.492623271294519e-12,

