1
0
56
1
(4 0
((0,0) (7,127) (0,0))
((0,256) (7,383) (0,0))
((0,128) (7,255) (0,0))
((0,384) (7,511) (0,0))
)
4
FabOnDisk: SD_5_New_MF_D_0003 0
FabOnDisk: SD_5_New_MF_D_0001 0
FabOnDisk: SD_5_New_MF_D_0002 0
FabOnDisk: SD_5_New_MF_D_0000 0

4,56
-7.399041882220368e+00,-1.767477693170454e+01,-2.674073593622559e+01,-5.995807365267319e+00,-8.535987921324589e+00,-8.124545782616758e+00,-9.885089490634018e-01,-6.210216615230322e+02,-2.144330881402086e-01,-7.002378273201357e-01,-7.607339093335912e-02,-1.326226794897627e+01,-1.215000065562951e+01,-1.423575935300285e+00,-1.002563646338626e+01,-4.423754780628799e-01,-6.858777929952091e-02,-2.743245073639440e+00,-1.338103894210315e+02,1.113798694802652e-21,-6.875516573884381e-02,-4.264450056019542e+01,-1.615519850427331e+00,-1.847839007986626e+02,-7.549777140455560e+00,-2.394247346344992e+01,-4.003820633151688e+00,-2.935365638520663e+00,-8.676950752235214e-03,-1.915674101816598e+00,-1.656224883869671e+00,-8.230868188159954e-01,-3.415160677355092e+00,-1.971425171089712e+00,-2.822623458878675e+00,-2.025987686037843e-01,-3.100392473792202e+01,-5.453226464788207e-01,-3.314536134908768e-01,-8.051915834078988e+00,-6.836797660215889e-01,-1.313543543817799e-02,-4.990870003232440e-04,-7.909401089741089e-02,-1.389761401177332e-01,-1.948118164271653e+00,-6.583613585122455e-02,-2.771694657936887e-01,-1.253045687791617e-01,-2.279476337568544e+01,-4.409736835444552e-01,-5.474919407744367e+02,-8.278879819857173e+01,-8.283686562399675e+00,-2.297540152206686e+01,-6.533440455314121e-11,
-1.292536318863505e-02,-9.189911962106975e-02,-1.996108910292614e-01,2.372906361731844e-06,-3.058601969637283e-02,1.800164376028984e-01,-2.271262209123712e-05,-8.241822874750103e-01,-1.163710150143233e-07,-2.440196509317923e-07,-2.813747146224573e-08,-8.819358266931730e-07,-1.014510857840864e-07,-2.259962265752688e-06,-1.443316667149751e-06,-3.258480480171671e-09,-1.529939294260410e-08,-1.036469466538418e-08,-1.106192450316509e+00,7.690650500839403e-01,-8.270404558062006e-08,-6.260794769308942e-06,-3.258855303847573e-07,-4.854629964535088e-06,-7.200249365656805e-08,-5.405323134400151e-10,-2.058225296672520e-06,-8.625266676178419e-07,-7.940936011020052e-10,-1.364271619384554e-08,-4.190344234279249e-08,-1.321529084655144e-07,-1.645610601680060e-08,-5.997383153321406e-08,-1.565502074005965e-07,-3.425036798530482e-09,-9.628756224473029e-08,-4.974665714523289e-07,-9.261286574240366e-12,-7.008510492289362e-09,-1.028660069433806e-10,-8.451486512112578e-14,-2.841070350788686e-15,-1.225198134600229e-03,-8.706052551916702e-03,-1.076858080372942e-05,-2.558539531228038e-04,-1.656071979960241e-04,-4.441598577323576e-09,-1.304443817515359e-07,-1.668545003329881e-07,-2.364824256817098e-06,-1.075409402224850e-06,-4.636144792568638e-07,-3.072908830846472e-07,-8.129996675876328e-12,
-1.819873322454721e-01,-9.297600722180690e-01,-5.251600620921869e-01,-7.343532531015449e-04,-1.374403762339102e-01,5.086017199313305e-01,-3.472715291598930e-04,-4.770330994928027e+00,-4.183743139256956e-07,-4.168950318892404e-07,-1.590687220493944e-07,-1.299960039811776e-05,-2.411681786799844e-07,-3.542047359840877e-05,-9.445683889326568e-06,-2.953337598244656e-08,-1.951536279476095e-07,-1.250001014249261e-07,-5.868868078602527e+00,1.785568029941817e+00,-4.704543510842512e-08,-1.253320386850732e-06,-2.064821262172904e-06,-5.758878723893108e-05,-4.693810356984382e-07,-6.510326404644062e-09,3.455810387224731e-08,5.553710952434400e-07,-1.069710592237546e-08,-1.120131608935587e-07,-4.011237163150196e-07,-2.647118275120395e-06,-1.869899894908681e-06,-2.364367420673252e-06,-5.016422506035400e-06,-1.454952650781523e-07,-3.934262815331968e-06,-1.070490677332337e-06,-1.167037956991632e-09,-1.854502942485390e-06,-6.455603833901377e-08,-2.170476974642075e-10,-5.782885525305903e-12,-1.486642504420473e-03,-1.096150162364844e-02,6.953354112354093e-07,-2.251272943397167e-02,-1.576122263297635e-02,-1.596384986161141e-07,-3.196085912690197e-06,-3.746882056689880e-07,-4.280691574670065e-05,-2.419369442264873e-05,-1.952124907785284e-05,-6.806288390704686e-06,-2.721289860119214e-11,
-3.521271668899897e-03,-2.948634560148229e-02,-8.722090048635862e-02,1.464922105514259e-06,-1.076797842903044e-02,1.029928733889085e-01,-6.584800969157135e-06,-3.322483204136035e-01,-8.166416974395572e-08,-2.906957909928422e-07,-2.509849244078337e-08,-1.106475785208284e-06,-2.525021803525713e-07,-6.669297394501048e-07,-1.372471404905515e-06,-3.115848230525872e-09,-1.194154932560035e-08,-1.042989262878024e-08,-4.742867035697484e-01,2.764610926750037e-01,-7.895133316012953e-08,-7.831888379582475e-06,-1.484851839437094e-07,-3.620847363539502e-06,-5.826270616428650e-08,-5.224095602810418e-10,-3.441702964241095e-06,-1.200986607700282e-06,-6.057283062279609e-10,-4.527132479265430e-09,-3.464687682904475e-08,-1.558639987453463e-07,-6.360087076541910e-09,-2.582876784014173e-08,-2.939803594809866e-08,-1.353710448936093e-09,-7.658016112794469e-08,-5.425265257675548e-07,-1.777016541195970e-12,-7.833137359479251e-10,-1.075416659732502e-10,-5.065088204791354e-14,-2.548537461386202e-15,-7.240888132932315e-04,-5.008310813342893e-03,-1.216645638391464e-05,-4.326801444818634e-05,-2.712710743001071e-05,-7.776230315778585e-10,-8.600902683977590e-09,-2.214781944159396e-07,-4.436751260221104e-07,-1.643689582101269e-07,-1.719728733296561e-07,-4.604286604507364e-08,-8.031353360138382e-12,

4,56
5.487185890096690e+00,3.173628353790351e+01,4.444613523439902e+01,7.396196536708138e+00,1.217525324798059e+01,3.127382670505555e+02,5.944658730122159e-01,8.529515134014613e-12,5.186664720279385e-01,1.254594132649948e+00,1.436799365997479e-01,2.404738283701152e+01,1.502509418973372e+01,1.849652115728741e+00,1.483584616360293e+01,4.686841418754491e-01,1.255611804764064e-01,2.891280395695497e+00,4.396658179969266e+02,2.777615682183459e+02,1.429938337053726e-01,4.974231719895891e+01,3.595548087908633e+00,2.805717920446162e+02,1.086418641397155e+01,2.516120604539204e+01,7.947797111998574e+00,3.335511378868568e+00,1.582673080031971e-02,3.567632491424284e+00,2.418156309184885e+00,9.354803937335366e-01,3.669676866150565e+00,1.960918494793630e+00,3.497356517356810e+00,2.107802280432375e-01,3.129275475705254e+01,1.168042993062268e+00,5.619398131436382e-01,7.836348524088990e+00,1.062721431910688e+00,3.281204183303558e-02,8.032425981551711e-04,7.550647337058738e-02,2.672389834963420e-01,2.169238749574856e+00,4.381665943899793e-01,6.368271491090346e-01,1.858032877924319e-01,1.490129179517575e+01,8.795429660280967e-01,1.700534690227585e-02,8.524901542615510e+01,1.348492169026246e+01,2.384212550989390e+01,4.737010783628648e-11,
-3.548994110796613e-03,-2.970303183290626e-02,-8.773248269822068e-02,7.553816626405307e-06,-1.083829722312604e-02,5.034142947705939e-01,-6.636077054201547e-06,-3.342722603575462e-01,-6.559787347869311e-08,-1.159714262550390e-07,-2.075169753285623e-08,-4.715687679940111e-09,1.519366576782333e-07,-6.682445363771207e-07,-8.712482469797688e-07,-1.346160974223234e-09,-9.684913854167978e-09,-3.719995706562291e-09,-4.771330289744433e-01,1.772358457325021e+00,-4.300332187938629e-08,-7.993463314005580e-07,-1.439819295168599e-07,-2.900855216731319e-07,8.562441560161403e-08,9.626215579944289e-10,1.869500432388295e-07,6.026998665174449e-07,9.436945587878162e-10,-4.423826024782116e-09,3.692872610338630e-08,6.723022919961486e-07,4.033010266910706e-08,1.171660000086606e-07,8.048444086134635e-08,4.376009151055472e-09,1.546298902007763e-07,6.876871825260819e-07,1.802940719617863e-11,7.185701646653464e-09,5.984857985663467e-11,-5.061972141625193e-14,-1.813302340571818e-15,-7.269988177954167e-04,-5.029052741570793e-03,5.048149752229817e-07,-4.371916721431162e-05,-2.741373753706230e-05,-1.726081292853099e-10,1.029461480765783e-07,1.429503722196485e-07,1.875919202967966e-06,9.803658182897330e-07,8.147790861712916e-07,2.724238609082611e-07,8.860440159352834e-12,
-1.309537518070106e-02,-9.290841272064422e-02,-2.010415248214697e-01,2.133381295346854e-06,-3.090504360451590e-02,3.108460527627990e+00,-2.299448519164756e-05,-8.312997461875906e-01,6.236114498493439e-07,1.853073884044929e-06,2.621460495144563e-07,1.562037581932689e-05,1.079787604172833e-06,-2.195517920073287e-06,1.179759675212027e-05,3.301744797605865e-08,1.681773307425150e-07,1.147650180343619e-07,-1.114488486171011e+00,9.269599127916283e+00,5.018783168749079e-07,3.755083471936550e-05,1.876389802887818e-06,6.207089371245718e-05,7.581575581830872e-07,6.265573192228681e-09,1.232936374133102e-05,4.614613540117881e-06,7.477816265403919e-09,5.317794022721382e-08,1.952949556934018e-07,4.856457572456466e-06,2.091670910708646e-06,1.947814925961030e-06,4.330568575158005e-06,2.160804445752300e-07,5.063739310865739e-06,1.821649523112301e-06,1.258117441644008e-09,2.576922205299921e-06,3.712844584799726e-10,1.876395888733223e-13,1.025102580117527e-14,2.733797747131896e-03,2.007794292568196e-02,6.699930993194315e-05,-2.607735925715775e-04,-1.684794585131940e-04,2.356580593481920e-07,3.970193016237938e-06,1.419221764455962e-07,4.008757080325708e-05,3.553551303867504e-05,2.017217666827121e-05,9.951253534201114e-06,2.442979152306179e-11,
-1.971217969163256e-03,-1.211155126739287e-02,-3.616020867922090e-02,6.292047432317351e-06,-5.911115679848339e-03,1.788481845885719e-01,-2.033366563624572e-06,-1.525927721424269e-01,-4.308477790380081e-08,-1.806671772300445e-07,-1.638486335015553e-08,-5.563393547025106e-07,-9.014480040060614e-08,-2.251683392750398e-07,-1.046572144630665e-06,-2.182793313909015e-09,-8.074524818704150e-09,-7.185977408217532e-09,-1.684434710902635e-01,7.645122221870312e-01,-6.077911173553558e-08,-5.588660106438587e-06,-8.542752731811711e-08,-2.327110420414019e-06,3.977643497556771e-08,1.881923618550549e-10,-1.883314520168139e-06,-8.175863476057123e-07,9.693908557395403e-11,-2.120529302835938e-09,5.433902683931050e-09,6.152829875654941e-07,3.050211182964497e-08,1.425507293705288e-07,1.152128591171771e-07,2.152145003076848e-09,1.027614936877573e-07,5.237676724172953e-07,3.847206723554886e-12,1.975363504219328e-09,-9.435433382776109e-11,-2.321111461171764e-14,-1.527833754955101e-15,-4.488726640720081e-04,-3.062325145817682e-03,-1.078991690077486e-05,-1.254892787949941e-05,-7.718999769713177e-06,-2.772664384782686e-10,1.862657774397296e-08,1.695987976587490e-07,8.223019423087785e-07,1.098324376163343e-06,8.532324895611381e-07,2.951469862172969e-07,8.321454636472936e-12,

