1
0
63
1
(4 0
((0,0) (15,255) (0,0))
((0,768) (15,1023) (0,0))
((0,512) (15,767) (0,0))
((0,256) (15,511) (0,0))
)
4
FabOnDisk: SD_0_New_MF_D_0003 0
FabOnDisk: SD_0_New_MF_D_0000 0
FabOnDisk: SD_0_New_MF_D_0001 0
FabOnDisk: SD_0_New_MF_D_0002 0

4,63
-1.649494922345939e-08,1.906752781647183e+00,1.577304986623106e-01,7.480300900080238e-22,3.149342163720809e-20,3.931936461965232e-16,1.265341670767625e-10,1.299569080498946e-07,2.591614894002179e-08,5.147053476504313e-11,2.859679690911437e-03,0.000000000000000e+00,3.428631079480045e-26,2.245872494869413e-27,1.593525458675130e-12,0.000000000000000e+00,1.045978708683849e-21,1.152427427897340e-10,7.081292261948557e-16,6.262704816987153e-27,8.211269686525423e-12,7.815320093666146e-09,5.998835458513920e-10,2.595020458429898e-32,6.889901771896583e-11,8.853039746728304e-24,0.000000000000000e+00,0.000000000000000e+00,0.000000000000000e+00,8.239576689981078e-26,6.496319336692469e-12,0.000000000000000e+00,8.327639781589922e-22,0.000000000000000e+00,0.000000000000000e+00,0.000000000000000e+00,0.000000000000000e+00,0.000000000000000e+00,0.000000000000000e+00,0.000000000000000e+00,0.000000000000000e+00,0.000000000000000e+00,0.000000000000000e+00,1.309031968163434e-14,1.048155308455675e-16,2.872433635212715e-18,3.857400425360235e-15,1.249793068462733e-15,5.169103066863115e-14,1.200726435957294e-14,2.163525829143874e-14,0.000000000000000e+00,0.000000000000000e+00,0.000000000000000e+00,0.000000000000000e+00,0.000000000000000e+00,0.000000000000000e+00,0.000000000000000e+00,1.131541254609311e-01,3.611219478542995e+03,0.000000000000000e+00,4.430001602503692e+02,1.013013731675818e+05,
-1.112864339568467e-09,5.466183049852633e+00,1.460895436494470e-01,6.114450249188222e-06,5.838267038152754e-05,4.695340308568987e-04,1.349847134318344e-07,5.707632118612570e-05,1.235234495361534e-02,1.211245181418186e-08,1.184815584655194e-03,5.128225170114049e-11,2.717827811982297e-10,2.296599179537122e-11,1.087244980277833e-09,2.978499210404215e-10,8.731801147173751e-10,1.628274843109205e-09,3.547904790916950e-12,1.173274475219146e-11,1.250294262533748e-11,3.571433680289724e-03,2.344024746376203e-02,8.754272172785533e-11,9.034015053156294e-09,1.003192577603032e-10,3.368610625020971e-09,6.938184227084791e-14,1.254666700113039e-15,2.996477936714314e-09,1.623146540805903e-09,4.120054460219263e-15,2.183078861579433e-12,4.903574530458190e-14,8.160703395170545e-14,1.577669517272343e-15,3.174693724408245e-15,2.789618407724037e-15,9.673092948124582e-19,4.483233153547693e-17,1.682287183543233e-20,7.908514211096621e-22,2.138494114038616e-17,7.820840214660899e-14,1.740318608255083e-17,1.195982208845674e-18,5.882560283961857e-07,4.000866821221228e-06,1.797977010830856e-08,1.335032545256997e-08,8.163369820272511e-09,4.254891008822391e-13,7.006667628346189e-16,1.145299120199613e-24,0.000000000000000e+00,1.838162090794932e-30,1.451766175153321e-29,1.981645675718791e-28,1.047771274956941e-01,7.926553176816213e+03,0.000000000000000e+00,2.331043590900711e+03,1.013249974599994e+05,
-1.902394091037369e-09,5.397256927460264e+00,1.469287360518787e-01,7.195418615259088e-06,6.936949365500414e-05,5.058709446005553e-04,1.327192772703885e-07,6.109461255404076e-05,1.235468346545686e-02,1.457076135478350e-08,1.323268155912956e-03,8.153055463125160e-11,3.929409707062450e-10,3.428178034090597e-11,1.510855543361373e-09,3.795778181280802e-10,1.127843053178327e-09,2.351946818883122e-09,5.146276099721963e-12,1.760811127624026e-11,1.782070915433609e-11,3.778880237587089e-03,2.305383949092879e-02,1.280730460578888e-10,1.260213687794688e-08,1.654272935267753e-10,5.016604547478476e-09,1.271630254140686e-13,2.308103031629140e-15,4.187131932079703e-09,2.194267212581618e-09,8.689266505882929e-15,3.977524330090421e-12,1.031550998987126e-13,1.256943308132604e-13,3.219950975630740e-15,5.394979978140000e-15,4.834647307065162e-15,2.346061514354251e-18,9.986071585086011e-17,3.659489388498633e-20,2.164354330102390e-21,4.907259513636417e-17,1.390837253216656e-13,3.859565076561959e-17,2.404317830179320e-18,9.303453970975186e-07,6.352591163574518e-06,2.484375126213379e-08,2.827861971065985e-08,1.745362141017106e-08,7.242858416680325e-13,1.262193420720744e-15,2.035454370235899e-24,0.000000000000000e+00,0.000000000000000e+00,0.000000000000000e+00,5.176314088876469e-28,1.053815620404431e-01,7.836180396936431e+03,0.000000000000000e+00,2.291808007521864e+03,1.013249970801829e+05,
-9.286384689133857e-10,5.146704261856782e+00,1.490465414107102e-01,1.040855314809143e-05,1.011433103788680e-04,5.931331181838339e-04,1.327272783674495e-07,7.159470275463821e-05,1.233354665585871e-02,2.218040036276974e-08,1.660678497352704e-03,1.371121203491341e-10,4.158963928484516e-10,5.037462184541781e-11,1.390745997235124e-09,1.984440821515750e-10,1.888655832578074e-09,2.861025998899296e-09,5.468116239419852e-12,2.615522280632167e-11,1.939361745192879e-11,4.283556924915925e-03,2.218121874808536e-02,1.317216530308842e-10,1.072279980615984e-08,2.996542998670473e-10,6.868691081182797e-09,2.959588150684670e-13,5.346234343721912e-15,2.991873595306661e-09,1.191960575801715e-09,2.699585336725702e-14,8.764608377409080e-12,3.189450445959539e-13,2.940916592774523e-14,7.269147246573973e-15,7.982132559969607e-15,8.775485154110898e-15,9.289199698533321e-18,3.281665191356135e-16,0.000000000000000e+00,1.144664655167871e-20,1.742276157501480e-16,4.654841571091025e-14,8.314312837918650e-17,2.874347571245700e-18,1.550559800925585e-06,1.068680745384305e-05,1.791560207009990e-08,9.457334948401297e-08,5.971401220811297e-08,1.428882133168377e-12,2.832175496969862e-15,0.000000000000000e+00,0.000000000000000e+00,0.000000000000000e+00,0.000000000000000e+00,0.000000000000000e+00,1.069048623054368e-01,5.782941706648713e+03,0.000000000000000e+00,2.147189012815673e+03,1.013249945336277e+05,

4,63
1.774600179996021e-08,5.144401936045947e+00,8.373310426697647e-01,4.969729336327968e-05,4.437486799199410e-04,9.566526894234187e-04,1.176747081785997e-04,3.784684617738496e-04,1.294771177831111e-02,2.141968437587677e-05,1.827788535846919e-01,1.483384642015795e-06,6.642267190022594e-06,7.473708712812538e-07,2.362364113329867e-04,2.662887648293345e-04,2.008476541513169e-05,5.161255827956071e-04,1.469399373545545e-05,9.685995339720000e-07,6.789651423232586e-05,1.430145355869194e-02,2.217790748227114e-02,8.694884827480139e-07,6.470014386504561e-04,2.232694315182747e-05,4.620256914148435e-03,1.017323475796174e-04,4.647361616888367e-04,3.346062004954371e-05,1.146227304376602e-04,1.304546886746237e-07,3.228755933051246e-05,3.770512254419471e-05,1.279001775516938e-05,5.957212109939435e-05,3.201438074438097e-05,4.165758221801874e-05,3.089198752343077e-06,6.562505182618958e-04,1.035063851549649e-05,4.239140796593372e-06,1.165941732637426e-04,1.908591087184346e-05,6.842345864484983e-07,1.665373146618709e-08,2.497119632300361e-06,1.763111437555161e-05,3.056661278884241e-05,1.296074170302605e-05,1.671849513768307e-05,1.685364661667741e-06,4.470312168592829e-04,9.202676971202512e-06,5.259444297230944e-02,1.656170339953490e-03,1.451515579197683e-04,4.518577686123686e-04,6.019575803457834e-01,7.485963598532794e+04,0.000000000000000e+00,2.145825627176813e+03,1.013350180490154e+05,
1.550005234127950e-09,5.495832568506143e+00,1.469238391972858e-01,7.188711321533084e-06,6.930202878601732e-05,5.056592968452795e-04,1.366580564126691e-07,6.107043711210513e-05,1.235467237081114e-02,1.455540133683392e-08,1.322467433420294e-03,8.137068102028715e-11,3.923835168301733e-10,3.422671732219463e-11,1.509036261623988e-09,3.793042741681418e-10,1.126278274147065e-09,2.348596608953530e-09,5.138898480950771e-12,1.757930741341033e-11,1.779688025025398e-11,3.777675178129185e-03,2.360791563488746e-02,1.278842420337601e-10,1.258684600859494e-08,1.650711285976660e-10,5.008708341057252e-09,1.268115366923776e-13,2.301703531899949e-15,4.182075692290144e-09,2.192057081150466e-09,8.658512152378221e-15,3.966822863914946e-12,1.027916291427192e-13,1.255155743548442e-13,3.210133804733020e-15,5.383454196930158e-15,4.823453394586796e-15,2.336130840139536e-18,9.948584930295571e-17,3.646544042177693e-20,2.153703671352021e-21,4.887961307028004e-17,1.388174253634294e-13,3.847278741498756e-17,2.397999364001155e-18,9.285599695100998e-07,6.340255466851455e-06,2.481534442165372e-08,2.817669651242391e-08,1.738977248541380e-08,7.225896773311575e-13,1.258824836942923e-15,2.030251440346683e-24,1.509091272288531e-29,1.078579452615230e-25,8.730070269557490e-25,5.156053012336192e-28,1.053780373425570e-01,7.961039863167662e+03,0.000000000000000e+00,2.346908408975573e+03,1.013250029319860e+05,
1.570900449122112e-09,5.466019009405631e+00,1.490330263602295e-01,1.038632426164747e-05,1.009268951003598e-04,5.926091873391561e-04,1.349749710472462e-07,7.152847762126557e-05,1.235694148188326e-02,2.212605573785067e-08,1.658590170797002e-03,1.368284540251356e-10,5.331988723449264e-10,5.030796917651983e-11,1.902374642742082e-09,4.061947079583181e-10,1.883266665328465e-09,3.224185491920556e-09,6.999785012575395e-12,2.611908164886445e-11,2.351544432678866e-11,4.280479479078731e-03,2.343927842575699e-02,1.761838973719163e-10,1.582587748226546e-08,2.989043365355886e-10,7.218495860775051e-09,2.947735748883758e-13,5.325180633996107e-15,5.178432134221827e-09,2.500508541047812e-09,2.684592610101777e-14,8.733519551549086e-12,3.171757333894799e-13,1.485032947807068e-13,7.245546965047382e-15,8.907535139422314e-15,8.755691809999954e-15,9.225279304115446e-18,3.262533717250555e-16,1.106242810040653e-19,1.134784142747671e-20,1.731267792066640e-16,1.797626903186847e-13,8.291903971798665e-17,4.154468963032075e-18,1.547327264196047e-06,1.066393055380048e-05,3.017602867538606e-08,9.397874223927090e-08,5.933024418407144e-08,1.424503729439003e-12,2.821428077327933e-15,4.261469343318006e-24,7.034833390347757e-29,1.007079379732387e-26,8.436532942385108e-26,1.420682336526547e-27,1.068951358609463e-01,7.930870337377139e+03,0.000000000000000e+00,2.330950831763725e+03,1.013250030070239e+05,
9.172286611823200e-10,5.396835353849633e+00,1.576416042597978e-01,2.838047376741044e-05,2.634120083128977e-04,8.503796463688891e-04,1.896130601100118e-07,1.104649926551737e-04,1.235694918839872e-02,7.124643280717896e-08,2.848740938006552e-03,1.960461921279293e-10,5.618476406225858e-10,5.848818472007313e-11,1.934820650519324e-09,3.974619683874969e-10,6.810555376472237e-09,3.476517222229101e-09,7.364908830875701e-12,3.081962420157910e-11,2.451777089847508e-11,5.912273260407592e-03,2.305160487586074e-02,1.856700368687168e-10,1.602705449446765e-08,5.182528243168571e-10,8.080165715097893e-09,1.150990475805355e-12,2.013046228459445e-14,5.199895631046671e-09,2.488482984523823e-09,1.810991584038273e-13,2.217124003385598e-11,2.279437702628549e-12,1.457153328830409e-13,1.197942025552031e-14,1.043663295348439e-14,1.219920112673853e-14,1.196211876982821e-16,2.636104922445177e-15,2.802999832435119e-18,3.888265762581082e-19,2.107285085159526e-15,1.789158165487424e-13,1.173044005494041e-16,4.525361209198126e-18,2.496053493123668e-06,1.761918012349952e-05,3.025467773042565e-08,1.536327338653796e-06,1.043545414871275e-06,3.656574045222676e-12,9.746744117180368e-15,1.241974122321733e-18,1.363299202714177e-17,3.090612799867748e-16,2.208959771565235e-16,8.805105975718931e-17,1.130901792289654e-01,7.835047432662535e+03,0.000000000000000e+00,2.291561763332375e+03,1.013250167712931e+05,

