1
0
63
1
(4 0
((0,0) (15,255) (0,0))
((0,768) (15,1023) (0,0))
((0,512) (15,767) (0,0))
((0,256) (15,511) (0,0))
)
4
FabOnDisk: SD_0_Old_MF_D_0003 0
FabOnDisk: SD_0_Old_MF_D_0000 0
FabOnDisk: SD_0_Old_MF_D_0001 0
FabOnDisk: SD_0_Old_MF_D_0002 0

4,63
-1.495367617874356e-08,1.885260098936476e+00,1.577185954696767e-01,8.284595537880114e-22,3.507464329483692e-20,4.235219017831431e-16,1.372124259371273e-10,1.352337793966139e-07,2.791311871716117e-08,5.583298603910576e-11,2.858425484641736e-03,0.000000000000000e+00,3.987465062790566e-26,2.612069204557537e-27,1.720364911293004e-12,0.000000000000000e+00,1.176831329303418e-21,1.264962829938885e-10,7.898520303167210e-16,7.414222032792897e-27,8.211848348828051e-12,8.475413249118570e-09,6.591371402940966e-10,3.062022100093134e-32,7.546031165783506e-11,1.075939873599102e-23,0.000000000000000e+00,0.000000000000000e+00,0.000000000000000e+00,9.789885911779280e-26,7.196822592584353e-12,0.000000000000000e+00,9.767510495007582e-22,0.000000000000000e+00,0.000000000000000e+00,0.000000000000000e+00,0.000000000000000e+00,0.000000000000000e+00,0.000000000000000e+00,0.000000000000000e+00,0.000000000000000e+00,0.000000000000000e+00,0.000000000000000e+00,1.480041038324790e-14,1.047247333412026e-16,2.871044009065855e-18,4.364690440107741e-15,1.414252789464787e-15,5.850444374798698e-14,1.359089358689158e-14,2.448871652394170e-14,0.000000000000000e+00,0.000000000000000e+00,0.000000000000000e+00,0.000000000000000e+00,0.000000000000000e+00,0.000000000000000e+00,0.000000000000000e+00,1.131455538668245e-01,3.603034571157292e+03,0.000000000000000e+00,4.430001739291030e+02,1.013016393087979e+05,
-9.960291947404849e-10,5.444138208966316e+00,1.460893598387469e-01,6.114096550252166e-06,5.837924878283921e-05,4.695216297337264e-04,1.349851167806981e-07,5.707482094247219e-05,1.235233647516871e-02,1.211172318141071e-08,1.184772558451174e-03,5.127364500767919e-11,2.717464765955696e-10,2.296265974000077e-11,1.087114253532036e-09,2.978225165032461e-10,8.730990437497320e-10,1.628060181646286e-09,3.547422308822708e-12,1.173102338296450e-11,1.250137334080318e-11,3.571342926017202e-03,2.344031586971483e-02,8.753070522583112e-11,9.032942529979648e-09,1.003018849636283e-10,3.368140591182042e-09,6.936736540344800e-14,1.254403381432398e-15,2.996115756677232e-09,1.622970228680969e-09,4.118990455486308e-15,2.182630173505980e-12,4.902329841781116e-14,8.159498471479899e-14,1.577293797119770e-15,3.174115564361310e-15,2.789081375480687e-15,9.670157181852034e-19,4.482015030881053e-17,1.681835873446884e-20,7.905822701097270e-22,2.137899883704349e-17,7.819385528937357e-14,1.739868277068367e-17,1.195711648616906e-18,5.881644809090670e-07,4.000239669600490e-06,1.797776348740568e-08,1.334702839264905e-08,8.161333020051190e-09,4.254119606435311e-13,7.005240727361487e-16,1.145069216604907e-24,0.000000000000000e+00,2.298829062549860e-30,1.800307104004846e-29,1.981035914642029e-28,1.047770014516771e-01,7.926512616513621e+03,0.000000000000000e+00,2.331049714336288e+03,1.013249966256500e+05,
-2.391337203432917e-09,5.375230882392095e+00,1.469284052823693e-01,7.194988678800362e-06,6.936509622928776e-05,5.058572800762571e-04,1.327190407799715e-07,6.109310719799910e-05,1.235468278190521e-02,1.456975555729756e-08,1.323212414457927e-03,8.151528387147660e-11,3.928809320087169e-10,3.427612970207948e-11,1.510646012630746e-09,3.795375393212349e-10,1.127730336895138e-09,2.351587513455341e-09,5.145486227212891e-12,1.760517823461060e-11,1.781807267353253e-11,3.778796440729395e-03,2.305403946140733e-02,1.280529295665763e-10,1.260036421521982e-08,1.653936912440306e-10,5.015775775574619e-09,1.271321890787182e-13,2.307540883857570e-15,4.186545673562847e-09,2.193988177473478e-09,8.686704972444777e-15,3.976565538470954e-12,1.031249037799753e-13,1.256709663917952e-13,3.219007918464452e-15,5.393774955487421e-15,4.833559914369140e-15,2.345238355620151e-18,9.982878986188620e-17,3.658350503332175e-20,2.163496013036463e-21,4.905631139593776e-17,1.390495103983846e-13,3.858297117898882e-17,2.403615370052871e-18,9.301697071006108e-07,6.351381918767585e-06,2.484031720241174e-08,2.827015234080306e-08,1.744833260375280e-08,7.241294292640568e-13,1.261895246990427e-15,2.034965256905653e-24,0.000000000000000e+00,0.000000000000000e+00,0.000000000000000e+00,5.174350740916457e-28,1.053813237940688e-01,7.836263238047114e+03,0.000000000000000e+00,2.291830615227259e+03,1.013249970212257e+05,
-9.085309227965035e-10,5.124808461392411e+00,1.490452792012771e-01,1.040653126793538e-05,1.011234140668862e-04,5.930852777553741e-04,1.327268772958965e-07,7.158879529619380e-05,1.233402433736791e-02,2.217540772495876e-08,1.660481376425567e-03,1.370792641951055e-10,4.161696540451779e-10,5.036595614422949e-11,1.391576404666375e-09,1.985939094069118e-10,1.888146133568596e-09,2.862306603082599e-09,5.471695621162207e-12,2.615059050315960e-11,1.940113758815153e-11,4.283269559214133e-03,2.218009034397710e-02,1.318252945818298e-10,1.073000278698583e-08,2.995697901244844e-10,6.871443177315674e-09,2.958347738783020e-13,5.344027078826072e-15,2.994369639247804e-09,1.192929807729888e-09,2.698062518218062e-14,8.761262783997699e-12,3.187655937549065e-13,2.947043425914322e-14,7.266402212420436e-15,7.983072466752205e-15,8.773136295638186e-15,9.282768300677885e-18,3.279709201876083e-16,0.000000000000000e+00,1.143686653374674e-20,1.741154895782825e-16,4.658341059518215e-14,8.311413284239199e-17,2.873954056754111e-18,1.550179656679453e-06,1.068413248861382e-05,1.792853191858086e-08,9.451357269673652e-08,5.967549764229168e-08,1.428405028993293e-12,2.831045316743584e-15,0.000000000000000e+00,0.000000000000000e+00,0.000000000000000e+00,0.000000000000000e+00,0.000000000000000e+00,1.069039564047955e-01,5.794591292831249e+03,0.000000000000000e+00,2.147347963914524e+03,1.013249942636936e+05,

4,63
1.641708229381144e-08,5.122508658617976e+00,8.373309420501649e-01,4.968100295586780e-05,4.442123545295335e-04,9.569517144980679e-04,1.176661214056285e-04,3.776379508580560e-04,1.294681309183610e-02,2.142195356269751e-05,1.827788291733113e-01,1.475753106420017e-06,6.644196609682453e-06,7.449163238497685e-07,2.361759923440166e-04,2.660005161345117e-04,2.005848019103860e-05,5.168518114251658e-04,1.469204825677738e-05,9.690802214058547e-07,6.793170141531596e-05,1.429293099337875e-02,2.217672246115222e-02,8.658509570593445e-07,6.461123206211981e-04,2.240735862886264e-05,4.624555325887643e-03,1.013591128336564e-04,4.646544970621613e-04,3.335119150847034e-05,1.148593631134944e-04,1.302625655127062e-07,3.228033327094374e-05,3.774178990005780e-05,1.279295818119205e-05,5.952262557836479e-05,3.205497812849863e-05,4.176391006640322e-05,3.094676912119251e-06,6.566627644482765e-04,1.039104309683382e-05,4.209522297996843e-06,1.166176048929785e-04,1.903877681919556e-05,6.817601749379127e-07,1.660443397967961e-08,2.496905197653051e-06,1.762937439636918e-05,3.060914939832295e-05,1.296786364437381e-05,1.672739483857722e-05,1.687283673852826e-06,4.483967284285724e-04,9.147823628543340e-06,5.259443701483198e-02,1.654234087931399e-03,1.450787773055596e-04,4.510603350492079e-04,6.019575019659581e-01,7.492645904962285e+04,0.000000000000000e+00,2.145987132425258e+03,1.013346686630440e+05,
1.019047317700594e-09,5.473786170425124e+00,1.469235148775689e-01,7.188288509510491e-06,6.929770485504205e-05,5.056458528776069e-04,1.366581869120157e-07,6.106895535553882e-05,1.235467172316645e-02,1.455441258930540e-08,1.322412564045840e-03,8.135556506273514e-11,3.923239521965174e-10,3.422111609628455e-11,1.508828161651871e-09,3.792641383980995e-10,1.126167230831018e-09,2.348240205424139e-09,5.138114910487886e-12,1.757640058031443e-11,1.779426400064649e-11,3.777592603230618e-03,2.360801880161258e-02,1.278642859799009e-10,1.258508524687640e-08,1.650378824696802e-10,5.007886559604390e-09,1.267810839678677e-13,2.301148365862615e-15,4.181493411573148e-09,2.191779572365442e-09,8.655986841168211e-15,3.965875710059138e-12,1.027618629271069e-13,1.254923409331209e-13,3.209201562619640e-15,5.382260215328622e-15,4.822377098110286e-15,2.335319936317325e-18,9.945436990456998e-17,3.645420177733811e-20,2.152859890704836e-21,4.886356456521269e-17,1.387834326267574e-13,3.846024182355834e-17,2.397303219964369e-18,9.283860129730221e-07,6.339058259785002e-06,2.481193164354072e-08,2.816835208598869e-08,1.738456099134699e-08,7.224350264547121e-13,1.258530270119373e-15,2.029767917701172e-24,1.583860906861396e-29,1.489859413258855e-25,1.205922841535970e-24,5.154096548912461e-28,1.053778037225177e-01,7.960787716888287e+03,0.000000000000000e+00,2.346912573615537e+03,1.013250036638392e+05,
2.262946317736406e-09,5.443974330301144e+00,1.490317754474485e-01,1.038431971866663e-05,1.009071687145704e-04,5.925616753274958e-04,1.349753850472501e-07,7.152261201120145e-05,1.235694758100421e-02,2.212110947940401e-08,1.658394576819299e-03,1.367957198937725e-10,5.331304668651674e-10,5.029931489263260e-11,1.902196065080852e-09,4.061662023652674e-10,1.882761417744750e-09,3.223740881746724e-09,6.998891509534711e-12,2.611445682442338e-11,2.351268130966254e-11,4.280194107383934e-03,2.343934757706552e-02,1.761607215493096e-10,1.582444974281461e-08,2.988202551391098e-10,7.217335187126756e-09,2.946505378328303e-13,5.322990836707771e-15,5.178037003506828e-09,2.500395496468878e-09,2.683085039803561e-14,8.730197569298634e-12,3.169981056495532e-13,1.484895266025152e-13,7.242816050203809e-15,8.905540532336532e-15,8.753350899217751e-15,9.218922395000455e-18,3.260597958858191e-16,1.105613566605931e-19,1.133819891716617e-20,1.730159043145681e-16,1.797451482324218e-13,8.289014103455387e-17,4.153501962997337e-18,1.546948803389961e-06,1.066126786679273e-05,3.017384636193389e-08,9.391966464889173e-08,5.929218740751611e-08,1.424029748583424e-12,2.820306530820735e-15,4.259895184456741e-24,7.175427714780033e-29,1.474676087393926e-26,1.240594463472038e-25,1.419869996879715e-27,1.068942380852847e-01,7.930857432839405e+03,0.000000000000000e+00,2.330957058073500e+03,1.013250034076262e+05,
9.767696483313079e-10,5.374809613086097e+00,1.576299296414113e-01,2.836303258113292e-05,2.632469683795890e-04,8.502474307365287e-04,1.895005417304664e-07,1.104457714403101e-04,1.235695619018608e-02,7.118467480039766e-08,2.847503998802361e-03,1.960389659731320e-10,5.618060861455492e-10,5.848415907126624e-11,1.934703287639809e-09,3.974627037808661e-10,6.805036618089801e-09,3.476260980191437e-09,7.364368674592536e-12,3.081758472980071e-11,2.451607878522509e-11,5.911237818053798e-03,2.305180574170972e-02,1.856563118095611e-10,1.602613115564765e-08,5.182263084887695e-10,8.079603547143165e-09,1.150188548048962e-12,2.011565255207366e-14,5.199620007099109e-09,2.488416858708908e-09,1.809339428685597e-13,2.216463062156534e-11,2.276864003217122e-12,1.457135711119022e-13,1.198424749545796e-14,1.043563643069258e-14,1.222083071796913e-14,1.194559763956054e-16,2.636627822732480e-15,2.922165172032480e-18,3.885428897249638e-19,2.103553467304835e-15,1.789035659608621e-13,1.172877232580934e-16,4.524715117637390e-18,2.495764248068658e-06,1.761690092596803e-05,3.025305298752614e-08,1.532836300525521e-06,1.041104463716003e-06,3.655003204014679e-12,9.745622306635081e-15,1.306996769214162e-18,1.431686409261739e-17,6.125341925488102e-16,3.707128173188751e-16,1.750503796457432e-16,1.130817702711707e-01,7.835134951199933e+03,0.000000000000000e+00,2.291584556897957e+03,1.013250173407760e+05,

