1
0
56
1
(4 0
((0,0) (15,255) (0,0))
((0,768) (15,1023) (0,0))
((0,512) (15,767) (0,0))
((0,256) (15,511) (0,0))
)
4
FabOnDisk: SD_5_Old_MF_D_0003 0
FabOnDisk: SD_5_Old_MF_D_0000 0
FabOnDisk: SD_5_Old_MF_D_0001 0
FabOnDisk: SD_5_Old_MF_D_0002 0

4,56
-7.585934115481628e+00,-1.667371849878315e+01,-2.629459596414504e+01,-5.981278356380372e+00,-7.974245104852029e+00,-8.081163103909304e+00,-1.151320196704000e+00,-6.275252594946726e+02,-2.657782164539250e-01,-7.756550897024695e-01,-8.822075640049537e-02,-1.374327979663706e+01,-1.231385108061649e+01,-1.371915920005708e+00,-9.456522434036470e+00,-4.492008282709096e-01,-7.085931631086971e-02,-2.755166318668422e+00,-1.319887825633529e+02,2.825701912040346e-17,-9.395014309836720e-02,-4.919782564949484e+01,-1.832042125210965e+00,-2.023064873487790e+02,-7.525712284677876e+00,-2.434448993943047e+01,-4.524455975529529e+00,-2.866540344362993e+00,-8.825137547482726e-03,-2.003491275201878e+00,-1.577524411372505e+00,-9.487763045306674e-01,-3.847534695115137e+00,-2.251484604397430e+00,-3.246232655163529e+00,-2.173146130386616e-01,-3.286083503371520e+01,-4.904034969966534e-01,-3.139820339218725e-01,-8.636075558165006e+00,-9.694634534956158e-01,-1.583366925831737e-02,-6.479768891484252e-04,-8.348972730609662e-02,-1.710558140129043e-01,-2.134194512889210e+00,-7.111536970843893e-02,-4.085817799504737e-01,-1.326102486375367e-01,-2.482599948304681e+01,-4.557353281702758e-01,-5.910304936111758e+02,-8.942792685352495e+01,-9.506994145090173e+00,-2.480782896996261e+01,-6.566551746800542e-10,
-4.112632753109068e-03,-2.982173172797980e-02,-8.795376519648432e-02,2.224030522418513e-07,-1.097927912376486e-02,1.025496772452087e-01,-6.632172590458990e-06,-3.333451306001959e-01,-8.881990857085568e-08,-3.063365946153684e-07,-2.612661162289520e-08,-1.133407161986915e-06,-2.644743323098596e-07,-6.679750920489986e-07,-1.378592279680194e-06,-2.947186622706143e-09,-1.154027308191982e-08,-1.053531694687781e-08,-4.724907530756082e-01,2.528349213048703e-01,-8.181135041632518e-08,-8.269353755111296e-06,-1.467971432090652e-07,-3.435711292110056e-06,-1.477698295169127e-10,-2.687847521691781e-12,-3.733378002503260e-06,-1.241994110346760e-06,-1.312965528562190e-11,-4.468086491060777e-09,-1.551757601928114e-10,-8.062362368364153e-11,-4.034639254969914e-12,-4.601784935575831e-12,-4.537179610377630e-12,-4.226260371771155e-15,-1.581948414351252e-13,-5.421285722934531e-17,-1.003052225875528e-18,-8.131696066996815e-14,-1.016003918987684e-10,-4.953064407367663e-14,-2.489845601065505e-15,-7.164476401237772e-04,-4.955593731830748e-03,-1.276768246792173e-05,-4.296314146428620e-05,-2.694371458268762e-05,-6.929614034453950e-10,-1.390706434567387e-12,-4.402472627878455e-20,-6.515542482559042e-20,-3.766910460851291e-20,-3.049841022086749e-19,-4.834924419024207e-24,-4.744105108756003e-11,
-1.218246538662629e-02,-9.087009264586049e-02,-2.002073682675682e-01,3.378687392582469e-06,-2.857434309655512e-02,1.831281701774215e-01,-2.231438602318877e-05,-8.080432612449080e-01,-1.070435799235828e-07,-2.207810378910349e-07,-2.446916912802492e-08,-7.007894730079322e-07,-9.295359162059743e-08,-2.193570498341036e-06,-1.326099809279902e-06,-2.901394466569187e-09,-1.306190174034794e-08,-9.284034757017417e-09,-1.116571634460647e+00,7.637872018616665e-01,-7.484307988462284e-08,-5.853610410802162e-06,-2.853178740409330e-07,-3.316029821802468e-06,-4.744338084464300e-10,-8.403926356447296e-12,-1.947091015863745e-06,-8.134709810497425e-07,-6.143623689198565e-11,-1.220200055737452e-08,-7.254227585452656e-10,-6.595185702324721e-11,-8.935074699373421e-12,-5.452847432082943e-12,-7.265783009217995e-12,-2.627114365485385e-14,-7.760709663945806e-13,-2.504650909415385e-16,-3.551097519681291e-15,-4.463830952041771e-13,-9.995386155919095e-11,-8.104724053100519e-14,-2.679735669564768e-15,-1.191086679016440e-03,-8.458434917388149e-03,-1.066496438974870e-05,-2.422973325263404e-04,-1.566305996814084e-04,-1.683999505489673e-09,-4.212212231297458e-12,-7.681247031674124e-20,-2.178350823130390e-19,-5.113576328195375e-21,-3.869884551910502e-20,-2.494935184440918e-23,-4.720279722647547e-11,
-1.414187999816264e-01,-7.439057630821625e-01,-5.580692617753431e-01,-4.724663369234445e-04,-1.388019362508628e-01,4.810801906678664e-01,-2.569229075962791e-04,-3.768960503773194e+00,-1.102894236668996e-07,-1.273552075578832e-07,-2.257345532999779e-08,-1.596989214256037e-07,1.363772006410111e-07,-2.614680563581062e-05,-9.404292748873055e-07,-1.698874620095254e-09,-1.243017228419889e-08,-4.603689264007905e-09,-4.375101498371081e+00,1.794640906484798e+00,-4.524362731545787e-08,-1.101240943339866e-06,-3.600193398452382e-07,-2.811853705881863e-06,-4.110580624040557e-09,-4.957366266203365e-11,8.872795443278457e-08,5.440847652541133e-07,-5.911975750851466e-10,-2.367038149645906e-08,-8.697823295833560e-09,6.352306475416397e-11,-8.913569709550307e-11,-2.086917381942497e-10,-6.601890099409106e-10,-1.721983386730177e-11,-5.725800881469583e-10,-7.760504235997162e-10,-9.042793252932344e-14,-5.418903055875479e-11,1.578033411493060e-11,-4.605811940895763e-13,-9.152473591993927e-15,-1.406366326768998e-03,-1.037039276624963e-02,4.273210684890670e-07,-1.325188515711969e-02,-9.234337066845946e-03,-4.535235831311057e-09,-7.211404319987496e-10,-2.792776223659487e-10,-2.157375327234745e-08,-8.645770164360760e-10,-4.636302112915568e-10,-2.449295211287202e-10,-8.786926741777279e-11,

4,56
5.583833321857351e+00,2.916248729318444e+01,4.315587370202390e+01,7.505375089798575e+00,1.352714013624014e+01,3.106591184290875e+02,6.273890790714345e-01,-8.611533708346997e-11,6.356335131217975e-01,1.408848756364406e+00,1.610853377451587e-01,2.577278079778410e+01,1.581144982505371e+01,1.872947388451349e+00,1.557470207001473e+01,4.006762511128227e-01,1.296989174597533e-01,2.715703520191398e+00,4.606373533752498e+02,2.790601330432369e+02,2.082699930044731e-01,6.130909136802703e+01,3.893801981009769e+00,2.982658253125294e+02,1.317002879368190e+01,2.577576735928634e+01,8.585975885866183e+00,3.515459191455421e+00,1.498205127848598e-02,3.803327282067750e+00,2.336862508561544e+00,1.107887604932302e+00,3.984128765802229e+00,2.355353091709944e+00,3.891602962450162e+00,1.970565611299876e-01,3.471814134293537e+01,9.828609412087681e-01,5.724324619177182e-01,7.924365765089443e+00,1.559794801928282e+00,4.214832509142581e-02,1.093273725147955e-03,7.670057634502321e-02,3.985524117445336e-01,2.465697131759645e+00,4.767157027014960e-01,7.057082686265714e-01,1.749706429597034e-01,1.640445328891041e+01,7.171933393854761e-01,6.050125321267309e-01,8.962512624206988e+01,1.457886127369234e+01,2.507743045193513e+01,7.514699973398820e-10,
-1.844575476273158e-03,-1.151806723825802e-02,-3.189388181126548e-02,6.400934102203372e-06,-6.024663273103996e-03,1.825577981980253e-01,-1.690281628583610e-06,-1.528444236504787e-01,-4.214665808378783e-08,-1.814770609599230e-07,-1.636642569805507e-08,-6.551247267334578e-07,-9.367373958061112e-08,-1.871978612745808e-07,-1.084562252058172e-06,-2.390200350467271e-09,-8.445904773137637e-09,-8.142928557160429e-09,-1.533857536274562e-01,7.614882287533340e-01,-6.003284829397011e-08,-5.545160247836255e-06,-8.513605709250591e-08,-2.414258514680264e-06,-6.644173935060098e-11,-1.214116157275373e-12,-1.848331791392685e-06,-8.159799706280420e-07,-4.457575624775309e-12,-2.128214277869239e-09,-5.272221521870934e-11,-6.614105346557456e-11,-1.796227101413340e-12,-3.003237229885168e-12,-2.542592033824290e-12,-1.020331157082609e-15,-4.621067854072891e-14,-1.758506376100168e-17,1.049938204241346e-18,-1.966759222331732e-14,-9.157670150945391e-11,-2.252857259012694e-14,-1.517215103166909e-15,-4.505176766918198e-04,-3.070339813170145e-03,-1.067693567125671e-05,-1.162828009755686e-05,-7.125263840313769e-06,-3.255319500827291e-10,-5.383056421989351e-13,5.337407250203274e-20,6.113929051490687e-20,4.501507878394674e-25,-4.044760688265194e-24,5.737932579106121e-24,4.675388548536219e-11,
-3.699850556063836e-03,-2.992603262470355e-02,-8.819901653621950e-02,7.560427603954562e-06,-1.101499227310413e-02,4.788595886206362e-01,-6.650785420654482e-06,-3.343667082904552e-01,-6.784729883747308e-08,-1.286482672277872e-07,-2.216526452901824e-08,-1.649337896958210e-07,1.348926569444667e-07,-6.702481057330944e-07,-9.463177543140703e-07,-1.715418503577872e-09,-1.154498831577273e-08,-4.656802874140309e-09,-4.739289358317337e-01,1.787663764439916e+00,-4.567633078385855e-08,-1.146943321749386e-06,-1.470411472574376e-07,-2.822684339696661e-06,-1.482040362495822e-10,-2.696747355647678e-12,6.947504129181288e-08,5.336534206868919e-07,-1.319109104798059e-11,-4.481884279423916e-09,-1.559082676100811e-10,6.251025671156321e-11,-4.047054441422966e-12,-4.607964357718271e-12,-4.546994705203767e-12,-4.250037284397987e-15,-1.589806370874240e-13,-5.445027554412373e-17,3.261225727783476e-16,-8.171549867157662e-14,5.196897684524243e-11,-4.962779497489284e-14,-1.871102752538589e-15,-7.178619247247385e-04,-4.965690401859743e-03,3.305899193366005e-07,-4.318728148897252e-05,-2.708107527782961e-05,-6.949871425166252e-10,-1.395592468534655e-12,8.585427903327693e-20,2.159743071994306e-19,1.458727924594821e-22,2.300415633867542e-22,2.803401952744872e-23,4.948530474280233e-11,
-1.225460337374933e-02,-9.136354607516864e-02,-2.009376306956789e-01,3.281559936718408e-06,-2.870515153873748e-02,2.817024304774086e+00,-2.244297774847129e-05,-8.113988172896819e-01,3.664835794073088e-07,1.315777526689344e-06,1.168709476044361e-07,3.970718369473770e-06,6.429694154544472e-07,-2.206651728729740e-06,6.824775249557158e-06,1.608596244654786e-08,5.540772033673112e-08,4.571905905550305e-08,-1.120963892540582e+00,6.926039288059772e+00,4.408105233987184e-07,3.394299963186067e-05,4.074844096628035e-07,1.576537987684957e-05,-4.770726892865344e-10,-8.449824398274009e-12,1.180422039402911e-05,4.417764259007618e-06,-6.189956221301335e-11,-2.392940795394021e-12,-7.309597402917944e-10,3.556686752742926e-10,8.960559874614949e-11,2.537103292401471e-10,6.210126009571843e-10,9.546355860299497e-12,5.494415745758581e-10,6.265669479684502e-10,6.616444612594355e-14,3.305811921039630e-11,3.464153637068973e-10,1.886181885681967e-13,1.021466687134081e-14,8.100874496544932e-04,5.483535412581499e-03,6.216766880634924e-05,-2.445359379929031e-04,-1.581032626575697e-04,-1.691021537385959e-09,8.771692668555877e-10,2.360370080217346e-10,2.544794789454170e-08,3.073102021023047e-10,6.846414640671602e-10,8.553847596093468e-11,8.671730000742173e-11,

