1
0
56
1
(4 0
((0,0) (15,255) (0,0))
((0,768) (15,1023) (0,0))
((0,512) (15,767) (0,0))
((0,256) (15,511) (0,0))
)
4
FabOnDisk: SD_5_New_MF_D_0003 0
FabOnDisk: SD_5_New_MF_D_0000 0
FabOnDisk: SD_5_New_MF_D_0001 0
FabOnDisk: SD_5_New_MF_D_0002 0

4,56
-7.593381348176939e+00,-1.652636170309299e+01,-2.633452448120730e+01,-5.995637492092317e+00,-8.007465389843762e+00,-8.095067978384742e+00,-1.147441361266802e+00,-6.267195777284167e+02,-2.637733641865145e-01,-7.766159475357310e-01,-8.734106839740136e-02,-1.373227006003685e+01,-1.238219964368888e+01,-1.372534130206517e+00,-9.408396514992646e+00,-4.482716244490693e-01,-7.060623727407647e-02,-2.749715009165908e+00,-1.320655069187035e+02,2.423869481862906e-17,-9.390741130411816e-02,-4.906476141114604e+01,-1.820468057443538e+00,-2.013134244466536e+02,-7.604170399431486e+00,-2.426059684632388e+01,-4.503720950092688e+00,-2.865513711433866e+00,-8.780731634412842e-03,-1.994839342975860e+00,-1.572654917452654e+00,-9.404613322996633e-01,-3.857645795996864e+00,-2.257976624137949e+00,-3.257409000860244e+00,-2.169505670612925e-01,-3.282484409944695e+01,-4.882383935841458e-01,-3.140818618760520e-01,-8.604086244149174e+00,-9.740582940373332e-01,-1.583811852934415e-02,-6.475222911029707e-04,-8.360662439002156e-02,-1.721562368279192e-01,-2.125711674077755e+00,-7.108680686422880e-02,-4.108305363871919e-01,-1.343007578573392e-01,-2.500427109191560e+01,-4.636685363863805e-01,-5.846991406015264e+02,-9.043040753724081e+01,-9.469860482658810e+00,-2.503319157613075e+01,-1.109128788812086e-09,
-4.109500697982799e-03,-2.982695831526471e-02,-8.796885543508667e-02,2.190960182355852e-07,-1.097905843641121e-02,1.026136937342663e-01,-6.634462456920521e-06,-3.334697030038614e-01,-8.898171738313614e-08,-3.066150607950747e-07,-2.614976391280519e-08,-1.134142743165115e-06,-2.644894064812713e-07,-6.681981941845172e-07,-1.378323090419062e-06,-2.946534208440366e-09,-1.153519767322591e-08,-1.053176272139078e-08,-4.727667208964409e-01,2.533992542812320e-01,-8.186102397686127e-08,-8.273629144557808e-06,-1.467736841302410e-07,-3.439089589887246e-06,-1.477889671338980e-10,-2.688246097915564e-12,-3.737946925999030e-06,-1.241516498188707e-06,-1.313437352493655e-11,-4.468892232910246e-09,-1.552306765534286e-10,-8.056626074109496e-11,-4.035375632275452e-12,-4.601441474503477e-12,-4.537690392384567e-12,-4.228483394371177e-15,-1.582680256148265e-13,-5.423448549322140e-17,-9.960381257400359e-19,-8.136219551843499e-14,-1.016422085528836e-10,-4.954155537579012e-14,-2.490016086748152e-15,-7.165769423676092e-04,-4.956536601610161e-03,-1.276664594114573e-05,-4.298735229699349e-05,-2.695893778791963e-05,-6.931727651841903e-10,-1.391215323898886e-12,-4.247625916367932e-20,-6.207770705672303e-20,-2.724690105608574e-20,-2.205858797326939e-19,-4.380117789837054e-24,-5.090707608061684e-11,
-1.218413364420433e-02,-9.091279497677134e-02,-2.002715939227632e-01,3.365903273198169e-06,-2.858287887848078e-02,1.831101566528542e-01,-2.232770225527533e-05,-8.084239975800612e-01,-1.070321090884487e-07,-2.205415968494890e-07,-2.446340787489402e-08,-6.998494050471855e-07,-9.269161470232828e-08,-2.194960705102059e-06,-1.325848639172292e-06,-2.899657901382831e-09,-1.305929799029733e-08,-9.277643200984255e-09,-1.117209657688659e+00,7.642273127779811e-01,-7.483036299785664e-08,-5.848573689563473e-06,-2.853820064708050e-07,-3.315460641656907e-06,-4.747087627400713e-10,-8.408638365491707e-12,-1.943841574527181e-06,-8.126837445279327e-07,-6.148495096985860e-11,-1.220796781379851e-08,-7.259977221215719e-10,-6.590238925460351e-11,-8.937327549480748e-12,-5.452906547746072e-12,-7.266217803930619e-12,-2.629648468494395e-14,-7.767246321439196e-13,-2.506790870411372e-16,-3.751735313386896e-15,-4.468011624188178e-13,-9.992305644243466e-11,-8.104779139786612e-14,-2.680423063170929e-15,-1.191338993960928e-03,-8.460400446932132e-03,-1.066213923459832e-05,-2.425351603121313e-04,-1.567871038043300e-04,-1.684787320876414e-09,-4.214668958769101e-12,-7.441912092229387e-20,-2.078140559651414e-19,-3.509739520829464e-21,-2.634280328084615e-20,-2.492339555938146e-23,-4.158426381017932e-11,
-1.416792128837205e-01,-7.443127184922265e-01,-5.571804985508142e-01,-4.734050959938661e-04,-1.387946252142155e-01,4.812086516211832e-01,-2.571973305575119e-04,-3.773202892393662e+00,-1.102974963991862e-07,-1.271786456096620e-07,-2.256372666357911e-08,-1.590024958710980e-07,1.365690539965278e-07,-2.616798822067877e-05,-9.396146165073850e-07,-1.696742775754928e-09,-1.242633330101297e-08,-4.596643134795308e-09,-4.378992577951719e+00,1.795662814418193e+00,-4.518768731403006e-08,-1.095334521157834e-06,-3.600424561371018e-07,-2.810375655909430e-06,-4.029380075534210e-09,-4.959147685292689e-11,9.117295819294047e-08,5.453885747137896e-07,-5.908417099662121e-10,-2.367289236766691e-08,-8.700501962949544e-09,6.365566581357370e-11,-8.293853459344313e-11,-1.669294672130992e-10,-6.236799211915288e-10,-1.632737290270494e-11,-4.865650202400199e-10,-7.328935857441231e-10,-7.901390492923102e-14,-4.976932291828666e-11,7.042474655654524e-12,-4.819140828932391e-13,-9.783533027175665e-15,-1.406500218731696e-03,-1.037132930800458e-02,4.392042197108168e-07,-1.328626296947991e-02,-9.258826142097184e-03,-4.535215156174627e-09,-6.627945117643442e-10,-2.627917197391764e-10,-2.053083329789688e-08,-5.124017529686012e-10,-3.267008010206818e-10,-1.451042085697178e-10,-8.615685942459095e-11,

4,56
5.595318699689068e+00,2.906058558300068e+01,4.324846102906694e+01,7.549040907720997e+00,1.352983685163143e+01,3.110514547568181e+02,6.273081310293052e-01,-8.669916867765082e-11,6.305782444533135e-01,1.403635000184324e+00,1.630369742416542e-01,2.575835439621131e+01,1.587557544204484e+01,1.888117558162520e+00,1.551601427046301e+01,3.980192309464553e-01,1.288268894753226e-01,2.715978466438889e+00,4.597391128464494e+02,2.790355311739349e+02,2.062168077251641e-01,6.115995037465228e+01,3.907998881540451e+00,3.015682181049217e+02,1.308938188033838e+01,2.598369939096528e+01,8.701816488076998e+00,3.505549246776201e+00,1.520211631461273e-02,3.777160717137269e+00,2.316493250050162e+00,1.118990508544398e+00,3.992719051689070e+00,2.338025333959941e+00,3.946720696509180e+00,1.966328306927437e-01,3.436268666281472e+01,9.562855366464579e-01,5.879835835603813e-01,7.984045413240345e+00,1.563169097607462e+00,4.215690057700739e-02,1.092405721307314e-03,7.771630070054425e-02,4.010302060081739e-01,2.493570628072136e+00,4.766708191684097e-01,7.072365119702437e-01,1.800477730473225e-01,1.624758913049985e+01,6.980484006351153e-01,5.888864436376194e-01,8.828390592372568e+01,1.471292730768098e+01,2.488872983306437e+01,7.157723302952945e-10,
-1.848685717416484e-03,-1.152379026972579e-02,-3.190935104146288e-02,6.399101456036391e-06,-6.016249178318706e-03,1.825394503197747e-01,-1.691894025154879e-06,-1.529462861712139e-01,-4.213516898912621e-08,-1.814660167181798e-07,-1.636509462695751e-08,-6.551908870460435e-07,-9.340865585847916e-08,-1.873865552550776e-07,-1.084544826492164e-06,-2.390036338152641e-09,-8.444904517985734e-09,-8.143796504533973e-09,-1.537436590529844e-01,7.619254645807609e-01,-6.002871297861271e-08,-5.546104078284332e-06,-8.512475028892451e-08,-2.414070758051737e-06,-6.644632761896396e-11,-1.214211645913599e-12,-1.848547162524099e-06,-8.151853649303331e-07,-4.459593001470972e-12,-2.128403081393159e-09,-5.275638825084429e-11,-6.609102166272244e-11,-1.795632725560988e-12,-3.003167404706977e-12,-2.542932653882225e-12,-1.020904516506139e-15,-4.623045800888465e-14,-1.758632941546450e-17,1.036313394387702e-18,-1.966463398599657e-14,-9.164658199444639e-11,-2.250907627009371e-14,-1.515820772857292e-15,-4.505934072486513e-04,-3.070849394396434e-03,-1.067413247590813e-05,-1.163207503642500e-05,-7.127417535720371e-06,-3.255778726398592e-10,-5.384714904159113e-13,5.196709113918023e-20,5.908738624510164e-20,1.087405036464540e-24,-3.252085548356377e-24,5.202435228608288e-24,5.010011849826412e-11,
-3.697025271661980e-03,-2.993149569872899e-02,-8.821478159961314e-02,7.558047770236701e-06,-1.101476154446850e-02,4.789870413280059e-01,-6.653341804223536e-06,-3.344917494819036e-01,-6.776752455688117e-08,-1.284700852658164e-07,-2.215512424347763e-08,-1.642310758108368e-07,1.350855122040949e-07,-6.704819114326353e-07,-9.454995223334314e-07,-1.713281014513943e-09,-1.154006617341537e-08,-4.649766371287011e-09,-4.742067117430684e-01,1.788674790076386e+00,-4.562029332630447e-08,-1.141034087794112e-06,-1.470212101800972e-07,-2.821201194243473e-06,-1.482276991634119e-10,-2.697182862216496e-12,7.194076247712885e-08,5.349525216309542e-07,-1.319594148551837e-11,-4.482748187822862e-09,-1.559644632970340e-10,6.264233011049581e-11,-4.047815225467653e-12,-4.607651116358657e-12,-4.547521504682572e-12,-4.252302674440106e-15,-1.590551128008881e-13,-5.447220372017572e-17,4.340546859815142e-16,-8.176296243594244e-14,5.213532603196573e-11,-4.964031573339648e-14,-1.869222488098512e-15,-7.179925911987285e-04,-4.966641590930998e-03,3.423486678727196e-07,-4.321174078195245e-05,-2.709671725763251e-05,-6.952027379579818e-10,-1.396112377062172e-12,8.368130669901863e-20,2.064323080662681e-19,1.146465305719424e-22,1.506711800591901e-22,2.755448257632316e-23,4.820277510475535e-11,
-1.225628501463648e-02,-9.140680931939747e-02,-2.010028167410308e-01,3.268574154464635e-06,-2.871372633347195e-02,2.818823504999559e+00,-2.245668626423987e-05,-8.117829470783483e-01,3.676837846649619e-07,1.316780575005601e-06,1.170826466358486e-07,3.973157077844469e-06,6.427678815536480e-07,-2.208066158059062e-06,6.831356683064885e-06,1.609467183004853e-08,5.549995635578047e-08,4.573278485784360e-08,-1.121608814648889e+00,6.932144684657588e+00,4.411432921712194e-07,3.395402168231302e-05,4.098406534304313e-07,1.578201063051535e-05,-4.773531969649784e-10,-8.454599498537000e-12,1.180512780597016e-05,4.415281510194089e-06,-6.194895490396975e-11,6.793655261206247e-11,-7.315415137641776e-10,3.477944025359095e-10,6.454270962033337e-11,2.237784681268398e-10,5.686858907143363e-10,9.286949317814870e-12,4.443059033935090e-10,6.121715765917526e-10,5.590080527595815e-14,3.450820466672986e-11,3.465723668087949e-10,1.895982163856900e-13,1.023937996257209e-14,8.171036028573214e-04,5.536758247442628e-03,6.215569280908784e-05,-2.447770623279067e-04,-1.582619879965360e-04,-1.691818627831054e-09,7.458437891972519e-10,2.298058438558816e-10,2.336852981950138e-08,1.873771209413421e-10,4.104466681556399e-10,5.167183285942166e-11,8.560974151805567e-11,

