INITIAL GRIDS 
  Level 0   2 grids  65536 cells  100 % of domain
 0: ((0,0,0) (31,31,31) (0,0,0))   32 32 32 :: 0
 0: ((0,0,32) (31,31,63) (0,0,0))   32 32 32 :: 0

INITIAL GRIDS 
  Level 0   2 grids  65536 cells  100 % of domain
 0: ((0,0,0) (31,31,31) (0,0,0))   32 32 32 :: 0
 0: ((0,0,32) (31,31,63) (0,0,0))   32 32 32 :: 0

INITIAL GRIDS 
  Level 0   2 grids  65536 cells  100 % of domain
 0: ((0,0,0) (31,31,31) (0,0,0))   32 32 32 :: 0
 0: ((0,0,32) (31,31,63) (0,0,0))   32 32 32 :: 0

INITIAL GRIDS 
  Level 0   2 grids  65536 cells  100 % of domain
 0: ((0,0,0) (31,31,31) (0,0,0))   32 32 32 :: 0
 0: ((0,0,32) (31,31,63) (0,0,0))   32 32 32 :: 0

