1
0
63
1
(4 0
((0,0) (15,255) (0,0))
((0,768) (15,1023) (0,0))
((0,512) (15,767) (0,0))
((0,256) (15,511) (0,0))
)
4
FabOnDisk: SD_0_New_MF_D_0003 0
FabOnDisk: SD_0_New_MF_D_0000 0
FabOnDisk: SD_0_New_MF_D_0001 0
FabOnDisk: SD_0_New_MF_D_0002 0

4,63
-1.992083712911624e-06,6.886217020827883e-01,1.576020123385895e-01,1.572453510799752e-20,6.631927140783588e-19,3.879152517808852e-15,1.425474207506318e-09,5.459822642833416e-07,2.500490580784827e-07,5.842845113180420e-10,2.846716978665707e-03,0.000000000000000e+00,3.252887586704170e-24,2.239183473471054e-25,1.623432148187291e-11,1.129919280680552e-10,2.972875416379147e-20,1.696647415145054e-09,1.646688211154541e-14,9.147158806540392e-25,1.195696880560364e-11,8.817468791390107e-08,9.069056960607743e-09,3.538705017310111e-30,9.698798807520646e-10,2.192573725670613e-21,3.260823429414711e-09,0.000000000000000e+00,0.000000000000000e+00,1.100622720867368e-23,1.174904277647749e-10,7.050750904384250e-18,8.856637613861483e-20,1.063741097448138e-12,0.000000000000000e+00,0.000000000000000e+00,0.000000000000000e+00,0.000000000000000e+00,0.000000000000000e+00,0.000000000000000e+00,0.000000000000000e+00,0.000000000000000e+00,0.000000000000000e+00,5.906324232604432e-14,1.331475496521694e-16,3.722139279443985e-18,1.094002436025004e-13,3.549711850295074e-14,1.474146575690941e-12,3.429273250716038e-13,6.179027100962562e-13,2.667530550583190e-28,0.000000000000000e+00,0.000000000000000e+00,0.000000000000000e+00,0.000000000000000e+00,0.000000000000000e+00,0.000000000000000e+00,1.130623744884144e-01,3.864700973578480e+03,0.000000000000000e+00,4.430020050535853e+02,1.013242339614112e+05,
-1.232931846376798e-07,4.233530376131887e+00,1.460862163685489e-01,6.099972728284807e-06,5.824774646214534e-05,4.690183813195143e-04,1.349701724923625e-07,5.700880901302233e-05,1.235207238182921e-02,1.208521833496726e-08,1.183635546509561e-03,5.119782819370135e-11,2.717310052749795e-10,2.295049111544356e-11,1.087661977406681e-09,2.982975329753112e-10,8.705579249605786e-10,1.628140142017729e-09,3.546900763669208e-12,1.172442640726314e-11,1.250758902648612e-11,3.568189089573358e-03,2.344036669566596e-02,8.750746264674999e-11,9.038328306221029e-09,1.001448918304911e-10,3.367424500501061e-09,6.917560221079757e-14,1.250997850899917e-15,2.997703216274488e-09,1.624685428372938e-09,4.100155885923533e-15,2.177518756738060e-12,4.880557045380339e-14,8.167865094471787e-14,1.574395815103308e-15,3.172529400684191e-15,2.784625699966759e-15,9.616073949773666e-19,4.462955822544171e-17,0.000000000000000e+00,7.852759379001291e-22,2.128455048127748e-17,7.838078343446154e-14,1.739383146530937e-17,1.196789747407488e-18,5.876120018760750e-07,3.996354940583788e-06,1.799156470947127e-08,1.329292727068082e-08,8.127752516426517e-09,4.246342879748823e-13,6.985372122201309e-16,0.000000000000000e+00,0.000000000000000e+00,0.000000000000000e+00,0.000000000000000e+00,0.000000000000000e+00,1.047752943517431e-01,7.926529856587940e+03,0.000000000000000e+00,2.331021122535067e+03,1.013249907063919e+05,
-1.911635488092990e-07,4.164669759493063e+00,1.469295813830427e-01,7.197560365040412e-06,6.938728209122877e-05,5.059323331680866e-04,1.327059818200686e-07,6.110432400230428e-05,1.235464222213385e-02,1.457456391230105e-08,1.323298590283808e-03,8.145681711650367e-11,3.925120371890544e-10,3.424637876475174e-11,1.509119017427288e-09,3.791039191833156e-10,1.127955327184658e-09,2.349401476195633e-09,5.140708364636088e-12,1.759012405364036e-11,1.780030311717961e-11,3.778832382139133e-03,2.305544377859883e-02,1.279324627938608e-10,1.258703807547804e-08,1.652599610417043e-10,5.010800190841110e-09,0.000000000000000e+00,4.327346167983334e-16,4.182137083567639e-09,2.191523077770515e-09,8.683133792807232e-15,3.973493011195934e-12,7.075730698093353e-14,1.064901570894550e-14,0.000000000000000e+00,0.000000000000000e+00,0.000000000000000e+00,0.000000000000000e+00,0.000000000000000e+00,0.000000000000000e+00,0.000000000000000e+00,0.000000000000000e+00,1.386867763668920e-13,3.849912838671180e-17,2.397909984530805e-18,9.292907443169705e-07,6.345421183338569e-06,2.481069894750176e-08,2.825855572138720e-08,1.744145430114400e-08,7.235705792415623e-13,0.000000000000000e+00,0.000000000000000e+00,0.000000000000000e+00,0.000000000000000e+00,0.000000000000000e+00,0.000000000000000e+00,1.053822045452317e-01,7.835452771732733e+03,0.000000000000000e+00,2.291960583761166e+03,1.013249846376830e+05,
-8.677745177370749e-07,3.914132536682751e+00,1.490376439562272e-01,1.039636977077209e-05,1.010158317114966e-04,5.928378515890786e-04,1.327130560224574e-07,7.156292383444895e-05,1.234016985026870e-02,2.214816682332762e-08,1.659152434200343e-03,1.367400241419058e-10,4.175514314285968e-10,5.025884106345384e-11,1.395389210822607e-09,1.993316248564368e-10,1.884950973053106e-09,2.866013398908944e-09,5.489343510723207e-12,2.609203535739860e-11,1.939974711821439e-11,4.281275747354260e-03,2.216023661122801e-02,1.324757041258409e-10,1.076290565381999e-08,2.987356552152282e-10,6.875751736660243e-09,0.000000000000000e+00,0.000000000000000e+00,3.005900226939209e-09,1.196906422467462e-09,1.878449270817201e-14,8.730017309013495e-12,0.000000000000000e+00,0.000000000000000e+00,0.000000000000000e+00,0.000000000000000e+00,0.000000000000000e+00,0.000000000000000e+00,0.000000000000000e+00,0.000000000000000e+00,0.000000000000000e+00,0.000000000000000e+00,5.515331824646100e-14,8.276258845167096e-17,3.213889379251827e-18,1.546088011930592e-06,1.065563345852245e-05,1.797162867283510e-08,9.406461345049340e-08,5.938776015319794e-08,1.414955206464029e-12,0.000000000000000e+00,0.000000000000000e+00,0.000000000000000e+00,0.000000000000000e+00,0.000000000000000e+00,0.000000000000000e+00,1.068985411124602e-01,5.962346836516531e+03,0.000000000000000e+00,2.148737111514733e+03,1.013249644205305e+05,

4,63
9.105494468055489e-07,3.911816416658380e+00,8.373216707661820e-01,5.025548098542240e-05,4.605277288730882e-04,9.676847517231491e-04,1.194695406085469e-04,3.426167022364471e-04,1.302368224747293e-02,2.145164216417908e-05,1.827765154946787e-01,1.362336888574419e-06,6.358009132648900e-06,7.182863448708552e-07,2.331510885130357e-04,2.564851220065419e-04,2.043140724740909e-05,5.143638441452553e-04,1.490549953749265e-05,9.629064356405677e-07,6.760012822191981e-05,1.408012236569039e-02,2.215569124222891e-02,7.765147380904846e-07,6.041542063860481e-04,2.218841147271266e-05,4.540771300032580e-03,1.011582578067520e-04,4.524143984247376e-04,3.204339271853595e-05,1.160126456350082e-04,1.344135494065780e-07,3.247173876936873e-05,3.855974843761824e-05,1.214233749510758e-05,5.790480120810882e-05,3.134375107415399e-05,4.135391866151828e-05,3.139109259741375e-06,6.559073857936525e-04,1.105157329750530e-05,4.159372233779479e-06,1.179266567148624e-04,1.637492951495866e-05,6.416439532542480e-07,1.478078149760428e-08,2.489776460104174e-06,1.757853188002410e-05,3.020657319623856e-05,1.280795363275109e-05,1.659652506155883e-05,1.709892510524969e-06,4.604117501811495e-04,9.726733472914583e-06,5.259405365580355e-02,1.684785507051127e-03,1.439469307613025e-04,4.592487917082055e-04,6.019501886213199e-01,7.573657795344517e+04,0.000000000000000e+00,2.147414285114904e+03,1.013266438161777e+05,
1.305760995714760e-07,4.263412309459337e+00,1.469250603093155e-01,7.191169245406022e-06,6.932330359803194e-05,5.057309115580210e-04,1.366815281268407e-07,6.108111578934200e-05,1.235463683656781e-02,1.456005460835159e-08,1.322553910356570e-03,8.130777712124285e-11,3.919974645776377e-10,3.419533966206955e-11,1.507446177585837e-09,3.788548047606548e-10,1.126478271082932e-09,2.346306020284868e-09,5.133884545739819e-12,1.756340893237158e-11,1.777842003111816e-11,3.777702120913416e-03,2.361185658355544e-02,1.277584236001071e-10,1.257308635688703e-08,1.649309228181018e-10,5.003567489391300e-09,1.267321795404736e-13,2.300236019676332e-15,4.177511883035287e-09,2.189518025194562e-09,8.654460219660223e-15,3.963603457265565e-12,1.027471893045504e-13,1.252451614983346e-13,3.205233742620257e-15,5.375896388013872e-15,4.818362529407050e-15,2.335105242501479e-18,9.942439187685281e-17,4.434630693533757e-20,2.153207063972294e-21,4.885043796895154e-17,1.384389605482107e-13,3.838410691496427e-17,2.392002020224206e-18,9.276512819946263e-07,6.334091789082806e-06,2.478513496116354e-08,2.816383781258974e-08,1.738211407905792e-08,7.220034462675628e-13,1.257992135378044e-15,4.938171894669029e-21,2.293037242253198e-16,3.783845118379824e-16,7.830771262650354e-17,1.028141672410731e-16,1.053789614135444e-01,7.946487417653672e+03,0.000000000000000e+00,2.347012419444497e+03,1.013250090222559e+05,
1.771390854848508e-07,4.233374764376146e+00,1.490244191038226e-01,1.037455861166917e-05,1.008036441157642e-04,5.923235722887597e-04,1.349606278281782e-07,7.149779386353747e-05,1.235707045804506e-02,2.209490983139348e-08,1.657103757784489e-03,1.364738660855753e-10,5.321544359867070e-10,5.019624225247608e-11,1.899067662935196e-09,4.054427939094574e-10,1.879693487707396e-09,3.217823163332223e-09,6.986422245362409e-12,2.606109360371010e-11,2.347137516452992e-11,4.278251931877688e-03,2.343945873261332e-02,1.758340274136277e-10,1.579786769812929e-08,2.980037690544653e-10,7.202344162188157e-09,3.269305093313034e-13,5.653103679014962e-15,5.169600656624712e-09,2.495841313799188e-09,2.740646817394312e-14,8.700397075632989e-12,3.468685046767876e-13,4.724785660789268e-13,6.567559061509961e-14,2.407874996227596e-13,4.782957088410554e-13,7.209475693961295e-15,1.765935563322710e-13,1.137664883455008e-12,8.379360997682586e-18,7.985216331861889e-15,1.789993733970600e-13,8.254202265828843e-17,4.138588235067724e-18,1.542894641160340e-06,1.063304058505843e-05,3.012195446505316e-08,9.348238481571417e-08,5.901205039398259e-08,1.419813418479945e-12,2.328302270758316e-13,3.496941253309372e-13,7.770274420975817e-12,4.673995550694061e-12,1.159037180455783e-12,1.290368739801772e-12,1.068890200593336e-01,7.929813520689417e+03,0.000000000000000e+00,2.330934954913576e+03,1.013250131188676e+05,
9.180280178287596e-07,4.164259967588513e+00,1.575170998866748e-01,2.829151530335231e-05,2.622602418896916e-04,8.499174016352418e-04,1.886717038626796e-07,1.105084031458271e-04,1.235710932161391e-02,7.075930765825264e-08,2.836062645491851e-03,1.967011893103754e-10,5.605943405077378e-10,5.836243984772312e-11,1.936157981808404e-09,3.970541400677279e-10,6.775327760542048e-09,3.478624793230562e-09,7.354819517681917e-12,3.079699914642763e-11,2.448020241066334e-11,5.905501077661819e-03,2.305323476078805e-02,1.852656586198370e-10,1.600030738517044e-08,5.172314159373467e-10,8.113311962639001e-09,2.799916915407078e-12,2.479808630926992e-14,5.191643719912448e-09,2.485073119372636e-09,1.805039768260933e-13,2.205243878473940e-11,2.850646603887966e-12,4.551622185027482e-12,2.334418651753588e-12,3.582773696483403e-12,7.659839949337502e-12,5.251148248025667e-13,1.163963945961827e-11,1.516049706911300e-11,2.664014592015374e-15,1.210275472866617e-12,1.784144406997648e-13,1.284071096830833e-16,4.505453724573325e-18,2.488167523233996e-06,1.756184249432639e-05,3.020601951835563e-08,1.503849653384689e-06,1.020882227618016e-06,3.640818196254120e-12,5.768080534535883e-12,7.012264096411466e-12,1.016961028511789e-10,4.542777903628193e-11,2.977213293566942e-11,1.269231131226317e-11,1.130012590443126e-01,7.834451745994783e+03,0.000000000000000e+00,2.291719197635919e+03,1.013250374136468e+05,

