1
0
63
1
(4 0
((0,0) (15,255) (0,0))
((0,768) (15,1023) (0,0))
((0,512) (15,767) (0,0))
((0,256) (15,511) (0,0))
)
4
FabOnDisk: SD_0_Old_MF_D_0003 0
FabOnDisk: SD_0_Old_MF_D_0000 0
FabOnDisk: SD_0_Old_MF_D_0001 0
FabOnDisk: SD_0_Old_MF_D_0002 0

4,63
-7.071497973089897e-07,6.469798595196363e-01,1.576049989153486e-01,1.700133571053645e-20,7.102809739593111e-19,4.100290092518258e-15,1.505509485799910e-09,5.695736984847833e-07,2.636385051803634e-07,6.171403158432109e-10,2.847092644040368e-03,0.000000000000000e+00,3.625048296302419e-24,2.497903570721163e-25,1.712721759733944e-11,1.132426158111958e-10,3.190695253361682e-20,1.698346244294280e-09,1.760540908257999e-14,1.024168416938966e-24,1.196663277719939e-11,9.312687594977657e-08,9.607104546775848e-09,3.959929392690365e-30,1.026698595342843e-09,2.460394176155322e-21,3.269298187764754e-09,0.000000000000000e+00,6.026704660263004e-15,1.226054400585868e-23,1.246719974186225e-10,7.550904842420623e-18,9.869189127690929e-20,2.032027873590204e-12,0.000000000000000e+00,0.000000000000000e+00,0.000000000000000e+00,0.000000000000000e+00,0.000000000000000e+00,0.000000000000000e+00,0.000000000000000e+00,0.000000000000000e+00,0.000000000000000e+00,6.046212503671175e-14,1.363878636761087e-16,3.817580841927110e-18,1.165342718378800e-13,3.781233494730245e-14,1.570345137489931e-12,3.653099949325157e-13,6.582328654039318e-13,3.068316687480672e-28,0.000000000000000e+00,0.000000000000000e+00,0.000000000000000e+00,0.000000000000000e+00,0.000000000000000e+00,0.000000000000000e+00,1.130645492840257e-01,3.890062375720941e+03,0.000000000000000e+00,4.430021296154489e+02,1.013240465191883e+05,
-1.175864210329621e-07,4.192184960875223e+00,1.460861512405772e-01,6.099375581647230e-06,5.824228086954270e-05,4.689967639213078e-04,1.349694403811309e-07,5.700579389061160e-05,1.235207303311357e-02,1.208415642233642e-08,1.183609447225348e-03,5.119746827625416e-11,2.717459297021319e-10,2.295129025380254e-11,1.087746164706384e-09,2.983304291137081e-10,8.704677456762652e-10,1.628230633447848e-09,3.547072293779157e-12,1.172479595491167e-11,1.250858520309524e-11,3.568104195850931e-03,2.344031549936283e-02,8.751168028403431e-11,9.039128180864725e-09,1.001446453519188e-10,3.367619417662607e-09,6.917244387205971e-14,1.250945703339791e-15,2.997960506175113e-09,1.624856105286753e-09,4.099679865795733e-15,2.177483546800656e-12,4.879978941238711e-14,8.168206175686604e-14,1.574337392871936e-15,3.172673125448199e-15,2.784626254660382e-15,9.614502889386630e-19,4.462498563211305e-17,0.000000000000000e+00,7.851170702139101e-22,2.128230507006125e-17,7.838997870618770e-14,1.739400091131948e-17,1.196854952921595e-18,5.876224057737592e-07,3.996421594362094e-06,1.799321570113097e-08,1.329156114579256e-08,8.126904700754624e-09,4.246283567032419e-13,6.984944863007600e-16,0.000000000000000e+00,0.000000000000000e+00,2.035106318014963e-27,6.531946164082520e-27,4.006993337438801e-28,1.047752711591456e-01,7.926561270161191e+03,0.000000000000000e+00,2.331014921088472e+03,1.013249907922440e+05,
-1.887181644998894e-07,4.123316202502129e+00,1.469298970624096e-01,7.197961587452682e-06,6.939122621908105e-05,5.059445523392990e-04,1.327054258034211e-07,6.110578706383649e-05,1.235464256116212e-02,1.457547511768675e-08,1.323345995245432e-03,8.146593492204100e-11,3.925434629172140e-10,3.424949261294924e-11,1.509218800810421e-09,3.791155507119405e-10,1.128046059080654e-09,2.349585248639286e-09,5.141113353483396e-12,1.759173285520689e-11,1.780161811142127e-11,3.778896064885760e-03,2.305537256886440e-02,1.279434435762811e-10,1.258793673537934e-08,1.652810590574024e-10,5.011270961603909e-09,2.422798295249862e-14,9.752951485440327e-16,4.182424514057104e-09,2.191647153984527e-09,8.684952390962728e-15,3.974127331690124e-12,8.287895703148187e-14,1.254157008690347e-13,9.840992690717021e-16,0.000000000000000e+00,0.000000000000000e+00,0.000000000000000e+00,0.000000000000000e+00,0.000000000000000e+00,0.000000000000000e+00,0.000000000000000e+00,1.386938850324692e-13,3.850406624571338e-17,2.398132375243908e-18,9.293944425218140e-07,6.346138460086520e-06,2.481234925444413e-08,2.826462945213882e-08,1.744526472285844e-08,7.236712511437424e-13,0.000000000000000e+00,0.000000000000000e+00,0.000000000000000e+00,0.000000000000000e+00,0.000000000000000e+00,0.000000000000000e+00,1.053824375038499e-01,7.835365209365263e+03,0.000000000000000e+00,2.291950712532563e+03,1.013249807152352e+05,
-1.182259311635384e-06,3.872680472162747e+00,1.490381722309219e-01,1.039735189968439e-05,1.010250293029863e-04,5.928605754696848e-04,1.327126147720549e-07,7.156599803002264e-05,1.234022962158867e-02,2.215045137561746e-08,1.659229082322322e-03,1.367414074062550e-10,4.174253113256302e-10,5.026125903728732e-11,1.394862545332372e-09,1.993118517731836e-10,1.885138554413440e-09,2.865485838751115e-09,5.487397123564681e-12,2.609227609939246e-11,1.939424537418416e-11,4.281383684933440e-03,2.215993486184571e-02,1.324360512971438e-10,1.075978871680567e-08,2.987376587860258e-10,6.874086460067606e-09,0.000000000000000e+00,0.000000000000000e+00,3.004909733025533e-09,1.196478030320928e-09,0.000000000000000e+00,8.730791372113879e-12,0.000000000000000e+00,0.000000000000000e+00,0.000000000000000e+00,0.000000000000000e+00,0.000000000000000e+00,0.000000000000000e+00,0.000000000000000e+00,0.000000000000000e+00,0.000000000000000e+00,0.000000000000000e+00,5.566847457147316e-14,8.276734814858941e-17,3.230030403239566e-18,1.546171277509536e-06,1.065623278106278e-05,1.796516582799183e-08,9.408636764653725e-08,5.940184768165590e-08,1.417308317733412e-12,0.000000000000000e+00,0.000000000000000e+00,0.000000000000000e+00,0.000000000000000e+00,0.000000000000000e+00,0.000000000000000e+00,1.068989224300670e-01,5.961515699323638e+03,0.000000000000000e+00,2.148688278785412e+03,1.013249694883231e+05,

4,63
8.436326755106988e-07,3.870363622113699e+00,8.373210983887047e-01,5.030695815663580e-05,4.608542150135458e-04,9.680422362186295e-04,1.194735222725203e-04,3.415288990461079e-04,1.303061175501606e-02,2.144774570361025e-05,1.827763722367318e-01,1.359382228554037e-06,6.349170901609842e-06,7.173218254209020e-07,2.330451795085200e-04,2.562549798655649e-04,2.044378318250115e-05,5.140500759079631e-04,1.489634045431879e-05,9.629362046714366e-07,6.755410303826187e-05,1.407657544874130e-02,2.215538214329620e-02,7.736086867644223e-07,6.028967071178363e-04,2.216983272567740e-05,4.535776904418622e-03,1.012369692885821e-04,4.518811863386453e-04,3.198714398051651e-05,1.160073012555629e-04,1.346351124439079e-07,3.247145936685350e-05,3.857974050171819e-05,1.210498429634721e-05,5.780768842182388e-05,3.128552170790938e-05,4.128097159154072e-05,3.140773117527029e-06,6.555458237206609e-04,1.107564815390461e-05,4.166145888779686e-06,1.178846592372655e-04,1.631535628426595e-05,6.424288535538021e-07,1.476681231688490e-08,2.489651555880721e-06,1.757763075821944e-05,3.016623760410321e-05,1.279598455191056e-05,1.658717959939230e-05,1.709943844995063e-06,4.603695597533555e-04,9.743254920349733e-06,5.259403282934016e-02,1.684998659962327e-03,1.437413111171532e-04,4.590866269680632e-04,6.019497365109753e-01,7.574483975661581e+04,0.000000000000000e+00,2.147365491981714e+03,1.013271018730024e+05,
1.058379329669058e-07,4.222081962309131e+00,1.469253942396860e-01,7.191585115863859e-06,6.932742121223510e-05,5.057436296515496e-04,1.366839365884752e-07,6.108261742338557e-05,1.235463744303835e-02,1.456100856877922e-08,1.322604432311479e-03,8.131723135618562e-11,3.920301124177248e-10,3.419857249945798e-11,1.507549500427597e-09,3.788664170160165e-10,1.126572971564340e-09,2.346496276243816e-09,5.134303892673703e-12,1.756507694781064e-11,1.777978685005361e-11,3.777770193838940e-03,2.361195589135217e-02,1.277698982230934e-10,1.257402923031052e-08,1.649531270319724e-10,5.004063685725859e-09,1.267542983456890e-13,2.300639347328681e-15,4.177812228513587e-09,2.189647617057245e-09,8.656366117490800e-15,3.964272664521625e-12,1.027696410593440e-13,1.252484327203599e-13,3.205722195188826e-15,5.376556998158402e-15,4.819052605206286e-15,2.335721327266136e-18,9.944868817503256e-17,3.644229125812019e-20,2.153902221235891e-21,4.886247775024305e-17,1.384459335507553e-13,3.838913034714971e-17,2.392225857875048e-18,9.277611763891479e-07,6.334851827622577e-06,2.478689952738007e-08,2.817022507153611e-08,1.738612113212524e-08,7.221095320277900e-13,1.258202868336967e-15,1.517983778448244e-21,8.531726431626248e-17,1.180527267152508e-16,2.362617430696704e-17,3.221033929656467e-17,1.053792080398047e-01,7.945963358319994e+03,0.000000000000000e+00,2.347015154227290e+03,1.013250085328551e+05,
2.001619032992008e-07,4.192029322097222e+00,1.490249574037726e-01,1.037555064695005e-05,1.008129334567420e-04,5.923466133395872e-04,1.349598832713599e-07,7.150090543494244e-05,1.235707350613908e-02,2.209721311550976e-08,1.657180718032850e-03,1.364822161669749e-10,5.321565758180077e-10,5.019765720053556e-11,1.899079515381821e-09,4.054215007067956e-10,1.879910426117663e-09,3.217815462981528e-09,6.986392777405360e-12,2.606183378776860e-11,2.347091730004920e-11,4.278360638504874e-03,2.343941101607400e-02,1.758351168430910e-10,1.579762012864399e-08,2.980283657190054e-10,7.202677895803000e-09,3.225377158653343e-13,5.339457594478641e-15,5.169485420158597e-09,2.495646245181679e-09,2.726605357417817e-14,8.701394996625490e-12,3.404164827887923e-13,4.343873598219536e-13,3.057199078878604e-14,1.010955051965585e-13,2.731746293473243e-13,1.817782022622273e-15,4.913673335394082e-14,1.822894147675441e-13,1.873301928176890e-18,4.350721651283449e-15,1.789666391941060e-13,8.254676751488093e-17,4.138602607964921e-18,1.542978309449727e-06,1.063364280948283e-05,3.012116134388132e-08,9.350416758540181e-08,5.902615653549988e-08,1.419964922362952e-12,1.405384790935701e-13,7.221120252770670e-14,5.364677133731097e-12,4.451012457965472e-12,1.105484855346269e-12,1.226654092810544e-12,1.068894082811765e-01,7.929747008436768e+03,0.000000000000000e+00,2.330929109191637e+03,1.013250154376344e+05,
9.176130878258746e-07,4.122907290122535e+00,1.575200974255366e-01,2.829983626050025e-05,2.623276554962111e-04,8.499927031795483e-04,1.887132136547971e-07,1.105233480789905e-04,1.235711169586397e-02,7.078295300092495e-08,2.836438277425207e-03,1.961706199241568e-10,5.605713717296388e-10,5.836650359114962e-11,1.935149901017101e-09,3.970548239508232e-10,6.777832035026600e-09,3.479490971659373e-09,7.348413815825054e-12,3.076118092953000e-11,2.446691481941416e-11,5.906015434211358e-03,2.305316399124261e-02,1.852577795310424e-10,1.599798451411729e-08,5.172066336016337e-10,8.116533441112811e-09,3.749461260608154e-12,4.146449144362524e-14,5.191462870715589e-09,2.484981029389147e-09,1.834045254336391e-13,2.205382303712612e-11,3.602100446183366e-12,4.202062004075484e-12,1.593673374474445e-12,2.583038255673752e-12,6.910246586187891e-12,4.047387795741498e-13,8.655662515028367e-12,1.357131304624660e-11,2.222463142694903e-15,7.926153498170441e-13,1.784012106400302e-13,1.310654875630344e-16,4.505076526158289e-18,2.488065232918746e-06,1.756113551062549e-05,3.020503870846289e-08,1.504943734657651e-06,1.021641855976444e-06,3.642509531766905e-12,8.073123990648863e-12,4.337697335561550e-12,1.039618760064051e-10,5.053497910630305e-11,1.590351569294396e-11,1.399716176725968e-11,1.130034409658846e-01,7.834360557326680e+03,0.000000000000000e+00,2.291709364943706e+03,1.013250331746290e+05,

