1
0
56
1
(4 0
((0,0) (15,255) (0,0))
((0,768) (15,1023) (0,0))
((0,512) (15,767) (0,0))
((0,256) (15,511) (0,0))
)
4
FabOnDisk: SD_5_New_MF_D_0003 0
FabOnDisk: SD_5_New_MF_D_0000 0
FabOnDisk: SD_5_New_MF_D_0001 0
FabOnDisk: SD_5_New_MF_D_0002 0

4,56
-7.651010482852702e+00,-1.836021687840760e+01,-2.725702785620122e+01,-6.097349188469162e+00,-8.102467137152651e+00,-8.894409738279325e+00,-1.157056124130968e+00,-6.262834771692180e+02,-2.470877084163311e-01,-7.500440149473115e-01,-8.793275497815485e-02,-1.371239716466996e+01,-1.203252267725631e+01,-1.448624004686762e+00,-9.886176835731378e+00,-4.639709748527533e-01,-7.145868065687548e-02,-2.779400840654452e+00,-1.354811304867949e+02,2.889615630108366e-15,-8.827747045129250e-02,-4.633923969182293e+01,-1.848974736307011e+00,-1.996836872316490e+02,-7.696566983377593e+00,-2.371623496840348e+01,-4.490328380639140e+00,-2.940944062319552e+00,-9.339125073727979e-03,-2.022252779792896e+00,-1.620228175700464e+00,-8.964372771885818e-01,-3.695680450110276e+00,-2.162069553283489e+00,-3.159713943637983e+00,-2.192900792027640e-01,-3.249626185407917e+01,-4.709869309299386e-01,-3.192027809949011e-01,-8.527012748630694e+00,-7.996827869283705e-01,-1.450312979046071e-02,-5.680263638940477e-04,-8.103082926380406e-02,-1.403887619780340e-01,-2.094460605644033e+00,-7.146291616631610e-02,-3.696091332039850e-01,-1.349245299769134e-01,-2.492103126658787e+01,-4.663119196574594e-01,-6.001214106025302e+02,-8.965067714158356e+01,-9.419906437720316e+00,-2.485819142069410e+01,-3.242064394726185e-10,
-4.372747349178426e-03,-2.967126157461451e-02,-8.696730833223446e-02,-2.208510315496897e-06,-1.108385608686339e-02,9.950461529196296e-02,-6.514963186904743e-06,-3.311750935243394e-01,-8.390329991741620e-08,-3.022332041447593e-07,-2.558773047962433e-08,-1.134731463141823e-06,-2.693898214973262e-07,-6.569205840315496e-07,-1.398491120731292e-06,-2.981362282597113e-09,-1.164319837674334e-08,-1.091059283018560e-08,-4.625546714468098e-01,2.545780924318585e-01,-8.184634458470750e-08,-8.494798848888573e-06,-1.479693667844979e-07,-3.452214088855815e-06,-1.477472517549084e-10,-2.760918897214193e-12,-3.707898570018903e-06,-1.320316383356724e-06,-1.301993702366614e-11,-4.464783270700811e-09,-1.537694275669065e-10,-7.698127168333988e-11,-3.936970515499486e-12,-4.626192674034296e-12,-4.587183985094251e-12,-8.976171237837211e-13,-3.852665873287098e-11,-8.122344725034353e-11,-7.443156406536936e-16,-8.054132692927005e-14,-9.798499938102426e-11,-4.755696913039287e-14,-2.382731869073827e-15,-7.163456677940299e-04,-4.953243161558133e-03,-1.356102573429807e-05,-4.234032855329516e-05,-2.654809387744425e-05,-6.901860988441256e-10,-3.803400782163154e-12,-3.113936247575733e-11,-6.246075964444769e-11,-5.555656054210706e-11,-1.314949207365163e-14,-1.552260670021990e-11,-3.347083027405162e-11,
-1.252963117501068e-02,-9.070986860003293e-02,-1.996201681436211e-01,3.652838429736081e-06,-2.871891365983425e-02,1.859034083613312e-01,-2.213305515767006e-05,-8.008795968745416e-01,-1.242776760030192e-07,-2.805272557683290e-07,-3.843754353347689e-08,-1.418640511883965e-06,-1.003492132943994e-07,-2.198440129592184e-06,-1.854715627999731e-06,-4.504372240096730e-09,-2.264037442223143e-08,-1.345013770709925e-08,-1.096578736135169e+00,7.470161976767127e-01,-9.317598818903732e-08,-7.570670254122798e-06,-5.065980766233221e-07,-1.610944996157227e-05,-5.579854406065551e-07,-4.199034003354845e-09,-2.124915875160835e-06,-8.595368466295276e-07,-2.926297967956135e-09,-1.650685937818242e-08,-1.433635982695680e-07,-7.297482481760037e-08,-1.915343465109633e-08,-8.866783347853236e-08,-2.412700189787494e-07,-1.261912947527735e-08,-6.359706717896930e-07,-2.607988072295549e-06,-2.250295637833173e-11,-5.868572911067384e-09,-9.755636372647434e-11,-8.089785445122451e-14,-2.567727224809676e-15,-1.189073631298654e-03,-8.440563620304535e-03,-1.099213486846459e-05,-2.389921219934913e-04,-1.544673852869397e-04,-3.528009680004801e-09,-6.798703137348477e-08,-1.027830373894356e-06,-3.442987938340737e-06,-1.391685664793643e-06,-3.832626664148467e-07,-3.831427227479235e-07,-3.469510789777530e-11,
-1.430455807291336e-01,-7.351218856848523e-01,-5.518224600425436e-01,-4.615694790985447e-04,-1.415370944112896e-01,4.850868214987845e-01,-2.526975725309854e-04,-3.727564541437508e+00,-5.119816321202884e-07,-1.075153739170981e-06,-6.642438043288517e-07,-5.795128043849270e-05,-1.591802834742788e-07,-2.587689688301932e-05,-1.183567356977859e-05,-3.051844560520150e-08,-1.914280008251353e-07,-1.222137052575701e-07,-4.221604939511836e+00,1.762850794522187e+00,-9.369618834687795e-08,-5.646375919466471e-06,-1.038889567619523e-05,-2.910842815703499e-04,-1.233858396380751e-05,-5.860232398521700e-08,-7.602175139773115e-07,2.029650662516977e-07,-1.166708941175196e-07,-1.846202836523853e-07,-4.924038752111330e-06,-3.322158077690533e-06,-3.081828083696622e-06,-5.062157099627711e-06,-1.840214278589910e-05,-3.374730609121782e-07,-1.367377662283571e-05,-1.513122629511665e-05,-3.356696729561221e-09,-2.412796130966892e-06,-2.512729172199027e-09,-6.537087989438034e-12,-1.847029727244789e-13,-1.402841313765053e-03,-1.033408598750587e-02,1.722914146054003e-08,-1.290079097320729e-02,-8.989055390931495e-03,-5.443190214874400e-07,-1.384748939667529e-05,-5.786812956026646e-06,-2.665575493648935e-04,-1.058562835435823e-04,-3.781148360630232e-05,-2.934829638169578e-05,-1.008071404129396e-10,

4,56
5.430856636408889e+00,3.100696944789737e+01,4.397278541974242e+01,7.640379029828320e+00,1.346163116921987e+01,3.123340879567432e+02,6.434775968584461e-01,-1.284569228765520e-09,6.049018610012343e-01,1.379149146285155e+00,1.558441638998736e-01,2.632148931911938e+01,1.560008943838323e+01,1.942266616156326e+00,1.578903260561015e+01,4.275417362133434e-01,1.354420037467492e-01,2.792252388249936e+00,4.590623012702338e+02,2.813900635834930e+02,1.924388249531664e-01,5.924839401093541e+01,3.911002582163507e+00,3.013211561515152e+02,1.271071667273499e+01,2.553767931786668e+01,8.533305973224913e+00,3.583063095089710e+00,1.580240991954914e-02,3.828159474047494e+00,2.368182222570479e+00,1.108484199958902e+00,4.015017134502201e+00,2.380094167165443e+00,3.897198331886816e+00,2.000001538057851e-01,3.515877749027193e+01,1.034987188467109e+00,5.560576477172369e-01,7.979967026306959e+00,1.343144805294579e+00,3.536888896769547e-02,9.193024825140396e-04,8.003695407361204e-02,3.548889183226177e-01,2.471617815362494e+00,4.751000999518124e-01,6.779440665173473e-01,1.839276782544463e-01,1.668428584006759e+01,7.579055158161232e-01,2.772707276621150e-04,9.070895046875967e+01,1.475765402470086e+01,2.542555188306091e+01,2.033573309745407e-10,
-1.725238468606424e-03,-9.522850812459124e-03,-2.336457938343232e-02,6.663265098208371e-06,-5.571380482877503e-03,1.852853287416124e-01,-1.220087538216501e-06,-1.579409378878238e-01,-4.133657059903060e-08,-1.740542061530088e-07,-1.591699151297801e-08,-6.112661077847844e-07,-7.182650795365386e-08,-1.494884534987587e-07,-1.023395503960465e-06,-2.274048044385953e-09,-8.176193007275034e-09,-7.577410627014861e-09,-1.545055507053255e-01,7.458670276524718e-01,-5.889708692627927e-08,-5.328578495083795e-06,-8.513078101399935e-08,-2.403285944540920e-06,-6.440136317041111e-11,-1.178642999066296e-12,-1.763585820357495e-06,-7.510606981977422e-07,-4.195664858651592e-12,-2.118424016548023e-09,-4.901796628101793e-11,-4.753584401908214e-11,-1.701752083657315e-12,2.976146318281607e-12,1.423672604763209e-11,1.044596868017525e-13,4.944898452997060e-12,9.138889992552220e-12,9.093846184975991e-17,3.896302757537204e-14,-7.429146609892128e-11,-2.138637570513930e-14,-1.463840125747530e-15,-4.500853128815645e-04,-3.066134487204209e-03,-1.039293479242460e-05,-1.080724850801008e-05,-6.626410645796444e-06,-3.198776202386884e-10,1.961719512360235e-11,3.508389741452065e-12,4.074222530605676e-10,1.083126026161716e-09,1.813091417007274e-10,3.014509717001001e-10,3.500388867649917e-11,
-3.976870961324300e-03,-2.976086957098636e-02,-8.710846279208181e-02,7.900289311853190e-06,-1.111317761478186e-02,4.829109096471307e-01,-6.530902350982957e-06,-3.319213736862142e-01,-6.579485413518099e-08,-1.140160342446808e-07,-1.840581540436921e-08,1.608714405696472e-07,1.305605426635660e-07,-6.587790395526376e-07,-7.492770326645910e-07,-1.283477723898910e-09,-8.863029369370892e-09,-2.618461708220869e-09,-4.632627191628390e-01,1.756170797575799e+00,-4.146129044228876e-08,-1.114338791803108e-06,-1.326194177253644e-07,-4.756105200248852e-08,1.805289749216842e-07,8.337977111485850e-10,2.939188522691476e-08,5.007011849830631e-07,9.355073758362982e-10,-4.349859067045988e-09,4.066326871137778e-08,2.900895325846634e-07,1.115596241241710e-07,4.296086205072026e-07,8.012648578673877e-07,1.392850678230016e-08,3.958415379234688e-07,2.417992604993989e-06,1.787717776010700e-11,1.386862051956389e-08,4.952485445280119e-11,-4.782712363942325e-14,-1.640594261370502e-15,-7.176677508825051e-04,-4.962475887365769e-03,3.557898601406957e-09,-4.249454768133635e-05,-2.664395910683425e-05,8.426147188262035e-09,3.307665313988492e-07,1.028008423163647e-06,1.178922080615208e-05,7.193269508819582e-06,1.567053505212827e-06,1.996570894586893e-06,3.297287443082553e-11,
-1.260064729150324e-02,-9.115839460436331e-02,-2.002343513928682e-01,3.563421229816581e-06,-2.884932212169185e-02,2.852592296109329e+00,-2.225876859224858e-05,-8.042705122800790e-01,1.259960244787420e-06,3.712268323480698e-06,8.970432250713215e-07,6.686608239743457e-05,2.232885902309708e-06,-2.004954295100117e-06,3.440179760442215e-05,9.248499777678357e-08,4.288665596329722e-07,3.403160404585157e-07,-1.100779713536531e+00,6.684882614603507e+00,6.141013333803254e-07,5.033015517128500e-05,7.902182558857286e-06,3.184149818014236e-04,8.414006757882664e-06,2.690315531425593e-08,1.386701750080537e-05,5.602929470959323e-06,5.086328416389584e-08,1.220338621323363e-07,1.851982719860010e-06,3.454800653857521e-06,2.730586056532862e-06,3.881134956673252e-06,8.807493692078323e-06,7.108913505201608e-07,1.449218903131168e-05,1.963173923320189e-05,3.220587749610315e-09,1.829185195245230e-06,3.537788616931285e-10,1.110779981796331e-13,7.780905058391624e-15,7.419035480539639e-04,4.963890705428308e-03,6.120625367851500e-05,-2.411683682954971e-04,-1.559005037159271e-04,7.255668867871418e-07,1.701288510671733e-05,1.372634171179851e-05,2.960300801170716e-04,4.153472127148431e-05,1.571225914848208e-05,1.154369822025513e-05,8.935541195853602e-11,

