1
0
56
1
(4 0
((0,0) (15,255) (0,0))
((0,768) (15,1023) (0,0))
((0,512) (15,767) (0,0))
((0,256) (15,511) (0,0))
)
4
FabOnDisk: SD_5_Old_MF_D_0003 0
FabOnDisk: SD_5_Old_MF_D_0000 0
FabOnDisk: SD_5_Old_MF_D_0001 0
FabOnDisk: SD_5_Old_MF_D_0002 0

4,56
-7.659020318757328e+00,-1.837477372748517e+01,-2.727061509708040e+01,-6.104679709929223e+00,-8.112804689878782e+00,-8.925449281661702e+00,-1.156941197904926e+00,-6.263597319417312e+02,-2.468481213320435e-01,-7.495366141798456e-01,-8.788317950063029e-02,-1.371196700729613e+01,-1.203458165730505e+01,-1.450652828067007e+00,-9.900632887163072e+00,-4.647036928967977e-01,-7.151666179655859e-02,-2.780705896348413e+00,-1.356746317888265e+02,3.206636345343128e-15,-8.805053689519879e-02,-4.627242757830980e+01,-1.848938143988181e+00,-1.995265245791669e+02,-7.711914829286815e+00,-2.369378326654329e+01,-4.486779438392668e+00,-2.942889909336647e+00,-9.359487427112095e-03,-2.022402438345708e+00,-1.621823112107850e+00,-8.935073798125938e-01,-3.689613782494053e+00,-2.158068727115957e+00,-3.154080856914674e+00,-2.193671176676302e-01,-3.247256575839103e+01,-4.713736441760268e-01,-3.198858829001391e-01,-8.516512543282568e+00,-7.972189059452243e-01,-1.453145682404975e-02,-5.683540070238851e-04,-8.092657550932417e-02,-1.389196553127348e-01,-2.091218507863047e+00,-7.140641882216750e-02,-3.683373591059749e-01,-1.351253816015327e-01,-2.492009318233545e+01,-4.677011672099522e-01,-5.996859449113571e+02,-8.966882740350263e+01,-9.393996476383048e+00,-2.486039671423557e+01,-2.528395270928741e-10,
-4.391175062199337e-03,-2.964019647237760e-02,-8.683590455575446e-02,-2.442688696991868e-06,-1.108157506733606e-02,9.926314999311503e-02,-6.506368818856459e-06,-3.313102892461736e-01,-8.374712533978575e-08,-3.015835099672449e-07,-2.551085180376099e-08,-1.131510304220784e-06,-2.673581526750877e-07,-6.556107225705769e-07,-1.389451136484336e-06,-2.962079628988050e-09,-1.159141027360328e-08,-1.085668261472318e-08,-4.625099081121274e-01,2.564185631482974e-01,-8.179494541021190e-08,-8.508182134719145e-06,-1.478736267353625e-07,-3.464332884800969e-06,-1.475728038693619e-10,-2.685594764148944e-12,-3.711393324010984e-06,-1.318920376641855e-06,-1.300733591001679e-11,-4.463913362779308e-09,-1.535745016333321e-10,-7.621530635705130e-11,-3.919003108146950e-12,-4.612629397290507e-12,-4.565202291208474e-12,-2.587050360655140e-13,-1.134006303489829e-11,-2.573031095544351e-11,-2.185860258445830e-16,-8.025744618791309e-14,-9.769061322503008e-11,-4.728990614343077e-14,-2.366745689754869e-15,-7.164500366233332e-04,-4.953911298047666e-03,-1.363511816738878e-05,-4.231665070365859e-05,-2.653333468932097e-05,-6.901283120211992e-10,-1.781442547601497e-12,-9.857858581418916e-12,-1.903969661352221e-11,-1.545112925787903e-11,-6.881702343155413e-15,-4.321826453624801e-12,-3.387773395147065e-11,
-1.256005242128534e-02,-9.070179415069303e-02,-1.995126255814373e-01,3.647067470282636e-06,-2.872292409592384e-02,1.859149754695631e-01,-2.212310835647133e-05,-8.007904921609390e-01,-1.180264789798497e-07,-2.331597017462935e-07,-3.050200531179339e-08,-8.431022280672591e-07,-9.946977663070393e-08,-2.185618990607956e-06,-1.476498197921013e-06,-3.399680583535178e-09,-1.742821810735832e-08,-1.014075776803680e-08,-1.095851857679247e+00,7.468377396012867e-01,-8.736348244683646e-08,-7.003905454297418e-06,-4.371227526657588e-07,-1.340979845780500e-05,-3.199077668660825e-07,-4.572465190503568e-09,-2.102665516171091e-06,-8.587322113353229e-07,-2.144464422547340e-09,-1.491951112784678e-08,-1.000522551876265e-07,-7.175544104630460e-08,-1.855881171660267e-08,-5.905925542130897e-08,-1.801630228999464e-07,-1.903902901135403e-08,-9.157832788601388e-07,-2.421775284293103e-06,-2.028139953848408e-11,-5.043609139764163e-09,-9.717426542864069e-11,-8.088447868565485e-14,-2.557121567911933e-15,-1.189230377713719e-03,-8.441252407475454e-03,-1.102557872502481e-05,-2.388855241448187e-04,-1.543963824757352e-04,-3.591923843615224e-09,-9.095741186301668e-08,-9.857920214200751e-07,-3.539667042527303e-06,-1.837780713832190e-06,-3.682209645470294e-07,-5.105578698868344e-07,-3.245370638893519e-11,
-1.431530870357365e-01,-7.354742563635841e-01,-5.518194150843100e-01,-4.619242486417696e-04,-1.415834108736522e-01,4.853387063054207e-01,-2.528463436771956e-04,-3.729113653192655e+00,-9.100446098238227e-07,-1.966585415392795e-06,-6.517095387656504e-07,-5.006829752935449e-05,-2.295007863476629e-07,-2.604602796645106e-05,-1.673519935572087e-05,-6.027850616820452e-08,-4.284439097255850e-07,-2.218208055111432e-07,-4.222791998207400e+00,1.761713169358315e+00,-8.893911929475779e-08,-5.084169668482437e-06,-8.087881506568678e-06,-2.442451415844841e-04,-1.293283775391508e-05,-3.510660882485392e-08,-3.852979078062441e-07,3.985353438700807e-07,-7.632426092759880e-08,-2.160009781830285e-07,-2.833418628793085e-06,-1.219762333829914e-06,-7.887032777971902e-07,-1.974108759347853e-06,-1.178629895585024e-05,-3.144658226025128e-07,-6.930738456778015e-06,-1.604833901818180e-05,-2.376473478292891e-09,-1.180276403372340e-06,-2.798299176253104e-09,-7.216568141386756e-12,-2.045996748235703e-13,-1.403102616785883e-03,-1.033252233552066e-02,6.102171797687106e-09,-1.291487887802059e-02,-8.997316684255867e-03,-3.077250272520085e-07,-8.870050186197488e-06,-4.728576593914896e-06,-2.426048842718047e-04,-6.585757352600474e-05,-1.135025286093109e-05,-1.833163049328407e-05,-1.276472261224626e-10,

4,56
5.427251766823028e+00,3.105691161474137e+01,4.399187949434394e+01,7.652341324628324e+00,1.345088459100930e+01,3.123957539087880e+02,6.436723163366893e-01,-1.348225614483667e-09,6.033769521485077e-01,1.376394329240946e+00,1.555194808908011e-01,2.633594766917142e+01,1.560860645193144e+01,1.946875801702510e+00,1.578752424377157e+01,4.294494358520911e-01,1.356571431550012e-01,2.798424181167932e+00,4.589530717570094e+02,2.815992941068421e+02,1.916972808713983e-01,5.909689462442766e+01,3.912455806873079e+00,3.014943215228346e+02,1.270339764019667e+01,2.556676043375315e+01,8.517192647578119e+00,3.582014555763616e+00,1.581469056991899e-02,3.826377313052407e+00,2.370926152209704e+00,1.106036391113073e+00,4.013101527860190e+00,2.377157560661178e+00,3.898579813348162e+00,2.001166663679486e-01,3.513075818902337e+01,1.037642746945956e+00,5.566638013400453e-01,7.983540395031155e+00,1.335359355251475e+00,3.524140501706369e-02,9.147554841638164e-04,8.019353486381831e-02,3.533658109235832e-01,2.471531818561763e+00,4.744290386403548e-01,6.763282563708779e-01,1.845264402731953e-01,1.668603808616492e+01,7.608932917200684e-01,2.363036743450917e-04,9.060592129501462e+01,1.477192404222045e+01,2.539702819432923e+01,3.320792529848404e-10,
-1.723043810336577e-03,-9.352144630437809e-03,-2.260559593653053e-02,6.732448747055461e-06,-5.483941361021259e-03,1.852847004408002e-01,-1.178999933756723e-06,-1.585898514697293e-01,-4.103388375308428e-08,-1.720612407369603e-07,-1.576756673744462e-08,-5.986875835344332e-07,-6.574216120865461e-08,-1.456719577465576e-07,-1.007128109780942e-06,-2.242173966230726e-09,-8.093738122175818e-09,-7.414252570197087e-09,-1.556769664656107e-01,7.457996148141951e-01,-5.855420782206660e-08,-5.271478465335668e-06,-8.497439084314643e-08,-2.399330421433983e-06,-6.412073467022993e-11,-1.173639883413802e-12,-1.738021743159676e-06,-7.312790858152926e-07,-4.170108802034456e-12,-2.115429455648994e-09,-4.865871608660395e-11,-4.615877281485768e-11,-1.684767810882869e-12,-1.759074120418950e-12,1.719318068680465e-12,2.689625659166164e-14,1.316015563319757e-12,2.801538483340104e-12,2.540773310633571e-17,-1.839340648230575e-14,-7.292373565683467e-11,-2.113673137153633e-14,-1.449024469080771e-15,-4.501052088604830e-04,-3.066138189946795e-03,-1.036755071458761e-05,-1.072716764718833e-05,-6.577461792505096e-06,-3.193037626831685e-10,5.139014376670182e-12,1.051992001055608e-12,1.378141739715614e-10,3.174526775408243e-10,5.443401951463913e-11,8.832709255090302e-11,3.338715415246440e-11,
-3.988998081640454e-03,-2.972536270370263e-02,-8.695357608200048e-02,7.949895370989920e-06,-1.111100027429399e-02,4.831557338388184e-01,-6.519915335762454e-06,-3.320397731651860e-01,-6.776137855921723e-08,-1.013965488073013e-07,-1.772827382379214e-08,1.593201663297885e-08,1.316450249062080e-07,-6.574511572244055e-07,-6.474735873676734e-07,-9.561812343600380e-10,-8.122886678282310e-09,-1.309052627930699e-09,-4.631474263985608e-01,1.755031043306849e+00,-4.153729190673894e-08,-1.018977678776319e-06,-1.480096276814420e-07,-3.030495948764352e-07,1.915271385857721e-07,7.760923074673751e-10,-4.053177200586875e-09,4.940639347004397e-07,1.073934423976988e-09,-4.481047938583852e-09,4.718727105154904e-08,1.272313339650810e-07,3.151228597600544e-08,1.531272328604293e-07,4.147864670889949e-07,3.353094262139015e-09,3.214581040953260e-07,1.898900161432150e-06,9.337736741332011e-12,6.570843985055989e-09,5.033380096003083e-11,-4.753447396764062e-14,-1.597005652820776e-15,-7.177720417718903e-04,-4.963136871077124e-03,-2.868311666366597e-08,-4.246542786194590e-05,-2.662561929684465e-05,3.427217742630338e-09,2.342749813526710e-07,8.371233897761838e-07,7.994517137297638e-06,6.525093888704447e-06,1.595386578008573e-06,1.809567512970146e-06,3.869568554470959e-11,
-1.262991131680283e-02,-9.114893772121116e-02,-2.001255578454030e-01,3.553763971379874e-06,-2.885431967679280e-02,2.853965829958335e+00,-2.224790838941520e-05,-8.041982757155679e-01,1.065671578744791e-06,3.243941596643474e-06,4.856510387255028e-07,4.356516614529238e-05,1.470718346117007e-06,-2.022031989968917e-06,2.431390286197411e-05,7.945192618912579e-08,3.512946276858818e-07,2.658499454873378e-07,-1.100053740182425e+00,6.686745913899916e+00,4.947152995623293e-07,4.100067419086597e-05,5.355878109073805e-06,2.280838869020409e-04,1.001386488509896e-05,2.941002210520226e-08,1.214103589431515e-05,5.934022507863062e-06,5.222869081501850e-08,8.148768407194524e-08,1.716105274181880e-06,2.541349746714802e-06,1.661194335922279e-06,3.313018875435683e-06,5.888568858038390e-06,5.000422551722926e-07,1.217201502796954e-05,2.016373556900137e-05,2.714415715646065e-09,1.663827070617478e-06,3.458446270132518e-10,1.006639851614313e-13,7.626714890302386e-15,7.418894486369431e-04,4.987118917731405e-03,6.118861494724871e-05,-2.410689102965894e-04,-1.558405653045566e-04,6.162192947532508e-07,1.293097591819791e-05,7.482781740864013e-06,2.390859961618025e-04,7.912322896500559e-05,1.741054417761955e-05,2.201872833399405e-05,1.490385592717303e-10,

