1
0
63
1
(4 0
((0,0) (15,255) (0,0))
((0,768) (15,1023) (0,0))
((0,512) (15,767) (0,0))
((0,256) (15,511) (0,0))
)
4
FabOnDisk: SD_0_Old_MF_D_0003 0
FabOnDisk: SD_0_Old_MF_D_0000 0
FabOnDisk: SD_0_Old_MF_D_0001 0
FabOnDisk: SD_0_Old_MF_D_0002 0

4,63
-3.307232781215876e-07,8.492467323294398e-02,1.576818084869604e-01,1.010416751308397e-19,3.292719488412596e-18,1.531488490914709e-14,5.374555714715542e-09,1.876795212908788e-06,9.255520300176824e-07,2.204957795730641e-09,2.856551663862044e-03,0.000000000000000e+00,4.590724843062155e-23,3.316763942626704e-24,6.049126852244205e-11,1.188311941387753e-10,1.563199354497235e-19,1.782259100759450e-09,7.363375405225965e-14,1.397979076950563e-23,1.244617834795136e-11,3.325100710941356e-07,3.535945303202368e-08,5.389828013188051e-29,3.752320733983247e-09,3.231722241392942e-20,3.354247438153567e-09,0.000000000000000e+00,1.537546360276249e-14,1.161871007090647e-22,4.663620442553979e-10,3.205652196848420e-17,1.060849121390217e-18,2.321048976130464e-12,5.198594654238719e-16,0.000000000000000e+00,0.000000000000000e+00,0.000000000000000e+00,0.000000000000000e+00,0.000000000000000e+00,0.000000000000000e+00,0.000000000000000e+00,0.000000000000000e+00,1.056164257070220e-13,2.415892517670560e-16,6.905760871167493e-18,4.492624417592836e-13,1.457846254160223e-13,6.055665214924096e-12,1.408834029213308e-12,2.538503910351374e-12,5.239892078007612e-27,0.000000000000000e+00,0.000000000000000e+00,0.000000000000000e+00,0.000000000000000e+00,0.000000000000000e+00,0.000000000000000e+00,1.131201648547740e-01,4.129607479674377e+03,0.000000000000000e+00,4.430098677254539e+02,1.013241086992528e+05,
-1.708860028519914e-07,3.663849955012980e+00,1.460818324623899e-01,6.082714430527774e-06,5.808528590104182e-05,4.683876899161505e-04,1.349603473573323e-07,5.691555406438657e-05,1.235229364791785e-02,1.205289892913056e-08,1.182719286969056e-03,5.095577832832009e-11,2.709211472699541e-10,2.286920257981156e-11,1.084996138542861e-09,2.976776899459949e-10,8.675379095192297e-10,1.622813051148092e-09,3.534891728733307e-12,1.167962027732992e-11,1.247413957314531e-11,3.566156896767346e-03,2.343897061911393e-02,8.726736345038158e-11,9.023824208528884e-09,9.983730862801438e-11,3.361871222373837e-09,6.884638769094139e-14,1.244870896734115e-15,2.991978914102780e-09,1.621919773863968e-09,4.073418887410473e-15,2.169504560039198e-12,4.849956080032156e-14,8.144268224263197e-14,1.565000181640546e-15,3.162339640512703e-15,2.773646807981073e-15,9.529096233584762e-19,4.430746618058535e-17,1.664644898881165e-20,7.772102530276773e-22,2.112964100423583e-17,7.822432049837832e-14,1.730298852503970e-17,1.192037739901742e-18,5.865120648291886e-07,3.988736404366030e-06,1.799162346532706e-08,1.321787146332555e-08,8.081538881889191e-09,4.232880198166304e-13,6.952554598905083e-16,1.137453923040548e-24,0.000000000000000e+00,0.000000000000000e+00,0.000000000000000e+00,0.000000000000000e+00,1.047726082054690e-01,7.926814552062144e+03,0.000000000000000e+00,2.330865889226538e+03,1.013249689905195e+05,
-1.676661087177705e-07,3.594782631692587e+00,1.469377167385042e-01,7.205665536582268e-06,6.947470917023312e-05,5.061943690834745e-04,1.326992216700541e-07,6.112942501933349e-05,1.235472333480497e-02,1.459532754987645e-08,1.324549226365455e-03,8.157832783395495e-11,3.928511843542697e-10,3.428346835877991e-11,1.509966139640076e-09,3.789792379750071e-10,1.129826157499651e-09,2.351459183985477e-09,5.144973231571641e-12,1.760950615060337e-11,1.781461460516911e-11,3.780562714618877e-03,2.305399969815146e-02,1.280726668549714e-10,1.259752769430491e-08,1.656821325268476e-10,5.019100438131472e-09,1.274661331499893e-13,2.313562699971539e-15,4.185020072129140e-09,2.192222075507576e-09,8.723608909522988e-15,3.987005920187541e-12,1.036812976581912e-13,1.254443271170160e-13,3.223350089220832e-15,5.397812827533057e-15,4.840766412509324e-15,2.356036464176696e-18,1.002200304244489e-16,3.670510586815664e-20,2.176161127573616e-21,4.926672876476648e-17,1.388166991743818e-13,3.859946696763243e-17,2.401477514423219e-18,9.319331948647548e-07,6.363499993637660e-06,2.484593997461574e-08,2.840510274618591e-08,1.753281166553448e-08,7.257133772891793e-13,1.265231707377858e-15,0.000000000000000e+00,0.000000000000000e+00,0.000000000000000e+00,0.000000000000000e+00,0.000000000000000e+00,1.053881999153058e-01,7.834282046945063e+03,0.000000000000000e+00,2.291779395731978e+03,1.013249749155766e+05,
-4.391381676815806e-07,3.341571746040390e+00,1.490474836844676e-01,1.041465076556013e-05,1.011782201543874e-04,5.932323972050858e-04,1.327111303304305e-07,7.161692032974633e-05,1.234090996818919e-02,2.218864207788923e-08,1.660611395345775e-03,1.369538343334702e-10,4.150607067285280e-10,5.030524140713413e-11,1.388189887462996e-09,1.980527062861823e-10,1.889089547339297e-09,2.854356116746609e-09,5.459221757758098e-12,2.611880261626662e-11,1.932100244971814e-11,4.283323321013749e-03,2.215455178586168e-02,1.315726758193546e-10,1.069256211519987e-08,2.993142092863096e-10,6.849883867822331e-09,0.000000000000000e+00,5.341608936452398e-15,2.980739175920086e-09,1.186705735517012e-09,2.697772431120535e-14,8.753545488699991e-12,3.187281630587542e-13,3.434517265248172e-14,0.000000000000000e+00,0.000000000000000e+00,0.000000000000000e+00,0.000000000000000e+00,0.000000000000000e+00,0.000000000000000e+00,0.000000000000000e+00,0.000000000000000e+00,6.508447739799665e-14,8.291675506913845e-17,3.531867057348624e-18,1.548271228080935e-06,1.067086017583597e-05,1.783278364805706e-08,9.450385819387290e-08,5.967140796629511e-08,1.427409982049088e-12,0.000000000000000e+00,0.000000000000000e+00,0.000000000000000e+00,0.000000000000000e+00,0.000000000000000e+00,0.000000000000000e+00,1.069056652948658e-01,5.933252865439903e+03,0.000000000000000e+00,2.147446529371073e+03,1.013249209308486e+05,

4,63
3.313489980314913e-07,3.339250295934741e+00,8.372875210642908e-01,5.120191524985689e-05,4.653260564906057e-04,9.716667411459154e-04,1.189203236501067e-04,3.192644591882261e-04,1.317823735873685e-02,2.137929424996053e-05,1.827681452910752e-01,1.347477641078696e-06,6.260598329960800e-06,7.075106982996746e-07,2.293705781978445e-04,2.505537306414921e-04,2.069868351866463e-05,5.088727379677809e-04,1.434863980308420e-05,9.637645171619037e-07,6.628392522035378e-05,1.403871028065026e-02,2.214990518906704e-02,7.443626426199628e-07,5.880992251162704e-04,2.178912674646936e-05,4.420079251553011e-03,1.002562063213907e-04,4.386628021528895e-04,3.112007230355210e-05,1.161230039586944e-04,1.368713572248387e-07,3.190416908267097e-05,3.808008982249530e-05,1.139647683657160e-05,5.610166160412390e-05,2.999637354475421e-05,3.895879870200121e-05,3.123566781218231e-06,6.447592960280298e-04,1.068766894059673e-05,4.230151212792566e-06,1.155998159824102e-04,1.554549104413512e-05,6.711471611468826e-07,1.482216109521035e-08,2.489683815874880e-06,1.756298424491140e-05,2.912074985430862e-05,1.256260701030131e-05,1.639012245729870e-05,1.711603664395456e-06,4.555096915753392e-04,9.691773220405546e-06,5.259255926948316e-02,1.672036667385198e-03,1.365002864211230e-04,4.546188188873072e-04,6.019235703674338e-01,7.573380008071927e+04,0.000000000000000e+00,2.146143947714396e+03,1.013261629634736e+05,
1.782143462945040e-07,3.694219355814380e+00,1.469336011670591e-01,7.199851862646229e-06,6.941711958364262e-05,5.060135768539115e-04,1.367592252791740e-07,6.110834989409532e-05,1.235471417265104e-02,1.458223392788250e-08,1.323868962042046e-03,8.143092130745393e-11,3.923256565120693e-10,3.423202766447250e-11,1.508218860028733e-09,3.786912738632406e-10,1.128458340327617e-09,2.348310845888272e-09,5.138015703860232e-12,1.758264651875100e-11,1.779205896176128e-11,3.779532670075558e-03,2.361379929693510e-02,1.278962620318367e-10,1.258300835763255e-08,1.653630847055355e-10,5.011875025830340e-09,1.271520886588945e-13,2.307851371650674e-15,4.180200997646131e-09,2.190051926007182e-09,8.696637367202317e-15,3.977509084949859e-12,1.033735249266468e-13,1.252677622082924e-13,3.214389936611902e-15,5.387288656636343e-15,4.830654253645926e-15,2.347237681980984e-18,9.988716740992659e-17,3.658963058116860e-20,2.166746903560334e-21,4.909612459910632e-17,1.385601656471620e-13,3.848602647702500e-17,2.395678465902799e-18,9.303699137405649e-07,6.352687481915469e-06,2.481997220836784e-08,2.831650540403632e-08,1.747725823656731e-08,7.242056168179562e-13,1.262240940573703e-15,4.497031379456517e-24,2.127511664539789e-25,1.296714274016052e-19,4.866384205531737e-19,7.694173368227739e-20,1.053852422434838e-01,7.936446921994746e+03,0.000000000000000e+00,2.347125488218132e+03,1.013250113535845e+05,
1.789736495967054e-07,3.663673728433240e+00,1.490342591183405e-01,1.039295319580206e-05,1.009666601623509e-04,5.927205143934758e-04,1.349523313068070e-07,7.155229760254307e-05,1.235708049900870e-02,2.213549066867783e-08,1.658564447882589e-03,1.366754218064671e-10,5.323997389654261e-10,5.023955849428262e-11,1.899403203457426e-09,4.048466042186356e-10,1.883816928001731e-09,3.219217074369192e-09,6.989181177889835e-12,2.608317604022065e-11,2.347680842362630e-11,4.280302023941623e-03,2.343813150105421e-02,1.759398785092520e-10,1.580160695978852e-08,2.985799010462603e-10,7.208424090373676e-09,2.945666887268915e-13,5.321007926587644e-15,5.169459370276078e-09,2.489065821957391e-09,2.683104622181328e-14,8.723098238762419e-12,3.169960284478280e-13,1.478131495908874e-13,7.231123998317223e-15,8.889320230662286e-15,8.743011547736946e-15,9.221260864575954e-18,3.260253622441750e-16,1.105516314270000e-19,1.134763971694115e-20,1.729824785701262e-16,1.784445760876334e-13,8.269641032806356e-17,4.142924940717247e-18,1.545096934661368e-06,1.064841294641878e-05,3.012513360882780e-08,9.392182943069710e-08,5.929590399308158e-08,1.423124904850621e-12,2.819411437896946e-15,1.390655211544287e-23,4.633553132395339e-22,1.479331990417954e-19,6.448740509992101e-19,9.125643609931543e-20,1.068961459853452e-01,7.927807991073932e+03,0.000000000000000e+00,2.330787541167215e+03,1.013250109960815e+05,
4.690222615891643e-07,3.594454309549524e+00,1.575983363417522e-01,2.850467089023756e-05,2.640269908139503e-04,8.518480413237169e-04,1.897563460354425e-07,1.108761398921597e-04,1.235716987722991e-02,7.137828586501889e-08,2.846047714002205e-03,1.956552825351642e-10,5.600006205970111e-10,5.832804006532483e-11,1.930360341185785e-09,3.967853981881074e-10,6.838691792323088e-09,3.465244318816793e-09,7.341411815553709e-12,3.075659850288518e-11,2.444233667985031e-11,5.918544064916839e-03,2.305179472213044e-02,1.851166035216488e-10,1.599159788161383e-08,5.174519390195288e-10,8.058324293854152e-09,2.297530680133474e-12,2.018384503255887e-14,5.189380871782124e-09,2.484040212809319e-09,1.818963681684151e-13,2.208546479192889e-11,2.297290675397316e-12,2.281927450009841e-13,3.473470242720639e-13,5.723819274548139e-13,2.581314990952178e-12,1.513530046235990e-13,3.571162772176820e-12,4.719990708178959e-13,2.348345784860575e-16,1.771356926613753e-13,1.783096390335584e-13,2.239350932372398e-16,6.411530883653297e-18,2.489626509458961e-06,1.754728710901406e-05,3.019497851500677e-08,1.535951290910829e-06,1.041126327885688e-06,3.652443394169878e-12,1.695265304011298e-12,1.368998479977096e-13,6.268273054979422e-11,1.147701913750244e-11,2.796772780868803e-12,3.273549547465884e-12,1.130600991664851e-01,7.833208591546878e+03,0.000000000000000e+00,2.291538361884090e+03,1.013250716528290e+05,

