1
0
56
1
(4 0
((0,0) (15,255) (0,0))
((0,768) (15,1023) (0,0))
((0,512) (15,767) (0,0))
((0,256) (15,511) (0,0))
)
4
FabOnDisk: SD_5_Old_MF_D_0003 0
FabOnDisk: SD_5_Old_MF_D_0000 0
FabOnDisk: SD_5_Old_MF_D_0001 0
FabOnDisk: SD_5_Old_MF_D_0002 0

4,56
-7.800903880830180e+00,-1.757065768187115e+01,-2.651368591342555e+01,-6.105477429088426e+00,-8.770591378933647e+00,-8.529190228779211e+00,-1.128995233674052e+00,-6.316806671578273e+02,-2.516088593628925e-01,-7.665635883668575e-01,-8.711778629870820e-02,-1.385567321060364e+01,-1.241260081751776e+01,-1.487802285815554e+00,-1.016910769755599e+01,-4.486950534061876e-01,-7.477782836702060e-02,-2.739829467608141e+00,-1.367227913628593e+02,3.849871810235328e-14,-8.600196004409469e-02,-4.546516288214633e+01,-1.852292342872624e+00,-1.988095972322799e+02,-7.608420214759131e+00,-2.296889878828199e+01,-4.397632206424331e+00,-2.942981314718737e+00,-9.679673181541223e-03,-2.007642129455901e+00,-1.607402905852858e+00,-8.359668853650708e-01,-3.595451951522711e+00,-2.094258197539471e+00,-3.039477238771835e+00,-2.209681550464398e-01,-3.126832378998002e+01,-4.821705516776897e-01,-3.104513837419300e-01,-8.102100999728080e+00,-7.732547508143527e-01,-1.553275700333775e-02,-5.826599481119135e-04,-7.771004869362896e-02,-1.437170486295491e-01,-1.980675057783331e+00,-6.730660380447134e-02,-3.474471037524959e-01,-1.430514613080930e-01,-2.428239722165289e+01,-4.861989472182519e-01,-5.989609773038529e+02,-8.826224300686913e+01,-9.034305485844747e+00,-2.434740665489976e+01,-7.984795047377702e-10,
-6.472773574076723e-03,-3.123035765698511e-02,-9.090282394677501e-02,-1.574168552809324e-05,-1.116145989826212e-02,4.832272751229723e-02,-6.834922043117071e-06,-3.342674973967558e-01,-7.691350872366557e-08,-2.000600735271101e-07,-1.805368949021531e-08,-7.205718449996351e-07,-1.218603891736693e-07,-7.017020317441402e-07,-1.498939554165314e-06,-2.532197667670397e-09,-1.007716540782446e-08,-8.293367695219334e-09,-4.751891514670397e-01,3.121552073870497e-01,-5.542648901384919e-08,-5.088025402021580e-06,-1.065144297576310e-07,-2.518497577329521e-06,-1.275276737339129e-10,-2.538699716840723e-12,-3.254106043671918e-06,-8.495450527623479e-07,-1.412072391764094e-11,-3.495991252708257e-09,-4.363530187712304e-10,-6.783581474351981e-11,-4.340815621831545e-12,-7.808612899759352e-12,-3.762368852479576e-12,-4.170338942723125e-15,-1.448087791626960e-13,-4.361922560793822e-17,-2.387893783599204e-18,-7.489545608128525e-14,-1.127506060590292e-10,-5.018161985831481e-14,-4.449562256206976e-15,-7.339364872805316e-04,-4.956095159204922e-03,-1.142317734410470e-05,-4.465245824539608e-05,-2.744288763912647e-05,-4.769505966523284e-10,-9.824842739491602e-13,-1.463869271651021e-18,-4.357111083402388e-19,-5.026977946022175e-14,-8.082331436479994e-14,-4.084142741646440e-14,-1.200875510143362e-10,
-1.509208302967569e-02,-9.039439349750572e-02,-2.048010404526214e-01,-4.788738698791518e-07,-2.818632624197498e-02,1.750732047258559e-01,-2.172145648543371e-05,-8.096257786052996e-01,-9.909634596039286e-08,-1.844176505577990e-07,-2.031334196193828e-08,-5.932942321954133e-07,-7.146660054308771e-08,-2.171383346905174e-06,-1.359979731128991e-06,-2.619579244281191e-09,-1.147793737188541e-08,-8.517736668592618e-09,-1.079564044418250e+00,7.620667257272574e-01,-6.017665823443030e-08,-5.035106609394489e-06,-2.602406633372070e-07,-2.923721508229387e-06,-4.032584162658602e-10,-7.367681452962932e-12,-1.718609199390478e-06,-7.524816080733926e-07,-6.360382676798319e-11,-1.118103082687714e-08,-1.237037631486764e-09,-5.821243624953407e-11,-8.620009394510872e-12,-5.966518020233578e-12,-5.944496076080834e-12,-2.358838331362443e-14,-6.755195434963045e-13,-1.078463025421654e-13,-2.730851928976637e-15,-3.860756905699113e-13,-9.428671018542721e-11,-8.483233376038140e-14,-6.705048663496610e-15,-1.282460009860808e-03,-8.452705035101798e-03,-1.204458510083791e-05,-2.351537906599471e-04,-1.457439366084185e-04,-1.584012820791024e-09,-3.670731302668725e-12,-2.934640744002844e-14,-4.113723891258335e-13,-9.361900066301968e-14,-1.342507585956743e-13,-5.625616401884344e-14,-1.359177215221052e-10,
-1.445901688296116e-01,-7.553658047491416e-01,-6.006062160076512e-01,-4.717350005626249e-04,-1.444115509645673e-01,4.646528037475430e-01,-2.585927723254303e-04,-3.742157192295012e+00,-2.912830254414988e-07,-8.099477807123405e-07,-5.805360261082722e-07,-5.008630915681494e-05,1.051812745092675e-07,-2.639422046279044e-05,-8.366724118609042e-06,-2.506588651521039e-08,-2.147900049308918e-07,-9.739324394633751e-08,-4.249412078721087e+00,1.737355081424765e+00,-2.690606748057879e-08,-2.994420402031279e-07,-6.375799094968869e-06,-2.615007047247746e-04,-2.025765819310327e-05,-3.788781684344785e-08,5.228693243414722e-07,4.593137248138049e-07,-1.282996664256549e-07,-1.010924294716365e-07,-5.054403815630189e-06,-4.955143383328600e-08,-1.803152173342587e-07,-4.734944731918862e-07,-5.202357025884011e-06,-2.596977177829078e-07,-7.508766147012350e-06,-3.015311836755968e-05,-1.470981881960769e-09,-1.029064624784846e-06,-1.203899541236691e-08,-2.921673799695231e-11,-8.613151277979976e-13,-2.158156949495013e-03,-1.019078313793673e-02,-3.915913105059383e-06,-1.453320884574238e-02,-9.177709118562529e-03,-2.633866453227191e-07,-6.923052636909906e-06,-2.551949820866992e-05,-1.631067020512556e-04,-5.329892070799643e-05,-7.678775375882700e-06,-1.484315786581719e-05,-1.462385768036256e-10,

4,56
5.555577911340924e+00,3.159852803299560e+01,4.446753984850788e+01,7.661970556699171e+00,1.312894044074716e+01,3.164882273640973e+02,6.283467074788261e-01,-5.100254441003926e-09,5.739773139724985e-01,1.305137290326613e+00,1.546883520422659e-01,2.715696872009025e+01,1.568394238992144e+01,2.031557891951839e+00,1.520399710222583e+01,4.160551928303998e-01,1.343925726079949e-01,2.792309177427620e+00,4.566155772565252e+02,2.827025158649607e+02,1.794813569153198e-01,5.556590744837803e+01,3.878049898972300e+00,3.016401408431124e+02,1.314859352063442e+01,2.482572633200033e+01,8.424928432039520e+00,3.464572904662218e+00,1.634986454727051e-02,3.799927603012897e+00,2.482997493171004e+00,1.032993359447269e+00,3.814832074800660e+00,2.219848640174787e+00,3.908608548094362e+00,2.159789197540846e-01,3.473572690074384e+01,1.194951033412244e+00,6.063228528243487e-01,7.923148381571094e+00,1.231877574293897e+00,3.699744185963866e-02,8.840068994061964e-04,8.232146206050595e-02,3.317187278306503e-01,2.397082674425854e+00,4.626933527077624e-01,6.540671548164330e-01,1.974577147871037e-01,1.676887615473888e+01,8.927773557410450e-01,4.802967732474804e-04,9.165035788751111e+01,1.454786464310708e+01,2.578844530696765e+01,8.294591680169106e-10,
-1.691954429549106e-03,-1.488920870274968e-03,1.779929719843606e-02,7.307997490800756e-06,3.480699002235930e-04,1.834053437110137e-01,1.565838082906046e-06,-1.748945007173039e-01,-3.283812894722413e-08,-1.133942222124409e-07,-1.196841673458286e-08,-4.531388057057799e-07,1.933396735470729e-08,1.489241649293151e-07,-6.082993209925967e-07,-7.076265544042484e-10,-1.702805801264183e-09,-4.666910849001961e-09,-1.911862095774148e-01,7.657524330680673e-01,-2.018692286542614e-08,-5.197836561042457e-07,-3.208979976345978e-08,-9.702145577322126e-07,-2.047118687488109e-11,-3.214704585717153e-13,-3.849837272879809e-07,2.624460213951194e-07,-1.770274688358190e-12,-1.153773348103347e-09,-6.336394077203449e-11,-5.217699180333904e-11,-8.827817256974063e-13,-2.907414070471560e-12,-7.037618695498597e-13,2.896188679593296e-16,4.674546915434315e-15,2.580157878786065e-18,1.871606218764241e-18,6.567276245147452e-15,-8.809440061086011e-11,-1.386808293633843e-14,-2.051122273979152e-16,-4.562842534775831e-04,-3.061832913729421e-03,1.042762577886388e-05,-4.404918301786714e-06,-2.665611306585205e-06,-4.916196696340788e-11,7.628189670157655e-14,2.282003613767804e-20,1.078231988529269e-18,3.680366345361266e-18,9.489606685061714e-17,6.620064227793289e-22,1.202670185662669e-10,
-3.818204945423807e-03,-2.663979053980649e-02,-6.920528175273305e-02,9.076614469649600e-06,-9.392586434856741e-03,4.653255905958105e-01,-5.271235487875731e-06,-3.354942974168011e-01,-5.694458279392459e-08,-5.831003771470593e-08,-1.452688314540993e-08,-1.451247504718128e-08,1.283186338061117e-07,-5.367749338541099e-07,-6.810399787148942e-07,-1.049184079752755e-09,-8.887824685350496e-09,-2.485015250309993e-09,-4.726092367530011e-01,1.729488851053954e+00,-1.285201472157754e-08,2.386009032727359e-06,-1.078831587228978e-07,-5.002871055649390e-07,-1.236765785698857e-10,-2.231615013226067e-12,1.155014416665400e-06,1.138168614047827e-06,-1.181917333565033e-11,-3.542777414970002e-09,-1.651718137319088e-10,6.876868222875679e-11,-3.447834457816603e-12,-3.927469736405543e-12,-3.693133797144003e-12,-3.309704237215534e-15,-1.280294818774735e-13,2.901344120137508e-15,1.678261766952326e-17,-6.527028896047625e-14,5.405328169863201e-11,-4.195658065292799e-14,1.118164565505742e-15,-7.338024114567284e-04,-4.965949755191362e-03,1.162667861396860e-05,-3.906994572991506e-05,-2.452431987754728e-05,-4.843462063198702e-10,-9.883043877927461e-13,1.898073166281631e-15,1.324676929362130e-13,-1.011653894640128e-22,2.446965614200027e-20,3.544962961971172e-22,1.331008636640263e-10,
-1.257663808652037e-02,-8.387303837844305e-02,-1.697538662282918e-01,3.383923562226651e-06,-2.588156133432339e-02,2.892644788173059e+00,-1.940269396007052e-05,-8.127957510051225e-01,1.005812671709030e-06,2.882504965067281e-06,3.524659115144873e-07,2.408717753613652e-05,1.419053040149490e-06,-1.909610224720304e-06,2.163130125305132e-05,6.995750539536851e-08,3.447746544055714e-07,2.362386487347724e-07,-1.084523004912769e+00,6.728533762981423e+00,4.730206046286354e-07,3.883150901445497e-05,2.891591003737536e-06,1.166207903804420e-04,1.107816698068044e-05,2.153576361799920e-08,1.230568026020977e-05,4.588400281901273e-06,2.095722669756973e-08,1.158112953932368e-07,5.624385207904150e-07,5.929585637829802e-07,1.104687801997783e-06,1.965326405078154e-06,8.709438820878439e-06,4.129195771661397e-07,9.270339960990509e-06,6.138851423981021e-06,1.132234341728799e-09,5.332357633214153e-07,3.002254985466905e-10,2.244058035831926e-14,4.272051708906196e-14,-1.294840169793678e-05,7.514794599867115e-03,6.764788382392556e-05,-2.197455740614451e-04,-1.412468736154389e-04,2.956653002099695e-07,8.164119683465660e-06,1.837318872206805e-06,2.687176529064173e-04,4.512378751668866e-05,5.910695727610452e-06,1.253243543164616e-05,1.320086262524001e-10,

