1
0
56
1
(4 0
((0,0) (15,255) (0,0))
((0,768) (15,1023) (0,0))
((0,512) (15,767) (0,0))
((0,256) (15,511) (0,0))
)
4
FabOnDisk: SD_5_New_MF_D_0003 0
FabOnDisk: SD_5_New_MF_D_0000 0
FabOnDisk: SD_5_New_MF_D_0001 0
FabOnDisk: SD_5_New_MF_D_0002 0

4,56
-7.798464876997486e+00,-1.757052793761891e+01,-2.660171514141196e+01,-6.112270132469558e+00,-8.731038283635769e+00,-8.543125546155192e+00,-1.125343425349784e+00,-6.311213538973088e+02,-2.509571849076804e-01,-7.659011648905421e-01,-8.712248313574994e-02,-1.385333819134765e+01,-1.239808881693123e+01,-1.483204707641764e+00,-1.016735455657674e+01,-4.502017334525096e-01,-7.458118327064038e-02,-2.735131167592192e+00,-1.368348043964910e+02,3.352006172629984e-14,-8.576962986079213e-02,-4.556104248479805e+01,-1.846164515281621e+00,-1.986715969893451e+02,-7.668642604503297e+00,-2.291894409390298e+01,-4.405132378033921e+00,-2.945084553308443e+00,-9.646933351280291e-03,-2.007069891993861e+00,-1.609602729624061e+00,-8.357419425306194e-01,-3.602150428715986e+00,-2.097902231577676e+00,-3.042478792930921e+00,-2.205036145427808e-01,-3.133436775059991e+01,-4.850718955469445e-01,-3.116484135784766e-01,-8.105646913836040e+00,-7.739339104796069e-01,-1.547369295663399e-02,-5.836810075333376e-04,-7.723888620115535e-02,-1.416049665255779e-01,-1.979632920894748e+00,-6.733967709987954e-02,-3.497056538887806e-01,-1.425476625162720e-01,-2.435044737220339e+01,-4.880104056734917e-01,-5.988847666117720e+02,-8.850249907742098e+01,-9.058303407736247e+00,-2.441618165958370e+01,-7.178186933742836e-10,
-6.230753560956630e-03,-3.088995888499304e-02,-9.189107653711813e-02,-1.433271736634333e-05,-1.117600050607367e-02,5.285944581991460e-02,-6.862999313896538e-06,-3.344301888477037e-01,-7.573253341328103e-08,-2.030219332700016e-07,-1.751520454632058e-08,-7.382119328449110e-07,-1.279895776418914e-07,-6.825305004222904e-07,-1.282053814952148e-06,-2.410975763144279e-09,-9.655021398538398e-09,-7.925767113923949e-09,-4.746209374176443e-01,3.104224869211056e-01,-5.628010487338278e-08,-5.195958245235711e-06,-1.092448451617635e-07,-2.586539820370267e-06,-1.242634056757807e-10,-2.363819634547389e-12,-3.201540564207324e-06,-8.478013256293076e-07,-1.361139931516098e-11,-3.560206396336101e-09,-3.846380599599429e-10,-6.830224085330510e-11,-3.986116494951425e-12,-5.550170706095628e-12,-3.472862445165384e-12,-3.835536191437293e-15,-1.370938620953447e-13,-4.412120045375846e-17,-1.820863562988844e-18,-7.167156667430807e-14,-1.105714342083096e-10,-4.922005828081250e-14,-3.456916928311587e-15,-7.312357905219855e-04,-4.957499887054581e-03,-1.204548494147148e-05,-4.416440061064122e-05,-2.723877982204859e-05,-5.067674041221053e-10,-1.033106800482080e-12,-1.294671369720788e-18,-4.995686994674068e-19,-4.440865417868851e-14,-7.938583381790019e-14,-3.539162880182708e-14,-1.049709763556450e-10,
-1.479003517561102e-02,-8.958692430948551e-02,-2.067561647959424e-01,1.677938108287143e-07,-2.819613160300059e-02,1.771450337319814e-01,-2.178308538999596e-05,-8.082232622859418e-01,-9.450334714850658e-08,-1.829006266875790e-07,-1.985993094869370e-08,-5.951047129888565e-07,-7.152177640749464e-08,-2.129787062477114e-06,-1.265023565981615e-06,-2.538267802099068e-09,-1.098535712189297e-08,-8.406197528432232e-09,-1.080043478612706e+00,7.613739626837888e-01,-6.143130257596516e-08,-5.103070729043689e-06,-2.684100930809594e-07,-2.968871903585383e-06,-4.162593998865643e-10,-7.218873755536673e-12,-1.695729894522609e-06,-7.388155141829539e-07,-6.158505933034557e-11,-1.144287968270849e-08,-1.121696639834850e-09,-5.821562078314489e-11,-8.156291874184571e-12,-5.034453953293480e-12,-6.301330573660776e-12,-2.314750158103124e-14,-8.030511272874817e-13,-5.619827602239347e-15,-2.775061141055722e-15,-3.821824944836439e-13,-9.344308648667700e-11,-8.212418763793126e-14,-4.995458217278797e-15,-1.266875159987927e-03,-8.451863905718419e-03,-1.213314416460440e-05,-2.315454688251214e-04,-1.446820743806702e-04,-1.614336988108436e-09,-3.809249756017514e-12,-1.044440739431123e-14,-1.000036797289802e-12,-1.000243877213199e-13,-1.303042378554478e-13,-4.884200342687566e-14,-1.247553171879190e-10,
-1.445488467152125e-01,-7.536287429638493e-01,-5.953554462717261e-01,-4.708636354630765e-04,-1.439638839137549e-01,4.686412362162566e-01,-2.586130365795533e-04,-3.743392678578599e+00,-3.973497291421715e-07,-5.929280167332324e-07,-2.059691188150172e-07,-1.997484660885790e-05,9.747741169881052e-08,-2.629295314055839e-05,-9.597967718892155e-06,-2.131722294750787e-08,-1.437649260929571e-07,-1.105671718942570e-07,-4.249222355067792e+00,1.738140442217595e+00,-2.760614245550313e-08,-4.780165495209560e-07,-2.460036510345716e-06,-1.058979783386693e-04,-1.189923972674239e-05,-1.108922237693731e-08,5.429290820807705e-07,4.921104605964452e-07,-5.163937326024057e-08,-6.540005558418092e-08,-2.092570840197981e-06,-1.927753545244458e-07,-5.139623196835775e-07,-1.402234062467307e-06,-1.033497913131472e-05,-3.650085183190238e-07,-1.640050584142374e-05,-1.565395178855312e-05,-2.120922815105991e-09,-8.476360522751622e-07,-1.166458580758851e-08,-2.835669663403959e-11,-8.268558616610464e-13,-2.106144679980186e-03,-1.019231200553596e-02,-3.752647040054187e-06,-1.427437697690904e-02,-9.158573836772653e-03,-6.804483930996058e-07,-1.739640306559338e-05,-1.282083792922710e-05,-3.566612360731406e-04,-1.266323657573282e-04,-1.410235227038474e-05,-3.514592347211627e-05,-1.177586916867313e-10,

4,56
5.541822436774186e+00,3.163198219989675e+01,4.446451323785440e+01,7.679418114567657e+00,1.314227044124844e+01,3.162089020615191e+02,6.291528479010544e-01,-4.721211865899022e-09,5.733491279823746e-01,1.307750928907990e+00,1.548915274909337e-01,2.701927949323061e+01,1.571496476270224e+01,2.022630024901051e+00,1.525058404151617e+01,4.183926682733680e-01,1.344679175150803e-01,2.801883690016105e+00,4.563552593664085e+02,2.827778108173860e+02,1.794433891542704e-01,5.567454634175677e+01,3.875667798269086e+00,3.019827225129285e+02,1.298351916585264e+01,2.497713968043973e+01,8.433455525226170e+00,3.463773071938943e+00,1.629261411323884e-02,3.795755789818389e+00,2.483869466366510e+00,1.038011362504204e+00,3.829280222363536e+00,2.224901566851863e+00,3.920080151466179e+00,2.122351122895842e-01,3.473096341712116e+01,1.161572983936355e+00,5.999501819574155e-01,7.935127080896736e+00,1.236405420034918e+00,3.657596867604519e-02,8.841100285374481e-04,8.259849495587923e-02,3.338717472378097e-01,2.405876756474160e+00,4.626744258398896e-01,6.536516563401191e-01,1.941624700700630e-01,1.678335609155155e+01,8.646057282789338e-01,7.032487526339252e-04,9.169564111488314e+01,1.458811663243568e+01,2.580479843272495e+01,7.402819052204634e-10,
-1.675210797922784e-03,-2.102899950339278e-03,1.379006146723717e-02,7.636456237961684e-06,-1.638545770566713e-04,1.835806188496755e-01,1.248544856287398e-06,-1.749267044259778e-01,-3.267478378523690e-08,-9.932026979099898e-08,-1.089235659340935e-08,-3.815847365231255e-07,1.305135508220934e-08,1.165380942471293e-07,-6.104886829220264e-07,-8.522293582435392e-10,-2.332224789061972e-09,-4.835389397010343e-09,-1.900806098562815e-01,7.648588309415845e-01,-1.820048964179562e-08,-3.078399863475696e-07,-3.974484178689348e-08,-7.582610869672152e-07,-2.566473522582751e-11,-4.016282223146700e-13,-3.098355233817851e-07,2.345557959712964e-07,-2.025923734949412e-12,-1.274082941268218e-09,-5.688303729564985e-11,-5.279625244865446e-11,-8.758633292775636e-13,-2.512233006900616e-12,-7.606805051608544e-13,2.236561808632119e-16,1.421993485485091e-15,2.690466073376474e-20,1.115195742041109e-18,4.753230473565758e-15,-8.805024051459230e-11,-1.451652400061483e-14,-8.899351793941630e-16,-4.547747721130583e-04,-3.062328819661800e-03,6.970280550014717e-06,-5.191368492091985e-06,-3.148213786076384e-06,-1.257804025908796e-10,-2.051445474080839e-14,1.490689156349993e-20,1.262305463577809e-18,4.424400255900366e-19,2.784123719338954e-17,4.908716151629214e-22,1.234760627077947e-10,
-3.806060059414406e-03,-2.697517215073554e-02,-7.140629526603288e-02,9.516499902563372e-06,-9.644086617019494e-03,4.662041501388529e-01,-5.446230893725565e-06,-3.356394693633885e-01,-5.642599474755962e-08,-5.857203220500057e-08,-1.517967874707787e-08,-8.502757854103606e-09,1.309809058814366e-07,-5.505079476910792e-07,-6.795075615607600e-07,-1.089788387608395e-09,-9.185734979673610e-09,-2.137393127165449e-09,-4.721925725871372e-01,1.730242154823580e+00,-1.149238295702969e-08,2.525557253336473e-06,-1.105327009293864e-07,-5.591736113793676e-07,-1.243192600420492e-10,-2.283126182538414e-12,1.166081671425971e-06,1.146481751143408e-06,-1.202681122455208e-11,-3.604430369800193e-09,-1.626810967310632e-10,6.939255870591244e-11,-3.487114852952939e-12,-3.580662021340373e-12,-3.498490991719256e-12,-3.426258340220160e-15,-1.319319394358463e-13,2.346346050477232e-13,2.924534144375211e-18,-6.732734255134108e-14,5.560430260180567e-11,-4.267897178149027e-14,-3.113117779877466e-16,-7.319009981289219e-04,-4.967284700482347e-03,9.025629044401272e-06,-3.966389259946655e-05,-2.488265665644589e-05,-5.136691941154060e-10,-1.038040944637862e-12,1.853984834461350e-14,8.320267390508484e-14,9.504509706341666e-21,3.462421592492200e-20,6.269426165645092e-21,1.160638252173385e-10,
-1.264198637794005e-02,-8.481967531398955e-02,-1.742842740560449e-01,3.475322195977549e-06,-2.635992262822560e-02,2.892622714255276e+00,-1.983320301963872e-05,-8.113992508816213e-01,1.412765408085872e-06,5.398524974149059e-06,1.185690571906891e-06,9.067173408006933e-05,1.936252834828399e-06,-1.944614596181135e-06,3.466785423663602e-05,1.235745600883952e-07,6.803549653267119e-07,4.121780079581958e-07,-1.085022859034670e+00,6.728239183383259e+00,4.707744458674705e-07,4.411478421433369e-05,1.037024601088875e-05,4.190600458851229e-04,8.510926941325278e-06,5.025239523913837e-08,1.224173681950989e-05,4.770031963941114e-06,7.683490407501162e-08,2.139360450113492e-07,3.128663115827785e-06,5.913199498070243e-07,1.117305150813899e-06,1.792420157806574e-06,8.486658808057522e-06,5.905805776594081e-07,1.494659262516301e-05,2.399470572479139e-05,1.694889037400232e-09,7.737379191918012e-07,3.027873686033342e-10,2.222451877473790e-14,2.286928066044238e-14,-6.717266939841539e-05,7.299815973807583e-03,6.327890440753416e-05,-2.227461691383939e-04,-1.432518429743113e-04,1.508531314904257e-07,3.626635191655181e-06,5.450437537314414e-06,1.070317730069311e-04,3.076446887944527e-05,9.547115897378983e-06,8.533453616274852e-06,1.413688055507123e-10,

