1
0
63
1
(4 0
((0,0) (15,255) (0,0))
((0,768) (15,1023) (0,0))
((0,512) (15,767) (0,0))
((0,256) (15,511) (0,0))
)
4
FabOnDisk: SD_0_Old_MF_D_0003 0
FabOnDisk: SD_0_Old_MF_D_0000 0
FabOnDisk: SD_0_Old_MF_D_0001 0
FabOnDisk: SD_0_Old_MF_D_0002 0

4,63
-1.846282445310075e-06,2.113025872082318e+00,1.579781218229033e-01,1.450784575917612e-22,4.462529399776858e-21,1.190916077912368e-16,3.499364344484662e-11,7.156819935971712e-08,8.041791511966681e-09,1.415306015671742e-11,2.885337934038568e-03,0.000000000000000e+00,3.026219353008204e-27,2.006287330777633e-28,4.750892167056204e-13,1.040464288753556e-10,1.526968085530311e-22,2.592145225157029e-11,1.149043985206719e-16,4.119935448841256e-28,2.803858196187661e-12,2.158955356763868e-09,1.326015331488789e-10,1.807351126798809e-33,1.609030030212725e-11,3.828995884174514e-25,1.559557231210125e-10,3.725664720218586e-22,0.000000000000000e+00,4.791371083394742e-27,1.248893400977549e-12,3.552656156872935e-20,4.563528480916425e-23,2.596555170508250e-13,0.000000000000000e+00,0.000000000000000e+00,0.000000000000000e+00,0.000000000000000e+00,0.000000000000000e+00,0.000000000000000e+00,0.000000000000000e+00,0.000000000000000e+00,0.000000000000000e+00,1.781211771644996e-15,1.099724509321773e-16,2.723141936098282e-18,5.180781219936921e-16,1.676595312240251e-16,6.911524096332351e-15,1.603582184868395e-15,2.889410422851783e-15,6.904117939853912e-32,0.000000000000000e+00,0.000000000000000e+00,0.000000000000000e+00,0.000000000000000e+00,0.000000000000000e+00,0.000000000000000e+00,1.133311883258872e-01,3.743069217643034e+03,0.000000000000000e+00,4.430000441028348e+02,1.013164648412483e+05,
-1.227502650804573e-07,5.681987211580234e+00,1.460934683986750e-01,6.120662852412602e-06,5.844394350222194e-05,4.697528190316505e-04,1.349713774005180e-07,5.710181865777240e-05,1.235245323708223e-02,1.212568200351642e-08,1.185609314776393e-03,5.147710656466294e-11,2.726488719595493e-10,2.304309227171787e-11,1.090453499292463e-09,2.986319541005475e-10,8.746786757938078e-10,1.633553409740423e-09,3.559402435590238e-12,1.177265130733927e-11,1.254182281970214e-11,3.572911668586828e-03,2.343860587483952e-02,8.782769349660310e-11,9.060331300781948e-09,1.006839122577506e-10,3.377712725332038e-09,0.000000000000000e+00,0.000000000000000e+00,3.005315744411371e-09,1.627598431802377e-09,2.218821183907456e-15,2.192505114158664e-12,0.000000000000000e+00,3.389336321740418e-13,3.123549436573089e-15,0.000000000000000e+00,0.000000000000000e+00,0.000000000000000e+00,0.000000000000000e+00,0.000000000000000e+00,0.000000000000000e+00,0.000000000000000e+00,7.860600219414481e-14,1.751464525895645e-17,1.202935553478592e-18,5.903896088614258e-07,4.015464799872769e-06,1.803065323684369e-08,1.342129359867720e-08,8.207172509111567e-09,4.271936939650507e-13,0.000000000000000e+00,0.000000000000000e+00,0.000000000000000e+00,0.000000000000000e+00,0.000000000000000e+00,0.000000000000000e+00,1.047798982752016e-01,7.927318788633116e+03,0.000000000000000e+00,2.330888698843133e+03,1.013249977337741e+05,
-1.366131135535298e-07,5.612606715879525e+00,1.469370384756462e-01,7.206493382949087e-06,6.948197834073122e-05,5.062218795389495e-04,1.327222917291367e-07,6.113383610993690e-05,1.235468850286967e-02,1.459641450511671e-08,1.324645328706161e-03,8.186807923702283e-11,3.942165728918366e-10,3.440361435282939e-11,1.515101074284789e-09,3.803524973230393e-10,1.130607183559618e-09,2.359590339124220e-09,5.162721068892937e-12,1.767050917470270e-11,1.787462942375495e-11,3.780940731022481e-03,2.304940422946876e-02,1.285082925358107e-10,1.263903651915464e-08,1.661629245996251e-10,5.033982687739456e-09,0.000000000000000e+00,0.000000000000000e+00,4.199369635049723e-09,2.199960956949995e-09,3.960999029948325e-15,3.998995585728044e-12,0.000000000000000e+00,6.720418670702519e-13,0.000000000000000e+00,0.000000000000000e+00,0.000000000000000e+00,0.000000000000000e+00,0.000000000000000e+00,0.000000000000000e+00,0.000000000000000e+00,0.000000000000000e+00,1.397860137966518e-13,3.887249816611067e-17,2.419316373102798e-18,9.341754643524930e-07,6.378987184583549e-06,2.491378483052075e-08,2.847510837503007e-08,1.757649203249199e-08,7.273093287770261e-13,0.000000000000000e+00,0.000000000000000e+00,0.000000000000000e+00,0.000000000000000e+00,1.252190876848950e-13,0.000000000000000e+00,1.053875307441119e-01,7.833936622889063e+03,0.000000000000000e+00,2.291302119556130e+03,1.013249983292120e+05,
-8.861089240603650e-07,5.358424826755972e+00,1.490747022708235e-01,1.045401179076879e-05,1.015892013475750e-04,5.942053417962207e-04,1.327346708780882e-07,7.172805021928643e-05,1.232185470211349e-02,2.229238395547000e-08,1.665048059161683e-03,1.377852666106075e-10,4.095019517420627e-10,5.054060068347706e-11,1.370875083768300e-09,1.949379438296652e-10,1.899932562423094e-09,2.829250994803162e-09,5.382164486958261e-12,2.624022270355786e-11,1.918219367337264e-11,4.289921817207542e-03,2.219999415984172e-02,1.294034357790893e-10,1.055182037763047e-08,3.013331110293123e-10,6.797927513989507e-09,0.000000000000000e+00,0.000000000000000e+00,2.932311071957025e-09,1.168406494538129e-09,1.857803762528621e-14,8.833263246037878e-12,0.000000000000000e+00,0.000000000000000e+00,0.000000000000000e+00,0.000000000000000e+00,0.000000000000000e+00,0.000000000000000e+00,0.000000000000000e+00,0.000000000000000e+00,0.000000000000000e+00,0.000000000000000e+00,4.678193929786540e-14,8.374540964133779e-17,2.917204565109729e-18,1.558517277310779e-06,1.074288887401879e-05,1.759481450774026e-08,9.588599569024066e-08,6.056033261959512e-08,1.431176118047572e-12,0.000000000000000e+00,0.000000000000000e+00,0.000000000000000e+00,0.000000000000000e+00,0.000000000000000e+00,0.000000000000000e+00,1.069250892632618e-01,5.591163199715194e+03,0.000000000000000e+00,2.143786140554156e+03,1.013249666987145e+05,

4,63
1.222916718840936e-06,5.356030856914026e+00,8.373320795323242e-01,4.999602224127073e-05,4.371162336399277e-04,9.522468592201587e-04,1.180213129242896e-04,3.916127100268519e-04,1.296464502257386e-02,2.131909700121725e-05,1.827791030456125e-01,1.495225065423563e-06,6.678278878713833e-06,7.479710047899305e-07,2.364142767733211e-04,2.694157416823986e-04,2.009265641137886e-05,5.154535176714839e-04,1.484371015384308e-05,9.759438642816917e-07,6.819425255735786e-05,1.437678413741151e-02,2.219736389147691e-02,8.742363112772495e-07,6.506286758357077e-04,2.242401291443985e-05,4.610246369356306e-03,1.009258423506676e-04,4.666398617114374e-04,3.329613941327858e-05,1.137315897964162e-04,1.307330120467826e-07,3.210454944370676e-05,3.765928935266093e-05,1.268317485021556e-05,5.906007481769597e-05,3.182116590393463e-05,4.137080305820276e-05,3.099339990794448e-06,6.510783248545608e-04,1.071436561041340e-05,4.183120448044078e-06,1.153148135508519e-04,1.952184366253236e-05,7.063779042114005e-07,1.729581071807342e-08,2.500433413890006e-06,1.765629373251071e-05,3.033299836126315e-05,1.287917235044491e-05,1.659976146144338e-05,1.690248894352578e-06,4.441451919223899e-04,9.464526666940673e-06,5.259450696251927e-02,1.627306863708218e-03,1.434626055522935e-04,4.440797533023515e-04,6.019583872555258e-01,7.457374615796375e+04,0.000000000000000e+00,2.142380338151759e+03,1.013278484462539e+05,
1.058042313045289e-07,5.711711915312648e+00,1.469320546353229e-01,7.199671775980596e-06,6.941334073076556e-05,5.060068229711334e-04,1.366531969107793e-07,6.110928897892640e-05,1.235467814676979e-02,1.458078009987028e-08,1.323831089583719e-03,8.171011402878252e-11,3.936717120918179e-10,3.434972920580768e-11,1.513484193106410e-09,3.801020354070557e-10,1.129022292827228e-09,2.356395260869874e-09,5.155890359473293e-12,1.764339549665239e-11,1.785280910420164e-11,3.779716727785537e-03,2.360636093562954e-02,1.283202705993419e-10,1.262392333670684e-08,1.658136100174363e-10,5.026343907136645e-09,5.868100570452500e-13,3.018353876600299e-15,4.194354064239680e-09,2.197773591415065e-09,1.152786827158718e-14,3.988330720553860e-12,3.373461932488881e-13,2.738635700520950e-12,9.904516341984341e-14,3.863641790582770e-13,7.855416505137434e-13,1.365072240280008e-14,7.073726585415396e-13,5.172090948708065e-12,1.465837372076878e-17,8.070106885112917e-15,1.395192424460564e-13,3.874820570100979e-17,2.412944010903021e-18,9.323710680749767e-07,6.366518483900096e-06,2.488530448739273e-08,2.837134037403951e-08,1.751147576098929e-08,7.261440142158114e-13,1.593544557569928e-13,1.344896561022595e-12,6.436175697721245e-12,2.854091812678788e-12,1.322223458781157e-12,7.813359154664072e-13,1.053839441492920e-01,7.963811398748988e+03,0.000000000000000e+00,2.346825672214815e+03,1.013250019865751e+05,
1.238077125837540e-07,5.681821055899361e+00,1.490609970452454e-01,1.043145486526532e-05,1.013696199179126e-04,5.936755512141041e-04,1.349614803105487e-07,7.166104279345298e-05,1.235683209906590e-02,2.223716809989182e-08,1.662932907548448e-03,1.375257609953493e-10,5.345800365205232e-10,5.048781650046397e-11,1.905862315120642e-09,4.066579023441385e-10,1.894531771214691e-09,3.233347690199332e-09,7.017957499950812e-12,2.621592759790453e-11,2.357112315983651e-11,4.286808803875243e-03,2.343762527158624e-02,1.766537020343620e-10,1.585305648859840e-08,3.006956373556398e-10,7.242302621572397e-09,7.450487460991453e-13,6.560833420443222e-15,5.185674771217808e-09,2.502466998589943e-09,3.550528746568503e-14,8.805185050992382e-12,9.988196005684619e-13,4.167922847703234e-12,2.553077084941028e-13,9.305298558645260e-13,1.826011187504824e-12,4.113949701860786e-14,1.834279688862335e-12,6.035165791522619e-12,6.102155560717716e-17,3.166919315292849e-14,1.800511918883933e-13,8.352021007533374e-17,4.173753496125198e-18,1.555256953115981e-06,1.071980754507692e-05,3.021375535070673e-08,9.527762034776817e-08,6.016753520174997e-08,1.434672933961656e-12,4.103128697763250e-13,5.047634180974291e-12,7.124551807133755e-12,6.062617258259920e-12,1.750144496482700e-12,1.668470273654594e-12,1.069152260358864e-01,7.930868057436172e+03,0.000000000000000e+00,2.330794341109212e+03,1.013250022347392e+05,
6.583315328459040e-07,5.612179723024450e+00,1.578856659855652e-01,2.882627065275702e-05,2.673437195220501e-04,8.537713798879856e-04,1.921447483754582e-07,1.110664950859842e-04,1.235683215836633e-02,7.265636677735746e-08,2.874213635154796e-03,1.971420817021106e-10,5.625016503829372e-10,5.856717074418270e-11,1.942911883231921e-09,3.974168791351998e-10,6.949583291534507e-09,3.487939086433895e-09,7.374423229242404e-12,3.085725081246594e-11,2.454978952631579e-11,5.940564922384132e-03,2.304715252768096e-02,1.858941737867650e-10,1.604222526121023e-08,5.186823517078471e-10,8.142463527187865e-09,3.959367648500488e-12,3.649269400877099e-14,5.204495733914933e-09,2.489305936564683e-09,2.021572008357802e-13,2.227514560634642e-11,3.592865998230482e-12,4.190476087534835e-12,2.928306662438485e-12,4.465905720256304e-12,1.271261204356201e-11,3.216761443875567e-13,9.003720195003747e-12,1.001750452173366e-11,1.714047309015549e-15,1.416626198818789e-12,1.790861363431617e-13,1.175839050215862e-16,4.535512978002625e-18,2.500298083718778e-06,1.765346868833263e-05,3.028084883941924e-08,1.615778342943308e-06,1.099023629968241e-06,3.699357874949040e-12,7.126227255760932e-12,1.115129615742915e-11,1.255062055321267e-10,8.874886532283482e-11,3.384421423428694e-11,2.466461064241268e-11,1.132648431618829e-01,7.832736354162078e+03,0.000000000000000e+00,2.291052616584745e+03,1.013250267924319e+05,

