1
0
63
1
(4 0
((0,0) (15,255) (0,0))
((0,768) (15,1023) (0,0))
((0,512) (15,767) (0,0))
((0,256) (15,511) (0,0))
)
4
FabOnDisk: SD_0_New_MF_D_0003 0
FabOnDisk: SD_0_New_MF_D_0000 0
FabOnDisk: SD_0_New_MF_D_0001 0
FabOnDisk: SD_0_New_MF_D_0002 0

4,63
-1.447730799474573e-06,2.116206935117178e+00,1.579853308567304e-01,1.385824403700284e-22,4.217293599818445e-21,1.152121214474113e-16,3.375920345181593e-11,7.043703215043195e-08,7.784484568931322e-09,1.365148103570399e-11,2.886013819755299e-03,0.000000000000000e+00,2.830573153892657e-27,1.876586422669680e-28,4.593479415020749e-13,1.005899636290903e-10,1.446413174605596e-22,2.485417727416671e-11,1.091991978777087e-16,3.819373364915421e-28,2.686870157732666e-12,2.082727128157498e-09,1.270759122625755e-10,1.678283234217607e-33,1.544506008145816e-11,3.505576065241536e-25,1.495789276500226e-10,0.000000000000000e+00,0.000000000000000e+00,4.426944382878354e-27,1.191871212884050e-12,3.362212960011086e-20,4.203807029762250e-23,2.477226901255369e-13,0.000000000000000e+00,0.000000000000000e+00,0.000000000000000e+00,0.000000000000000e+00,0.000000000000000e+00,0.000000000000000e+00,0.000000000000000e+00,0.000000000000000e+00,0.000000000000000e+00,1.682327366347513e-15,1.101960823583502e-16,2.571220797879858e-18,4.891245981933302e-16,1.582840366555504e-16,6.524384609443370e-15,1.513706011283633e-15,2.727467271423159e-15,6.320534014955088e-32,0.000000000000000e+00,0.000000000000000e+00,0.000000000000000e+00,0.000000000000000e+00,0.000000000000000e+00,0.000000000000000e+00,1.133362721746720e-01,3.746407383642933e+03,0.000000000000000e+00,4.430000424982740e+02,1.013177360000074e+05,
-9.001533031214516e-08,5.685358387885938e+00,1.460935738664119e-01,6.120821631527055e-06,5.844552006109429e-05,4.697584200064136e-04,1.349709810914625e-07,5.710246447284083e-05,1.235245596564042e-02,1.212602431554692e-08,1.185630084311950e-03,5.148508076763405e-11,2.726892576166487e-10,2.304707495193128e-11,1.090603771017064e-09,2.986534092261411e-10,8.747217885373400e-10,1.633786807832045e-09,3.560046419601406e-12,1.177501504097765e-11,1.254401202532666e-11,3.572949079908600e-03,2.343855946931294e-02,8.783355581361878e-11,9.060838095384917e-09,1.006921386643174e-10,3.377773644408068e-09,0.000000000000000e+00,0.000000000000000e+00,3.005565846091983e-09,1.627728106831386e-09,1.605794103545207e-15,2.192694544861909e-12,0.000000000000000e+00,3.695354469144840e-13,2.846744384773805e-15,0.000000000000000e+00,0.000000000000000e+00,0.000000000000000e+00,0.000000000000000e+00,0.000000000000000e+00,0.000000000000000e+00,0.000000000000000e+00,7.861880329304124e-14,1.751809047541760e-17,1.203155255846856e-18,5.904536076415351e-07,4.015902377697387e-06,1.803223630735226e-08,1.342333468538692e-08,8.208431392068379e-09,4.271504235941171e-13,0.000000000000000e+00,0.000000000000000e+00,0.000000000000000e+00,0.000000000000000e+00,6.776452975157754e-14,0.000000000000000e+00,1.047799732626933e-01,7.927344899635728e+03,0.000000000000000e+00,2.330884212005276e+03,1.013249978161689e+05,
-1.202794596773336e-07,5.615965094503665e+00,1.469372795326911e-01,7.206814168663166e-06,6.948523930723646e-05,5.062320483193810e-04,1.327223755863934e-07,6.113497020562881e-05,1.235468838632831e-02,1.459715796519250e-08,1.324685116913178e-03,8.186223779026496e-11,3.941610557227571e-10,3.439460969009002e-11,1.514565711057472e-09,3.803629688313698e-10,1.130639788285023e-09,2.359295055577496e-09,5.161166100578270e-12,1.766372137381548e-11,1.786968962209904e-11,3.780999926361049e-03,2.304927791000750e-02,1.285158445910067e-10,1.263954183063412e-08,1.660889180195549e-10,5.028645315897264e-09,0.000000000000000e+00,0.000000000000000e+00,4.199678678577927e-09,2.200107875848544e-09,3.366661485886645e-15,3.997817692156331e-12,0.000000000000000e+00,6.732615483017962e-13,0.000000000000000e+00,0.000000000000000e+00,0.000000000000000e+00,0.000000000000000e+00,0.000000000000000e+00,0.000000000000000e+00,0.000000000000000e+00,0.000000000000000e+00,1.398055237455710e-13,3.888029962298149e-17,2.419738981611399e-18,9.342857538893374e-07,6.379747334410887e-06,2.491579485991270e-08,2.848079096954372e-08,1.758004575163879e-08,7.273672921192827e-13,0.000000000000000e+00,0.000000000000000e+00,0.000000000000000e+00,0.000000000000000e+00,0.000000000000000e+00,0.000000000000000e+00,1.053877038365078e-01,7.833866151987566e+03,0.000000000000000e+00,2.291287477454072e+03,1.013249974659267e+05,
-9.598760168904459e-07,5.361661344341611e+00,1.490755186457458e-01,1.045532692288331e-05,1.016021078719911e-04,5.942363172544584e-04,1.327348922975946e-07,7.173189797827629e-05,1.232138418501253e-02,2.229562709979703e-08,1.665174383354282e-03,1.378022690005314e-10,4.094316914704385e-10,5.054522739907985e-11,1.370901355568682e-09,1.949127593440074e-10,1.900248562414852e-09,2.829677485360785e-09,5.383031502519941e-12,2.624197551506529e-11,1.918856407869764e-11,4.290105106294979e-03,2.220058949277039e-02,1.293513628904482e-10,1.054793853760451e-08,3.014502741407116e-10,6.797855701337684e-09,0.000000000000000e+00,0.000000000000000e+00,2.930761115645433e-09,1.167748603902599e-09,2.200559616883315e-14,8.836772933121850e-12,0.000000000000000e+00,0.000000000000000e+00,0.000000000000000e+00,0.000000000000000e+00,0.000000000000000e+00,0.000000000000000e+00,0.000000000000000e+00,0.000000000000000e+00,0.000000000000000e+00,0.000000000000000e+00,4.680891873444752e-14,8.376211430099228e-17,2.918087401055095e-18,1.558749926658727e-06,1.074452831089636e-05,1.758470627049211e-08,9.592432688856863e-08,6.058504871622995e-08,1.433981975011995e-12,0.000000000000000e+00,0.000000000000000e+00,0.000000000000000e+00,0.000000000000000e+00,0.000000000000000e+00,0.000000000000000e+00,1.069256755411292e-01,5.586349816347547e+03,0.000000000000000e+00,2.143686439183889e+03,1.013249703810042e+05,

4,63
9.561960541018749e-07,5.359264044601398e+00,8.373320985941530e-01,5.000373084474365e-05,4.369256959929174e-04,9.521212893974821e-04,1.179681957749600e-04,3.919703326399111e-04,1.296522295590554e-02,2.131969726386520e-05,1.827791075834875e-01,1.499400666876191e-06,6.678929177764765e-06,7.494891884909812e-07,2.365387423186372e-04,2.695732333466219e-04,2.008379397978285e-05,5.151272083912193e-04,1.485476175868496e-05,9.761581834957126e-07,6.819671307394329e-05,1.438006989861285e-02,2.219797038389112e-02,8.761243234893049e-07,6.510632045251801e-04,2.239313156646748e-05,4.608494056493709e-03,1.012652191946085e-04,4.668180094127038e-04,3.332882944977312e-05,1.136190939783996e-04,1.309374658428918e-07,3.213864992581045e-05,3.765540395117189e-05,1.268366367707701e-05,5.910318094856514e-05,3.180483670538269e-05,4.133374042968956e-05,3.097482777903734e-06,6.511058353769365e-04,1.072675194605954e-05,4.202632432443479e-06,1.153638115054349e-04,1.953515813722446e-05,7.075880776942809e-07,1.731291990128684e-08,2.500542299426722e-06,1.765709221514534e-05,3.032909605288989e-05,1.287469838445949e-05,1.659506849228816e-05,1.685037731803529e-06,4.436619260961353e-04,9.438889736097141e-06,5.259450818848085e-02,1.629581424185009e-03,1.436745540890924e-04,4.446487447174963e-04,6.019584020377345e-01,7.454835645919897e+04,0.000000000000000e+00,2.142279773535177e+03,1.013279073029940e+05,
1.122103633835613e-07,5.715085252311810e+00,1.469322932205563e-01,7.199989597956503e-06,6.941657074995302e-05,5.060169020888889e-04,1.366530621688334e-07,6.111041333875574e-05,1.235467803387190e-02,1.458151629572159e-08,1.323870518203063e-03,8.171907052835587e-11,3.937046224139727e-10,3.435275610076507e-11,1.513560049794669e-09,3.801238760039133e-10,1.129100835967021e-09,2.356613910024087e-09,5.156283619465044e-12,1.764482664762031e-11,1.785429045963987e-11,3.779775414164866e-03,2.360632220579669e-02,1.283330226758321e-10,1.262502630275403e-08,1.658329975837642e-10,5.026838502889496e-09,7.588924409268811e-13,2.900236457959012e-15,4.194712763402903e-09,2.197939332656619e-09,1.193126983453221e-14,3.988938803162619e-12,3.545760483376696e-13,2.729482114401017e-12,9.940153153580563e-14,3.810113359174974e-13,8.236233057616647e-13,1.377749026259445e-14,7.393819830779812e-13,4.753869735362777e-12,1.483119031061375e-17,8.330212126802765e-15,1.395392199540822e-13,3.875610083201923e-17,2.413370514338391e-18,9.324809754455467e-07,6.367275934224758e-06,2.488731338837152e-08,2.837697696960111e-08,1.751500048078211e-08,7.262301686637652e-13,1.908240954025753e-13,2.356515546710552e-12,6.223746766788821e-12,2.747940573956012e-12,1.318238247409904e-12,7.551414758898779e-13,1.053841154850006e-01,7.963871339775321e+03,0.000000000000000e+00,2.346823469992780e+03,1.013250019741860e+05,
1.282216796949348e-07,5.685192261204735e+00,1.490618079188602e-01,1.043276117635380e-05,1.013824417015831e-04,5.937063706831010e-04,1.349610781637723e-07,7.166486945901731e-05,1.235682833409555e-02,2.224038771861274e-08,1.663058527003013e-03,1.375520875951136e-10,5.346445851784071e-10,5.049537863183889e-11,1.906113393900318e-09,4.066681979738070e-10,1.894875353650950e-09,3.233778785149369e-09,7.019026753381913e-12,2.622073909162441e-11,2.357453627027027e-11,4.286991140590881e-03,2.343757869691723e-02,1.766718570053450e-10,1.585427640165022e-08,3.007620650322777e-10,7.243895675173725e-09,5.028395677551301e-13,6.328019210862327e-15,5.185963894871827e-09,2.502532122125517e-09,3.576712907799397e-14,8.807857250616255e-12,9.908356686940738e-13,4.238398476854274e-12,2.123039490931881e-13,6.603223575353847e-13,1.535941620105532e-12,3.996077875478439e-14,1.881394834761423e-12,4.949706749984403e-12,6.023616971892409e-17,3.103049070919567e-14,1.800599856440531e-13,8.353780095926526e-17,4.174313241337325e-18,1.555488874950547e-06,1.072144157817791e-05,3.021488656088803e-08,9.531556758925447e-08,6.019199949740309e-08,1.435021514500011e-12,3.516701446969326e-13,6.300620508051178e-12,7.549258721718851e-12,5.996684486278583e-12,1.268864485631263e-12,1.655106666638533e-12,1.069158083594821e-01,7.930864293006009e+03,0.000000000000000e+00,2.330789812390281e+03,1.013250023239969e+05,
8.582250373067394e-07,5.615537934880059e+00,1.578928169593057e-01,2.884081988547104e-05,2.674647727015110e-04,8.538747188848608e-04,1.922188983099823e-07,1.110880089496378e-04,1.235682835486227e-02,7.269848503813825e-08,2.874892785355485e-03,1.972710012259429e-10,5.625212233193188e-10,5.856966386537602e-11,1.943846192210219e-09,3.974238346164032e-10,6.954286401966287e-09,3.488647132017936e-09,7.374641936187317e-12,3.086612946009827e-11,2.455087602106002e-11,5.941592189077770e-03,2.304702572686878e-02,1.859014461416598e-10,1.604268785196113e-08,5.186478986001403e-10,8.145570514538825e-09,4.602323350346045e-12,3.065521602107761e-14,5.204730696494960e-09,2.489326826077729e-09,2.068433372496326e-13,2.227863132857102e-11,4.006372593780584e-12,3.978182044823208e-12,1.759574571395686e-12,2.273270998206853e-12,6.259804220217402e-12,3.821329787206368e-13,9.500404408086667e-12,1.506311750526187e-11,2.451374175510344e-15,8.788930841479784e-13,1.790908527332981e-13,1.175923588513286e-16,4.535813078900077e-18,2.500415594995807e-06,1.765441064086509e-05,3.028168631691982e-08,1.618243311159035e-06,1.100743412147608e-06,3.692815794769198e-12,3.406310223238251e-12,7.429051064908168e-12,1.225202470282273e-10,3.899381149356519e-11,1.796233282705731e-11,1.076505311290074e-11,1.132698961650632e-01,7.832664092391422e+03,0.000000000000000e+00,2.291037887471706e+03,1.013250245845417e+05,

