1
0
56
1
(4 0
((0,0) (15,255) (0,0))
((0,768) (15,1023) (0,0))
((0,512) (15,767) (0,0))
((0,256) (15,511) (0,0))
)
4
FabOnDisk: SD_5_New_MF_D_0003 0
FabOnDisk: SD_5_New_MF_D_0000 0
FabOnDisk: SD_5_New_MF_D_0001 0
FabOnDisk: SD_5_New_MF_D_0002 0

4,56
-7.658091547104147e+00,-1.587899448019493e+01,-2.581672908098732e+01,-6.040310560380781e+00,-8.103223455056025e+00,-8.405276532258846e+00,-1.151788075087850e+00,-6.304063862842695e+02,-2.691760043442713e-01,-7.920209259044567e-01,-8.998106026212181e-02,-1.380384295486569e+01,-1.254869873182262e+01,-1.372400813110581e+00,-9.399624667301072e+00,-4.564682902582000e-01,-7.144805141800982e-02,-2.785095677671662e+00,-1.326741232286483e+02,2.122664565819277e-18,-9.682628541012782e-02,-4.972181630642503e+01,-1.846791452071497e+00,-2.022503867742556e+02,-7.696794278081772e+00,-2.462235823770649e+01,-4.606467989263742e+00,-2.841107934495141e+00,-9.002662482603830e-03,-2.020861755363707e+00,-1.588507572686376e+00,-9.453532526852636e-01,-3.854265686241376e+00,-2.255003958980527e+00,-3.248486439294492e+00,-2.204497075355991e-01,-3.285815849862371e+01,-4.723702797746061e-01,-3.214131150307238e-01,-8.632551011448122e+00,-1.014991390604014e+00,-1.679092333333473e-02,-6.931572445026464e-04,-8.474129137332040e-02,-1.770677382244726e-01,-2.138635867555323e+00,-7.021350791506537e-02,-4.139238224309245e-01,-1.350675432657527e-01,-2.485453433452248e+01,-4.631511997990282e-01,-5.892016620634515e+02,-8.951746574103289e+01,-9.541333490448109e+00,-2.484125061159835e+01,-3.517470759106800e-10,
-4.075459807118272e-03,-2.999977710980803e-02,-8.840627490379921e-02,1.221315338574538e-07,-1.100712283452627e-02,1.036401619462488e-01,-6.684556341610763e-06,-3.359232261612330e-01,-9.603759044358153e-08,-3.991870554122915e-07,-5.058888098794169e-08,-4.108500994071411e-06,-2.804139163306912e-07,-6.752750949127412e-07,-2.529853633063192e-06,-7.502711992131931e-09,-2.915467240910380e-08,-2.426863951127716e-08,-4.774716555088510e-01,2.614943837100558e-01,-9.135629745079773e-08,-9.094136723549350e-06,-3.134138845406156e-07,-1.385320212548932e-05,-3.043661628792364e-06,-5.889656111634866e-09,-3.868379527931578e-06,-1.273642257622287e-06,-1.206546649102203e-08,-7.183098801729992e-09,-9.754485782807788e-07,-5.564129318716048e-07,-2.726901097249853e-08,-1.862776540839835e-07,-3.896400789947307e-07,-8.885994755721148e-09,-6.113305028068823e-07,-8.035358910602198e-06,-1.376329460582507e-11,-5.152070522487628e-09,-1.049796546029410e-10,-4.986602997719521e-14,-2.498032864925663e-15,-7.196930040472042e-04,-4.978908058641776e-03,-1.278353671108239e-05,-4.349853596137489e-05,-2.728055217812974e-05,-1.929180299426774e-09,-7.227566845139174e-08,-3.965015850372711e-06,-4.213166922558838e-06,-7.435600980985722e-07,-5.026368873691689e-07,-2.080831768565216e-07,-4.356438820796171e-11,
-1.227629854638716e-02,-9.196374750700016e-02,-2.018692137426660e-01,3.112925075191260e-06,-2.882368619816554e-02,1.834335436431836e-01,-2.263295326919676e-05,-8.165623745375367e-01,-1.907886288683853e-07,-5.999353862071840e-07,-1.337083828974424e-07,-5.355687051827583e-06,-1.628780767979820e-07,-2.253227485577929e-06,-4.353475936865401e-06,-1.311206820184509e-08,-6.391876848717984e-08,-4.370984639046297e-08,-1.129661906370959e+00,7.716941417707462e-01,-1.058562365725595e-07,-8.222554056962077e-06,-6.863181283484225e-07,-2.368247448567752e-05,-8.295059068899028e-06,-7.672024813095907e-09,-2.154162124111001e-06,-9.104778008168209e-07,-3.800577639748352e-08,-1.979321623413725e-08,-2.456407075233356e-06,-4.548872847630363e-07,-1.314993761904613e-07,-5.183564589224208e-07,-8.052645920038269e-07,-3.699390616640120e-08,-1.269596789724423e-06,-8.974312381665307e-06,-8.613385790756260e-11,-4.367299748193897e-08,-1.006612208491264e-10,-8.128610502007156e-14,-2.699451227625474e-15,-1.197004842894883e-03,-8.504310506834841e-03,-1.062527539115270e-05,-2.478616924277361e-04,-1.602915231542969e-04,-7.949246940923665e-09,-3.453209728749923e-07,-4.343895701696718e-06,-8.114021305188944e-06,-4.332402451370430e-06,-9.711061600026356e-07,-1.197546417735288e-06,-3.950073601544091e-11,
-1.491787260149885e-01,-7.543933323233317e-01,-5.395505094124319e-01,-4.950577867197826e-04,-1.427447939084102e-01,4.850828914537851e-01,-2.639306269917206e-04,-3.870490373004369e+00,-9.673919304548031e-07,-1.719050035314028e-06,-4.457935309455730e-07,-4.199582587828719e-05,-6.425108356756651e-07,-2.683158083221744e-05,-1.838314654257533e-05,-6.129228206219120e-08,-3.244757423992054e-07,-2.137506848818930e-07,-4.390435753735398e+00,1.815452108303646e+00,-9.300279711560719e-08,-5.503677711960300e-06,-6.540089369476282e-06,-2.410533664712400e-04,-1.009058369946443e-05,-3.195572943555626e-08,-4.764276803820302e-07,3.547805869052728e-07,-1.649335054188977e-07,-1.593795173963351e-07,-6.737968690706169e-06,-1.186842932317274e-06,-1.098143379028038e-06,-4.091462248282809e-06,-2.455531294314364e-05,-9.095177310856265e-07,-2.636177647552587e-05,-3.734529672756253e-05,-3.634699394977766e-09,-3.515490619711085e-06,-4.785733239124710e-10,-1.685292842548787e-12,-4.465376264929767e-14,-1.408647777901033e-03,-1.038543155977019e-02,6.310763163185087e-07,-1.414836710583828e-02,-9.873926197420176e-03,-8.349315874608684e-07,-2.174384401040717e-05,-7.631687716281263e-06,-2.462434667806597e-04,-1.982672383337885e-04,-2.961485276545151e-05,-5.535560131053297e-05,-1.714730579749357e-10,

4,56
5.671660331608726e+00,2.900842307856340e+01,4.325103885287496e+01,7.524433528472215e+00,1.352348020477571e+01,3.119563745683647e+02,6.261777105370874e-01,7.810863976942528e-06,6.434500270929537e-01,1.411376547874991e+00,1.641594545695460e-01,2.604496936631568e+01,1.599055992146378e+01,1.917169798133493e+00,1.555358950086102e+01,4.209094743531919e-01,1.318167750983796e-01,2.744338968145722e+00,4.613771968070401e+02,2.804253118046087e+02,2.068065796821457e-01,6.102054785184689e+01,3.917088059000546e+00,2.983499580404051e+02,1.295801054029447e+01,2.595689925710636e+01,8.646097320151927e+00,3.515346718341150e+00,1.591860818824420e-02,3.806207961169742e+00,2.356816165348989e+00,1.092143536523955e+00,3.949837713463646e+00,2.334921265340821e+00,3.894002698987854e+00,1.992369583856060e-01,3.458253267836238e+01,1.035787536629484e+00,5.821473029381129e-01,7.920325793396379e+00,1.564400775407510e+00,4.396591327803433e-02,1.126101450507123e-03,7.583253332503537e-02,4.027364716974743e-01,2.464774010489591e+00,4.743605210334820e-01,7.023720545919578e-01,1.838191581316287e-01,1.623759808428440e+01,7.560941388977781e-01,1.074607497027171e-01,8.898796348019907e+01,1.457680925215884e+01,2.488571873274854e+01,3.398668013687711e-10,
-1.911511351748843e-03,-1.158590930767173e-02,-3.202190482111918e-02,6.392273542008966e-06,-5.916703812330565e-03,1.828623427020531e-01,-1.708955299741713e-06,-1.547477644013528e-01,-3.655524073414293e-08,-1.402813400957210e-07,-2.135653878115513e-09,9.853299879272351e-07,-6.857067869766224e-08,-1.802231300418327e-07,-9.193780113537341e-07,-8.880428180180239e-10,-2.617504541245314e-09,-4.613749276708661e-09,-1.588652681920698e-01,7.694052975744597e-01,-5.556129146855046e-08,-4.922863127295628e-06,-4.104655651635519e-08,1.443671903741176e-06,1.397124088979660e-06,1.707179111914415e-09,-1.652037001631182e-06,-7.343869629656055e-07,4.775792325634445e-09,-1.504938709336665e-09,6.107988434355595e-08,6.089253533833802e-07,1.063638518200360e-07,5.684577460337280e-07,1.420731770683455e-06,2.482493641555074e-08,1.389673936227190e-06,9.693148714142092e-06,2.817393901994145e-11,1.452067265421557e-08,-9.205939426682036e-11,-2.222532777480372e-14,-1.498037877394578e-15,-4.523837390981364e-04,-3.083154370745167e-03,-1.063295128174352e-05,-1.169752607469688e-05,-7.166620500306778e-06,6.656490669387133e-09,4.429308729293553e-07,5.099787347153021e-06,1.347727491181298e-05,6.028068363365510e-06,8.443793455494916e-07,1.673655040107924e-06,4.490402494283785e-11,
-3.676877547953010e-03,-3.010526126776219e-02,-8.865521154699665e-02,7.539684022844521e-06,-1.104245409987768e-02,4.828594906347956e-01,-6.710443094812045e-06,-3.369353395438815e-01,-5.072512238739762e-08,-4.145126415109627e-08,1.507810164898486e-08,2.175711084647949e-06,1.469251025450746e-07,-6.291868832945276e-07,-3.713700748536316e-07,4.081297987285441e-10,2.056026097154817e-09,1.074433874323107e-09,-4.789049386832107e-01,1.808432874973253e+00,-3.573196518245907e-08,-5.809704318685417e-07,-3.606896767231298e-08,4.147150516101786e-06,2.581650022670710e-06,3.936858321189343e-09,2.142649296407648e-07,5.862818557268705e-07,1.305806113626773e-08,-3.136435189452000e-09,2.547406889233883e-07,8.217274712524349e-07,3.478305430726655e-07,1.058840920170483e-06,2.878544768502627e-06,8.252892002447494e-08,4.414029897273668e-06,1.239894028662662e-05,1.685956449388399e-10,6.513414442466395e-08,5.669645602808239e-11,-4.978998596878266e-14,-1.810556798200452e-15,-7.210902525393270e-04,-4.988923832221386e-03,5.942965607280282e-07,-4.372523523897478e-05,-2.742508521545971e-05,1.603754304706416e-08,8.258157238685142e-07,1.426351362333031e-05,1.540346582054593e-05,1.282061457222524e-05,2.411797554925400e-06,3.556626285253504e-06,4.600753111816402e-11,
-1.234853942178146e-02,-9.246224921335890e-02,-2.026027255988090e-01,3.029723437891317e-06,-2.895423204725168e-02,2.910082409241258e+00,-2.277071313535805e-05,-8.199284982523842e-01,2.710819634727238e-06,7.517178143077270e-06,1.141375713758481e-06,7.639393935787210e-05,3.297988798553099e-06,-1.936222461050956e-06,5.997778780679144e-05,1.893797312615519e-07,9.626639277161499e-07,6.650320691664601e-07,-1.134079505879233e+00,6.949929930925760e+00,8.018604517225150e-07,6.946405793064223e-05,8.967170270409055e-06,2.817327944559434e-04,8.243746968440480e-06,2.257370507806748e-08,1.525146396257003e-05,6.625783533612217e-06,9.148405441272290e-08,3.343974606558526e-07,3.060709118787219e-06,2.580471989628303e-06,1.651593640257853e-06,3.043727515050757e-06,1.157634426435278e-05,8.034304438491009e-07,2.038410339663887e-05,3.349017990961526e-05,5.059677526899172e-09,1.693907153713815e-06,3.683078085706525e-10,1.951225644732638e-13,1.024776929941075e-14,9.940847230565770e-04,6.868701017633846e-03,6.214585053814487e-05,-2.501499350055593e-04,-1.618010063607843e-04,3.255283765485138e-07,7.672182602070436e-06,1.553915092611537e-05,2.632596557315451e-04,5.225441841912513e-05,1.461570731887188e-05,1.453805571308167e-05,1.979199026891365e-10,

