1
0
56
1
(4 0
((0,0) (15,255) (0,0))
((0,768) (15,1023) (0,0))
((0,512) (15,767) (0,0))
((0,256) (15,511) (0,0))
)
4
FabOnDisk: SD_5_Old_MF_D_0003 0
FabOnDisk: SD_5_Old_MF_D_0000 0
FabOnDisk: SD_5_Old_MF_D_0001 0
FabOnDisk: SD_5_Old_MF_D_0002 0

4,56
-7.649765386654447e+00,-1.593204060624551e+01,-2.575243288715698e+01,-6.024951620515465e+00,-8.105621099146912e+00,-8.394146293321114e+00,-1.152264802811726e+00,-6.307102230765806e+02,-2.682505105552507e-01,-7.911808814621784e-01,-9.044347001277750e-02,-1.380192996637562e+01,-1.250731123132804e+01,-1.378704636453307e+00,-9.420912163589485e+00,-4.561308174201000e-01,-7.154491864660423e-02,-2.784700037036319e+00,-1.325969654963515e+02,2.266660166852508e-18,-9.752474963123157e-02,-4.977721829194084e+01,-1.851548955071720e+00,-2.027093312644508e+02,-7.635837023461472e+00,-2.464316841205236e+01,-4.615562432825457e+00,-2.839900528125215e+00,-9.013435713287967e-03,-2.023494183322618e+00,-1.589801903844293e+00,-9.495129026443926e-01,-3.845371527250989e+00,-2.249408475210962e+00,-3.238386076991341e+00,-2.203759107891936e-01,-3.284576172188572e+01,-4.734454521830130e-01,-3.205597508973281e-01,-8.639232951038309e+00,-1.013197585431791e+00,-1.678005616528904e-02,-6.936723705860356e-04,-8.445008955223880e-02,-1.797184374665695e-01,-2.139845626896081e+00,-7.022760179639750e-02,-4.125771968827352e-01,-1.338714640057731e-01,-2.470343508049431e+01,-4.580611389976314e-01,-5.922831186645658e+02,-8.879502717303266e+01,-9.603544510377723e+00,-2.467128010934500e+01,-4.753815119329374e-10,
-4.076652139202901e-03,-2.999481433262037e-02,-8.839402836258013e-02,1.222853018858601e-07,-1.100625079929321e-02,1.036169816057998e-01,-6.683090682241212e-06,-3.358600103150062e-01,-9.922757224420799e-08,-4.033861709636039e-07,-4.976708262812903e-08,-4.335538289326699e-06,-2.841785703131675e-07,-6.715298817231984e-07,-2.488264247327411e-06,-7.367768306343467e-09,-2.851209279328642e-08,-2.391615990032705e-08,-4.773540288301896e-01,2.613025536309029e-01,-9.026267204825220e-08,-9.021818743928344e-06,-2.898244891338417e-07,-1.270012897368790e-05,-2.922529393237499e-06,-4.582252591463842e-09,-3.835073018154812e-06,-1.257582347153441e-06,-1.287670969416417e-08,-6.983702689028453e-09,-9.803265617895442e-07,-4.685652374515774e-07,-2.620812815932836e-08,-1.925123709948979e-07,-4.648010772288436e-07,-8.737207276311856e-09,-5.993359328808883e-07,-7.180075297058878e-06,-1.431415797429582e-11,-5.937872887168129e-09,-1.036288262253759e-10,-4.982577348967822e-14,-2.496160970398165e-15,-7.196073486420728e-04,-4.978295284713686e-03,-1.278338692219879e-05,-4.348491032959131e-05,-2.727180069561713e-05,-1.861569494800787e-09,-7.777381862439099e-08,-2.837943805345007e-06,-4.066480130118272e-06,-7.839710695881274e-07,-3.912310739472144e-07,-2.188435444996237e-07,-4.131502084891991e-11,
-1.227347383705266e-02,-9.193424352349680e-02,-2.018245176569670e-01,3.119860188541991e-06,-2.881681307364918e-02,1.834222435697155e-01,-2.262437549802024e-05,-8.163421946262359e-01,-1.971852248090713e-07,-6.508232568444104e-07,-8.649492658831932e-08,-6.006869172066820e-06,-1.630878654293139e-07,-2.240678909887650e-06,-4.782526842496371e-06,-1.365510646546876e-08,-5.948178437944905e-08,-4.794576089189886e-08,-1.129331785575466e+00,7.715038396348501e-01,-1.065345082936939e-07,-8.308657194767867e-06,-6.434937824058246e-07,-2.228363929593995e-05,-8.980204138796660e-06,-8.188992703427986e-09,-2.109727885347515e-06,-8.902753693633704e-07,-4.149746819570414e-08,-1.806256400991695e-08,-2.666943226128005e-06,-5.182895874612296e-07,-8.253231073277471e-08,-4.150419257606729e-07,-1.285111347546396e-06,-4.128905899091913e-08,-1.399682795740017e-06,-8.976279502512142e-06,-1.004810630241733e-10,-4.452532161750115e-08,-9.990697575115752e-11,-8.123999449814417e-14,-2.702731428802438e-15,-1.196846444579898e-03,-8.503087412848940e-03,-1.062707289327701e-05,-2.477128148165177e-04,-1.601935229673228e-04,-7.699432899385286e-09,-3.348844739948461e-07,-5.078142519512973e-06,-5.634164517352877e-06,-6.255567796575860e-06,-1.017013133781608e-06,-1.735252244014056e-06,-4.382993967766424e-11,
-1.489370389015119e-01,-7.541711432472782e-01,-5.400844674701160e-01,-4.944687195056318e-04,-1.425389316212458e-01,4.849702999777100e-01,-2.637457520812728e-04,-3.867606964937461e+00,-8.225068945344602e-07,-1.667526867147520e-06,-5.399722112291065e-07,-4.399040453083040e-05,-7.702039244506246e-07,-2.675325473043760e-05,-1.950508648601781e-05,-5.797606334831451e-08,-3.516204196565861e-07,-2.205601027784943e-07,-4.391820379833969e+00,1.814913990163852e+00,-9.074273487947882e-08,-5.417944151990615e-06,-5.837672953290719e-06,-2.266779727647693e-04,-9.250407577430254e-06,-4.467724890130805e-08,-4.679748925881588e-07,3.374531662001659e-07,-2.483406793315189e-07,-1.676726491655092e-07,-9.021079615842945e-06,-1.454205745256479e-06,-1.917396822103503e-06,-5.404383894256200e-06,-1.847833184932626e-05,-4.744087524669680e-07,-1.340307546065054e-05,-2.072395409760432e-05,-2.886723570113997e-09,-1.167673921727975e-06,-4.605451567488252e-10,-1.625497382783630e-12,-4.313149509628747e-14,-1.408590245333367e-03,-1.038515447920357e-02,6.091763109808419e-07,-1.412220463337266e-02,-9.855289884880158e-03,-4.673001467679195e-07,-1.280150047054403e-05,-8.802124468561678e-06,-2.627152608362133e-04,-9.603566119499365e-05,-2.965234975324897e-05,-2.681511220002486e-05,-2.477356098040673e-10,

4,56
5.665435378768451e+00,2.903884144151606e+01,4.326909328498328e+01,7.481687865478563e+00,1.351671120999475e+01,3.123636164501834e+02,6.255055760142033e-01,7.624716413801025e-06,6.477544375197646e-01,1.416200574801754e+00,1.625062951654486e-01,2.602614481662041e+01,1.593768001148850e+01,1.905672525165752e+00,1.557641025453390e+01,4.223877551830119e-01,1.318657851657191e-01,2.741131289931010e+00,4.617405925787319e+02,2.804169147646124e+02,2.082800588619280e-01,6.104527154068587e+01,3.912327812323218e+00,2.959611128341563e+02,1.299095088112642e+01,2.580150352503989e+01,8.567596701094480e+00,3.518315335661150e+00,1.578892002967817e-02,3.821543214573736e+00,2.366368592662051e+00,1.090410909044865e+00,3.938375529280751e+00,2.341890274653749e+00,3.852341797428289e+00,1.988691118470103e-01,3.475117964995081e+01,1.046203790099927e+00,5.708012496728467e-01,7.873678367525905e+00,1.561777993596513e+00,4.400770863927340e-02,1.126840521618052e-03,7.502574098605190e-02,4.013732710602372e-01,2.442427938577227e+00,4.758733251634886e-01,7.013157981754550e-01,1.799079092512398e-01,1.631782988504464e+01,7.583191045814858e-01,1.124655044078211e-01,8.978497233008304e+01,1.447260442416440e+01,2.511358575359515e+01,4.201865522190928e-10,
-1.909931445582807e-03,-1.158382825211146e-02,-3.201527772189403e-02,6.392237022026500e-06,-5.918193660488855e-03,1.828502031855831e-01,-1.708207028925653e-06,-1.547035562574615e-01,-3.624811543432871e-08,-1.368902170707832e-07,-2.534126202228175e-09,8.458824267196510e-07,-6.733933035532004e-08,-1.823836393192610e-07,-8.784656646460896e-07,-1.015511316025840e-09,-3.107054159170206e-09,-4.622011320471906e-09,-1.587439927750101e-01,7.692180057240637e-01,-5.701837895288921e-08,-4.968689179274537e-06,-2.899551504405085e-08,1.680476105770239e-06,1.072882975768373e-06,1.612131487387269e-09,-1.673357052887785e-06,-7.686265805672346e-07,4.147867175307106e-09,-1.473502771664348e-09,5.373253291087783e-08,5.512840990243401e-07,1.102689770621487e-07,5.769832348038971e-07,1.395516112898776e-06,2.314151395921515e-08,1.273592999668652e-06,1.032770824798788e-05,2.561524002830422e-11,1.466146058723953e-08,-9.198494355675332e-11,-2.228022950312825e-14,-1.499995870026129e-15,-4.523421160529724e-04,-3.082821978977974e-03,-1.063389746258812e-05,-1.169417609540285e-05,-7.164518884217392e-06,4.538894631830756e-09,3.056639873244991e-07,4.349309396146529e-06,1.305352296604541e-05,4.941976537390581e-06,8.248881330993725e-07,1.370620793311060e-06,4.696887323518695e-11,
-3.677212398118963e-03,-3.010116963920638e-02,-8.864389691149098e-02,7.539878981511708e-06,-1.104148343863832e-02,4.827478808134958e-01,-6.708899733289318e-06,-3.368719036189204e-01,-4.960298091347423e-08,-9.545279702916330e-09,1.748119997547144e-08,2.058394084503019e-06,1.582758313321235e-07,-6.357963657420336e-07,-1.048774570141494e-07,1.093455069964880e-09,6.121047489425144e-10,4.943615959817416e-09,-4.787838756415512e-01,1.807909097437501e+00,-3.128445479878539e-08,-1.125185333125954e-07,-1.457533273950974e-08,6.098472933120701e-06,2.517203667851860e-06,4.579917400120081e-09,1.550448861334920e-07,5.604685144450457e-07,2.035241511612923e-08,-3.114002546964787e-09,3.926797992880353e-07,8.861414019012477e-07,3.412948528404451e-07,1.237250473688711e-06,3.617121138428616e-06,8.051392851934174e-08,3.500415852823501e-06,1.578553278203914e-05,1.078582003347159e-10,4.781204178163730e-08,5.575776400950165e-11,-4.953052387630915e-14,-1.824751733708899e-15,-7.210072205208669e-04,-4.988307268677943e-03,5.863013052897731e-07,-4.371151883829850e-05,-2.741657636292616e-05,1.780220319709520e-08,8.283434487410033e-07,1.340896508518086e-05,1.617004328598803e-05,1.214826905721518e-05,2.476605573897292e-06,3.371786293372591e-06,4.675154707811657e-11,
-1.234545215188433e-02,-9.243244141850269e-02,-2.025577866601209e-01,3.033235336798662e-06,-2.894725628708922e-02,2.906458230495857e+00,-2.276158046599524e-05,-8.197029427237175e-01,1.621197777041081e-06,4.882683853527879e-06,6.484462666168445e-07,4.482960449175975e-05,2.305125764568337e-06,-1.999153513116557e-06,3.631501355332348e-05,1.181127645585166e-07,5.217138465489461e-07,3.923934608246110e-07,-1.133738901624076e+00,6.952108827688388e+00,6.862724277118886e-07,5.711935675040762e-05,5.501178494079636e-06,2.352174228650103e-04,1.033202215333499e-05,2.316321327617281e-08,1.563502606068984e-05,5.937995778708166e-06,4.765370545060042e-08,1.900330710237954e-07,1.517291649136202e-06,3.146792376134864e-06,2.225565528738736e-06,3.061152085649447e-06,1.069139923289396e-05,5.424794371609318e-07,1.261080013712703e-05,2.755562086021052e-05,2.535840031447738e-09,1.286933496103205e-06,3.743118550187891e-10,1.960981209733246e-13,1.033809040824920e-14,9.884017638173564e-04,6.828826145433380e-03,6.216285336685626e-05,-2.499874663349154e-04,-1.616935452400554e-04,5.180576415016576e-07,9.210055948551095e-06,2.282659089444422e-05,2.171627918020775e-04,8.005352398180901e-05,2.111310120645556e-05,2.209147565314786e-05,1.253388504096620e-10,

