0.000000000000000000e+00 9.999999979388463078e-01
2.503128911138923635e-02 1.000000000000003109e+00
5.006257822277847269e-02 1.000000000000001110e+00
7.509386733416770210e-02 9.999999999999952260e-01
1.001251564455569454e-01 9.999999999999962252e-01
1.251564455569461887e-01 1.000000000000000000e+00
1.501877346683354042e-01 9.999999999999995559e-01
1.752190237797246475e-01 1.000000000000000888e+00
2.002503128911138908e-01 1.000000000000000000e+00
2.252816020025031341e-01 1.000000000000000888e+00
2.503128911138923773e-01 9.999999999999996669e-01
2.753441802252816206e-01 9.999999999999995559e-01
3.003754693366708084e-01 1.000000000000000000e+00
3.254067584480600517e-01 9.999999999999996669e-01
3.504380475594492950e-01 9.999999999999962252e-01
3.754693366708385383e-01 1.000000000000000888e+00
4.005006257822277815e-01 9.999999999999996669e-01
4.255319148936170248e-01 1.000000000000000000e+00
4.505632040050062681e-01 9.999999999999963363e-01
4.755944931163955114e-01 9.999999999999982236e-01
5.006257822277847547e-01 9.999999999999981126e-01
5.256570713391739424e-01 9.999999999999994449e-01
5.506883604505632412e-01 9.999999999999996669e-01
5.757196495619524290e-01 9.999999999999983347e-01
6.007509386733416168e-01 9.999999999999981126e-01
6.257822277847309156e-01 9.999999999999990008e-01
6.508135168961201034e-01 9.999999999999996669e-01
6.758448060075094022e-01 9.999999999999982236e-01
7.008760951188985899e-01 9.999999999999981126e-01
7.259073842302878887e-01 1.000000000000000000e+00
7.509386733416770765e-01 9.999999999999982236e-01
7.759699624530663753e-01 9.999999999999993339e-01
8.010012515644555631e-01 9.999999999999973355e-01
8.260325406758447508e-01 9.999999999999981126e-01
8.510638297872340496e-01 9.999999999999994449e-01
8.760951188986232374e-01 1.000000000000000666e+00
9.011264080100125362e-01 9.999999999999983347e-01
9.261576971214017240e-01 9.999999999999981126e-01
9.511889862327910228e-01 9.999999999999980016e-01
9.762202753441802106e-01 9.999999999999993339e-01
1.001251564455569509e+00 9.999999999999981126e-01
1.026282853566958586e+00 1.000000000000000000e+00
1.051314142678347885e+00 9.999999999999981126e-01
1.076345431789737184e+00 9.999999999999981126e-01
1.101376720901126482e+00 9.999999999999972244e-01
1.126408010012515559e+00 9.999999999999994449e-01
1.151439299123904858e+00 9.999999999999996669e-01
1.176470588235294157e+00 9.999999999999982236e-01
1.201501877346683234e+00 9.999999999999981126e-01
1.226533166458072532e+00 9.999999999999982236e-01
1.251564455569461831e+00 9.999999999999995559e-01
1.276595744680851130e+00 9.999999999999982236e-01
1.301627033792240207e+00 9.999999999999981126e-01
1.326658322903629506e+00 9.999999999999995559e-01
1.351689612015018804e+00 9.999999999999983347e-01
1.376720901126408103e+00 9.999999999999980016e-01
1.401752190237797180e+00 1.000000000000000888e+00
1.426783479349186479e+00 9.999999999999983347e-01
1.451814768460575777e+00 9.999999999999972244e-01
1.476846057571964854e+00 1.000000000000000666e+00
1.501877346683354153e+00 9.999999999999982236e-01
1.526908635794743452e+00 9.999999999999996669e-01
1.551939924906132751e+00 9.999999999999973355e-01
1.576971214017521827e+00 1.000000000000000000e+00
1.602002503128911126e+00 9.999999999999985567e-01
1.627033792240300425e+00 9.999999999999982236e-01
1.652065081351689502e+00 9.999999999999981126e-01
1.677096370463078800e+00 9.999999999999981126e-01
1.702127659574468099e+00 9.999999999999995559e-01
1.727158948685857398e+00 9.999999999999997780e-01
1.752190237797246475e+00 9.999999999999988898e-01
1.777221526908635774e+00 9.999999999999990008e-01
1.802252816020025072e+00 9.999999999999978906e-01
1.827284105131414149e+00 9.999999999999935607e-01
1.852315394242803448e+00 1.000000000000000000e+00
1.877346683354192747e+00 9.999999999999964473e-01
1.902377972465582046e+00 9.999999999999980016e-01
1.927409261576971122e+00 1.000000000000000000e+00
1.952440550688360421e+00 9.999999999999968914e-01
1.977471839799749720e+00 9.999999999999973355e-01
2.002503128911139019e+00 9.999999999999965583e-01
2.027534418022528317e+00 9.999999999999971134e-01
2.052565707133917172e+00 9.999999999999966693e-01
2.077596996245306471e+00 9.999999999999986677e-01
2.102628285356695770e+00 9.999999999999926725e-01
2.127659574468085069e+00 9.999999999999987788e-01
2.152690863579474367e+00 9.999999999999958922e-01
2.177722152690863666e+00 9.999999999999907851e-01
2.202753441802252965e+00 9.999999999999894529e-01
2.227784730913641820e+00 9.999999999999925615e-01
2.252816020025031118e+00 9.999999999999882316e-01
2.277847309136420417e+00 9.999999999999897859e-01
2.302878598247809716e+00 9.999999999999865663e-01
2.327909887359199015e+00 9.999999999999835687e-01
2.352941176470588314e+00 9.999999999999834577e-01
2.377972465581977612e+00 9.999999999999802380e-01
2.403003754693366467e+00 9.999999999999727995e-01
2.428035043804755766e+00 9.999999999999630296e-01
2.453066332916145065e+00 9.999999999999725775e-01
2.478097622027534364e+00 9.999999999999619194e-01
2.503128911138923662e+00 9.999999999999561462e-01
2.528160200250312961e+00 9.999999999999505951e-01
2.553191489361702260e+00 9.999999999999483746e-01
2.578222778473091559e+00 9.999999999999314992e-01
2.603254067584480413e+00 9.999999999999227285e-01
2.628285356695869712e+00 9.999999999999198419e-01
2.653316645807259011e+00 9.999999999998967493e-01
2.678347934918648310e+00 9.999999999998921973e-01
2.703379224030037609e+00 9.999999999998714362e-01
2.728410513141426907e+00 9.999999999998522293e-01
2.753441802252816206e+00 9.999999999998305800e-01
2.778473091364205061e+00 9.999999999998058220e-01
2.803504380475594360e+00 9.999999999997816191e-01
2.828535669586983659e+00 9.999999999997497557e-01
2.853566958698372957e+00 9.999999999997047917e-01
2.878598247809762256e+00 9.999999999996701527e-01
2.903629536921151555e+00 9.999999999996193045e-01
2.928660826032540854e+00 9.999999999995623501e-01
2.953692115143929708e+00 9.999999999995003996e-01
2.978723404255319007e+00 9.999999999994264588e-01
3.003754693366708306e+00 9.999999999993450794e-01
3.028785982478097605e+00 9.999999999992452704e-01
3.053817271589486904e+00 9.999999999991416866e-01
3.078848560700876202e+00 9.999999999990133448e-01
3.103879849812265501e+00 9.999999999988642418e-01
3.128911138923654356e+00 9.999999999987078114e-01
3.153942428035043655e+00 9.999999999985156318e-01
3.178973717146432953e+00 9.999999999982975840e-01
3.204005006257822252e+00 9.999999999980510035e-01
3.229036295369211551e+00 9.999999999977641219e-01
3.254067584480600850e+00 9.999999999974393816e-01
3.279098873591990149e+00 9.999999999970712317e-01
3.304130162703379003e+00 9.999999999966413533e-01
3.329161451814768302e+00 9.999999999961488584e-01
3.354192740926157601e+00 9.999999999955965224e-01
3.379224030037546900e+00 9.999999999949418239e-01
3.404255319148936199e+00 9.999999999942112971e-01
3.429286608260325497e+00 9.999999999933716355e-01
3.454317897371714796e+00 9.999999999924028549e-01
3.479349186483103651e+00 9.999999999912952964e-01
3.504380475594492950e+00 9.999999999900219816e-01
3.529411764705882248e+00 9.999999999885742508e-01
3.554443053817271547e+00 9.999999999869093603e-01
3.579474342928660846e+00 9.999999999849977783e-01
3.604505632040050145e+00 9.999999999828124153e-01
3.629536921151439444e+00 9.999999999803016459e-01
3.654568210262828298e+00 9.999999999774411563e-01
3.679599499374217597e+00 9.999999999741460144e-01
3.704630788485606896e+00 9.999999999703820253e-01
3.729662077596996195e+00 9.999999999660649230e-01
3.754693366708385494e+00 9.999999999611117740e-01
3.779724655819774792e+00 9.999999999554481933e-01
3.804755944931164091e+00 9.999999999489522784e-01
3.829787234042552946e+00 9.999999999415104535e-01
3.854818523153942245e+00 9.999999999329816092e-01
3.879849812265331543e+00 9.999999999232147552e-01
3.904881101376720842e+00 9.999999999120110505e-01
3.929912390488110141e+00 9.999999998991837558e-01
3.954943679599499440e+00 9.999999998844811833e-01
3.979974968710888739e+00 9.999999998676327717e-01
4.005006257822278037e+00 9.999999998483291019e-01
4.030037546933667336e+00 9.999999998262024681e-01
4.055068836045056635e+00 9.999999998008514135e-01
4.080100125156445934e+00 9.999999997717887723e-01
4.105131414267834344e+00 9.999999997384949602e-01
4.130162703379223643e+00 9.999999997003322649e-01
4.155193992490612942e+00 9.999999996565874794e-01
4.180225281602002241e+00 9.999999996064625751e-01
4.205256570713391540e+00 9.999999995490002069e-01
4.230287859824780838e+00 9.999999994831375583e-01
4.255319148936170137e+00 9.999999994076458343e-01
4.280350438047559436e+00 9.999999993211082794e-01
4.305381727158948735e+00 9.999999992218944200e-01
4.330413016270338034e+00 9.999999991081606199e-01
4.355444305381727332e+00 9.999999989777601517e-01
4.380475594493116631e+00 9.999999988282481933e-01
4.405506883604505930e+00 9.999999986568047783e-01
4.430538172715895229e+00 9.999999984602014891e-01
4.455569461827283639e+00 9.999999982347357319e-01
4.480600750938672938e+00 9.999999979761232671e-01
4.505632040050062237e+00 9.999999976794905487e-01
4.530663329161451536e+00 9.999999973391849872e-01
4.555694618272840835e+00 9.999999969487505247e-01
4.580725907384230133e+00 9.999999965007291269e-01
4.605757196495619432e+00 9.999999959865578658e-01
4.630788485607008731e+00 9.999999953963886190e-01
4.655819774718398030e+00 9.999999947188633609e-01
4.680851063829787329e+00 9.999999939409094374e-01
4.705882352941176627e+00 9.999999930474614551e-01
4.730913642052565926e+00 9.999999920211588567e-01
4.755944931163955225e+00 9.999999908419473504e-01
4.780976220275344524e+00 9.999999894867159789e-01
4.806007509386732934e+00 9.999999879287374549e-01
4.831038798498122233e+00 9.999999861371501320e-01
4.856070087609511532e+00 9.999999840762219261e-01
4.881101376720900831e+00 9.999999817046363315e-01
4.906132665832290130e+00 9.999999789744712375e-01
4.931163954943679428e+00 9.999999758302040576e-01
4.956195244055068727e+00 9.999999722073640296e-01
4.981226533166458026e+00 9.999999680310476258e-01
5.006257822277847325e+00 9.999999632141294281e-01
5.031289111389236623e+00 9.999999576551320546e-01
5.056320400500625922e+00 9.999999512357463649e-01
5.081351689612015221e+00 9.999999438178578393e-01
5.106382978723404520e+00 9.999999352399679964e-01
5.131414267834793819e+00 9.999999253130140708e-01
5.156445556946183117e+00 9.999999138152961820e-01
5.181476846057571528e+00 9.999999004864691399e-01
5.206508135168960827e+00 9.999998850202379552e-01
5.231539424280350126e+00 9.999998670557289637e-01
5.256570713391739424e+00 9.999998461669231675e-01
5.281602002503128723e+00 9.999998218500487646e-01
5.306633291614518022e+00 9.999997935082394207e-01
5.331664580725907321e+00 9.999997604330116419e-01
5.356695869837296620e+00 9.999997217817154782e-01
5.381727158948685918e+00 9.999996765502309204e-01
5.406758448060075217e+00 9.999996235395555155e-01
5.431789737171464516e+00 9.999995613151195784e-01
5.456821026282853815e+00 9.999994881571245831e-01
5.481852315394243114e+00 9.999994019995877004e-01
5.506883604505632412e+00 9.999993003557258175e-01
5.531914893617020823e+00 9.999991802263286100e-01
5.556946182728410122e+00 9.999990379870727919e-01
5.581977471839799421e+00 9.999988692497815412e-01
5.607008760951188719e+00 9.999986686914195122e-01
5.632040050062578018e+00 9.999984298431132679e-01
5.657071339173967317e+00 9.999981448293731034e-01
5.682102628285356616e+00 9.999978040456355410e-01
5.707133917396745915e+00 9.999973957591020701e-01
5.732165206508135213e+00 9.999969056140955992e-01
5.757196495619524512e+00 9.999963160185912914e-01
5.782227784730913811e+00 9.999956053829046621e-01
5.807259073842303110e+00 9.999947471739802918e-01
5.832290362953692409e+00 9.999937087400285751e-01
5.857321652065081707e+00 9.999924498485947000e-01
5.882352941176470118e+00 9.999909208673489758e-01
5.907384230287859417e+00 9.999890604986831910e-01
5.932415519399248716e+00 9.999867929576710113e-01
5.957446808510638014e+00 9.999840244544144774e-01
5.982478097622027313e+00 9.999806388079098829e-01
6.007509386733416612e+00 9.999764919742043512e-01
6.032540675844805911e+00 9.999714052178947377e-01
6.057571964956195210e+00 9.999651565872904602e-01
6.082603254067584508e+00 9.999574702682607619e-01
6.107634543178973807e+00 9.999480032848470090e-01
6.132665832290363106e+00 9.999363288801951244e-01
6.157697121401752405e+00 9.999219157436212146e-01
6.182728410513141704e+00 9.999041020384757950e-01
6.207759699624531002e+00 9.998820629217003431e-01
6.232790988735919413e+00 9.998547699144723078e-01
6.257822277847308712e+00 9.998209400689860304e-01
6.282853566958698011e+00 9.997789723562379161e-01
6.307884856070087309e+00 9.997268680495173809e-01
6.332916145181476608e+00 9.996621310642230807e-01
6.357947434292865907e+00 9.995816431982449402e-01
6.382978723404255206e+00 9.994815079499353994e-01
6.408010012515644505e+00 9.993568550152088781e-01
6.433041301627033803e+00 9.992015956147507483e-01
6.458072590738423102e+00 9.990081164004179781e-01
6.483103879849812401e+00 9.987668967550891175e-01
6.508135168961201700e+00 9.984660307533209656e-01
6.533166458072590999e+00 9.980906308281819461e-01
6.558197747183980297e+00 9.976220852731659816e-01
6.583229036295369596e+00 9.970371361652247133e-01
6.608260325406758007e+00 9.963067383518748876e-01
6.633291614518147306e+00 9.953946542906082495e-01
6.658322903629536604e+00 9.942557346683844610e-01
6.683354192740925903e+00 9.928338323719352321e-01
6.708385481852315202e+00 9.910592998727932867e-01
6.733416770963704501e+00 9.888460308090679662e-01
6.758448060075093800e+00 9.860880299817921246e-01
6.783479349186483098e+00 9.826555375606835785e-01
6.808510638297872397e+00 9.783907987759962177e-01
6.833541927409261696e+00 9.731036648747106721e-01
6.858573216520650995e+00 9.665673380945647430e-01
6.883604505632040294e+00 9.585147346496654119e-01
6.908635794743429592e+00 9.486361378384062792e-01
6.933667083854818891e+00 9.365790575883564673e-01
6.958698372966207302e+00 9.219515251772005815e-01
6.983729662077596601e+00 9.043304632598946347e-01
7.008760951188985899e+00 8.832772800033465987e-01
7.033792240300375198e+00 8.583632792848309156e-01
7.058823529411764497e+00 8.292072344559262564e-01
7.083854818523153796e+00 7.955250341597535080e-01
7.108886107634543094e+00 7.571849369863030699e-01
7.133917396745932393e+00 7.142550129108233836e-01
7.158948685857321692e+00 6.670355988402580927e-01
7.183979974968710991e+00 6.160888956072162470e-01
7.209011264080100290e+00 5.622677398783015867e-01
7.234042553191489588e+00 5.067051959666600824e-01
7.259073842302878887e+00 4.507350149603123746e-01
7.284105131414268186e+00 3.957648697933638382e-01
7.309136420525656597e+00 3.431407522680823274e-01
7.334167709637045895e+00 2.940177310248874853e-01
7.359198998748435194e+00 2.492452410433665944e-01
7.384230287859824493e+00 2.093057831410578273e-01
7.409261576971213792e+00 1.743367086815555966e-01
7.434292866082603091e+00 1.442047416353572364e-01
7.459324155193992389e+00 1.185895421335635136e-01
7.484355444305381688e+00 9.705796163195898330e-02
7.509386733416770987e+00 7.912490089668793025e-02
7.534418022528160286e+00 6.429924439849304951e-02
7.559449311639549585e+00 5.211476782121540752e-02
7.584480600750938883e+00 4.214792058286976478e-02
7.609511889862328182e+00 3.402565567544387631e-02
7.634543178973717481e+00 2.742660974744705327e-02
7.659574468085105892e+00 2.207835475270737355e-02
7.684605757196495190e+00 1.775265839951407909e-02
7.709637046307884489e+00 1.425999523954752865e-02
7.734668335419273788e+00 1.144403666241315155e-02
7.759699624530663087e+00 9.176507063961232558e-03
7.784730913642052386e+00 7.352582866106011431e-03
7.809762202753441684e+00 5.886888460051625978e-03
7.834793491864830983e+00 4.710076056219711718e-03
7.859824780976220282e+00 3.765942830464081605e-03
7.884856070087609581e+00 3.009024660077659966e-03
7.909887359198998880e+00 2.402602580636115787e-03
7.934918648310388178e+00 1.917060752035330655e-03
7.959949937421777477e+00 1.528540202424946270e-03
7.984981226533166776e+00 1.217839201107689603e-03
8.010012515644556075e+00 9.695178362753580255e-04
8.035043804755945374e+00 7.711707325489496187e-04
8.060075093867334672e+00 6.128375939572927198e-04
8.085106382978723971e+00 4.865263111888773299e-04
8.110137672090113270e+00 3.858277250815735494e-04
8.135168961201502569e+00 3.056048347680296673e-04
8.160200250312891868e+00 2.417423438956172550e-04
8.185231539424281166e+00 1.909450247334166313e-04
8.210262828535668689e+00 1.505755201459486252e-04
8.235294117647057988e+00 1.185239649288482666e-04
8.260325406758447286e+00 9.310325158745898851e-05
8.285356695869836585e+00 7.296494446845747735e-05
8.310387984981225884e+00 5.703180594605019622e-05
8.335419274092615183e+00 4.444367789507276624e-05
8.360450563204004482e+00 3.451409350196325398e-05
8.385481852315393780e+00 2.669550567045388860e-05
8.410513141426783079e+00 2.055143128754811159e-05
8.435544430538172378e+00 1.573414387239838898e-05
8.460575719649561677e+00 1.196681574913473900e-05
8.485607008760950976e+00 9.029227204244724643e-06
8.510638297872340274e+00 6.746334155409441768e-06
8.535669586983729573e+00 4.979125830184123150e-06
8.560700876095118872e+00 3.617316441692039790e-06
8.585732165206508171e+00 2.573505204350066263e-06
8.610763454317897470e+00 1.778511577731133600e-06
8.635794743429286768e+00 1.177650848610983254e-06
8.660826032540676067e+00 7.277618713682211147e-07
8.685857321652065366e+00 3.948362493284298314e-07
8.710888610763454665e+00 1.521282764193585405e-07
8.735919899874843964e+00 -2.135096502326347452e-08
8.760951188986233262e+00 -1.420326604997319386e-07
8.785982478097622561e+00 -2.227443261616066772e-07
8.811013767209011860e+00 -2.734683494791247883e-07
8.836045056320401159e+00 -3.019445642616519729e-07
8.861076345431790457e+00 -3.141484787261772559e-07
8.886107634543179756e+00 -3.146704217806374126e-07
8.911138923654567279e+00 -3.070157884771270149e-07
8.936170212765956578e+00 -2.938424981436408514e-07
8.961201501877345876e+00 -2.771485255510769486e-07
8.986232790988735175e+00 -2.584197643321794267e-07
9.011264080100124474e+00 -2.387464026898279352e-07
9.036295369211513773e+00 -2.189143300139921141e-07
9.061326658322903072e+00 -1.994767658956878181e-07
9.086357947434292370e+00 -1.808102433255978739e-07
9.111389236545681669e+00 -1.631582320537564220e-07
9.136420525657070968e+00 -1.466650132991651723e-07
9.161451814768460267e+00 -1.314018789177519482e-07
9.186483103879849565e+00 -1.173872993006664316e-07
9.211514392991238864e+00 -1.046023627053973674e-07
9.236545682102628163e+00 -9.300251683933405994e-08
9.261576971214017462e+00 -8.252642725682874850e-08
9.286608260325406761e+00 -7.310259525360930372e-08
9.311639549436796059e+00 -6.465424145819901042e-08
9.336670838548185358e+00 -5.710285304610898757e-08
9.361702127659574657e+00 -5.037070670115754895e-08
9.386733416770963956e+00 -4.438261153676440101e-08
9.411764705882353255e+00 -3.906706251053841676e-08
9.436795994993742553e+00 -3.435695249902889752e-08
9.461827284105131852e+00 -3.018995781829426140e-08
9.486858573216521151e+00 -2.650868572405673501e-08
9.511889862327910450e+00 -2.326065182437112030e-08
9.536921151439299749e+00 -2.039813921076069642e-08
9.561952440550689047e+00 -1.787797852404240596e-08
9.586983729662078346e+00 -1.566127837402534075e-08
9.612015018773465869e+00 -1.371312793639734110e-08
9.637046307884855167e+00 -1.200228768598589904e-08
9.662077596996244466e+00 -1.050087972101786914e-08
9.687108886107633765e+00 -9.184085693318465713e-09
9.712140175219023064e+00 -8.029857751475054862e-09
9.737171464330412363e+00 -7.018645943792946187e-09
9.762202753441801661e+00 -6.133144070231634057e-09
9.787234042553190960e+00 -5.358054903230786352e-09
9.812265331664580259e+00 -4.679874926660367187e-09
9.837296620775969558e+00 -4.086698199794267160e-09
9.862327909887358857e+00 -3.568038584221849504e-09
9.887359198998748155e+00 -3.114669333197146614e-09
9.912390488110137454e+00 -2.718478901810876169e-09
9.937421777221526753e+00 -2.372341766850701232e-09
9.962453066332916052e+00 -2.070003027502828730e-09
9.987484355444305351e+00 -1.805975576982425025e-09
1.001251564455569465e+01 -1.575448679245643217e-09
1.003754693366708395e+01 -1.374206845440566590e-09
1.006257822277847325e+01 -1.198557975201272090e-09
1.008760951188986255e+01 -1.045269803492398927e-09
1.011264080100125184e+01 -9.115137709891060059e-10
1.013767209011264114e+01 -7.948155124562069573e-10
1.016270337922403044e+01 -6.930112315622334340e-10
1.018773466833541974e+01 -6.042093008994558384e-10
1.021276595744680904e+01 -5.267564919811404012e-10
1.023779724655819834e+01 -4.592083012787363223e-10
1.026282853566958764e+01 -4.003028947975912053e-10
1.028785982478097694e+01 -3.489382452973001123e-10
1.031289111389236623e+01 -3.041520831787703499e-10
1.033792240300375376e+01 -2.651043245038146528e-10
1.036295369211514306e+01 -2.310616778484879645e-10
1.038798498122653235e+01 -2.013841660125031656e-10
1.041301627033792165e+01 -1.755133293181715321e-10
1.043804755944931095e+01 -1.529619046375743968e-10
1.046307884856070025e+01 -1.333047986838501020e-10
1.048811013767208955e+01 -1.161711957759020542e-10
1.051314142678347885e+01 -1.012376595032025076e-10
1.053817271589486815e+01 -8.822210472891493535e-11
1.056320400500625745e+01 -7.687853140633618651e-11
1.058823529411764675e+01 -6.699242495679464113e-11
1.061326658322903604e+01 -5.837673966008323444e-11
1.063829787234042534e+01 -5.086839181556659899e-11
1.066332916145181464e+01 -4.432519850130604804e-11
1.068836045056320394e+01 -3.862320573148808779e-11
1.071339173967459324e+01 -3.365435681612662534e-11
1.073842302878598254e+01 -2.932445787497180237e-11
1.076345431789737184e+01 -2.555140285078435340e-11
1.078848560700876114e+01 -2.226362509554442527e-11
1.081351689612015043e+01 -1.939874674648367224e-11
1.083854818523153973e+01 -1.690240073773908546e-11
1.086357947434292903e+01 -1.472720347029659538e-11
1.088861076345431833e+01 -1.283185894302769584e-11
1.091364205256570763e+01 -1.118037757957705153e-11
1.093867334167709693e+01 -9.741395112578343534e-12
1.096370463078848623e+01 -8.487578745878331224e-12
1.098873591989987553e+01 -7.395109440342071071e-12
1.101376720901126482e+01 -6.443230588540507723e-12
1.103879849812265235e+01 -5.613854583830931116e-12
1.106382978723404165e+01 -4.891219872456316382e-12
1.108886107634543094e+01 -4.261592023064761456e-12
1.111389236545682024e+01 -3.713003173719140959e-12
1.113892365456820954e+01 -3.235024937181763368e-12
1.116395494367959884e+01 -2.818570474254149302e-12
1.118898623279098814e+01 -2.455721993834159267e-12
1.121401752190237744e+01 -2.139580417250131412e-12
1.123904881101376674e+01 -1.864134362235390403e-12
1.126408010012515604e+01 -1.624145966354889647e-12
1.128911138923654534e+01 -1.415051387584504201e-12
1.131414267834793463e+01 -1.232874096985145499e-12
1.133917396745932393e+01 -1.074149320193440703e-12
1.136420525657071323e+01 -9.358581952822543217e-13
1.138923654568210253e+01 -8.153703983801809536e-13
1.141426783479349183e+01 -7.103941487233073472e-13
1.143929912390488113e+01 -6.189326445545439958e-13
1.146433041301627043e+01 -5.392461031124637725e-13
1.148936170212765973e+01 -4.698186841529303381e-13
1.151439299123904902e+01 -4.093296690237091314e-13
1.153942428035043832e+01 -3.566283480089492275e-13
1.156445556946182762e+01 -3.107121389981679451e-13
1.158948685857321692e+01 -2.707075218415123097e-13
1.161451814768460622e+01 -2.358534261865542459e-13
1.163954943679599552e+01 -2.054867571622076370e-13
1.166458072590738482e+01 -1.790297838620029932e-13
1.168961201501877412e+01 -1.559791509509617711e-13
1.171464330413016341e+01 -1.358963045458400633e-13
1.173967459324155271e+01 -1.183991503820470221e-13
1.176470588235294024e+01 -1.031547856906918712e-13
1.178973717146432953e+01 -8.987316660938020380e-14
1.181476846057571883e+01 -7.830159072736100217e-14
1.183979974968710813e+01 -6.821988985665664606e-14
1.186483103879849743e+01 -5.943624161931918318e-14
1.188986232790988673e+01 -5.178352020337364742e-14
1.191489361702127603e+01 -4.511611688930185624e-14
1.193992490613266533e+01 -3.930716987976283382e-14
1.196495619524405463e+01 -3.424615074704349409e-14
1.198998748435544393e+01 -2.983676159336807616e-14
1.201501877346683322e+01 -2.599510292736491997e-14
1.204005006257822252e+01 -2.264807740787612837e-14
1.206508135168961182e+01 -1.973199909181038502e-14
1.209011264080100112e+01 -1.719138173095131201e-14
1.211514392991239042e+01 -1.497788306794265132e-14
1.214017521902377972e+01 -1.304938504866581112e-14
1.216520650813516902e+01 -1.136919245340883206e-14
1.219023779724655832e+01 -9.905334701635101494e-15
1.221526908635794761e+01 -8.629957547681547229e-15
1.224030037546933691e+01 -7.518793094620574748e-15
1.226533166458072621e+01 -6.550698043334078102e-15
1.229036295369211551e+01 -5.707251391884274287e-15
1.231539424280350481e+01 -4.972403931215141796e-15
1.234042553191489411e+01 -4.332172868590256478e-15
1.236545682102628341e+01 -3.774375768684708134e-15
1.239048811013767271e+01 -3.288398750256964515e-15
1.241551939924906200e+01 -2.864994528031575904e-15
1.244055068836045130e+01 -2.496106457233474758e-15
1.246558197747183883e+01 -2.174715232928236727e-15
1.249061326658322812e+01 -1.894705327344346729e-15
1.251564455569461742e+01 -1.650748623887198002e-15
1.254067584480600672e+01 -1.438203033739344092e-15
1.256570713391739602e+01 -1.253024166007397105e-15
1.259073842302878532e+01 -1.091688370735851122e-15
1.261576971214017462e+01 -9.511256904980338454e-16
1.264080100125156392e+01 -8.286614448013758440e-16
1.266583229036295322e+01 -7.219653358006302435e-16
1.269086357947434252e+01 -6.290071069211861963e-16
1.271589486858573181e+01 -5.480179106770430868e-16
1.274092615769712111e+01 -4.774566505999154889e-16
1.276595744680851041e+01 -4.159806568384818902e-16
1.279098873591989971e+01 -3.624201374471716173e-16
1.281602002503128901e+01 -3.157559192246815412e-16
1.284105131414267831e+01 -2.751000545556271710e-16
1.286608260325406761e+01 -2.396789252417056777e-16
1.289111389236545691e+01 -2.088185218209865991e-16
1.291614518147684620e+01 -1.819316182688559199e-16
1.294117647058823550e+01 -1.585065980389640018e-16
1.296620775969962480e+01 -1.380977188244257795e-16
1.299123904881101410e+01 -1.203166307951714631e-16
1.301627033792240340e+01 -1.048249869186918351e-16
1.304130162703379270e+01 -9.132800475157310580e-17
1.306633291614518200e+01 -7.956885719386722954e-17
1.309136420525657130e+01 -6.932378547204618789e-17
1.311639549436796059e+01 -6.039784135885406530e-17
1.314142678347934989e+01 -5.262117761169007883e-17
1.316645807259073919e+01 -4.584581604275238897e-17
1.319148936170212671e+01 -3.994283172262086985e-17
1.321652065081351601e+01 -3.479989973733069716e-17
1.324155193992490531e+01 -3.031915781767502877e-17
1.326658322903629461e+01 -2.641534417005706420e-17
1.329161451814768391e+01 -2.301417507476705357e-17
1.331664580725907321e+01 -2.005093137999789147e-17
1.334167709637046251e+01 -1.746922699480011872e-17
1.336670838548185181e+01 -1.521993594735553191e-17
1.339173967459324111e+01 -1.326025759216071075e-17
1.341677096370463040e+01 -1.155290217848682116e-17
1.344180225281601970e+01 -1.006538128274526094e-17
1.346683354192740900e+01 -8.769389602785288236e-18
1.349186483103879830e+01 -7.640266350635393210e-18
1.351689612015018760e+01 -6.656525994809595301e-18
1.354192740926157690e+01 -5.799449422937124027e-18
1.356695869837296620e+01 -5.052727745159170482e-18
1.359198998748435550e+01 -4.402151960418983330e-18
1.361702127659574479e+01 -3.835342580469567756e-18
1.364205256570713409e+01 -3.341514066750687304e-18
1.366708385481852339e+01 -2.911269597732727820e-18
1.369211514392991269e+01 -2.536422261455747316e-18
1.371714643304130199e+01 -2.209839270831400315e-18
1.374217772215269129e+01 -1.925306237360300217e-18
1.376720901126408059e+01 -1.677408920596638076e-18
1.379224030037546989e+01 -1.461430203232515900e-18
1.381727158948685918e+01 -1.273260331392031167e-18
1.384230287859824848e+01 -1.109318712142787254e-18
1.386733416770963778e+01 -9.664857801494830676e-19
1.389236545682102530e+01 -8.420436369934882869e-19
1.391739674593241460e+01 -7.336243336145537920e-19
1.394242803504380390e+01 -6.391648117661747335e-19
1.396745932415519320e+01 -5.568676470884362323e-19
1.399249061326658250e+01 -4.851668467976275454e-19
1.401752190237797180e+01 -4.226980511737234831e-19
1.404255319148936110e+01 -3.682725718246376031e-19
1.406758448060075040e+01 -3.208547727141970073e-19
1.409261576971213970e+01 -2.795423635484487202e-19
1.411764705882352899e+01 -2.435492305330077668e-19
1.414267834793491829e+01 -2.121904777962047706e-19
1.416770963704630759e+01 -1.848693948387185974e-19
1.419274092615769689e+01 -1.610661020196699573e-19
1.421777221526908619e+01 -1.403276580196062225e-19
1.424280350438047549e+01 -1.222594410402447897e-19
1.426783479349186479e+01 -1.065176397379863654e-19
1.429286608260325409e+01 -9.280271100480463104e-20
1.431789737171464338e+01 -8.085368010789731757e-20
1.434292866082603268e+01 -7.044317472815766419e-20
1.436795994993742198e+01 -6.137309840267071481e-20
1.439299123904881128e+01 -5.347086104322417045e-20
1.441802252816020058e+01 -4.658609480325733490e-20
1.444305381727158988e+01 -4.058779280103013267e-20
1.446808510638297918e+01 -3.536181625320966335e-20
1.449311639549436848e+01 -3.080872258330203512e-20
1.451814768460575777e+01 -2.684187317707529300e-20
1.454317897371714707e+01 -2.338578477837122767e-20
1.456821026282853637e+01 -2.037469315480615343e-20
1.459324155193992567e+01 -1.775130170206857969e-20
1.461827284105131319e+01 -1.546569117460059627e-20
1.464330413016270249e+01 -1.347436979646361967e-20
1.466833541927409179e+01 -1.173944567740523758e-20
1.469336670838548109e+01 -1.022790578644115482e-20
1.471839799749687039e+01 -8.910987762876464441e-21
1.474342928660825969e+01 -7.763632611282532860e-21
1.476846057571964899e+01 -6.764007866007476664e-21
1.479349186483103828e+01 -5.893092151764130148e-21
1.481852315394242758e+01 -5.134313235091861006e-21
1.484355444305381688e+01 -4.473232679352297773e-21
1.486858573216520618e+01 -3.897271102711599187e-21
1.489361702127659548e+01 -3.395468811174588325e-21
1.491864831038798478e+01 -2.958277251876116428e-21
1.494367959949937408e+01 -2.577377318291717616e-21
1.496871088861076338e+01 -2.245521049988199267e-21
1.499374217772215268e+01 -1.956393714694224086e-21
1.501877346683354197e+01 -1.704493648317381308e-21
1.504380475594493127e+01 -1.485027566442326955e-21
1.506883604505632057e+01 -1.293819355242161937e-21
1.509386733416770987e+01 -1.127230606230653873e-21
1.511889862327909917e+01 -9.820913827485695071e-22
1.514392991239048847e+01 -8.556399007738968892e-22
1.516896120150187777e+01 -7.454699762706719910e-22
1.519399249061326707e+01 -6.494852390779686946e-22
1.521902377972465636e+01 -5.658592420970473535e-22
1.524405506883604566e+01 -4.930007067137196015e-22
1.526908635794743496e+01 -4.295232431279987175e-22
1.529411764705882426e+01 -3.742189694137701550e-22
1.531914893617021178e+01 -3.260355273183754413e-22
1.534418022528160108e+01 -2.840560574468886669e-22
1.536921151439299038e+01 -2.474817527885538884e-22
1.539424280350437968e+01 -2.156166586048648484e-22
1.541927409261576898e+01 -1.878544294437679747e-22
1.544430538172715828e+01 -1.636667912856137033e-22
1.546933667083854758e+01 -1.425934892725194790e-22
1.549436795994993687e+01 -1.242335297415334299e-22
1.551939924906132617e+01 -1.082375499103067747e-22
1.554443053817271547e+01 -9.430117002185686395e-23
1.556946182728410477e+01 -8.215920144949851224e-23
1.559449311639549407e+01 -7.158060055084615144e-23
1.561952440550688337e+01 -6.236407225019573047e-23
1.564455569461827267e+01 -5.433423969195982605e-23
1.566958698372966197e+01 -4.733830707938838128e-23
1.569461827284105127e+01 -4.124315219731280106e-23
1.571964956195244056e+01 -3.593279329395677987e-23
1.574468085106382986e+01 -3.130618212032584945e-23
1.576971214017521916e+01 -2.727528113199207185e-23
1.579474342928660846e+01 -2.376338826527776560e-23
1.581977471839799776e+01 -2.070367741081501160e-23
1.584480600750938706e+01 -1.803792681186039008e-23
1.586983729662077636e+01 -1.571541119066711017e-23
1.589486858573216566e+01 -1.369193652173260138e-23
1.591989987484355495e+01 -1.192899908507781421e-23
1.594493116395494425e+01 -1.039305279759880630e-23
1.596996245306633355e+01 -9.054870880890719221e-24
1.599499374217772285e+01 -7.888989719028838626e-24
1.602002503128911215e+01 -6.873224323746878650e-24
1.604505632040050145e+01 -5.988246187035362737e-24
1.607008760951189075e+01 -5.217215488317753688e-24
1.609511889862328005e+01 -4.545460657657697861e-24
1.612015018773466934e+01 -3.960199197555380334e-24
1.614518147684605864e+01 -3.450294450991426426e-24
1.617021276595744794e+01 -3.006043687370223941e-24
1.619524405506883724e+01 -2.618993473957179504e-24
1.622027534418022654e+01 -2.281778819598549209e-24
1.624530663329161584e+01 -1.987983029870312066e-24
1.627033792240300514e+01 -1.732015606905843406e-24
1.629536921151439444e+01 -1.509005870518305126e-24
1.632040050062578374e+01 -1.314710276385113725e-24
1.634543178973717303e+01 -1.145431667697096946e-24
1.637046307884856233e+01 -9.979489237512479975e-25
1.639549436795994808e+01 -8.694556668041693253e-25
1.642052565707133738e+01 -7.575068608684283334e-25
1.644555694618272668e+01 -6.599722863062956933e-25
1.647058823529411598e+01 -5.749960049114062459e-25
1.649561952440550527e+01 -5.009610441590842662e-25
1.652065081351689457e+01 -4.364586286188493454e-25
1.654568210262828387e+01 -3.802613730486879234e-25
1.657071339173967317e+01 -3.312999270754248524e-25
1.659574468085106247e+01 -2.886426270441286511e-25
1.662077596996245177e+01 -2.514777678413574964e-25
1.664580725907384107e+01 -2.190981573515142539e-25
1.667083854818523037e+01 -1.908876596403973237e-25
1.669586983729661966e+01 -1.663094708027440500e-25
1.672090112640800896e+01 -1.448959043805840978e-25
1.674593241551939826e+01 -1.262394919840031267e-25
1.677096370463078756e+01 -1.099852297724036418e-25
1.679599499374217686e+01 -9.582382325826451236e-26
1.682102628285356616e+01 -8.348580189205286760e-26
1.684605757196495546e+01 -7.273639143758606463e-26
1.687108886107634476e+01 -6.337104656672425733e-26
1.689612015018773405e+01 -5.521155866534540427e-26
1.692115143929912335e+01 -4.810266478788970112e-26
1.694618272841051265e+01 -4.190909323392104169e-26
1.697121401752190195e+01 -3.651298952842250517e-26
1.699624530663329125e+01 -3.181167382604254899e-26
1.702127659574468055e+01 -2.771568706601670572e-26
1.704630788485606985e+01 -2.414708869900785725e-26
1.707133917396745915e+01 -2.103797359411980222e-26
1.709637046307884845e+01 -1.832917990503200049e-26
1.712140175219023774e+01 -1.596916330786414290e-26
1.714643304130162704e+01 -1.391301618918677032e-26
1.717146433041301634e+01 -1.212161312078530048e-26
1.719649561952440564e+01 -1.056086636082513425e-26
1.722152690863579494e+01 -9.201077214711399776e-27
1.724655819774718424e+01 -8.016370913007770786e-27
1.727158948685857354e+01 -6.984204252972611700e-27
1.729662077596996284e+01 -6.084936634866702530e-27
1.732165206508135213e+01 -5.301456330487802230e-27
1.734668335419274143e+01 -4.618854872378619099e-27
1.737171464330413073e+01 -4.024143367815419152e-27
1.739674593241552003e+01 -3.506005339455991772e-27
1.742177722152690933e+01 -3.054581389570886770e-27
1.744680851063829863e+01 -2.661281590335524464e-27
1.747183979974968793e+01 -2.318622030252550375e-27
1.749687108886107723e+01 -2.020082406422188544e-27
1.752190237797246652e+01 -1.759981952854854229e-27
1.754693366708385582e+01 -1.533371343924772898e-27
1.757196495619524512e+01 -1.335938516048691913e-27
1.759699624530663442e+01 -1.163926615514984981e-27
1.762202753441802372e+01 -1.014062511133153882e-27
1.764705882352941302e+01 -8.834945114047067086e-28
1.767209011264080232e+01 -7.697381010660589653e-28
1.769712140175219162e+01 -6.706286644502415211e-28
1.772215269086358091e+01 -5.842802960631627658e-28
1.774718397997497021e+01 -5.090499146009363922e-28
1.777221526908635951e+01 -4.435059975509968810e-28
1.779724655819774881e+01 -3.864013414432653214e-28
1.782227784730913456e+01 -3.366493294189394951e-28
1.784730913642052386e+01 -2.933032545243756704e-28
1.787234042553191316e+01 -2.555383052826648623e-28
1.789737171464330245e+01 -2.226358707553330100e-28
1.792240300375469175e+01 -1.939698664426337346e-28
1.794743429286608105e+01 -1.689948208246855840e-28
1.797246558197747035e+01 -1.472354958479347780e-28
1.799749687108885965e+01 -1.282778438502988454e-28
1.802252816020024895e+01 -1.117611288486321621e-28
1.804755944931163825e+01 -9.737106226831176859e-29
1.807259073842302755e+01 -8.483382249809242274e-29
1.809762202753441684e+01 -7.391084447120996362e-29
1.812265331664580614e+01 -6.439428012620879660e-29
1.814768460575719544e+01 -5.610304336679660658e-29
1.817271589486858474e+01 -4.887936426216504109e-29
1.819774718397997404e+01 -4.258578691935389651e-29
1.822277847309136334e+01 -3.710255390160267533e-29
1.824780976220275264e+01 -3.232532742205185762e-29
1.827284105131414194e+01 -2.816320395050581023e-29
1.829787234042553123e+01 -2.453698445416013563e-29
1.832290362953692053e+01 -2.137766735754210244e-29
1.834793491864830983e+01 -1.862513554493337483e-29
1.837296620775969913e+01 -1.622701242087590515e-29
1.839799749687108843e+01 -1.413766526128941851e-29
1.842302878598247773e+01 -1.231733689045416814e-29
1.844806007509386703e+01 -1.073138916096135455e-29
1.847309136420525633e+01 -9.349643841170143960e-30
1.849812265331664562e+01 -8.145808368247952363e-30
1.852315394242803492e+01 -7.096975539719502305e-30
1.854818523153942422e+01 -6.183187623398890457e-30
1.857321652065081352e+01 -5.387056591365072020e-30
1.859824780976220282e+01 -4.693433251595872554e-30
1.862327909887359212e+01 -4.089118981325606551e-30
1.864831038798498142e+01 -3.562614576842220626e-30
1.867334167709637072e+01 -3.103901440705757405e-30
1.869837296620776002e+01 -2.704250942707842772e-30
1.872340425531914931e+01 -2.356058326992488031e-30
1.874843554443053861e+01 -2.052698004838457333e-30
1.877346683354192791e+01 -1.788397479538510704e-30
1.879849812265331721e+01 -1.558127504354158726e-30
1.882352941176470651e+01 -1.357506383413911280e-30
1.884856070087609581e+01 -1.182716594543453312e-30
1.887359198998748511e+01 -1.030432147484194001e-30
1.889862327909887441e+01 -8.977552952344439864e-31
1.892365456821026370e+01 -7.821613942240584546e-31
1.894868585732165300e+01 -6.814508640936265420e-31
1.897371714643304230e+01 -5.937073329438678412e-31
1.899874843554443160e+01 -5.172611716213030946e-31
1.902377972465582090e+01 -4.506577231520171744e-31
1.904881101376721020e+01 -3.926296227761834687e-31
1.907384230287859950e+01 -3.420726818749021212e-31
1.909887359198998880e+01 -2.980248768958595772e-31
1.912390488110137809e+01 -2.596480434681066106e-31
1.914893617021276739e+01 -2.262119273716177200e-31
1.917396745932415669e+01 -1.970802888749933061e-31
1.919899874843554599e+01 -1.716987960267658211e-31
1.922403003754693174e+01 -1.495844765270784053e-31
1.924906132665832104e+01 -1.303165274634429115e-31
1.927409261576971033e+01 -1.135283080325228206e-31
1.929912390488109963e+01 -9.890036287988014160e-32
1.932415519399248893e+01 -8.615434330045835480e-32
1.934918648310387823e+01 -7.504771062710398151e-32
1.937421777221526753e+01 -6.536912101785321715e-32
1.939924906132665683e+01 -5.693440381799709721e-32
1.942428035043804613e+01 -4.958305696714867091e-32
1.944931163954943543e+01 -4.317519275926888252e-32
1.947434292866082473e+01 -3.758887583217943894e-32
1.949937421777221402e+01 -3.271780272563333133e-32
1.952440550688360332e+01 -2.846927884546829047e-32
1.954943679599499262e+01 -2.476245432958412458e-32
1.957446808510638192e+01 -2.152678523727388473e-32
1.959949937421777122e+01 -1.870069077086165101e-32
1.962453066332916052e+01 -1.623038096975419506e-32
1.964956195244054982e+01 -1.406883256367195041e-32
1.967459324155193912e+01 -1.217489349700471407e-32
1.969962453066332841e+01 -1.051249909562623047e-32
1.972465581977471771e+01 -9.049984990673919825e-33
1.974968710888610701e+01 -7.759483785859875962e-33
1.977471839799749631e+01 -6.616394097752306442e-33
1.979974968710888561e+01 -5.598912052781601272e-33
1.982478097622027491e+01 -4.687616631866479378e-33
1.984981226533166421e+01 -3.865101458488825934e-33
1.987484355444305351e+01 -3.115646781267460454e-33
1.989987484355444280e+01 -2.424926585564290214e-33
1.992490613266583210e+01 -1.779746994731776360e-33
1.994993742177722140e+01 -1.167797350447509932e-33
1.997496871088861070e+01 -5.769950571178994354e-34
2.000000000000000000e+01 0.000000000000000000e+00
