1
0
63
1
(4 0
((0,0) (15,255) (0,0))
((0,768) (15,1023) (0,0))
((0,512) (15,767) (0,0))
((0,256) (15,511) (0,0))
)
4
FabOnDisk: SD_0_New_MF_D_0003 0
FabOnDisk: SD_0_New_MF_D_0000 0
FabOnDisk: SD_0_New_MF_D_0001 0
FabOnDisk: SD_0_New_MF_D_0002 0

4,63
-3.633719352320329e-06,1.183545892421674e+00,1.575752138507506e-01,6.176134392314912e-21,2.739361456614890e-19,1.905863865663414e-15,6.917925829173207e-10,3.279961010176576e-07,1.252223145742264e-07,2.831255948142271e-10,2.843181248974097e-03,0.000000000000000e+00,8.370654449173225e-25,5.516126801627251e-26,8.039214367356924e-12,6.488438491771157e-11,1.138740179221459e-20,7.838486206940637e-10,6.647287847677620e-15,2.111229015723285e-25,1.018011036703223e-11,4.277902584218955e-08,4.155379306653498e-09,8.254134593561394e-31,4.505212415027940e-10,4.742448691986964e-22,1.018610584138091e-09,0.000000000000000e+00,0.000000000000000e+00,2.819671251597605e-24,5.204794842175923e-11,2.750930498054630e-18,2.169482641949807e-20,0.000000000000000e+00,0.000000000000000e+00,0.000000000000000e+00,0.000000000000000e+00,0.000000000000000e+00,0.000000000000000e+00,0.000000000000000e+00,0.000000000000000e+00,0.000000000000000e+00,0.000000000000000e+00,4.927864057776515e-14,1.104019827342270e-16,3.053617931677847e-18,4.471376055092538e-14,1.450464075188486e-14,6.019342290282345e-13,1.399913986608585e-13,2.522431392666060e-13,0.000000000000000e+00,0.000000000000000e+00,0.000000000000000e+00,0.000000000000000e+00,0.000000000000000e+00,0.000000000000000e+00,0.000000000000000e+00,1.130426668589946e-01,3.593173968922485e+03,0.000000000000000e+00,4.430009188658837e+02,1.013142445196975e+05,
-9.304366095628203e-08,4.730093373885926e+00,1.460867514377784e-01,6.106129257451189e-06,5.830420060261268e-05,4.692410260135344e-04,1.349820662341998e-07,5.703910638231560e-05,1.235213554005103e-02,1.209623072284528e-08,1.183967640233021e-03,5.118208065834580e-11,2.714750788318709e-10,2.293364701847223e-11,1.086360057595522e-09,2.978032631771641e-10,8.715030152711106e-10,1.626521527112419e-09,3.543690403941423e-12,1.171592250661380e-11,1.249211661564994e-11,3.569321983147696e-03,2.344093994577340e-02,8.743486390484499e-11,9.027141847182385e-09,1.001173047390721e-10,3.364455012906059e-09,6.918847432793939e-14,1.251175486415014e-15,2.994045116517339e-09,1.622327884642739e-09,4.103973759618786e-15,2.177343688701913e-12,4.884981048862022e-14,8.156397095721590e-14,1.573739326976492e-15,3.169478525807345e-15,2.783552488054774e-15,9.628395916773378e-19,4.465934656890494e-17,0.000000000000000e+00,7.866027111630450e-22,2.129983279839905e-17,7.818827584554111e-14,1.737037217079801e-17,1.194602593927247e-18,5.873116457846789e-07,3.994355651817797e-06,1.796896697689005e-08,1.330267489279687e-08,8.133852602464664e-09,4.245637523629753e-13,6.987499882553438e-16,0.000000000000000e+00,0.000000000000000e+00,0.000000000000000e+00,0.000000000000000e+00,0.000000000000000e+00,1.047753902484899e-01,7.926168929103714e+03,0.000000000000000e+00,2.331092699026306e+03,1.013249831607424e+05,
-2.231122978215574e-07,4.661355002278748e+00,1.469259471208650e-01,7.192371844988434e-06,6.933672945618608e-05,5.057724447037633e-04,1.327123304062678e-07,6.108487433874805e-05,1.235465325477165e-02,1.456309255891543e-08,1.322757985347813e-03,8.135698675293423e-11,3.921967368559555e-10,3.421395409087899e-11,1.508153490135475e-09,3.790003089168070e-10,1.126847949330205e-09,2.347506773244912e-09,5.136532747191856e-12,1.757309162563879e-11,1.778728821136977e-11,3.778087936773674e-03,2.305630166037647e-02,1.278247066279742e-10,1.257899781572930e-08,1.650417234973646e-10,5.006342729772193e-09,0.000000000000000e+00,0.000000000000000e+00,4.179502354731383e-09,2.190468551565752e-09,6.662110778373123e-15,3.966832227359886e-12,0.000000000000000e+00,0.000000000000000e+00,0.000000000000000e+00,0.000000000000000e+00,0.000000000000000e+00,0.000000000000000e+00,0.000000000000000e+00,0.000000000000000e+00,0.000000000000000e+00,0.000000000000000e+00,1.386117856049493e-13,3.844102747432794e-17,2.395333348689948e-18,9.282545868090741e-07,6.338237215091757e-06,2.479735722374934e-08,2.819106286491329e-08,1.739907622597973e-08,7.225180337631139e-13,0.000000000000000e+00,0.000000000000000e+00,0.000000000000000e+00,0.000000000000000e+00,0.000000000000000e+00,0.000000000000000e+00,1.053795486843964e-01,7.836588360420300e+03,0.000000000000000e+00,2.292075015558920e+03,1.013249811939381e+05,
-8.452640343828978e-07,4.411962260187892e+00,1.490314756606490e-01,1.038512697800111e-05,1.009102634058498e-04,5.925762492118067e-04,1.327183818222759e-07,7.152751450366176e-05,1.233913646029661e-02,2.212187051205505e-08,1.658275199908864e-03,1.366555043251833e-10,4.187244443236346e-10,5.024608512544807e-11,1.397938490675080e-09,2.000306015890381e-10,1.882488749688357e-09,2.872361078066541e-09,5.502322029652472e-12,2.608618285055241e-11,1.944041429450543e-11,4.280029601858723e-03,2.216509311924071e-02,1.329016632778903e-10,1.079795257906614e-08,2.984972397048648e-10,6.885270592823898e-09,0.000000000000000e+00,0.000000000000000e+00,3.018505653987937e-09,1.202096467205119e-09,0.000000000000000e+00,8.719973735752959e-12,0.000000000000000e+00,0.000000000000000e+00,0.000000000000000e+00,0.000000000000000e+00,0.000000000000000e+00,0.000000000000000e+00,0.000000000000000e+00,0.000000000000000e+00,0.000000000000000e+00,0.000000000000000e+00,4.941889283894070e-14,8.272996056875846e-17,3.016616164643841e-18,1.545334225577585e-06,1.065014829289649e-05,1.804696742013967e-08,9.382727292579300e-08,5.923391521036318e-08,1.416560333436815e-12,0.000000000000000e+00,0.000000000000000e+00,0.000000000000000e+00,0.000000000000000e+00,0.000000000000000e+00,0.000000000000000e+00,1.068940744398214e-01,5.958450376671324e+03,0.000000000000000e+00,2.149211642392854e+03,1.013249585031832e+05,

4,63
4.912256532049551e-06,4.409665548196725e+00,8.373267914092988e-01,4.975528625858761e-05,4.554962205077234e-04,9.632748775396350e-04,1.190137695614930e-04,3.563619481790073e-04,1.296027072480354e-02,2.150018474291967e-05,1.827778005262266e-01,1.405832231653247e-06,6.499071136132703e-06,7.294870216660846e-07,2.347238656851181e-04,2.597745169511632e-04,2.022557893301994e-05,5.171976949112284e-04,1.491040270953189e-05,9.644213783593047e-07,6.790310912216656e-05,1.414171622619688e-02,2.216075810348823e-02,8.135402404432867e-07,6.237383161249417e-04,2.234731483652222e-05,4.593688560670569e-03,1.010753409569774e-04,4.580616393164884e-04,3.267017443240512e-05,1.159187771019681e-04,1.320224272496271e-07,3.247660453995827e-05,3.817159028702011e-05,1.256851351798188e-05,5.904074610211529e-05,3.190873169127467e-05,4.192371219971098e-05,3.115651637689579e-06,6.592891370236564e-04,1.075168292565645e-05,4.157341717894835e-06,1.180376870262710e-04,1.742482750413513e-05,6.437221585780459e-07,1.527184858482335e-08,2.492027925685715e-06,1.759356929620113e-05,3.060429092249280e-05,1.293677387419169e-05,1.670951640267863e-05,1.700003162681353e-06,4.588902752894658e-04,9.459331355925282e-06,5.259424130077552e-02,1.682007993976677e-03,1.457711519763287e-04,4.574321457630541e-04,6.019542401915112e-01,7.554008938733456e+04,0.000000000000000e+00,2.147887174757525e+03,1.013288159807108e+05,
1.103220135075459e-07,4.759807570313089e+00,1.469212285104599e-01,7.185840013603686e-06,6.927112718567228e-05,5.055663427881184e-04,1.366633206028506e-07,6.106126206166095e-05,1.235464383243585e-02,1.454817789822474e-08,1.321983210594366e-03,8.120305441261040e-11,3.916621073881335e-10,3.416105751335546e-11,1.506412209719655e-09,3.787403728305484e-10,1.125329791697606e-09,2.344293426177207e-09,5.129453153502189e-12,1.754541621454527e-11,1.776448202166396e-11,3.776917139596109e-03,2.361045541964808e-02,1.276436354189851e-10,1.256439006301752e-08,1.646994819262690e-10,4.998779787863947e-09,1.264917694301728e-13,2.295855275506567e-15,4.174668790769763e-09,2.188363332318586e-09,8.633151979972083e-15,3.956544575959846e-12,1.024943071086591e-13,1.252045395725885e-13,3.199480776837808e-15,5.368408391608297e-15,4.810985414215182e-15,2.326230517391346e-18,9.912110683846121e-17,7.025560324098833e-20,2.144463736439781e-21,4.871458795314308e-17,1.383578592596954e-13,3.832319192850804e-17,2.389283634831065e-18,9.265420855039473e-07,6.326404560813686e-06,2.477031158249485e-08,2.809293801645560e-08,1.733760785606355e-08,7.208879236187622e-13,1.255717712474578e-15,4.908689248658496e-21,2.238873907404877e-18,9.271102917510763e-18,9.225953658631077e-18,2.539738222808873e-18,1.053761565295476e-01,7.953006376637483e+03,0.000000000000000e+00,2.346983729563558e+03,1.013250118697758e+05,
2.118309788649845e-07,4.729934637548784e+00,1.490182183781118e-01,1.036321887909784e-05,1.006970666003521e-04,5.920590964539307e-04,1.349725555099947e-07,7.146209239225377e-05,1.235703945586575e-02,2.206839100369115e-08,1.656218331164311e-03,1.363965575191490e-10,5.321935482532188e-10,5.018768144328936e-11,1.899554351725784e-09,4.056682384461167e-10,1.877237054336490e-09,3.217829087688308e-09,6.986826295320054e-12,2.605551002874194e-11,2.347479090245227e-11,4.276993607566837e-03,2.343999691877836e-02,1.758439700551861e-10,1.580265220064813e-08,2.977822475669883e-10,7.201704385179712e-09,3.178115149067433e-13,5.305036820955713e-15,5.171672081081763e-09,2.497890741222930e-09,2.734023808107538e-14,8.690253234005114e-12,3.660056362505385e-13,1.751153724856006e-12,2.559275619602833e-13,7.393231021054942e-13,9.695430527462902e-13,2.546078560609551e-14,7.116237045585695e-13,2.991293905629588e-12,4.645862757476819e-17,2.524263217672331e-14,1.793535465573028e-13,8.251114651676235e-17,4.139610926365034e-18,1.542135778652337e-06,1.062751834949713e-05,3.013520509603339e-08,9.324422241477835e-08,5.885769161630950e-08,1.418393808790596e-12,2.362689951123598e-13,7.561637947929371e-13,6.807393004152453e-12,1.026749602532108e-11,4.744175676669546e-12,2.820265410421485e-12,1.068845330612287e-01,7.930437118675936e+03,0.000000000000000e+00,2.331003069988057e+03,1.013250196815781e+05,
9.567951007134267e-07,4.660940230565813e+00,1.574900377247356e-01,2.819589606440516e-05,2.615247268601570e-04,8.490342831718003e-04,1.882408687925255e-07,1.103202779574132e-04,1.235707667446095e-02,7.050924229812762e-08,2.832517220466741e-03,1.968490886377069e-10,5.610160554921513e-10,5.840741287302637e-11,1.936035172347491e-09,3.973537834527521e-10,6.748499620969609e-09,3.480281211476420e-09,7.355160550847900e-12,3.085556294541424e-11,2.448783020661216e-11,5.899940595093348e-03,2.305408953514490e-02,1.854068709193437e-10,1.601023839998693e-08,5.176029831757058e-10,8.104767368251318e-09,2.262841301193075e-12,2.655502758836963e-14,5.194856467323170e-09,2.486676304291253e-09,2.030747990506552e-13,2.206750021646601e-11,3.857202686745182e-12,6.801989039884083e-12,2.578541046292919e-12,3.362178159829719e-12,6.378344232015407e-12,2.740987473164347e-13,7.137770455115336e-12,6.622735394753721e-12,1.663696314659041e-15,2.491002745120835e-12,1.786179801635019e-13,1.170028081936815e-16,4.511569716969655e-18,2.490064445051845e-06,1.757436524111404e-05,3.022144089694608e-08,1.493038870045547e-06,1.013322947934485e-06,3.637357626705847e-12,5.931410838297896e-12,4.872701807051891e-12,7.576405618153119e-11,5.143760750153939e-11,2.408377292410160e-11,1.432289214760745e-11,1.129813815269739e-01,7.835570499412189e+03,0.000000000000000e+00,2.291832578924105e+03,1.013250531973085e+05,

