1
0
63
1
(4 0
((0,0) (15,255) (0,0))
((0,768) (15,1023) (0,0))
((0,512) (15,767) (0,0))
((0,256) (15,511) (0,0))
)
4
FabOnDisk: SD_0_Old_MF_D_0003 0
FabOnDisk: SD_0_Old_MF_D_0000 0
FabOnDisk: SD_0_Old_MF_D_0001 0
FabOnDisk: SD_0_Old_MF_D_0002 0

4,63
-4.241926256414611e-06,1.124939177819769e+00,1.575738639765245e-01,6.970974133585850e-21,3.060672456332837e-19,2.077772412729335e-15,7.572028599453266e-10,3.472578565512534e-07,1.363718743033778e-07,3.099721421918217e-10,2.843055860863839e-03,0.000000000000000e+00,9.951014108900528e-25,6.563814651953796e-26,8.770660915384069e-12,7.314311991661045e-11,1.288479235290541e-20,8.654527183250460e-10,7.461330474048815e-15,2.543382814244507e-25,1.046541871002798e-11,4.682611718673494e-08,4.591257557540470e-09,9.922212629753004e-31,4.966547139564162e-10,5.821675658000281e-22,1.335040069731863e-09,0.000000000000000e+00,0.000000000000000e+00,3.383406204823090e-24,5.783155421531361e-11,3.105594758505121e-18,2.617539136922176e-20,0.000000000000000e+00,0.000000000000000e+00,0.000000000000000e+00,0.000000000000000e+00,0.000000000000000e+00,0.000000000000000e+00,0.000000000000000e+00,0.000000000000000e+00,0.000000000000000e+00,0.000000000000000e+00,4.976929735150656e-14,1.115109535811779e-16,3.086593645864464e-18,5.036988455071124e-14,1.634013585216841e-14,6.781890641920222e-13,1.577328121798386e-13,2.842104591767656e-13,0.000000000000000e+00,0.000000000000000e+00,0.000000000000000e+00,0.000000000000000e+00,0.000000000000000e+00,0.000000000000000e+00,0.000000000000000e+00,1.130417434265005e-01,3.611914690412861e+03,0.000000000000000e+00,4.430010110756657e+02,1.013155116605710e+05,
-1.314568866201550e-07,4.670858338917966e+00,1.460866691103815e-01,6.105555156984672e-06,5.829891703946720e-05,4.692205330205701e-04,1.349810777838783e-07,5.703638061562210e-05,1.235212423498385e-02,1.209518036329734e-08,1.183926153798410e-03,5.118217055429720e-11,2.714913885966990e-10,2.293458043019625e-11,1.086450819818379e-09,2.978419495788316e-10,8.714067090404871e-10,1.626628247823492e-09,3.543892714192055e-12,1.171639372189314e-11,1.249318745010321e-11,3.569193738509803e-03,2.344091768833823e-02,8.743927760218605e-11,9.027923119376301e-09,1.001172159898714e-10,3.364635401883371e-09,6.918514501190523e-14,1.251119130692957e-15,2.994296394122501e-09,1.622500486165318e-09,4.103480029416423e-15,2.177282000196437e-12,4.884423229161650e-14,8.157533712411181e-14,1.573779023755032e-15,3.169674441584948e-15,2.783572952420950e-15,9.626945747795619e-19,4.465507813942297e-17,0.000000000000000e+00,7.864505585109752e-22,2.129766355030766e-17,7.820638922367015e-14,1.737255496062471e-17,1.194809387888717e-18,5.873262105594409e-07,3.994450065267164e-06,1.797063931600002e-08,1.330138779922080e-08,8.133048057782125e-09,4.245592650096046e-13,6.987133526775009e-16,0.000000000000000e+00,0.000000000000000e+00,0.000000000000000e+00,0.000000000000000e+00,0.000000000000000e+00,1.047753578607950e-01,7.926191731354441e+03,0.000000000000000e+00,2.331088995776245e+03,1.013249819631569e+05,
-2.143296523852267e-07,4.602113995189081e+00,1.469261281858265e-01,7.192671388656256e-06,6.933957290882561e-05,5.057816656301733e-04,1.327117565336600e-07,6.108604732698001e-05,1.235465112836695e-02,1.456372525015358e-08,1.322782537220730e-03,8.135995112444675e-11,3.922012109180692e-10,3.421463092076919e-11,1.508157107850758e-09,3.789943629743442e-10,1.126902696539746e-09,2.347535327277345e-09,5.136597162141296e-12,1.757346609389165e-11,1.778740288722794e-11,3.778120197509535e-03,2.305629600852204e-02,1.278263117672702e-10,1.257899563879257e-08,1.650477355882141e-10,5.006404238273270e-09,0.000000000000000e+00,9.192501311994883e-17,4.179502996289407e-09,2.190450060427602e-09,6.634367122981061e-15,3.967037798315942e-12,0.000000000000000e+00,0.000000000000000e+00,0.000000000000000e+00,0.000000000000000e+00,0.000000000000000e+00,0.000000000000000e+00,0.000000000000000e+00,0.000000000000000e+00,0.000000000000000e+00,0.000000000000000e+00,1.386075441127099e-13,3.844192977715065e-17,2.395331971598585e-18,9.282768172989916e-07,6.338394639629645e-06,2.479714899774243e-08,2.819369424978727e-08,1.740073722476506e-08,7.225491728378686e-13,0.000000000000000e+00,0.000000000000000e+00,0.000000000000000e+00,0.000000000000000e+00,0.000000000000000e+00,0.000000000000000e+00,1.053796806568638e-01,7.836513088808675e+03,0.000000000000000e+00,2.292072998175961e+03,1.013249812126731e+05,
-7.871776289942133e-07,4.352669873111043e+00,1.490315602162704e-01,1.038537848740531e-05,1.009123644068171e-04,5.925818783329153e-04,1.327178024585319e-07,7.152844341174543e-05,1.233927566653180e-02,2.212238388619098e-08,1.658282376746542e-03,1.366326919443091e-10,4.187784065631553e-10,5.022589357481323e-11,1.399188675767668e-09,1.998362483935220e-10,1.882467429972405e-09,2.871847195691752e-09,5.504870526335311e-12,2.607241719212186e-11,1.944690656504215e-11,4.280036958671499e-03,2.216458865513674e-02,1.328803234519635e-10,1.079598896532824e-08,2.984815504956042e-10,6.890559991338735e-09,0.000000000000000e+00,0.000000000000000e+00,3.017365317172163e-09,1.201732789969192e-09,0.000000000000000e+00,8.719470131660425e-12,0.000000000000000e+00,0.000000000000000e+00,0.000000000000000e+00,0.000000000000000e+00,0.000000000000000e+00,0.000000000000000e+00,0.000000000000000e+00,0.000000000000000e+00,0.000000000000000e+00,0.000000000000000e+00,4.984324629428628e-14,8.272275082488279e-17,3.034882954791853e-18,1.545270552133204e-06,1.064971509203101e-05,1.804463972805344e-08,9.382712208972468e-08,5.923389299492347e-08,1.417274953102596e-12,0.000000000000000e+00,0.000000000000000e+00,0.000000000000000e+00,0.000000000000000e+00,0.000000000000000e+00,0.000000000000000e+00,1.068941387216755e-01,5.961836395945009e+03,0.000000000000000e+00,2.149222265381678e+03,1.013249499957181e+05,

4,63
3.142791861506944e-06,4.350371795925376e+00,8.373263402270691e-01,4.978939288045810e-05,4.561143150264406e-04,9.637060115611899e-04,1.191482011100578e-04,3.549114555668048e-04,1.296431019405609e-02,2.149432419932149e-05,1.827776873301186e-01,1.402866776227032e-06,6.481904783024206e-06,7.291333854023304e-07,2.344791519876606e-04,2.593366885711718e-04,2.025996799532810e-05,5.171333661968936e-04,1.491963460870854e-05,9.640235787046903e-07,6.789588134746455e-05,1.413553901229833e-02,2.216022535068816e-02,8.108703336198060e-07,6.213851260475083e-04,2.234962960095861e-05,4.589381225643516e-03,1.008559931790363e-04,4.574178031586283e-04,3.265243071592758e-05,1.159831409843998e-04,1.321351630930176e-07,3.245786109618477e-05,3.821158038352369e-05,1.252665282076243e-05,5.890600016799074e-05,3.186451663321045e-05,4.189705953629846e-05,3.118744370440377e-06,6.588828694825727e-04,1.078968537001310e-05,4.141870177052606e-06,1.180147669235485e-04,1.729374394539605e-05,6.416500756054098e-07,1.519063476731407e-08,2.491746904401276e-06,1.759164113456541e-05,3.056795358602100e-05,1.292620525689904e-05,1.669817789342882e-05,1.703884522767810e-06,4.594489301884834e-04,9.515207441400699e-06,5.259422426749948e-02,1.680801658718235e-03,1.455304028331405e-04,4.582501024110907e-04,6.019538834130512e-01,7.556904845911989e+04,0.000000000000000e+00,2.147898689760276e+03,1.013280947338735e+05,
1.284625979843628e-07,4.700585003927197e+00,1.469214255585879e-01,7.186151702660814e-06,6.927411048955614e-05,5.055759683510128e-04,1.366643084477211e-07,6.106247137430705e-05,1.235464198127150e-02,1.454884531245185e-08,1.322010226257192e-03,8.120652665054419e-11,3.916686954312283e-10,3.416192941206345e-11,1.506423231299337e-09,3.787357787462113e-10,1.125388211212462e-09,2.344334591203541e-09,5.129544922292776e-12,1.754589170051968e-11,1.776469417859344e-11,3.776952616450808e-03,2.361061503035457e-02,1.276459666938798e-10,1.256445552536288e-08,1.647067611443195e-10,4.998873510261037e-09,1.265009533405020e-13,2.296028553243089e-15,4.174691179827506e-09,2.188355536371532e-09,8.634043637454173e-15,3.956787334247539e-12,1.025052577228782e-13,1.251977586191339e-13,3.199632111445472e-15,5.368637794597268e-15,4.810815765312198e-15,2.328430959230866e-18,9.917317236645470e-17,6.368965392409349e-20,2.145929716933482e-21,4.871674799403369e-17,1.383546314433149e-13,3.832447957949622e-17,2.389303378160873e-18,9.265712805489880e-07,6.326609926188535e-06,2.477024718915378e-08,2.809588750148501e-08,1.733946784538082e-08,7.209250152375827e-13,1.255778392506479e-15,4.873260917938380e-21,5.110833557550413e-19,1.311088845472141e-17,1.680012348988126e-17,3.355400354198428e-18,1.053763006445203e-01,7.952364469789922e+03,0.000000000000000e+00,2.346987117443056e+03,1.013250137314333e+05,
2.771778293606521e-07,4.670700029825412e+00,1.490183109993818e-01,1.036348462576897e-05,1.006993122140455e-04,5.920650700332860e-04,1.349715709081704e-07,7.146305737739196e-05,1.235704132587787e-02,2.206894091514177e-08,1.656227026171317e-03,1.363876121356228e-10,5.321497743917647e-10,5.018373983579397e-11,1.899392121326879e-09,4.056449505335792e-10,1.877265470158140e-09,3.217601721479873e-09,6.986183253651290e-12,2.605342097268455e-11,2.347238177530647e-11,4.277003016843615e-03,2.343997738100781e-02,1.758310117061268e-10,1.580139638097975e-08,2.977735356407173e-10,7.201398234038977e-09,3.251049781686586e-13,5.324259432302463e-15,5.171221155022062e-09,2.497708695887842e-09,2.753165419679284e-14,8.690041884146527e-12,4.921206387944718e-13,1.413327427802160e-12,2.114451798310167e-13,7.247170226292142e-13,1.084709152236509e-12,1.266901824282163e-14,5.909785641857573e-13,8.947581416986368e-13,1.346105206332566e-17,1.921870476553695e-14,1.793233490349968e-13,8.250318621420087e-17,4.139169491925468e-18,1.542073368130339e-06,1.062709421821087e-05,3.013338677495689e-08,9.324441473195279e-08,5.885789264446445e-08,1.418348600454979e-12,2.672354738040614e-13,4.090409731376989e-13,4.892238470747413e-12,1.251120109445967e-11,6.272339825747580e-12,3.434065486347071e-12,1.068846030173830e-01,7.930394629784786e+03,0.000000000000000e+00,2.330999653790042e+03,1.013250244276174e+05,
9.231334702448370e-07,4.601699606637266e+00,1.574887910296406e-01,2.819814199760444e-05,2.615319699782637e-04,8.490599987842081e-04,1.882394859829977e-07,1.103290087807141e-04,1.235708153353184e-02,7.050984699998433e-08,2.832398714984454e-03,1.962741246128570e-10,5.609385171803443e-10,5.839720414937478e-11,1.935646775981140e-09,3.973289398740498e-10,6.749194056741675e-09,3.480039487104250e-09,7.354156006072812e-12,3.083345540502302e-11,2.448385283945954e-11,5.899980754516017e-03,2.305408572561545e-02,1.853881163032600e-10,1.600798095783913e-08,5.175734071444187e-10,8.099689596766291e-09,1.845764417155124e-12,2.251995132007072e-14,5.194982975613054e-09,2.486648968279399e-09,2.438802795321280e-13,2.206476319299816e-11,5.072934275069244e-12,7.755323271121240e-12,2.618200336513576e-12,3.857271459837577e-12,9.548569840893483e-12,6.961923994410954e-13,1.660570832246833e-11,1.562951327936070e-11,2.271356671895603e-15,7.772974733934912e-13,1.785968888253899e-13,1.169805187282894e-16,4.510801684637385e-18,2.489791015040070e-06,1.757248964107394e-05,3.021964464330059e-08,1.492835626958878e-06,1.013186753664690e-06,3.637175031851534e-12,2.215122196022645e-12,5.833415017556860e-12,3.596986867060966e-11,3.381725120735613e-11,2.877029727070430e-11,9.467938263115307e-12,1.129805303154095e-01,7.835502601755576e+03,0.000000000000000e+00,2.291830752564163e+03,1.013250498928816e+05,

