1
0
56
1
(4 0
((0,0) (15,255) (0,0))
((0,768) (15,1023) (0,0))
((0,512) (15,767) (0,0))
((0,256) (15,511) (0,0))
)
4
FabOnDisk: SD_5_New_MF_D_0003 0
FabOnDisk: SD_5_New_MF_D_0000 0
FabOnDisk: SD_5_New_MF_D_0001 0
FabOnDisk: SD_5_New_MF_D_0002 0

4,56
-7.588696445414953e+00,-1.785905481173730e+01,-2.702321914463276e+01,-6.033296443058052e+00,-8.002144170326666e+00,-8.337415959040827e+00,-1.157475992679425e+00,-6.258638593058789e+02,-2.476826779397719e-01,-7.627698385057874e-01,-8.822107252643253e-02,-1.374837284296215e+01,-1.202727500484018e+01,-1.414541683766956e+00,-9.698697221152345e+00,-4.548498314880733e-01,-7.110542509885290e-02,-2.758213381100636e+00,-1.331060579099677e+02,6.239041401567835e-16,-9.085781794537368e-02,-4.761976707527448e+01,-1.842910113069686e+00,-2.010940135190154e+02,-7.609844010908384e+00,-2.391848064039842e+01,-4.528750923350479e+00,-2.918549230108799e+00,-9.045954098696959e-03,-2.009768385217852e+00,-1.593872823737527e+00,-9.279735336981644e-01,-3.787524883334766e+00,-2.219028807853313e+00,-3.228734995122804e+00,-2.185549062117987e-01,-3.276647564894017e+01,-4.691046118141314e-01,-3.136010042942319e-01,-8.616916925139440e+00,-8.563521049810472e-01,-1.459778986184947e-02,-5.813438445959892e-04,-8.235333347595346e-02,-1.538078099004784e-01,-2.124811898824100e+00,-7.146409778071872e-02,-3.884331694699718e-01,-1.343200565627859e-01,-2.507310463410684e+01,-4.606431891250823e-01,-5.971581113871662e+02,-9.013563392329675e+01,-9.515399085380622e+00,-2.498608246385831e+01,-2.742481797213259e-10,
-4.213949352517451e-03,-2.980905597535477e-02,-8.775508125903206e-02,-2.727891221202170e-07,-1.103631228763599e-02,1.011314551222450e-01,-6.617730591582647e-06,-3.309580765497432e-01,-8.482001547922624e-08,-3.011675688316794e-07,-2.565813934903267e-08,-1.125283789699354e-06,-2.681398819551377e-07,-6.643454202701392e-07,-1.399036715639463e-06,-2.989651649693435e-09,-1.170240344563414e-08,-1.077043199396547e-08,-4.656344888037797e-01,2.442724519541217e-01,-8.108245430552725e-08,-8.256910781300188e-06,-1.480463367309085e-07,-3.375475668125864e-06,-1.473508695385436e-10,-2.677570430211988e-12,-3.645542587676940e-06,-1.275181214838294e-06,-1.307891883011536e-11,-4.466425141623140e-09,-1.546078791389932e-10,-8.166741256370300e-11,-3.916053576377223e-12,-7.689761322478064e-12,-8.096335662926911e-12,-3.960963841667606e-14,-1.259186106152403e-12,-2.453404524108237e-12,-2.432082166089270e-17,-9.444892061550045e-14,-1.003158471132124e-10,-4.932625482696264e-14,-2.479361934305674e-15,-7.152809364129393e-04,-4.946437700100840e-03,-1.296416281181763e-05,-4.254157517191883e-05,-2.670624271318478e-05,-6.902068484466783e-10,-1.470014765025359e-12,-3.384768557050264e-13,-2.141065651364145e-11,-3.853976193078914e-12,-2.249703780971499e-12,-1.078276263383685e-12,-2.038874624687992e-11,
-1.227723148934360e-02,-9.051318480610272e-02,-1.996956928042426e-01,3.615418477496278e-06,-2.856912122980047e-02,1.846876076109822e-01,-2.216395378984376e-05,-8.020976697804429e-01,-1.180980968701566e-07,-2.918579544446678e-07,-3.224920955796524e-08,-1.406346111074247e-06,-1.203379884060381e-07,-2.200783099017485e-06,-2.094206830233099e-06,-4.862567682781251e-09,-1.945904334073208e-08,-1.652309220894727e-08,-1.104080757540114e+00,7.525754616538471e-01,-1.043358855465614e-07,-7.624414206864268e-06,-3.840819605004483e-07,-1.256394666481724e-05,-2.935378090228252e-07,-3.092946800989594e-09,-2.068404996867849e-06,-8.376203452278575e-07,-5.560632127533834e-09,-1.324934427337092e-08,-3.317069538875632e-07,-2.021181312827671e-07,-4.939484056123338e-08,-1.729683382410427e-07,-2.169407881406048e-07,-1.058260553982427e-08,-4.626932623827611e-07,-2.012164495444507e-06,-1.519732337324936e-11,-7.646529019219308e-09,-1.002745296836420e-10,-8.132808583807121e-14,-2.673164368199937e-15,-1.188106357168486e-03,-8.434607086674211e-03,-1.077642947683042e-05,-2.392342668517864e-04,-1.546166057168496e-04,-2.818879624517696e-09,-4.086429762006069e-08,-8.443826405495613e-07,-2.082221840071144e-06,-1.836176727397026e-06,-1.300668791774742e-06,-5.035066338651620e-07,-2.069899807111142e-11,
-1.410646803081179e-01,-7.350455483743873e-01,-5.584567145883642e-01,-4.594270974757538e-04,-1.409551336804820e-01,4.815511665599391e-01,-2.523730067184858e-04,-3.709772179159071e+00,-7.544091432925793e-07,-1.349883927304642e-06,-2.745792476818013e-07,-1.920393644937139e-05,-1.740577675131155e-07,-2.642506502412567e-05,-1.280454347611404e-05,-4.496912590873558e-08,-2.835956788857149e-07,-1.598164355542655e-07,-4.231420343137445e+00,1.774478575048190e+00,-8.332736188902242e-08,-4.577929834277195e-06,-3.324733496342659e-06,-8.682963257235693e-05,-5.065020226269286e-06,-1.255144161340260e-08,-5.260966735415825e-07,3.191942966605485e-07,-8.329382021311853e-08,-1.457138701899536e-07,-3.497264379209082e-06,-4.182376563774339e-06,-2.245391394395744e-06,-4.535078462784531e-06,-1.205769582209556e-05,-3.765671941479579e-07,-9.944212758403169e-06,-1.031562686390624e-05,-2.631713477514906e-09,-2.627197638399294e-06,-4.979738103875499e-10,-1.706559985096693e-12,-4.488658315851136e-14,-1.403684885441608e-03,-1.034802709903722e-02,2.011475922207227e-07,-1.281361109473890e-02,-8.929858330817586e-03,-3.561783272769819e-07,-8.674020446204693e-06,-2.629531010255643e-06,-1.276161297073147e-04,-6.111490109373465e-05,-2.846992419260363e-05,-1.695869733829636e-05,-4.253422614119984e-11,

4,56
5.471857445376691e+00,3.026615949351770e+01,4.363525413704401e+01,7.562602785542661e+00,1.355303292294657e+01,3.110754213580821e+02,6.393771845352292e-01,-5.482990589333880e-10,6.219720921383135e-01,1.403321011520794e+00,1.589805679184529e-01,2.609464132697115e+01,1.564619115486992e+01,1.899698786695415e+00,1.571046967983836e+01,4.088586285634436e-01,1.323500506485374e-01,2.731152526233967e+00,4.601064873526626e+02,2.793459826289885e+02,2.009995759996046e-01,6.075800221281087e+01,3.905404096849867e+00,3.019457320896193e+02,1.282328649252482e+01,2.552646653276383e+01,8.593586689796615e+00,3.569085302550851e+00,1.555193926035535e-02,3.814771407341746e+00,2.330794067191915e+00,1.115444334627062e+00,4.031781965739275e+00,2.386497623561200e+00,3.938703773439913e+00,1.988723317837275e-01,3.505095320775790e+01,1.001155782434995e+00,5.632244287632853e-01,7.991511262661676e+00,1.456715603204964e+00,3.791124705585053e-02,9.878867387834245e-04,7.924165899242028e-02,3.769861866896819e-01,2.496460757073262e+00,4.785043326244520e-01,6.969616309254930e-01,1.819253650380871e-01,1.650606926128941e+01,7.320658985221276e-01,2.013071191792596e-01,9.022793947568094e+01,1.474213957049623e+01,2.527023225055035e+01,2.283968569827266e-10,
-1.759848423794983e-03,-1.097341660000303e-02,-2.973557068054839e-02,6.453783935444363e-06,-6.103520512280317e-03,1.840829548303697e-01,-1.562804087091955e-06,-1.526917304911239e-01,-4.236474210410789e-08,-1.812725030338966e-07,-1.641788910713022e-08,-6.506139872208871e-07,-9.590094352590303e-08,-1.771367866982336e-07,-1.082114800057300e-06,-2.388071787699467e-09,-8.462289185803516e-09,-8.088608561605628e-09,-1.479491008169760e-01,7.506804217064191e-01,-6.009774059133793e-08,-5.503385875360486e-06,-8.544875783985391e-08,-2.418806350506255e-06,-6.611350504666965e-11,-1.208878243907051e-12,-1.836985085828598e-06,-8.258838055597821e-07,-4.376222583028422e-12,-2.129302688578065e-09,-5.148477800893783e-11,-5.841360377966404e-11,-1.803106353763569e-12,1.970032548628619e-12,1.125806084538717e-11,1.337680568456669e-13,4.152471764639006e-12,1.620495589848359e-12,6.753044239118370e-17,4.468159369598604e-14,-8.792798662012597e-11,-2.290449869419629e-14,-1.549946582809616e-15,-4.497665013092612e-04,-3.065164909383198e-03,-1.066052754238963e-05,-1.143467787035344e-05,-7.007558559289895e-06,-3.244061452182911e-10,-5.309285403880112e-13,3.985638166248951e-13,1.081270300042678e-11,9.056216644146963e-12,3.508271730060034e-12,2.501644240472528e-12,1.871153752774912e-11,
-3.831339409866614e-03,-2.990908009232581e-02,-8.797590625290519e-02,7.726543313916831e-06,-1.107218028594603e-02,4.793609002765877e-01,-6.593725746894823e-06,-3.318891232833192e-01,-6.443309664147451e-08,-1.258536762509011e-07,-1.973435211112692e-08,2.659081363201478e-08,1.347096615385081e-07,-6.656145125291230e-07,-8.296750124990578e-07,-1.497896422990121e-09,-9.426131958126660e-09,-3.548069443607668e-09,-4.668164791265191e-01,1.767934351764811e+00,-4.641733144851273e-08,-1.341606294326618e-06,-1.431260205904119e-07,-1.455027640450587e-06,1.005831082128125e-07,5.467090949385835e-10,1.587547634524272e-08,5.142065021076622e-07,8.812264402640253e-10,-4.475215076048187e-09,4.184106278491299e-08,8.669312683443806e-07,1.389406269496467e-07,5.249891946412758e-07,7.679211064723884e-07,1.566749449344933e-08,4.657520160809704e-07,2.571237474088389e-06,2.880847810231221e-11,1.457563247193838e-08,5.005350817321828e-11,-4.924760504419200e-14,-1.880199433662645e-15,-7.166468249116977e-04,-4.956081121586631e-03,1.564227675780646e-07,-4.274858194376358e-05,-2.678738537986123e-05,4.685325352363864e-09,1.915781162583044e-07,6.431485328830040e-07,5.131653235956572e-06,6.505765431602924e-06,2.395917977512974e-06,1.799857349554554e-06,2.062456455620421e-11,
-1.234980027568302e-02,-9.098837772692657e-02,-2.003830181414590e-01,3.533014112750506e-06,-2.869839881173152e-02,2.833176467482848e+00,-2.227276194840939e-05,-8.053664474157641e-01,9.997913268082679e-07,2.872876404471740e-06,4.952334526061118e-07,3.306264364710006e-05,1.999138647737868e-06,-2.098567626250185e-06,2.696099038761625e-05,6.846058555795794e-08,3.541577198488878e-07,2.380124185157622e-07,-1.108195346449724e+00,6.700370213173148e+00,5.509337546943069e-07,4.475362593785917e-05,4.078570156039134e-06,1.470114391962336e-04,7.099184234783106e-06,1.753925433157888e-08,1.406572166524882e-05,5.545645320555808e-06,1.965882504192051e-08,1.274038255141355e-07,6.177013185345646e-07,3.463095848604825e-06,1.626190141964701e-06,3.104139466296808e-06,5.841400388624091e-06,2.612425963444875e-07,6.791836677865061e-06,1.094854631658282e-05,1.610919323977846e-09,2.055801707825002e-06,3.634927257669045e-10,1.551131469128836e-13,9.155541576134528e-15,7.299392374686187e-04,4.816441297991402e-03,6.161918098457008e-05,-2.413964826861493e-04,-1.560330171949674e-04,3.106702526834954e-07,5.929479051764996e-06,3.960339199083507e-06,7.806881027512622e-05,4.907532277727160e-05,1.054882968109131e-05,1.368783201837356e-05,3.915015533983990e-11,

