0.000000000000000000e+00 9.999999979388463078e-01
6.688963210702340845e-02 9.999995319728361975e-01
1.337792642140468169e-01 9.999990566047959328e-01
2.006688963210702115e-01 9.999985668612713097e-01
2.675585284280936338e-01 9.999980554888043827e-01
3.344481605351170561e-01 9.999975149076545389e-01
4.013377926421404229e-01 9.999969370995357432e-01
4.682274247491638453e-01 9.999963134884716220e-01
5.351170568561872676e-01 9.999956348137517548e-01
6.020066889632106344e-01 9.999948909922870000e-01
6.688963210702341122e-01 9.999940709687267226e-01
7.357859531772574790e-01 9.999931625514243416e-01
8.026755852842808459e-01 9.999921522308939936e-01
8.695652173913043237e-01 9.999910249791251760e-01
9.364548494983276905e-01 9.999897640260040355e-01
1.003344481605351168e+00 9.999883506098419250e-01
1.070234113712374535e+00 9.999867636983477137e-01
1.137123745819397902e+00 9.999849796756399289e-01
1.204013377926421269e+00 9.999829719909205661e-01
1.270903010033444858e+00 9.999807107634576253e-01
1.337792642140468224e+00 9.999781623379376816e-01
1.404682274247491591e+00 9.999752887838054827e-01
1.471571906354514958e+00 9.999720473308496560e-01
1.538461538461538325e+00 9.999683897329377791e-01
1.605351170568561692e+00 9.999642615503064880e-01
1.672240802675585281e+00 9.999596013395836147e-01
1.739130434782608647e+00 9.999543397401353673e-01
1.806020066889632014e+00 9.999483984421771998e-01
1.872909698996655381e+00 9.999416890223967735e-01
1.939799331103678748e+00 9.999341116292552734e-01
2.006688963210702337e+00 9.999255534982436355e-01
2.073578595317725703e+00 9.999158872761096939e-01
2.140468227424749070e+00 9.999049691279289220e-01
2.207357859531772437e+00 9.998926366002770516e-01
2.274247491638795804e+00 9.998787062080677357e-01
2.341137123745819171e+00 9.998629707099598862e-01
2.408026755852842538e+00 9.998451960319454379e-01
2.474916387959865904e+00 9.998251177939447842e-01
2.541806020066889715e+00 9.998024373884720761e-01
2.608695652173913082e+00 9.997768175534945678e-01
2.675585284280936449e+00 9.997478773752744852e-01
2.742474916387959816e+00 9.997151866476141624e-01
2.809364548494983183e+00 9.996782595058126830e-01
2.876254180602006549e+00 9.996365472424233456e-01
2.943143812709029916e+00 9.995894302012855448e-01
3.010033444816053283e+00 9.995362086323792417e-01
3.076923076923076650e+00 9.994760923766011773e-01
3.143812709030100017e+00 9.994081892325377137e-01
3.210702341137123383e+00 9.993314918402327329e-01
3.277591973244147194e+00 9.992448628962243840e-01
3.344481605351170561e+00 9.991470184924834408e-01
3.411371237458193928e+00 9.990365093473245750e-01
3.478260869565217295e+00 9.989116996691811412e-01
3.545150501672240662e+00 9.987707433645811594e-01
3.612040133779264028e+00 9.986115572696423470e-01
3.678929765886287395e+00 9.984317910480544622e-01
3.745819397993310762e+00 9.982287933618569920e-01
3.812709030100334129e+00 9.979995738789804172e-01
3.879598662207357496e+00 9.977407606390464867e-01
3.946488294314381307e+00 9.974485522527749559e-01
4.013377926421404673e+00 9.971186643633498381e-01
4.080267558528428040e+00 9.967462697499300806e-01
4.147157190635451407e+00 9.963259314071529760e-01
4.214046822742474774e+00 9.958515278888092626e-01
4.280936454849498141e+00 9.953161701655817151e-01
4.347826086956521507e+00 9.947121092146697929e-01
4.414715719063544874e+00 9.940306335414114125e-01
4.481605351170568241e+00 9.932619558332634879e-01
4.548494983277591608e+00 9.923950879720568885e-01
4.615384615384614975e+00 9.914177036918494501e-01
4.682274247491638342e+00 9.903159882766944255e-01
4.749163879598661708e+00 9.890744748612922965e-01
4.816053511705685075e+00 9.876758671426925096e-01
4.882943143812708442e+00 9.861008486578297649e-01
4.949832775919731809e+00 9.843278792484648765e-01
5.016722408026756064e+00 9.823329799587169342e-01
5.083612040133779431e+00 9.800895084145059277e-01
5.150501672240802797e+00 9.775679277640505482e-01
5.217391304347826164e+00 9.747355735444783731e-01
5.284280936454849531e+00 9.715564244259224935e-01
5.351170568561872898e+00 9.679908847025141538e-01
5.418060200668896265e+00 9.639955886790594342e-01
5.484949832775919631e+00 9.595232397523681955e-01
5.551839464882942998e+00 9.545224999958131784e-01
5.618729096989966365e+00 9.489379493732851278e-01
5.685618729096989732e+00 9.427101372320582096e-01
5.752508361204013099e+00 9.357757522817712337e-01
5.819397993311036466e+00 9.280679405980327701e-01
5.886287625418059832e+00 9.195168039280134931e-01
5.953177257525083199e+00 9.100501122385485919e-01
6.020066889632106566e+00 8.995942644233242413e-01
6.086956521739129933e+00 8.880755286567565410e-01
6.153846153846153300e+00 8.754215882479428057e-01
6.220735785953176666e+00 8.615634091955944873e-01
6.287625418060200033e+00 8.464374312516541599e-01
6.354515050167223400e+00 8.299880646678596818e-01
6.421404682274246767e+00 8.121704498414753504e-01
6.488294314381271022e+00 7.929534073033823738e-01
6.555183946488294389e+00 7.723224722315387147e-01
6.622073578595317755e+00 7.502828732029342973e-01
6.688963210702341122e+00 7.268622825365456119e-01
6.755852842809364489e+00 7.021131395923411178e-01
6.822742474916387856e+00 6.761143337116560792e-01
6.889632107023411223e+00 6.489720351881509419e-01
6.956521739130434590e+00 6.208194851828329197e-01
7.023411371237457956e+00 5.918156016688793652e-01
7.090301003344481323e+00 5.621423284812538945e-01
7.157190635451504690e+00 5.320007449701393831e-01
7.224080267558528057e+00 5.016060572062321921e-01
7.290969899665551424e+00 4.711816970044185315e-01
7.357859531772574790e+00 4.409528484925017144e-01
7.424749163879598157e+00 4.111397894336452086e-01
7.491638795986621524e+00 3.819514642471772414e-01
7.558528428093644891e+00 3.535796910219094480e-01
7.625418060200668258e+00 3.261943462083725653e-01
7.692307692307691624e+00 2.999397760225352427e-01
7.759197324414714991e+00 2.749325668586098947e-01
7.826086956521738358e+00 2.512606852833892956e-01
7.892976588628762613e+00 2.289838880551554323e-01
7.959866220735785980e+00 2.081352169215582304e-01
8.026755852842809347e+00 1.887233388250902089e-01
8.093645484949831825e+00 1.707354706022901625e-01
8.160535117056856080e+00 1.541406342741167279e-01
8.227424749163878559e+00 1.388930173868146989e-01
8.294314381270902814e+00 1.249352542424561757e-01
8.361204013377925293e+00 1.122014904699855375e-01
8.428093645484949548e+00 1.006201390393313133e-01
8.494983277591972026e+00 9.011627633139857041e-02
8.561872909698996281e+00 8.061365999235771407e-02
8.628762541806020536e+00 7.203637533360561507e-02
8.695652173913043015e+00 6.431013439067989612e-02
8.762541806020067270e+00 5.736326246781028176e-02
8.829431438127089748e+00 5.112741238819152462e-02
8.896321070234114003e+00 4.553804808567657458e-02
8.963210702341136482e+00 4.053473782389024199e-02
9.030100334448160737e+00 3.606129422234581605e-02
9.096989966555183216e+00 3.206579419191855906e-02
9.163879598662207471e+00 2.850050741019908435e-02
9.230769230769229949e+00 2.532175749788288105e-02
9.297658862876254204e+00 2.248973584424305769e-02
9.364548494983276683e+00 1.996828421813817353e-02
9.431438127090300938e+00 1.772465895839585998e-02
9.498327759197323417e+00 1.572928667826981736e-02
9.565217391304347672e+00 1.395551902367545526e-02
9.632107023411370150e+00 1.237939205511062388e-02
9.698996655518394405e+00 1.097939423007739806e-02
9.765886287625416884e+00 9.736245694759095015e-03
9.832775919732441139e+00 8.632690600519160595e-03
9.899665551839463618e+00 7.653303395873741963e-03
9.966555183946487873e+00 6.784309466476384949e-03
1.003344481605351213e+01 6.013420068262782803e-03
1.010033444816053461e+01 5.329681191582851321e-03
1.016722408026755886e+01 4.723335781231367304e-03
1.023411371237458134e+01 4.185698597670250813e-03
1.030100334448160559e+01 3.709042921199793598e-03
1.036789297658862807e+01 3.286498259546606106e-03
1.043478260869565233e+01 2.911958209300043524e-03
1.050167224080267481e+01 2.579997634132387765e-03
1.056856187290969906e+01 2.285798351054812733e-03
1.063545150501672154e+01 2.025082554845158197e-03
1.070234113712374580e+01 1.794053256274456614e-03
1.076923076923076827e+01 1.589341058865182451e-03
1.083612040133779253e+01 1.407956649425263921e-03
1.090301003344481501e+01 1.247248427919341084e-03
1.096989966555183926e+01 1.104864751230833723e-03
1.103678929765886174e+01 9.787203122701522082e-04
1.110367892976588600e+01 8.669662202024912712e-04
1.117056856187290848e+01 7.679633890162924654e-04
1.123745819397993273e+01 6.802588801001836945e-04
1.130434782608695521e+01 6.025648799163144933e-04
1.137123745819397946e+01 5.337400263113835147e-04
1.143812709030100372e+01 4.727728266009519043e-04
1.150501672240802620e+01 4.187669374469607107e-04
1.157190635451505045e+01 3.709281008861275465e-04
1.163879598662207293e+01 3.285525528414666376e-04
1.170568561872909719e+01 2.910167402369395143e-04
1.177257525083611966e+01 2.577682006209423469e-04
1.183946488294314392e+01 2.283174741579680053e-04
1.190635451505016640e+01 2.022309321386291895e-04
1.197324414715719065e+01 1.791244189397664648e-04
1.204013377926421313e+01 1.586576157860561072e-04
1.210702341137123739e+01 1.405290448559857292e-04
1.217391304347825987e+01 1.244716413626591840e-04
1.224080267558528412e+01 1.102488293361895993e-04
1.230769230769230660e+01 9.765104404332918204e-05
1.237458193979933085e+01 8.649265039390656266e-05
1.244147157190635333e+01 7.660921238800865373e-05
1.250836120401337759e+01 6.785507372814254866e-05
1.257525083612040007e+01 6.010121422581614933e-05
1.264214046822742432e+01 5.323335063342084076e-05
1.270903010033444680e+01 4.715025408523086312e-05
1.277591973244147106e+01 4.176225948504981849e-05
1.284280936454849353e+01 3.698994497686832248e-05
1.290969899665551779e+01 3.276296211790712240e-05
1.297658862876254204e+01 2.901899957620772345e-05
1.304347826086956452e+01 2.570286512843640380e-05
1.311036789297658878e+01 2.276567246595133823e-05
1.317725752508361126e+01 2.016412085316244391e-05
1.324414715719063551e+01 1.785985704394363622e-05
1.331103678929765799e+01 1.581891006893722582e-05
1.337792642140468224e+01 1.401119057651952799e-05
1.344481605351170472e+01 1.241004735845322174e-05
1.351170568561872898e+01 1.099187453162772489e-05
1.357859531772575146e+01 9.735763591997447137e-06
1.364548494983277571e+01 8.623195216727140821e-06
1.371237458193979819e+01 7.637766275274056359e-06
1.377926421404682245e+01 6.764948028216658710e-06
1.384615384615384492e+01 5.991871951648279812e-06
1.391304347826086918e+01 5.307140031637427473e-06
1.397993311036789166e+01 4.700656733529986200e-06
1.404682274247491591e+01 4.163480170058917803e-06
1.411371237458193839e+01 3.687690274981345635e-06
1.418060200668896265e+01 3.266272039455552818e-06
1.424749163879598512e+01 2.893012090263259217e-06
1.431438127090300938e+01 2.562407085551790290e-06
1.438127090301003363e+01 2.269582577887941306e-06
1.444816053511705611e+01 2.010221148660183295e-06
1.451505016722408037e+01 1.780498754488151515e-06
1.458193979933110285e+01 1.577028347323773387e-06
1.464882943143812710e+01 1.396809937127100531e-06
1.471571906354514958e+01 1.237186360956919015e-06
1.478260869565217384e+01 1.095804106424438916e-06
1.484949832775919631e+01 9.705786119604509669e-07
1.491638795986622057e+01 8.596635323354705328e-07
1.498327759197324305e+01 7.614235163253256555e-07
1.505016722408026730e+01 6.744100951866201410e-07
1.511705685618728978e+01 5.973403264657202529e-07
1.518394648829431404e+01 5.290778782837684802e-07
1.525083612040133652e+01 4.686162752179320057e-07
1.531772575250836077e+01 4.150640587662811295e-07
1.538461538461538325e+01 3.676316436099191445e-07
1.545150501672240750e+01 3.256196758865946922e-07
1.551839464882942998e+01 2.884087218341677798e-07
1.558528428093645424e+01 2.554501347762707932e-07
1.565217391304347672e+01 2.262579657948408075e-07
1.571906354515050097e+01 2.004017988220031553e-07
1.578595317725752523e+01 1.775004045125111327e-07
1.585284280936454770e+01 1.572161193301517157e-07
1.591973244147157196e+01 1.392498669733322266e-07
1.598662207357859444e+01 1.233367487360176066e-07
1.605351170568561869e+01 1.092421377879612008e-07
1.612040133779264295e+01 9.675821978830130952e-08
1.618729096989966365e+01 8.570092882690595993e-08
1.625418060200668791e+01 7.590723351684325613e-08
1.632107023411371216e+01 6.723273322370131022e-08
1.638795986622073642e+01 5.954952899034772136e-08
1.645484949832775712e+01 5.274433776569139120e-08
1.652173913043478137e+01 4.671682213334493948e-08
1.658862876254180563e+01 4.137811091346776989e-08
1.665551839464882988e+01 3.664948882524045334e-08
1.672240802675585059e+01 3.246123589014253767e-08
1.678929765886287484e+01 2.875159946396029131e-08
1.685618729096989910e+01 2.546588374095722154e-08
1.692307692307692335e+01 2.255564330568322784e-08
1.698996655518394405e+01 1.997796884196714927e-08
1.705685618729096831e+01 1.769485446743368313e-08
1.712374581939799256e+01 1.567263736539665701e-08
1.719063545150501682e+01 1.388150145191626370e-08
1.725752508361204107e+01 1.229503775998948128e-08
1.732441471571906177e+01 1.088985505906782637e-08
1.739130434782608603e+01 9.645234968784548054e-09
1.745819397993311028e+01 8.542826481807026085e-09
1.752508361204013454e+01 7.566375391781011286e-09
1.759197324414715524e+01 6.701484636986742218e-09
1.765886287625417950e+01 5.935402026150778860e-09
1.772575250836120375e+01 5.256832216587865391e-09
1.779264214046822801e+01 4.655770172426176648e-09
1.785953177257524871e+01 4.123353647378236324e-09
1.792642140468227296e+01 3.651732517020595750e-09
1.799331103678929722e+01 3.233953033975798986e-09
1.806020066889632147e+01 2.863855299418652321e-09
1.812709030100334218e+01 2.535982439190471708e-09
1.819397993311036643e+01 2.245500145379265904e-09
1.826086956521739069e+01 1.988125397054382150e-09
1.832775919732441494e+01 1.760063309179909856e-09
1.839464882943143564e+01 1.557951178576218127e-09
1.846153846153845990e+01 1.378808901907780392e-09
1.852842809364548415e+01 1.219995034627309468e-09
1.859531772575250841e+01 1.079167842972572380e-09
1.866220735785953266e+01 9.542507747292318635e-10
1.872909698996655337e+01 8.434018396195446161e-10
1.879598662207357762e+01 7.449864478184297670e-10
1.886287625418060188e+01 6.575533060800194384e-10
1.892976588628762613e+01 5.798130160356063207e-10
1.899665551839464683e+01 5.106190590587789855e-10
1.906354515050167109e+01 4.489508872752938112e-10
1.913043478260869534e+01 3.938988713409434589e-10
1.919732441471571960e+01 3.446508829788482867e-10
1.926421404682274030e+01 3.004803143610136656e-10
1.933110367892976456e+01 2.607353575932938962e-10
1.939799331103678881e+01 2.248293861296570019e-10
1.946488294314381307e+01 1.922322961747830554e-10
1.953177257525083377e+01 1.624626802724305613e-10
1.959866220735785802e+01 1.350807175289437259e-10
1.966555183946488228e+01 1.096816754673826955e-10
1.973244147157190653e+01 8.588992750270569517e-11
1.979933110367892724e+01 6.335339760515525096e-11
1.986622073578595149e+01 4.173834998811020297e-11
1.993311036789297575e+01 2.072444671093525855e-11
2.000000000000000000e+01 0.000000000000000000e+00
