0.000000000000000000e+00 9.999999979388463078e-01
6.688963210702340845e-02 9.999999999300330789e-01
1.337792642140468169e-01 9.999999998458966033e-01
2.006688963210702115e-01 9.999999997433089982e-01
2.675585284280936338e-01 9.999999996168431604e-01
3.344481605351170561e-01 9.999999994596342479e-01
4.013377926421404229e-01 9.999999992630018708e-01
4.682274247491638453e-01 9.999999990159749164e-01
5.351170568561872676e-01 9.999999987047009098e-01
6.020066889632106344e-01 9.999999983116980573e-01
6.688963210702341122e-01 9.999999978149267665e-01
7.357859531772574790e-01 9.999999971866254667e-01
8.026755852842808459e-01 9.999999963918547730e-01
8.695652173913043237e-01 9.999999953866908209e-01
9.364548494983276905e-01 9.999999941159684047e-01
1.003344481605351168e+00 9.999999925104698928e-01
1.070234113712374535e+00 9.999999904834422360e-01
1.137123745819397902e+00 9.999999879262612135e-01
1.204013377926421269e+00 9.999999847030607292e-01
1.270903010033444858e+00 9.999999806440714734e-01
1.337792642140468224e+00 9.999999755373810695e-01
1.404682274247491591e+00 9.999999691187351214e-01
1.471571906354514958e+00 9.999999610589381804e-01
1.538461538461538325e+00 9.999999509482985216e-01
1.605351170568561692e+00 9.999999382774329426e-01
1.672240802675585281e+00 9.999999224136103537e-01
1.739130434782608647e+00 9.999999025716135304e-01
1.806020066889632014e+00 9.999998777778746906e-01
1.872909698996655381e+00 9.999998468263674445e-01
1.939799331103678748e+00 9.999998082243940489e-01
2.006688963210702337e+00 9.999997601259997815e-01
2.073578595317725703e+00 9.999997002502387655e-01
2.140468227424749070e+00 9.999996257809087297e-01
2.207357859531772437e+00 9.999995332436064643e-01
2.274247491638795804e+00 9.999994183550817706e-01
2.341137123745819171e+00 9.999992758387066250e-01
2.408026755852842538e+00 9.999990991985648892e-01
2.474916387959865904e+00 9.999988804429988942e-01
2.541806020066889715e+00 9.999986097464295121e-01
2.608695652173913082e+00 9.999982750358396011e-01
2.675585284280936449e+00 9.999978614853061165e-01
2.742474916387959816e+00 9.999973508983263093e-01
2.809364548494983183e+00 9.999967209532677481e-01
2.876254180602006549e+00 9.999959442818514566e-01
2.943143812709029916e+00 9.999949873440123760e-01
3.010033444816053283e+00 9.999938090544515656e-01
3.076923076923076650e+00 9.999923591064412420e-01
3.143812709030100017e+00 9.999905759265421690e-01
3.210702341137123383e+00 9.999883841793908434e-01
3.277591973244147194e+00 9.999856917240969034e-01
3.344481605351170561e+00 9.999823859022469730e-01
3.411371237458193928e+00 9.999783290113767320e-01
3.478260869565217295e+00 9.999733527858687410e-01
3.545150501672240662e+00 9.999672516684362522e-01
3.612040133779264028e+00 9.999597746080937100e-01
3.678929765886287395e+00 9.999506150630480539e-01
3.745819397993310762e+00 9.999393988169404945e-01
3.812709030100334129e+00 9.999256691318276768e-01
3.879598662207357496e+00 9.999088686577699558e-01
3.946488294314381307e+00 9.998883173932040513e-01
4.013377926421404673e+00 9.998631858375094383e-01
4.080267558528428040e+00 9.998324622918249860e-01
4.147157190635451407e+00 9.997949130393319894e-01
4.214046822742474774e+00 9.997490338639151153e-01
4.280936454849498141e+00 9.996929910365326410e-01
4.347826086956521507e+00 9.996245495006746973e-01
4.414715719063544874e+00 9.995409855083589035e-01
4.481605351170568241e+00 9.994389803810871387e-01
4.548494983277591608e+00 9.993144913782654459e-01
4.615384615384614975e+00 9.991625948292005566e-01
4.682274247491638342e+00 9.989772957024913858e-01
4.749163879598661708e+00 9.987512966261142822e-01
4.816053511705685075e+00 9.984757180111009101e-01
4.882943143812708442e+00 9.981397593532401746e-01
4.949832775919731809e+00 9.977302899802241720e-01
5.016722408026756064e+00 9.972313554806567781e-01
5.083612040133779431e+00 9.966235838267181180e-01
5.150501672240802797e+00 9.958834728565622019e-01
5.217391304347826164e+00 9.949825384550146090e-01
5.284280936454849531e+00 9.938863007028586605e-01
5.351170568561872898e+00 9.925530838489681207e-01
5.418060200668896265e+00 9.909326058099942047e-01
5.484949832775919631e+00 9.889643349476535672e-01
5.551839464882942998e+00 9.865755974762190350e-01
5.618729096989966365e+00 9.836794299540063680e-01
5.685618729096989732e+00 9.801721905913312050e-01
5.752508361204013099e+00 9.759309741212527367e-01
5.819397993311036466e+00 9.708109222204033273e-01
5.886287625418059832e+00 9.646425902067040647e-01
5.953177257525083199e+00 9.572296264507303976e-01
6.020066889632106566e+00 9.483471479588702069e-01
6.086956521739129933e+00 9.377413546019035540e-01
6.153846153846153300e+00 9.251311082813574727e-01
6.220735785953176666e+00 9.102123906734364001e-01
6.287625418060200033e+00 8.926667008835789119e-01
6.354515050167223400e+00 8.721744897948219277e-01
6.421404682274246767e+00 8.484345465793081686e-01
6.488294314381271022e+00 8.211897289100191788e-01
6.555183946488294389e+00 7.902584490248761862e-01
6.622073578595317755e+00 7.555698591621288207e-01
6.688963210702341122e+00 7.171988589820769144e-01
6.755852842809364489e+00 6.753952653459721622e-01
6.822742474916387856e+00 6.306003922002354489e-01
6.889632107023411223e+00 5.834446454932128434e-01
6.956521739130434590e+00 5.347220804335387490e-01
7.023411371237457956e+00 4.853420960859858857e-01
7.090301003344481323e+00 4.362635851110781005e-01
7.157190635451504690e+00 3.884212768914451774e-01
7.224080267558528057e+00 3.426560790634250453e-01
7.290969899665551424e+00 2.996601239541456518e-01
7.357859531772574790e+00 2.599434065562357121e-01
7.424749163879598157e+00 2.238238152008602266e-01
7.491638795986621524e+00 1.914377209814377145e-01
7.558528428093644891e+00 1.627653208011063668e-01
7.625418060200668258e+00 1.376639778811450388e-01
7.692307692307691624e+00 1.159034963376432414e-01
7.759197324414714991e+00 9.719887945523977835e-02
7.826086956521738358e+00 8.123795509768060030e-02
7.892976588628762613e+00 6.770283601194311551e-02
7.959866220735785980e+00 5.628531003387376302e-02
8.026755852842809347e+00 4.669691394138528184e-02
8.093645484949831825e+00 3.867472757155331065e-02
8.160535117056856080e+00 3.198395480203946456e-02
8.227424749163878559e+00 2.641824563459826622e-02
8.294314381270902814e+00 2.179854028821050227e-02
8.361204013377925293e+00 1.797103327264338093e-02
8.428093645484949548e+00 1.480469038099742514e-02
8.494983277591972026e+00 1.218861575419340551e-02
8.561872909698996281e+00 1.002946139186301940e-02
8.628762541806020536e+00 8.248994610593005788e-03
8.695652173913043015e+00 6.781884991487270933e-03
8.762541806020067270e+00 5.573736097922210413e-03
8.829431438127089748e+00 4.579364035894165075e-03
8.896321070234114003e+00 3.761310985233322357e-03
8.963210702341136482e+00 3.088574233682151067e-03
9.030100334448160737e+00 2.535527844835700623e-03
9.096989966555183216e+00 2.081013349424980317e-03
9.163879598662207471e+00 1.707576703766635609e-03
9.230769230769229949e+00 1.400830493603849028e-03
9.297658862876254204e+00 1.148922508835644547e-03
9.364548494983276683e+00 9.420940807759940576e-04
9.431438127090300938e+00 7.723137824243297023e-04
9.498327759197323417e+00 6.329741458472541021e-04
9.565217391304347672e+00 5.186409018630886662e-04
9.632107023411370150e+00 4.248458801639004513e-04
9.698996655518394405e+00 3.479161261492962304e-04
9.765886287625416884e+00 2.848330080302884722e-04
9.832775919732441139e+00 2.331161233655571180e-04
9.899665551839463618e+00 1.907276891673195037e-04
9.966555183946487873e+00 1.559938349801795845e-04
1.003344481605351213e+01 1.275398335568606609e-04
1.010033444816053461e+01 1.042368167715043763e-04
1.016722408026755886e+01 8.515795103080594402e-05
1.023411371237458134e+01 6.954240043236637565e-05
1.030100334448160559e+01 5.676569911860669128e-05
1.036789297658862807e+01 4.631539677087364286e-05
1.043478260869565233e+01 3.777104151350934701e-05
1.050167224080267481e+01 3.078772982647515541e-05
1.056856187290969906e+01 2.508258940442618324e-05
1.063545150501672154e+01 2.042367326108463987e-05
1.070234113712374580e+01 1.662083592898365688e-05
1.076923076923076827e+01 1.351823880601870838e-05
1.083612040133779253e+01 1.098819441804638180e-05
1.090301003344481501e+01 8.926110972043060151e-06
1.096989966555183926e+01 7.246341026029761281e-06
1.103678929765886174e+01 5.878773016982215906e-06
1.110367892976588600e+01 4.766033099768151820e-06
1.117056856187290848e+01 3.861188357824453156e-06
1.123745819397993273e+01 3.125861855119849040e-06
1.130434782608695521e+01 2.528685954355487983e-06
1.137123745819397946e+01 2.044033441864402954e-06
1.143812709030100372e+01 1.650976780110117456e-06
1.150501672240802620e+01 1.332434669342532947e-06
1.157190635451505045e+01 1.074472382405427685e-06
1.163879598662207293e+01 8.657283217808729586e-07
1.170568561872909719e+01 6.969441666452396994e-07
1.177257525083611966e+01 5.605800198671336980e-07
1.183946488294314392e+01 4.504992865842437494e-07
1.190635451505016640e+01 3.617107455579734549e-07
1.197324414715719065e+01 2.901575173848516875e-07
1.204013377926421313e+01 2.325444765271225532e-07
1.210702341137123739e+01 1.861971682602600947e-07
1.217391304347825987e+01 1.489465355829249220e-07
1.224080267558528412e+01 1.190347830265063084e-07
1.230769230769230660e+01 9.503854369677297323e-08
1.237458193979933085e+01 7.580620529430130618e-08
1.244147157190635333e+01 6.040681701828379257e-08
1.250836120401337759e+01 4.808846412651216194e-08
1.257525083612040007e+01 3.824437855817890607e-08
1.264214046822742432e+01 3.038536726666707314e-08
1.270903010033444680e+01 2.411739695570218623e-08
1.277591973244147106e+01 1.912338479156589325e-08
1.284280936454849353e+01 1.514841761896496693e-08
1.290969899665551779e+01 1.198776401378880179e-08
1.297658862876254204e+01 9.477159731347047304e-09
1.304347826086956452e+01 7.484942331137890994e-09
1.311036789297658878e+01 5.905688740899019879e-09
1.317725752508361126e+01 4.655073355520989254e-09
1.324414715719063551e+01 3.665716491148707279e-09
1.331103678929765799e+01 2.883835719129622156e-09
1.337792642140468224e+01 2.266547503482018675e-09
1.344481605351170472e+01 1.779695068002506189e-09
1.351170568561872898e+01 1.396101681873709883e-09
1.357859531772575146e+01 1.094167525442540380e-09
1.364548494983277571e+01 8.567437602297264401e-10
1.371237458193979819e+01 6.702300187588056234e-10
1.377926421404682245e+01 5.238517749790747631e-10
1.384615384615384492e+01 4.090823848918483818e-10
1.391304347826086918e+01 3.191813517955176778e-10
1.397993311036789166e+01 2.488258598718320571e-10
1.404682274247491591e+01 1.938170697915655407e-10
1.411371237458193839e+01 1.508462737750522220e-10
1.418060200668896265e+01 1.173089229786176254e-10
1.424749163879598512e+01 9.115689613923489546e-11
1.431438127090300938e+01 7.078128033290813269e-11
1.438127090301003363e+01 5.491946830001540247e-11
1.444816053511705611e+01 4.258161197524475567e-11
1.451505016722408037e+01 3.299246553542667111e-11
1.458193979933110285e+01 2.554544971734863205e-11
1.464882943143812710e+01 1.976640994689619898e-11
1.471571906354514958e+01 1.528505446098989852e-11
1.478260869565217384e+01 1.181246981713725483e-11
1.484949832775919631e+01 9.123439988135853637e-12
1.491638795986622057e+01 7.042557818375832429e-12
1.498327759197324305e+01 5.433327047675064845e-12
1.505016722408026730e+01 4.189619936039561372e-12
1.511705685618728978e+01 3.228988246326256394e-12
1.518394648829431404e+01 2.487430799790874455e-12
1.525083612040133652e+01 1.915304507429957497e-12
1.531772575250836077e+01 1.474132108444786536e-12
1.538461538461538325e+01 1.134112351193393467e-12
1.545150501672240750e+01 8.721798613013704062e-13
1.551839464882942998e+01 6.704947180711491698e-13
1.558528428093645424e+01 5.152676095751925695e-13
1.565217391304347672e+01 3.958467982539165367e-13
1.571906354515050097e+01 3.040091483866054179e-13
1.578595317725752523e+01 2.334100554967303725e-13
1.585284280936454770e+01 1.791569989034955353e-13
1.591973244147157196e+01 1.374791857347188190e-13
1.598662207357859444e+01 1.054718218741086205e-13
1.605351170568561869e+01 8.089829161474539382e-14
1.612040133779264295e+01 6.203723680823380084e-14
1.618729096989966365e+01 4.756442169207676666e-14
1.625418060200668791e+01 3.646152751664169243e-14
1.632107023411371216e+01 2.794578016846560663e-14
1.638795986622073642e+01 2.141568309049003524e-14
1.645484949832775712e+01 1.640919238485442585e-14
1.652173913043478137e+01 1.257149802867906545e-14
1.658862876254180563e+01 9.630217074633714780e-15
1.665551839464882988e+01 7.376302551204881600e-15
1.672240802675585059e+01 5.649357552343881277e-15
1.678929765886287484e+01 4.326342704504583829e-15
1.685618729096989910e+01 3.312896300709640070e-15
1.692307692307692335e+01 2.536665063946120446e-15
1.698996655518394405e+01 1.942181544353352626e-15
1.705685618729096831e+01 1.486930735116350427e-15
1.712374581939799256e+01 1.138330729320551900e-15
1.719063545150501682e+01 8.714156561526839110e-16
1.725752508361204107e+01 6.670580093889698390e-16
1.732441471571906177e+01 5.106051282064672609e-16
1.739130434782608603e+01 3.908335743657445709e-16
1.745819397993311028e+01 2.991474534957501347e-16
1.752508361204013454e+01 2.289638834988896171e-16
1.759197324414715524e+01 1.752420027896278636e-16
1.765886287625417950e+01 1.341220478254478691e-16
1.772575250836120375e+01 1.026488169350021090e-16
1.779264214046822801e+01 7.855981814665480799e-17
1.785953177257524871e+01 6.012299030802168124e-17
1.792642140468227296e+01 4.601241084920453510e-17
1.799331103678929722e+01 3.521310752327439619e-17
1.806020066889632147e+01 2.694816566511297580e-17
1.812709030100334218e+01 2.062291324560090324e-17
1.819397993311036643e+01 1.578218568816892616e-17
1.826086956521739069e+01 1.207760742032535958e-17
1.832775919732441494e+01 9.242543770472337703e-18
1.839464882943143564e+01 7.072925997766323353e-18
1.846153846153845990e+01 5.412573027334169113e-18
1.852842809364548415e+01 4.141955827467053423e-18
1.859531772575250841e+01 3.169597298760240452e-18
1.866220735785953266e+01 2.425489676385405757e-18
1.872909698996655337e+01 1.856056291164000665e-18
1.879598662207357762e+01 1.420295452547380093e-18
1.886287625418060188e+01 1.086829146354615602e-18
1.892976588628762613e+01 8.316442655784172943e-19
1.899665551839464683e+01 6.363638742480227270e-19
1.906354515050167109e+01 4.869241119803016725e-19
1.913043478260869534e+01 3.725615140922745868e-19
1.919732441471571960e+01 2.850378416510106031e-19
1.926421404682274030e+01 2.180465886942345564e-19
1.933110367892976456e+01 1.667583838295209255e-19
1.939799331103678881e+01 1.274724640631081198e-19
1.946488294314381307e+01 9.734897947970723021e-20
1.953177257525083377e+01 7.420262337747758247e-20
1.959866220735785802e+01 5.634237113881781175e-20
1.966555183946488228e+01 4.244523889869619114e-20
1.973244147157190653e+01 3.145413454262717851e-20
1.979933110367892724e+01 2.249118799089013886e-20
1.986622073578595149e+01 1.477845551035108292e-20
1.993311036789297575e+01 7.557593815110104308e-21
2.000000000000000000e+01 0.000000000000000000e+00
