0.000000000000000000e+00 9.999999979388463078e-01
6.688963210702340845e-02 9.999999674214619105e-01
1.337792642140468169e-01 9.999999284404941235e-01
2.006688963210702115e-01 9.999998813201802506e-01
2.675585284280936338e-01 9.999998239026011149e-01
3.344481605351170561e-01 9.999997535113475111e-01
4.013377926421404229e-01 9.999996668327610916e-01
4.682274247491638453e-01 9.999995597718887019e-01
5.351170568561872676e-01 9.999994272779902937e-01
6.020066889632106344e-01 9.999992631336211968e-01
6.688963210702341122e-01 9.999990597003050041e-01
7.357859531772574790e-01 9.999988076126536951e-01
8.026755852842808459e-01 9.999984954114510272e-01
8.695652173913043237e-01 9.999981091046934445e-01
9.364548494983276905e-01 9.999976316438468071e-01
1.003344481605351168e+00 9.999970423006608877e-01
1.070234113712374535e+00 9.999963159277039937e-01
1.137123745819397902e+00 9.999954220833742191e-01
1.204013377926421269e+00 9.999943239994955047e-01
1.270903010033444858e+00 9.999929773666725863e-01
1.337792642140468224e+00 9.999913289094092272e-01
1.404682274247491591e+00 9.999893147195344500e-01
1.471571906354514958e+00 9.999868583127986543e-01
1.538461538461538325e+00 9.999838683695332353e-01
1.605351170568561692e+00 9.999802361161492792e-01
1.672240802675585281e+00 9.999758322998724136e-01
1.739130434782608647e+00 9.999705037046755507e-01
1.806020066889632014e+00 9.999640691518125735e-01
1.872909698996655381e+00 9.999563149238076543e-01
1.939799331103678748e+00 9.999469895463339864e-01
2.006688963210702337e+00 9.999357978581272510e-01
2.073578595317725703e+00 9.999223942952051303e-01
2.140468227424749070e+00 9.999063753121730791e-01
2.207357859531772437e+00 9.998872708606224569e-01
2.274247491638795804e+00 9.998645348426108415e-01
2.341137123745819171e+00 9.998375344562475675e-01
2.408026755852842538e+00 9.998055383506549987e-01
2.474916387959865904e+00 9.997677035093132103e-01
2.541806020066889715e+00 9.997230607841762762e-01
2.608695652173913082e+00 9.996704990083281617e-01
2.675585284280936449e+00 9.996087476224764234e-01
2.742474916387959816e+00 9.995363577605392846e-01
2.809364548494983183e+00 9.994516817521978957e-01
2.876254180602006549e+00 9.993528510157677625e-01
2.943143812709029916e+00 9.992377523332396372e-01
3.010033444816053283e+00 9.991040025210403686e-01
3.076923076923076650e+00 9.989489215350499940e-01
3.143812709030100017e+00 9.987695040766925159e-01
3.210702341137123383e+00 9.985623897985356212e-01
3.277591973244147194e+00 9.983238322426535305e-01
3.344481605351170561e+00 9.980496666828621022e-01
3.411371237458193928e+00 9.977352770825689277e-01
3.478260869565217295e+00 9.973755624230794536e-01
3.545150501672240662e+00 9.969649027022330356e-01
3.612040133779264028e+00 9.964971249497717176e-01
3.678929765886287395e+00 9.959654696531531348e-01
3.745819397993310762e+00 9.953625580349158009e-01
3.812709030100334129e+00 9.946803606693734867e-01
3.879598662207357496e+00 9.939101679714605897e-01
3.946488294314381307e+00 9.930425631330184189e-01
4.013377926421404673e+00 9.920673981206822312e-01
4.080267558528428040e+00 9.909737733838326346e-01
4.147157190635451407e+00 9.897500219496114804e-01
4.214046822742474774e+00 9.883836986039234995e-01
4.280936454849498141e+00 9.868615748713986946e-01
4.347826086956521507e+00 9.851696405127046141e-01
4.414715719063544874e+00 9.832931122532794221e-01
4.481605351170568241e+00 9.812164504427891565e-01
4.548494983277591608e+00 9.789233843186072592e-01
4.615384615384614975e+00 9.763969465087604105e-01
4.682274247491638342e+00 9.736195173596206009e-01
4.749163879598661708e+00 9.705728796107686573e-01
4.816053511705685075e+00 9.672382838637801905e-01
4.882943143812708442e+00 9.635965252030603834e-01
4.949832775919731809e+00 9.596280312255212053e-01
5.016722408026756064e+00 9.553129616220404907e-01
5.083612040133779431e+00 9.506313193277952101e-01
5.150501672240802797e+00 9.455630731212720796e-01
5.217391304347826164e+00 9.400882914039202509e-01
5.284280936454849531e+00 9.341872867348264275e-01
5.351170568561872898e+00 9.278407705287745610e-01
5.418060200668896265e+00 9.210300171527682211e-01
5.484949832775919631e+00 9.137370364771558728e-01
5.551839464882942998e+00 9.059447537545962659e-01
5.618729096989966365e+00 8.976371955151761783e-01
5.685618729096989732e+00 8.887996799812732940e-01
5.752508361204013099e+00 8.794190103236736444e-01
5.819397993311036466e+00 8.694836689037831468e-01
5.886287625418059832e+00 8.589840104785196884e-01
5.953177257525083199e+00 8.479124521880053722e-01
6.020066889632106566e+00 8.362636580051348023e-01
6.086956521739129933e+00 8.240347152044019685e-01
6.153846153846153300e+00 8.112253003091602910e-01
6.220735785953176666e+00 7.978378319062453539e-01
6.287625418060200033e+00 7.838776076789253366e-01
6.354515050167223400e+00 7.693529230081807002e-01
6.421404682274246767e+00 7.542751685325351785e-01
6.488294314381271022e+00 7.386589041423727853e-01
6.555183946488294389e+00 7.225219070194643933e-01
6.622073578595317755e+00 7.058851915193673499e-01
6.688963210702341122e+00 6.887729989356804472e-01
6.755852842809364489e+00 6.712127554818951847e-01
6.822742474916387856e+00 6.532349971786493015e-01
6.889632107023411223e+00 6.348732607398878125e-01
6.956521739130434590e+00 6.161639400073827266e-01
7.023411371237457956e+00 5.971461079841885455e-01
7.090301003344481323e+00 5.778613050567875664e-01
7.157190635451504690e+00 5.583532945640437006e-01
7.224080267558528057e+00 5.386677874578449376e-01
7.290969899665551424e+00 5.188521383930158049e-01
7.357859531772574790e+00 4.989550161688889873e-01
7.424749163879598157e+00 4.790260520068536088e-01
7.491638795986621524e+00 4.591154696716337469e-01
7.558528428093644891e+00 4.392737019132554876e-01
7.625418060200668258e+00 4.195509981062278126e-01
7.692307692307691624e+00 3.999970282780830333e-01
7.759197324414714991e+00 3.806604889383684021e-01
7.826086956521738358e+00 3.615887162309480152e-01
7.892976588628762613e+00 3.428273119293334115e-01
7.959866220735785980e+00 3.244197876722147433e-01
8.026755852842809347e+00 3.064072325934614760e-01
8.093645484949831825e+00 2.888280091404354377e-01
8.160535117056856080e+00 2.717174814032349839e-01
8.227424749163878559e+00 2.551077797057866858e-01
8.294314381270902814e+00 2.390276045514437842e-01
8.361204013377925293e+00 2.235020722876956967e-01
8.428093645484949548e+00 2.085526040760402877e-01
8.494983277591972026e+00 1.941968589449484250e-01
8.561872909698996281e+00 1.804487108880641066e-01
8.628762541806020536e+00 1.673182691683219869e-01
8.695652173913043015e+00 1.548119402228152752e-01
8.762541806020067270e+00 1.429325288527808213e-01
8.829431438127089748e+00 1.316793757455416991e-01
8.896321070234114003e+00 1.210485278254261471e-01
8.963210702341136482e+00 1.110329374800401309e-01
9.030100334448160737e+00 1.016226863647364254e-01
9.096989966555183216e+00 9.280522925590496686e-02
9.163879598662207471e+00 8.456565330334446517e-02
9.230769230769229949e+00 7.688694802049586552e-02
9.297658862876254204e+00 6.975028144256646689e-02
9.364548494983276683e+00 6.313527806764036854e-02
9.431438127090300938e+00 5.702029446357920195e-02
9.498327759197323417e+00 5.138268876101245719e-02
9.565217391304347672e+00 4.619908064603132913e-02
9.632107023411370150e+00 4.144559890083686360e-02
9.698996655518394405e+00 3.709811400208270354e-02
9.765886287625416884e+00 3.313245376102335465e-02
9.832775919732441139e+00 2.952460046381223321e-02
9.899665551839463618e+00 2.625086843263179509e-02
9.966555183946487873e+00 2.328806136857440937e-02
1.003344481605351213e+01 2.061360924681378617e-02
1.010033444816053461e+01 1.820568490689649863e-02
1.016722408026755886e+01 1.604330081102071232e-02
1.023411371237458134e+01 1.410638672777755377e-02
1.030100334448160559e+01 1.237584933645862438e-02
1.036789297658862807e+01 1.083361493760152255e-02
1.043478260869565233e+01 9.462656600158452294e-03
1.050167224080267481e+01 8.247007176810249376e-03
1.056856187290969906e+01 7.171759679653654310e-03
1.063545150501672154e+01 6.223056532553209244e-03
1.070234113712374580e+01 5.388069208109360145e-03
1.076923076923076827e+01 4.654969720942639909e-03
1.083612040133779253e+01 4.012895389414057254e-03
1.090301003344481501e+01 3.451908199517946495e-03
1.096989966555183926e+01 2.962950011843731944e-03
1.103678929765886174e+01 2.537794749280858179e-03
1.110367892976588600e+01 2.168998593264339671e-03
1.117056856187290848e+01 1.849849103158599482e-03
1.123745819397993273e+01 1.574314059761211006e-03
1.130434782608695521e+01 1.336990722345072786e-03
1.137123745819397946e+01 1.133056081183316920e-03
1.143812709030100372e+01 9.582185857336527083e-04
1.150501672240802620e+01 8.086717338234504200e-04
1.157190635451505045e+01 6.810498201391692284e-04
1.163879598662207293e+01 5.723860636268221589e-04
1.170568561872909719e+01 4.800732633149799237e-04
1.177257525083611966e+01 4.018270705979425854e-04
1.183946488294314392e+01 3.356519129837505196e-04
1.190635451505016640e+01 2.798095593778936185e-04
1.197324414715719065e+01 2.327902796728356974e-04
1.204013377926421313e+01 1.932865211887386571e-04
1.210702341137123739e+01 1.601690007440197182e-04
1.217391304347825987e+01 1.324650931728283798e-04
1.224080267558528412e+01 1.093393842848742174e-04
1.230769230769230660e+01 9.007624792209331926e-05
1.237458193979933085e+01 7.406430226817793639e-05
1.244147157190635333e+01 6.078259930540342155e-05
1.250836120401337759e+01 4.978840272395371831e-05
1.257525083612040007e+01 4.070641315454560916e-05
1.264214046822742432e+01 3.321930484848468026e-05
1.270903010033444680e+01 2.705944445522864264e-05
1.277591973244147106e+01 2.200166998276379199e-05
1.284280936454849353e+01 1.785701605767883634e-05
1.290969899665551779e+01 1.446727996468630179e-05
1.297658862876254204e+01 1.170033141915057976e-05
1.304347826086956452e+01 9.446077431555608770e-06
1.311036789297658878e+01 7.613001817386905087e-06
1.317725752508361126e+01 6.125206780051524862e-06
1.324414715719063551e+01 4.919891467360196280e-06
1.331103678929765799e+01 3.945209417605563022e-06
1.337792642140468224e+01 3.158453334153988300e-06
1.344481605351170472e+01 2.524521639873052072e-06
1.351170568561872898e+01 2.014626760948420919e-06
1.357859531772575146e+01 1.605210081269632545e-06
1.364548494983277571e+01 1.277033009858521471e-06
1.371237458193979819e+01 1.014417637528587845e-06
1.377926421404682245e+01 8.046140524267874347e-07
1.384615384615384492e+01 6.372745676203637392e-07
1.391304347826086918e+01 5.040179193973021319e-07
1.397993311036789166e+01 3.980689549706099004e-07
1.404682274247491591e+01 3.139614750603163069e-07
1.411371237458193839e+01 2.472937616925997536e-07
1.418060200668896265e+01 1.945279344131354285e-07
1.424749163879598512e+01 1.528256671232009467e-07
1.431438127090300938e+01 1.199139891055630799e-07
1.438127090301003363e+01 9.397591161579501927e-08
1.444816053511705611e+01 7.356148764282554508e-08
1.451505016722408037e+01 5.751564694358583253e-08
1.458193979933110285e+01 4.491976903187000213e-08
1.464882943143812710e+01 3.504447929789440340e-08
1.471571906354514958e+01 2.731159186592233649e-08
1.478260869565217384e+01 2.126348947793551178e-08
1.484949832775919631e+01 1.653853638160898691e-08
1.491638795986622057e+01 1.285137425028919698e-08
1.498327759197324305e+01 9.977161653124479565e-09
1.505016722408026730e+01 7.738991476543294883e-09
1.511705685618728978e+01 5.997863925234332220e-09
1.518394648829431404e+01 4.644710373738540773e-09
1.525083612040133652e+01 3.594059702853791934e-09
1.531772575250836077e+01 2.779017475648042456e-09
1.538461538461538325e+01 2.147292447644784659e-09
1.545150501672240750e+01 1.658057031897351491e-09
1.551839464882942998e+01 1.279470596858966615e-09
1.558528428093645424e+01 9.867286484301970518e-10
1.565217391304347672e+01 7.605285182651350583e-10
1.571906354515050097e+01 5.858643727400020804e-10
1.578595317725752523e+01 4.510821799535639928e-10
1.585284280936454770e+01 3.471395546577820789e-10
1.591973244147157196e+01 2.670268220052364104e-10
1.598662207357859444e+01 2.053147548308742883e-10
1.605351170568561869e+01 1.578016972726746390e-10
1.612040133779264295e+01 1.212385564268107524e-10
1.618729096989966365e+01 9.311472026395174341e-11
1.625418060200668791e+01 7.149158395901943044e-11
1.632107023411371216e+01 5.487323126628337625e-11
1.638795986622073642e+01 4.210607784245394775e-11
1.645484949832775712e+01 3.230106394573780604e-11
1.652173913043478137e+01 2.477338427831502167e-11
1.658862876254180563e+01 1.899584235433733256e-11
1.665551839464882988e+01 1.456277894785974052e-11
1.672240802675585059e+01 1.116219919768226393e-11
1.678929765886287484e+01 8.554250707118033187e-12
1.685618729096989910e+01 6.554617050683426182e-12
1.692307692307692335e+01 5.021712432993374024e-12
1.698996655518394405e+01 3.846813511550976907e-12
1.705685618729096831e+01 2.946459083090314923e-12
1.712374581939799256e+01 2.256599615588103198e-12
1.719063545150501682e+01 1.728096036631592645e-12
1.725752508361204107e+01 1.323258246662129084e-12
1.732441471571906177e+01 1.013184366569762162e-12
1.739130434782608603e+01 7.757163259775605227e-13
1.745819397993311028e+01 5.938696185058828201e-13
1.752508361204013454e+01 4.546276724414671791e-13
1.759197324414715524e+01 3.480164719808369095e-13
1.765886287625417950e+01 2.663944961775355950e-13
1.772575250836120375e+01 2.039080245713036838e-13
1.779264214046822801e+01 1.560734019680374173e-13
1.785953177257524871e+01 1.194567437794366451e-13
1.792642140468227296e+01 9.142840435862500755e-14
1.799331103678929722e+01 6.997479297596189903e-14
1.806020066889632147e+01 5.355416789518925508e-14
1.812709030100334218e+01 4.098614822738671044e-14
1.819397993311036643e+01 3.136707169806404383e-14
1.826086956521739069e+01 2.400516054833284548e-14
1.832775919732441494e+01 1.837086568650586236e-14
1.839464882943143564e+01 1.405883960123452586e-14
1.846153846153845990e+01 1.075881738142943138e-14
1.852842809364548415e+01 8.233320865847074980e-15
1.859531772575250841e+01 6.300588362272090187e-15
1.866220735785953266e+01 4.821506029280632664e-15
1.872909698996655337e+01 3.689603397850251500e-15
1.879598662207357762e+01 2.823394967595169960e-15
1.886287625418060188e+01 2.160517955493674503e-15
1.892976588628762613e+01 1.653245082062115235e-15
1.899665551839464683e+01 1.265049938473324321e-15
1.906354515050167109e+01 9.679780326682434836e-16
1.913043478260869534e+01 7.406344626526621885e-16
1.919732441471571960e+01 5.666434478111522253e-16
1.926421404682274030e+01 4.334688316460236405e-16
1.933110367892976456e+01 3.315105743650323796e-16
1.939799331103678881e+01 2.534120302510739051e-16
1.946488294314381307e+01 1.935278586875525156e-16
1.953177257525083377e+01 1.475138101243869556e-16
1.959866220735785802e+01 1.120081482824837123e-16
1.966555183946488228e+01 8.438068820199320827e-17
1.973244147157190653e+01 6.252973948298938799e-17
1.979933110367892724e+01 4.470990441022693080e-17
1.986622073578595149e+01 2.937489017673066357e-17
1.993311036789297575e+01 1.501934491747628336e-17
2.000000000000000000e+01 0.000000000000000000e+00
