1
0
63
1
(4 0
((0,0) (7,127) (0,0))
((0,256) (7,383) (0,0))
((0,128) (7,255) (0,0))
((0,384) (7,511) (0,0))
)
4
FabOnDisk: SD_0_Old_MF_D_0003 0
FabOnDisk: SD_0_Old_MF_D_0001 0
FabOnDisk: SD_0_Old_MF_D_0002 0
FabOnDisk: SD_0_Old_MF_D_0000 0

4,63
-5.300580691801907e-02,1.835557310004140e+00,1.586682486871431e-01,0.000000000000000e+00,2.220993277647602e-22,1.292068533192195e-17,3.233315186760508e-12,3.968550483693435e-08,1.002630527672998e-09,1.288441595354775e-12,2.872247732990791e-03,0.000000000000000e+00,3.093996010230729e-29,2.447708631945425e-30,5.336654104270275e-14,1.159406121187336e-11,3.161463894072021e-24,1.414774700205926e-12,2.982542620174945e-18,2.236753039059352e-30,1.458306586183090e-13,1.989052375396847e-10,6.928773819224690e-12,0.000000000000000e+00,9.651042947378286e-13,7.916672534552251e-28,8.727547528420016e-12,1.659839752946539e-23,0.000000000000000e+00,1.105857017068444e-29,4.627329630875493e-14,0.000000000000000e+00,3.644737905368531e-26,9.380178933251044e-15,0.000000000000000e+00,3.233740793938066e-15,1.815166953694386e-15,0.000000000000000e+00,0.000000000000000e+00,3.118521077184753e-15,0.000000000000000e+00,8.141989906867491e-31,0.000000000000000e+00,2.957003726564356e-17,2.998050793846889e-18,4.426344129550272e-20,8.358237949676434e-18,2.697938289873084e-18,1.104208428528174e-16,2.555361142273845e-17,4.604370893787677e-17,0.000000000000000e+00,7.155176800091846e-15,0.000000000000000e+00,0.000000000000000e+00,3.377620606430367e-17,0.000000000000000e+00,1.367359767516048e-17,1.137465111100762e-01,3.661692944717256e+03,0.000000000000000e+00,4.430000287347542e+02,1.009684224091013e+05,
-1.645659999219045e-07,5.488502066432224e+00,1.469699178711109e-01,7.250222899081932e-06,6.992621201182506e-05,5.076043769642986e-04,1.327295857027643e-07,6.128820330151439e-05,1.235463343411418e-02,1.469776974058821e-08,1.330015213334420e-03,8.313683436579220e-11,3.989138643573760e-10,3.485425105891070e-11,1.530885074159964e-09,3.831710958603434e-10,1.141319921592466e-09,2.387749509253753e-09,5.224463521864650e-12,1.790470125506872e-11,1.807793297111407e-11,3.788841824005426e-03,2.303568805340475e-02,1.300943042600303e-10,1.277376422929227e-08,1.689853533224995e-10,5.098843727926692e-09,2.631605948700743e-15,3.858117950549715e-17,4.244038399190202e-09,2.220427340389780e-09,7.126245255104709e-15,4.081621348418192e-12,0.000000000000000e+00,8.356590099312814e-15,0.000000000000000e+00,0.000000000000000e+00,0.000000000000000e+00,0.000000000000000e+00,0.000000000000000e+00,0.000000000000000e+00,0.000000000000000e+00,0.000000000000000e+00,1.423033375893693e-13,3.990259117054526e-17,2.474357292072093e-18,9.486114259446287e-07,6.478535674730779e-06,2.517026747431879e-08,2.923740248576827e-08,1.805349453397187e-08,7.409569899924014e-13,0.000000000000000e+00,0.000000000000000e+00,0.000000000000000e+00,0.000000000000000e+00,0.000000000000000e+00,0.000000000000000e+00,1.054111495194356e-01,7.825739276069748e+03,0.000000000000000e+00,2.289664658512450e+03,1.013246411786919e+05,
-5.103626250150990e-04,5.221640895771173e+00,1.491798534031717e-01,1.062467055451947e-05,1.032617205684062e-04,5.981974507853851e-04,1.327679132339217e-07,7.222563100826267e-05,1.222753363829585e-02,2.271325824249555e-08,1.681281519626224e-03,1.403706368640301e-10,4.019110913450456e-10,5.120445501617448e-11,1.350965871423957e-09,1.908641420535826e-10,1.942518491868833e-09,2.801886707526094e-09,5.237054129998902e-12,2.659943593432075e-11,1.876734626033712e-11,4.313419839685813e-03,2.222803675885677e-02,1.269244295124227e-10,1.032287618716371e-08,3.081152297530432e-10,6.733904679311063e-09,0.000000000000000e+00,1.307345783447620e-15,2.785283110567162e-09,1.099031697823117e-09,2.668029777321934e-14,9.104795865605624e-12,1.276482473911988e-13,0.000000000000000e+00,0.000000000000000e+00,0.000000000000000e+00,0.000000000000000e+00,0.000000000000000e+00,0.000000000000000e+00,0.000000000000000e+00,0.000000000000000e+00,0.000000000000000e+00,4.908129394444300e-14,8.596938159602619e-17,3.062838035485867e-18,1.588285094306772e-06,1.095276562861198e-05,1.658142524586512e-08,1.009196079363752e-07,6.380820195894215e-08,1.472030962639364e-12,0.000000000000000e+00,0.000000000000000e+00,0.000000000000000e+00,0.000000000000000e+00,0.000000000000000e+00,0.000000000000000e+00,1.070005747684397e-01,5.252463108834463e+03,0.000000000000000e+00,2.134614450646208e+03,1.002993833716284e+05,
-1.343715762506938e-07,5.559420788478718e+00,1.461037895887867e-01,6.136281086417318e-06,5.859887458522453e-05,4.703048800633226e-04,1.349234871188337e-07,5.716597677713872e-05,1.235267797181844e-02,1.215923694829623e-08,1.187587510040180e-03,5.211496109317635e-11,2.756202927761662e-10,2.330638653420622e-11,1.101638294593490e-09,3.012357541055091e-10,8.786871533527370e-10,1.651085051165861e-09,3.598412646394626e-12,1.190795014392228e-11,1.267418527602984e-11,3.576378746935791e-03,2.343354672613525e-02,8.880720061771053e-11,9.154265776608863e-09,1.020188826347395e-10,3.418217906120038e-09,0.000000000000000e+00,0.000000000000000e+00,3.036516330994396e-09,1.643723567140134e-09,1.849929254896566e-15,2.224734271075648e-12,0.000000000000000e+00,0.000000000000000e+00,0.000000000000000e+00,0.000000000000000e+00,0.000000000000000e+00,0.000000000000000e+00,0.000000000000000e+00,0.000000000000000e+00,0.000000000000000e+00,0.000000000000000e+00,8.012308864337903e-14,1.791196219326561e-17,1.228416010009177e-18,5.976352786516277e-07,4.064970844583649e-06,1.821504728778804e-08,1.364404903169958e-08,8.344434864882504e-09,4.329610543902757e-13,0.000000000000000e+00,0.000000000000000e+00,0.000000000000000e+00,0.000000000000000e+00,0.000000000000000e+00,0.000000000000000e+00,1.047871882768284e-01,7.929622544463596e+03,0.000000000000000e+00,2.330370758785505e+03,1.013248647544656e+05,

4,63
4.813778624191123e-02,5.216194080622614e+00,8.373325601355973e-01,5.089337787348852e-05,4.322131854497726e-04,9.448982150362803e-04,1.166692170496520e-04,4.199600078756701e-04,1.320737762491490e-02,2.041761359756456e-05,1.827792182025173e-01,1.458757832328731e-06,6.535642708127729e-06,7.348144550277835e-07,2.314285956904821e-04,2.774693353834449e-04,2.020537558808308e-05,5.038917281119884e-04,1.495239260923756e-05,9.798259694918434e-07,6.935779389137889e-05,1.436363059486921e-02,2.222168040034752e-02,8.299070855130082e-07,6.283766720797545e-04,2.188685434795518e-05,4.480356133862699e-03,1.002655951532563e-04,4.778180972749684e-04,3.223852036624163e-05,1.087223875851276e-04,1.342492951080872e-07,3.133772270623784e-05,3.841142145388387e-05,1.184386239286324e-05,5.694256167577188e-05,3.057498554004411e-05,3.962176189734328e-05,3.083881970691703e-06,6.371733424417752e-04,1.240046322848686e-05,4.439556056451871e-06,1.103439739374620e-04,1.806199384028801e-05,7.045705258440799e-07,1.678073754825938e-08,2.548971187943414e-06,1.799792023784845e-05,2.897235327725518e-05,1.244325680643817e-05,1.573211372879684e-05,1.673365228213057e-06,4.249555310362295e-04,1.157664760134456e-05,5.259453823851758e-02,1.577002481859863e-03,1.381270987901549e-04,4.311221647714796e-04,6.019587627726594e-01,7.321527983638893e+04,0.000000000000000e+00,2.131712239203250e+03,1.031004488100295e+05,
1.769572153554600e-06,5.559078806171105e+00,1.491515073475256e-01,1.057763773926366e-05,1.028044932348452e-04,5.971063511917464e-04,1.349030818143800e-07,7.208706781988366e-05,1.235634374658541e-02,2.259782486473262e-08,1.676913958624196e-03,1.398071646281933e-10,5.391157980876845e-10,5.107725418512209e-11,1.917300517567685e-09,4.078775651045596e-10,1.931112142341065e-09,3.263066746702253e-09,7.077186165607022e-12,2.653182999317246e-11,2.375271584887588e-11,4.306999313014479e-03,2.343153031888366e-02,1.781879216206554e-10,1.594356711193567e-08,3.065942868622308e-10,7.320823319620087e-09,3.470940863227055e-13,6.186044119260992e-15,5.209914798740049e-09,2.509937475586917e-09,2.849859360765964e-14,9.041007180652889e-12,3.451617721040032e-13,2.843133603984916e-12,2.033102120387093e-13,6.357495797727965e-13,1.099233286280620e-12,1.523085627593936e-14,7.862497318864596e-13,2.310935338705003e-12,1.462785730513988e-17,1.115472832849792e-14,1.811587638292790e-13,8.551526836581794e-17,4.237978232732359e-18,1.581616513721268e-06,1.090550677249906e-05,3.034614945489528e-08,9.961513987603679e-08,6.296495605843727e-08,1.468310795365408e-12,1.229420799648222e-13,1.204347914666864e-13,5.966296052063220e-12,9.504205580313871e-12,6.978542412163044e-12,2.574863921263086e-12,1.069801794926673e-01,7.929250251695945e+03,0.000000000000000e+00,2.330175048980123e+03,1.013248708116066e+05,
1.878443788050908e-03,5.487615715300562e+00,1.584799604496037e-01,3.111174482712579e-05,2.792592120085697e-04,8.628252194651082e-04,1.970480985535956e-07,1.161892445137187e-04,1.248021436005859e-02,7.649387158028682e-08,2.856101742164117e-03,1.979117486495973e-10,5.703749908861637e-10,5.875084477493087e-11,1.946432615618748e-09,3.967919431033220e-10,7.801312590248338e-09,3.523389997785118e-09,7.499306165495159e-12,3.094587369759132e-11,2.508537551874570e-11,6.222464637753881e-03,2.303107798392603e-02,1.884915553809315e-10,1.610018259052834e-08,5.270941121652968e-10,8.132456765631917e-09,1.278558479038396e-12,2.271949521428498e-14,5.222865306125478e-09,2.491155651732995e-09,2.007190536003108e-13,2.208067811170505e-11,2.584348725682283e-12,4.765837412593869e-12,4.593529750869990e-13,7.041073044048728e-13,9.012974367306636e-13,4.570359655455972e-14,1.450030956200380e-12,6.668761008636016e-13,1.628389938634266e-16,2.260783147567076e-13,1.796089663293813e-13,1.688843985955041e-16,4.663498093544724e-18,2.547337664539445e-06,1.798677588204392e-05,3.038518178079144e-08,1.944242113668703e-06,1.326371366744954e-06,3.871572142769676e-12,1.325518630666963e-12,9.345309991273662e-14,2.609941362847188e-11,5.358272260826293e-12,6.326270190357953e-12,1.476748049020246e-12,1.136169264099898e-01,7.823238545560200e+03,0.000000000000000e+00,2.289149334712211e+03,1.023626967305526e+05,
1.119326946294613e-07,5.589359312658382e+00,1.469595740185113e-01,7.236044200460531e-06,6.978352847678361e-05,5.071591562387558e-04,1.366354666264578e-07,6.123737717002444e-05,1.235461587101972e-02,1.466522204732482e-08,1.328327413893591e-03,8.281689655570010e-11,3.978356076074558e-10,3.474833923869926e-11,1.527674958989708e-09,3.826588199063925e-10,1.138047206191625e-09,2.381332699978261e-09,5.210790494124571e-12,1.785084717786081e-11,1.803417392976795e-11,3.786309160347622e-03,2.360288490026596e-02,1.297140595294640e-10,1.274343018413754e-08,1.682483159959023e-10,5.084114854860524e-09,1.496813715559373e-13,2.372980610955060e-15,4.234028768547206e-09,2.216123345508910e-09,8.899871732054714e-15,4.059223159705388e-12,1.619147572840953e-13,4.076815941941239e-12,1.918867282733169e-13,8.135634432274646e-13,9.625725178113245e-13,1.009968165294250e-14,4.972093055342442e-13,3.343519966920353e-12,9.116721677779376e-18,7.731913843725408e-15,1.417696214221600e-13,3.964678055127302e-17,2.461365646395929e-18,9.449106909857946e-07,6.452952022049890e-06,2.511307280466642e-08,2.901996375050146e-08,1.791718445871211e-08,7.375229553398970e-13,9.447021002798949e-14,2.865407341172680e-12,2.814536979686429e-12,4.904706725874873e-12,3.087419033684222e-12,1.339166948930109e-12,1.054037070966931e-01,7.968831146456683e+03,0.000000000000000e+00,2.346613011647059e+03,1.013250136103007e+05,

