1
0
63
1
(4 0
((0,0) (7,127) (0,0))
((0,256) (7,383) (0,0))
((0,128) (7,255) (0,0))
((0,384) (7,511) (0,0))
)
4
FabOnDisk: SD_0_New_MF_D_0003 0
FabOnDisk: SD_0_New_MF_D_0001 0
FabOnDisk: SD_0_New_MF_D_0002 0
FabOnDisk: SD_0_New_MF_D_0000 0

4,63
-8.311934011515065e-02,1.813754069201753e+00,1.586781075847539e-01,-5.618854886651740e-06,1.965723284472208e-22,1.208949149801384e-17,3.023528385429680e-12,3.873013334341440e-08,9.447744813385786e-10,1.204381175558871e-12,2.868058740084745e-03,-2.948373074619764e-09,2.717435787141643e-29,2.150357537880352e-30,5.015327153859910e-14,1.089399082739525e-11,2.820598388028028e-24,1.304773054523422e-12,2.658548312921064e-18,1.925855680973787e-30,1.343180457321480e-13,1.859856667650079e-10,6.382577199023856e-12,-3.657220310828038e-10,8.923118270241514e-13,6.666157662228702e-28,8.054354024364440e-12,1.454355167677349e-23,-1.814749759511168e-10,9.384981927239276e-30,4.222936305453811e-14,-3.656871694606507e-14,3.009736570690541e-26,8.554474608818259e-15,-7.820304935270916e-13,2.930229664712570e-15,1.644799751530034e-15,-2.083757556707631e-11,-1.707876554223130e-12,3.238422552658613e-15,-2.014689636778720e-16,6.663186566637745e-31,2.706697471567219e-16,2.637813167820167e-17,2.673587968087056e-18,3.946099366479250e-20,7.449750156679710e-18,2.404507420986322e-18,9.839046575760750e-17,2.276781375496186e-17,4.102412658603703e-17,-3.998075521772019e-12,6.376824185397084e-15,-1.839873747628267e-17,-2.006028057742854e-15,3.629041510777411e-17,-1.173677861194119e-11,1.553762027786420e-17,1.137490310789594e-01,3.650808607433210e+03,0.000000000000000e+00,4.430000286510806e+02,1.007814179089990e+05,
-1.476207968754190e-07,5.556892691352432e+00,1.469705541416661e-01,7.251047101663023e-06,6.993465557410225e-05,5.076305067448420e-04,1.327297920914727e-07,6.129106429204438e-05,1.235462950607150e-02,1.469969778706216e-08,1.330118220033732e-03,8.317047408648545e-11,3.990547136577293e-10,3.486963396613877e-11,1.531646521378086e-09,3.832389439371771e-10,1.141545872984335e-09,2.388623251263273e-09,5.226873480934895e-12,1.791432383405726e-11,1.808550949736796e-11,3.788989322017342e-03,2.303537251708320e-02,1.301123726722017e-10,1.277505395723896e-08,1.690075474474172e-10,5.098649618815390e-09,1.977533899772694e-14,8.851653400185133e-16,4.244648031905891e-09,2.220721469327122e-09,7.212556120868524e-15,4.082123803714750e-12,-3.801725346970207e-15,2.113218542705131e-15,-9.604868682921490e-15,-3.373244264277111e-14,-5.381269252402905e-14,-7.128069296030141e-16,-3.658946017156549e-14,-1.047409228973582e-13,-6.456668939420949e-19,-4.649249537642998e-16,1.423599693232291e-13,3.992474434388665e-17,2.475578858125036e-18,9.489325776335091e-07,6.480747485969805e-06,2.517636337662649e-08,2.925344294534090e-08,1.806352274591129e-08,7.413191834246746e-13,-6.657489178878788e-15,-7.593874071107811e-15,-1.084465132977551e-13,-4.114518337295750e-13,-1.605404206701385e-13,-1.241572693090907e-13,1.054116058937453e-01,7.825603172394758e+03,0.000000000000000e+00,2.289623161224575e+03,1.013245177478244e+05,
-1.130569177233011e-03,5.287195126252135e+00,1.491820161721334e-01,1.062821793753246e-05,1.032965788880786e-04,5.982800759125724e-04,1.327688713409308e-07,7.223586155889591e-05,1.224026519234067e-02,2.272201214947491e-08,1.681618835334806e-03,1.404350959959049e-10,4.023150177691042e-10,5.122214141555084e-11,1.352444932422495e-09,1.910972301713015e-10,1.943430655497738e-09,2.804755902562726e-09,5.239613198692124e-12,2.661009825056344e-11,1.877575960444386e-11,4.313905621133741e-03,2.222824481963519e-02,1.270723096185228e-10,1.033321920619323e-08,3.082557501050587e-10,6.740536932990398e-09,1.267868210219864e-13,3.571720556495620e-15,2.784448982747528e-09,1.098073095205030e-09,2.792205056284280e-14,9.111748151767261e-12,1.959409008761677e-13,-4.325047350152017e-14,-2.830960830305426e-14,-4.271877788335443e-14,-1.502561074378675e-13,-3.113870358972640e-15,-7.660776438960551e-14,-1.769857671580118e-14,-2.409202096956874e-17,-4.028169173818851e-14,4.924032394793159e-14,8.602528748282856e-17,3.072981769825576e-18,1.588984814192071e-06,1.095768689182554e-05,1.656516624993980e-08,1.010311137639200e-07,6.388011743212682e-08,1.478266764033960e-12,-6.463111283835401e-14,-5.569825078294764e-15,-7.559952945420323e-13,-7.395363358368656e-13,-5.040726914094826e-13,-2.032663673809884e-13,1.070021224713375e-01,5.237368074784694e+03,0.000000000000000e+00,2.134433635045871e+03,1.009727090333128e+05,
-7.937098155119046e-08,5.627850751150594e+00,1.461039164107580e-01,6.136572158200907e-06,5.860169075626555e-05,4.703152030946457e-04,1.349224288566340e-07,5.716725269586243e-05,1.235268222653170e-02,1.215982903966838e-08,1.187620022292211e-03,5.212682801422127e-11,2.756753680952565e-10,2.331126325025326e-11,1.101844238054790e-09,3.012850134291781e-10,8.787624841447875e-10,1.651411947382766e-09,3.599134950800513e-12,1.191044693136756e-11,1.267660131842069e-11,3.576446817314945e-03,2.343344052632251e-02,8.882559651690064e-11,9.156008799387756e-09,1.020430800965136e-10,3.418927675922234e-09,-1.819632183108198e-15,6.187503465417468e-17,3.037091824255485e-09,1.644021275564157e-09,2.003167308248638e-15,2.225315915431770e-12,-8.636668911461681e-15,-2.279495466521190e-14,-7.250823761014413e-15,-4.989822961878106e-14,-5.915243655275645e-14,-5.136355914232897e-16,-2.409696414263611e-14,-1.484517119960281e-13,-4.297987396966908e-19,-4.199528513792258e-16,8.015155629250984e-14,1.791938316739815e-17,1.228892741256386e-18,5.977696218973463e-07,4.065888120485544e-06,1.821847762578312e-08,1.364810962848209e-08,8.346932528372854e-09,4.330670835785468e-13,-5.150842234565123e-15,-1.167809508294857e-13,-7.642422669518793e-14,-2.232224434216112e-13,-1.087978710485870e-13,-6.819599840358523e-14,1.047872707426828e-01,7.929572333634756e+03,0.000000000000000e+00,2.330358012959395e+03,1.013248127249641e+05,

4,63
7.678888657835777e-02,5.281747010405054e+00,8.373325837460732e-01,5.091036839744131e-05,4.326088139137373e-04,9.450021386719571e-04,1.173729214328843e-04,4.208651812570354e-04,1.333589277196803e-02,2.040115215284765e-05,1.827792235778503e-01,1.437993100912174e-06,6.524390782578336e-06,7.279575178098135e-07,2.320995764596899e-04,2.781553275634953e-04,2.011522086491469e-05,5.057688708935579e-04,1.536640235535530e-05,9.792464165104560e-07,6.998766377836340e-05,1.436011469468256e-02,2.222181102493682e-02,8.314086896087007e-07,6.280458205214694e-04,2.170719512636080e-05,4.474163399138462e-03,9.947680351710678e-05,4.789827237087011e-04,3.189523211432942e-05,1.081229811458623e-04,1.347374023746189e-07,3.129462871536964e-05,3.840077941800884e-05,1.182197940595448e-05,5.694099397176004e-05,3.046916496271394e-05,3.940629905772621e-05,3.109399354745848e-06,6.368608535489755e-04,1.316737117872307e-05,4.540614448785276e-06,1.106920449927651e-04,1.799309384205825e-05,7.037569180349304e-07,1.671152564746706e-08,2.551947230635908e-06,1.801859224455223e-05,2.885151756256352e-05,1.241699516658511e-05,1.576889213691325e-05,1.698300127139155e-06,4.289355209457760e-04,1.226073254186029e-05,5.259453975577260e-02,1.579686163007855e-03,1.379117021732861e-04,4.329762250041595e-04,6.019587805191481e-01,7.341872344941007e+04,0.000000000000000e+00,2.131524912004834e+03,1.039587881554493e+05,
2.260383910712134e-06,5.627508646483112e+00,1.491536601257869e-01,1.058114342992174e-05,1.028389776247041e-04,5.971883335868922e-04,1.349020145853450e-07,7.209719786036265e-05,1.235632712360363e-02,2.260647703724823e-08,1.677248765877138e-03,1.398649976521167e-10,5.392326413381870e-10,5.109224468767034e-11,1.917578164240054e-09,4.079011019739270e-10,1.931994336109764e-09,3.263843809361361e-09,7.078477213802624e-12,2.653903049750914e-11,2.375676639994498e-11,4.307481057579297e-03,2.343142265801799e-02,1.782325636528631e-10,1.594643140996891e-08,3.067456045511493e-10,7.322717704666916e-09,3.655049276285813e-13,5.698982639018842e-15,5.210780460420223e-09,2.510339503186695e-09,2.837560704633800e-14,9.046911126348605e-12,3.420486427957735e-13,3.944038268898479e-12,3.181649846028711e-13,9.883013192802414e-13,1.247656790097617e-12,6.384959813820990e-15,4.255134400741758e-13,1.107597826731435e-12,8.343695996980811e-18,1.348196048017127e-14,1.811990263329073e-13,8.556947999225239e-17,4.239811034417102e-18,1.582312827892465e-06,1.091040309184938e-05,3.035049350643197e-08,9.972467678946090e-08,6.303557939596252e-08,1.469171419258744e-12,1.238415634984330e-13,5.566281660470783e-14,3.835914104433226e-12,1.117235359614987e-11,1.085417161842417e-11,2.999065631672336e-12,1.069817202375698e-01,7.929200556109536e+03,0.000000000000000e+00,2.330162187223161e+03,1.013248288851502e+05,
2.341131653421103e-03,5.556005599958493e+00,1.584895112749913e-01,3.118858961928840e-05,2.794437061170394e-04,8.628757422686973e-04,1.970247202729500e-07,1.164092685049308e-04,1.239172282908397e-02,7.655037483652995e-08,2.852028654486498e-03,1.981906924400767e-10,5.664175954878500e-10,5.875633637523171e-11,1.945257110721934e-09,3.967772743233542e-10,7.834827256386444e-09,3.500084831080508e-09,7.428612493459038e-12,3.094881281926174e-11,2.472444959577859e-11,6.235545898609162e-03,2.303075951563184e-02,1.873177178101974e-10,1.610224003879087e-08,5.278452540864246e-10,8.123224778337443e-09,1.283507855281809e-12,2.290631506318494e-14,5.223325350298377e-09,2.491307107019257e-09,2.012360159975795e-13,2.206548325479668e-11,2.593095505073720e-12,3.743412401560569e-12,4.000037903583787e-13,9.897785809836461e-13,1.257634902003527e-12,5.537469585248316e-15,1.825899054456381e-13,3.276890071512375e-13,1.856378365893951e-17,4.823671576332246e-14,1.796366333280343e-13,1.729121275335184e-16,4.690161661516270e-18,2.550347530109127e-06,1.800778336379881e-05,3.038899760252843e-08,1.954839994421578e-06,1.333655628914780e-06,3.879718911640236e-12,1.564933548488932e-13,8.105301960964527e-14,4.628926239952496e-12,8.371028124609495e-12,1.031901652302863e-11,2.230872482124423e-12,1.136193335896222e-01,7.823108290463563e+03,0.000000000000000e+00,2.289107532290493e+03,1.016502388426690e+05,
1.324689612744034e-07,5.657795042690306e+00,1.469602094203138e-01,7.236859284551150e-06,6.979188126122416e-05,5.071850521989624e-04,1.366352925278210e-07,6.124020983300121e-05,1.235461242819958e-02,1.466712843126551e-08,1.328429527387198e-03,8.284453238762020e-11,3.979417308846323e-10,3.475845700066086e-11,1.528056129001297e-09,3.827361054007678e-10,1.138256662051592e-09,2.381996912646194e-09,5.212262743230073e-12,1.785630093729988e-11,1.803911227165154e-11,3.786455366260062e-03,2.360281249919725e-02,1.297490187683049e-10,1.274643529471894e-08,1.683098447941870e-10,5.085549800000583e-09,1.423733687094400e-13,2.359679199891605e-15,4.235022316103936e-09,2.216592984668995e-09,8.997096901560174e-15,4.060974951327569e-12,2.022522271670063e-13,3.065700147086598e-12,1.550095723133095e-13,7.100534670320277e-13,9.897842127644075e-13,1.006417346175551e-14,4.881260759731071e-13,2.564981173250138e-12,8.966431177515866e-18,8.211872577812234e-15,1.418306576347588e-13,3.967001036565633e-17,2.462640143472134e-18,9.452301349988001e-07,6.455151809623291e-06,2.511916154430616e-08,2.903581011488115e-08,1.792708952996798e-08,7.378021583655309e-13,5.951272839505130e-14,1.050482202531540e-12,2.813000719483198e-12,3.815050703607255e-12,2.042821660903338e-12,1.037829937290826e-12,1.054041628966949e-01,7.969049248748659e+03,0.000000000000000e+00,2.346609888661410e+03,1.013250244491834e+05,

