1
0
56
1
(4 0
((0,0) (7,127) (0,0))
((0,256) (7,383) (0,0))
((0,128) (7,255) (0,0))
((0,384) (7,511) (0,0))
)
4
FabOnDisk: SD_5_New_MF_D_0003 0
FabOnDisk: SD_5_New_MF_D_0001 0
FabOnDisk: SD_5_New_MF_D_0002 0
FabOnDisk: SD_5_New_MF_D_0000 0

4,56
-7.595532795254391e+00,-1.640946986330519e+01,-2.766754825956836e+01,-5.746084733659399e+00,-8.541470802953846e+00,-8.838282057208243e+00,-9.944161428855411e-01,-6.357619387479996e+02,-2.688746500937692e-01,-6.590044344082731e-01,-7.818984937982351e-02,-1.309916900690894e+01,-1.295068760523509e+01,-1.344762802299449e+00,-9.572487315140492e+00,-4.280511088036797e-01,-6.985629902937088e-02,-2.732427289431596e+00,-1.323418197458847e+02,1.826414792517085e-20,-8.175987329048290e-02,-4.799525755959098e+01,-1.688137638462135e+00,-1.994103968117984e+02,-7.555160920790996e+00,-2.523651876413870e+01,-3.789561698569771e+00,-2.919623865447054e+00,-8.430294071639735e-03,-1.879617500116199e+00,-1.626711337056308e+00,-9.068753309905239e-01,-3.728565986282614e+00,-2.147227975728700e+00,-2.827633768719795e+00,-1.947413082417588e-01,-3.230429019811494e+01,-5.955524614532237e-01,-3.192421072234800e-01,-8.387611108256857e+00,-9.800627934388983e-01,-1.663916876864887e-02,-6.595809188795552e-04,-8.230585651573230e-02,-1.561184008083785e-01,-2.040513714253587e+00,-6.876156294173731e-02,-3.455428396346258e-01,-1.330531061877990e-01,-2.148261175678996e+01,-1.261697453804174e+00,-5.873772178179548e+02,-8.738355781022932e+01,-8.991629140396288e+00,-2.417165198629630e+01,-2.410160959698260e-10,
-1.267223158080594e-02,-9.532323791525457e-02,-2.069197350203271e-01,2.388410489525236e-06,-2.965780406300331e-02,1.861819899648539e-01,-2.358520470844845e-05,-8.403541249660960e-01,-1.157070395234465e-07,-2.530111338774217e-07,-3.002382338274113e-08,-1.042555978178283e-06,-1.043509980009712e-07,-2.346097060582177e-06,-1.620977435459091e-06,-3.576238960112109e-09,-1.706381809184865e-08,-1.210498700566770e-08,-1.163238760043920e+00,7.921812236999701e-01,-9.716863678128520e-08,-6.966979529236265e-06,-3.185782223376383e-07,-5.725568189455042e-06,-5.994855868635886e-08,-5.341931752644699e-10,-2.175776004355377e-06,-8.966954940022815e-07,-1.413894495923399e-09,-1.365808879170667e-08,-7.234066813447461e-08,-2.373769351048467e-07,-2.735419876543143e-08,-1.028602860476866e-07,-1.190091387390939e-07,-3.309510066406984e-09,-1.422192945266359e-07,-8.150942931636987e-07,-1.100855312964002e-11,-4.522092160008580e-09,-1.011156381163587e-10,-8.291048754086397e-14,-2.818044630559785e-15,-1.215290788193685e-03,-8.645164769632023e-03,-1.051980225441243e-05,-2.646768413122168e-04,-1.713688162731244e-04,-3.474886561002721e-09,-1.186123654076909e-07,-3.358466980582039e-07,-2.170535547008962e-06,-1.229840665295449e-06,-5.966830591644186e-07,-3.376665893839573e-07,-1.150923800707915e-11,
-1.737873976392032e-01,-8.018278682546067e-01,-6.388347072608750e-01,-6.658009379768560e-04,-1.550691213368867e-01,5.013726481344634e-01,-3.104663698875206e-04,-4.257996224553625e+00,-2.736365436463646e-06,-7.922882926101344e-07,-5.331662773578633e-07,-7.483067348872456e-06,-1.595415488865419e-07,-6.164291872240335e-05,-6.008817477973132e-06,-1.188961456426525e-08,-1.123351976891291e-07,-8.356194690849615e-08,-4.612213117485844e+00,1.876364669389192e+00,-4.776086821846297e-07,-1.789921612725283e-05,-5.248075812389284e-06,-4.066788048773561e-05,-1.339097588834817e-06,-5.192560373017750e-09,-1.195320872345523e-05,-1.518514540485573e-07,-6.321709660185663e-09,-8.014888509875408e-08,-2.419213357423781e-07,-2.857493022377742e-06,-2.693274012023937e-06,-4.286497463017764e-06,-1.074260917563328e-05,-1.608994350866501e-07,-3.863224490770779e-06,-6.613666070946785e-07,-1.211187475660632e-09,-2.419634738610523e-06,-5.643493014651972e-09,-1.972552559510367e-12,-6.572712775565935e-14,-3.039761141616076e-03,-1.263617516299358e-02,-4.207239889192639e-06,-1.798421986605345e-02,-1.255991002562951e-02,-1.668189329526178e-07,-3.128340602902942e-06,-2.308127217319753e-07,-3.924826941202268e-05,-4.799581983678985e-05,-3.367453829615642e-05,-1.324430288139825e-05,-3.900879619322950e-11,
-3.959373640426853e-03,-3.059465818728426e-02,-8.986125245071334e-02,4.775458291697070e-07,-1.114577954213772e-02,1.057291836336405e-01,-6.847095494315926e-06,-3.424924223645117e-01,-8.836023881356904e-08,-3.045249002481332e-07,-2.608336063779977e-08,-1.126789323976722e-06,-2.599570144340484e-07,-6.900729296435978e-07,-1.675918079062715e-06,-3.974184238047942e-09,-1.414722424204145e-08,-1.389044724531473e-08,-4.887442544326529e-01,2.740204836699938e-01,-8.894260567638469e-08,-8.209117789834434e-06,-1.500752559141074e-07,-4.567090428560554e-06,-5.942692748914298e-07,-5.717019288513556e-10,-3.687934652585249e-06,-1.230135572161882e-06,-3.328192917990170e-09,-4.600743941867431e-09,-2.360609245474924e-07,-2.113814316471157e-07,-1.446136129882152e-08,-7.513221784872537e-08,-1.143444537513811e-07,-2.103758582486852e-09,-1.163589198132879e-07,-8.455425331187239e-07,-2.278810248636550e-12,-1.312701223428125e-09,-1.062601359385163e-10,-5.078078394038310e-14,-2.522047465040361e-15,-7.296013231177998e-04,-5.049541254324703e-03,-1.271946031361760e-05,-4.501241778046964e-05,-2.824376427176221e-05,-8.312621161737735e-10,-1.380113456594171e-08,-3.668901974207206e-07,-4.281629366316278e-07,-3.965314891134214e-07,-2.007920590608366e-07,-1.104085428079874e-07,-1.091310375400667e-11,

4,56
5.645581911171663e+00,2.991199770016060e+01,4.441183999472401e+01,7.469807167976613e+00,1.280811780100269e+01,3.157626946859117e+02,5.705667661838327e-01,5.435045967970564e-12,5.650845970825844e-01,1.356348925180423e+00,1.534608907347068e-01,2.384323214879752e+01,1.567542836449422e+01,1.707458819508749e+00,1.548658227888340e+01,7.873913650496110e-01,1.216566658305841e-01,2.916958154436373e+00,4.574384646371088e+02,2.897334711286494e+02,1.718274277614737e-01,5.497753866048213e+01,3.663057663346895e+00,3.012319488049217e+02,1.272454957311405e+01,2.748420562762670e+01,8.312152578899857e+00,3.281474298431251e+00,1.464738610844451e-02,3.649495674172820e+00,2.442621545766382e+00,1.102324236639025e+00,3.712888145474735e+00,2.283200874506316e+00,3.781851104428029e+00,2.099666820291338e-01,3.396685001855407e+01,1.929162834513242e+00,6.838382360619539e-01,8.063478095518924e+00,1.312065162751470e+00,4.507268928346649e-02,1.089953737558730e-03,7.279633192541755e-02,3.405180187171059e-01,2.154470364705694e+00,4.655035616667236e-01,6.487560543064731e-01,1.953810532277244e-01,1.667524947404031e+01,1.914624525589081e+00,1.383022529474326e+00,8.975008386590555e+01,1.460586615998860e+01,2.506545020217052e+01,3.064997144974768e-10,
-3.697230727499609e-03,-3.081953227810803e-02,-9.038728841643652e-02,7.541995993531296e-06,-1.121789782987065e-02,4.966882844291363e-01,-6.901139788766053e-06,-3.445970491249998e-01,-6.433788208411000e-08,-1.134532190324638e-07,-2.008003412079622e-08,6.406887323909084e-09,1.558814549084053e-07,-6.927161406526239e-07,-8.382940470670949e-07,-1.371535016921316e-09,-1.044952380954104e-08,-3.615543786885200e-09,-4.917413797977245e-01,1.861799917862535e+00,-3.987089900152161e-08,-5.668084212373951e-07,-1.432769532050528e-07,-1.559128490435326e-06,5.462097283646329e-08,7.489523741426352e-10,2.875489679341410e-07,6.401726585921194e-07,5.120826317590563e-10,-4.529133936743731e-09,2.192310287881968e-08,8.601468109899305e-07,7.162509486474006e-08,2.196399662404070e-07,3.453991452209033e-07,5.660408742437377e-09,2.981489250648293e-07,9.543151177717417e-07,1.866546937896664e-11,1.086084249009110e-08,6.566145118176693e-11,-5.070501350739706e-14,-1.715187670471808e-15,-7.324924125234805e-04,-5.070207790063755e-03,1.320021369427398e-06,-4.549141811864498e-05,-2.854940738572264e-05,1.743017461689037e-10,8.163172122360718e-08,2.850184354792319e-07,1.619569526385377e-06,3.952617888466606e-06,3.287264663841806e-06,1.070511797827761e-06,1.111244429807812e-11,
-5.503617106078406e-03,-6.777336198997269e-02,4.269582073591338e-02,5.837180754943809e-04,-4.457372279562485e-03,3.221251693633493e+00,2.435213401736276e-04,-8.473803802660891e-01,2.641219735312518e-06,2.250981078458686e-06,5.410310723208880e-07,1.245806945269358e-05,1.824553540853840e-06,5.243555791008960e-05,2.047730546054730e-05,4.758713072558631e-08,1.668163186846099e-07,1.680873592929202e-07,-1.172406512380851e+00,7.299106516000331e+00,5.676507722575203e-07,4.114001740773163e-05,4.536831209376502e-06,5.256847553034390e-05,1.201017497496048e-06,1.491207315795668e-08,1.903790471357441e-05,5.035070491739958e-06,8.657237190778191e-09,5.329640825925172e-08,3.133557457577256e-07,8.271184841421643e-06,2.491538666422800e-06,1.511230294484951e-06,3.347065698322723e-06,1.773651032317317e-07,3.919789845104961e-06,3.612492415210786e-07,1.117815321119241e-09,2.250966960517892e-06,3.814869362999606e-10,8.709257962184677e-12,2.711535971757607e-14,1.725706671614348e-03,1.230411054938967e-02,6.605788424811007e-05,6.925206131125623e-04,1.758169684837216e-03,1.898264664629271e-07,2.929993376270188e-06,1.171427034263637e-07,3.454993411615939e-05,2.638291302671643e-05,2.546785391091318e-05,7.284365899285921e-06,4.985167834092863e-11,
-1.989317732969776e-03,-1.194079190345303e-02,-3.365237446142737e-02,6.435029585084356e-06,-5.996546133508843e-03,1.849959869862619e-01,-1.849604570615730e-06,-1.579758455615035e-01,-4.147772213213264e-08,-1.749904060949416e-07,-1.548361286035690e-08,-3.393360434653848e-07,-7.614476234258079e-08,-2.048521885684399e-07,-1.022233463133629e-06,-1.992293593039512e-09,-7.590481392929106e-09,-6.486759675923002e-09,-1.667416587411352e-01,7.873907984603551e-01,-5.961438104921259e-08,-5.504213453483499e-06,-8.174463881430600e-08,-1.921512560443924e-06,1.048863794420522e-07,3.463773245651566e-10,-1.851916478172458e-06,-7.853084544013848e-07,5.952251777530789e-10,-2.105190202565115e-09,3.732031021003478e-08,8.223049781313613e-07,6.896404159028273e-08,3.283208097833144e-07,4.493601076607379e-07,4.871882009503240e-09,2.208238762180834e-07,1.210706331009243e-06,4.258329227589066e-12,3.857654199971450e-09,-9.374427199704937e-11,-2.311738572777836e-14,-1.537462876669865e-15,-4.579683144715603e-04,-3.122568479056331e-03,-1.054532186129981e-05,-1.229377841467870e-05,-7.552679210430719e-06,-1.499754437688487e-11,2.967440806470702e-08,6.794641813032649e-07,1.100109606115400e-06,2.189464754766096e-06,1.104280893750146e-06,6.059816013360149e-07,1.081442574379921e-11,

