1
0
56
1
(4 0
((0,0) (7,127) (0,0))
((0,256) (7,383) (0,0))
((0,128) (7,255) (0,0))
((0,384) (7,511) (0,0))
)
4
FabOnDisk: SD_5_Old_MF_D_0003 0
FabOnDisk: SD_5_Old_MF_D_0001 0
FabOnDisk: SD_5_Old_MF_D_0002 0
FabOnDisk: SD_5_Old_MF_D_0000 0

4,56
-7.687249485300923e+00,-1.673876357358498e+01,-2.747815669874357e+01,-5.725680137730443e+00,-8.488526601418418e+00,-8.834249462781919e+00,-9.745079206756930e-01,-6.372447502794897e+02,-2.650914118111105e-01,-6.829207707738447e-01,-7.600193598742590e-02,-1.324052405851490e+01,-1.279645081306488e+01,-1.358510950451309e+00,-9.681970980006716e+00,-4.137929554754014e-01,-6.991270349033193e-02,-2.677452716187010e+00,-1.331555782302370e+02,2.056701875051848e-20,-7.989783792555069e-02,-4.793949851446551e+01,-1.634815914412882e+00,-1.965469947610646e+02,-7.300552690997820e+00,-2.532590955094913e+01,-3.705604381824006e+00,-2.888773219115567e+00,-8.178921647895533e-03,-1.902222314250646e+00,-1.639286526445000e+00,-9.104281852684956e-01,-3.683163581302360e+00,-2.118354976125652e+00,-2.938380933074724e+00,-2.030059308388364e-01,-3.230174254770734e+01,-5.679994560235542e-01,-3.159645777171330e-01,-8.398760382362147e+00,-9.817053901860774e-01,-1.638480030860235e-02,-6.679419922576036e-04,-8.151732507149884e-02,-1.677298232323906e-01,-2.038581473640168e+00,-6.881334424001481e-02,-3.572925436112022e-01,-1.371840066955049e-01,-2.314388602450089e+01,-5.200704065543550e-01,-5.684546725531045e+02,-8.531340813417499e+01,-8.712754192989676e+00,-2.369406943526879e+01,-1.442401753593003e-10,
-1.266103374050797e-02,-9.523755770393286e-02,-2.067917137050800e-01,2.404173772824488e-06,-2.963548565413826e-02,1.861226734873329e-01,-2.356084975914417e-05,-8.397636895331200e-01,-1.137775272079271e-07,-2.672072178979417e-07,-2.967630504007434e-08,-1.089855838362996e-06,-1.043946054687876e-07,-2.342494308774805e-06,-1.757730609961517e-06,-4.182961005598014e-09,-1.735641213807406e-08,-1.373551726291659e-08,-1.162440367046035e+00,7.917672761390109e-01,-9.576778167819511e-08,-7.392147791705417e-06,-3.108133299836009e-07,-5.810621796334643e-06,-8.333808560637939e-08,-9.161463827807225e-10,-2.300567223043392e-06,-9.621641358244577e-07,-1.842060344921283e-09,-1.332914204052850e-08,-7.756609055453514e-08,-2.233430240583246e-07,-2.587800666659274e-08,-9.628763623800326e-08,-1.202341464441414e-07,-3.937760865903820e-09,-1.721046681016928e-07,-9.625638199220579e-07,-8.605003986064271e-12,-3.457662156749319e-09,-1.027911563064678e-10,-8.218551561674352e-14,-2.802584571107550e-15,-1.214789304752200e-03,-8.641290131596206e-03,-1.052144317443957e-05,-2.642349172879781e-04,-1.710783944666612e-04,-3.113296149036789e-09,-7.768842513436228e-08,-4.022926372056023e-07,-1.162760685890658e-06,-7.306928936118822e-07,-6.833013007480624e-07,-1.990764266859131e-07,-1.361827317580833e-11,
-1.732673987733155e-01,-7.993827342101422e-01,-1.216606551971809e+00,-7.376688237052333e-04,-1.605909837320569e-01,8.825314304626586e-02,-3.208465313773821e-04,-4.248687896667176e+00,-2.867432537171454e-06,-1.045103498373718e-06,-5.478312876839685e-07,-5.616782483026766e-06,4.360690752574664e-08,-6.415518243579591e-05,-8.833728917952586e-06,-1.250234509240212e-08,-7.557489616707240e-08,-3.895933510783089e-08,-4.588155287379708e+00,1.875119709578235e+00,-7.598613303643374e-07,-2.089356406044229e-05,-5.527941055538847e-06,-3.104714198976046e-05,-1.598007821448368e-06,-5.884356913423230e-09,-1.409399153521096e-05,-1.761311681633420e-06,-4.405252679920991e-09,-8.176965221185107e-08,-1.438108090475780e-07,-6.423820440201561e-06,-1.054869382506881e-06,-1.959504648665669e-06,-5.633752748807446e-06,-2.008772777996904e-07,-3.874079059508313e-06,-7.803440600796200e-07,-8.674480552485950e-10,-1.711298553781586e-06,-5.356726879564844e-09,-2.081916660140758e-12,-6.455881927531123e-14,-3.197504140932683e-03,-1.278103284896512e-02,-4.552537614953740e-05,-1.785657401898892e-02,-1.247166061082106e-02,-1.600570126521997e-07,-2.402372755011624e-06,-2.351488922872014e-07,-3.031175158005215e-05,-3.411459496413988e-05,-1.617426629214750e-05,-9.594315694577882e-06,-3.536371195878019e-11,
-3.963241738334184e-03,-3.057983404100481e-02,-8.982483551787539e-02,4.584017545091784e-07,-1.114210041855348e-02,1.056983848550650e-01,-6.843472479035940e-06,-3.423381189217491e-01,-8.847145535220810e-08,-3.047349919435711e-07,-2.609689635314072e-08,-1.193823513673478e-06,-2.599378148083748e-07,-6.889548649379345e-07,-1.648951549902331e-06,-4.074281157263588e-09,-1.491876694517617e-08,-1.397185928754340e-08,-4.884877758241173e-01,2.738427086594912e-01,-8.242233584947704e-08,-8.213603437268118e-06,-1.511537804619554e-07,-5.287222488979657e-06,-7.169634925452711e-07,-1.222179545475827e-09,-3.692826209879983e-06,-1.230395841106050e-06,-2.878862183591700e-09,-4.635587781928196e-09,-1.773260301044370e-07,-2.214810964453577e-07,-9.533332516998251e-09,-4.565431152833714e-08,-7.643855666547931e-08,-2.141750938050951e-09,-1.125781514954512e-07,-7.167766643536081e-07,-2.295776876901937e-12,-1.046663572160661e-09,-1.068896932018625e-10,-5.073951952841767e-14,-2.520232413719923e-15,-7.293362888382419e-04,-5.047656423139196e-03,-1.272464257364332e-05,-4.497421468693811e-05,-2.821953856334788e-05,-8.184753294181358e-10,-1.399731310632198e-08,-4.130976746555966e-07,-4.406706756352001e-07,-2.595071561293961e-07,-2.041744885767452e-07,-7.302910903727598e-08,-1.054631382224613e-11,

4,56
5.614292543944507e+00,2.942887027488051e+01,4.483113200876060e+01,7.394263280412553e+00,1.292791187837857e+01,3.171442056964989e+02,5.754116561301399e-01,9.213495851673192e-12,5.580969531930027e-01,1.343590092906885e+00,1.558464358577554e-01,2.457310653018003e+01,1.601936042396012e+01,1.760575899744691e+00,1.519594144660187e+01,5.817039269567285e-01,1.195043986500327e-01,2.895433091440484e+00,4.532428890554687e+02,2.862178593757754e+02,1.742961087159371e-01,5.491034988577000e+01,3.623392986306903e+00,2.946109314950451e+02,1.324190145015541e+01,2.690761819130502e+01,8.388929242231651e+00,3.207570447311840e+00,1.416373795020317e-02,3.732074879044533e+00,2.312887627570870e+00,1.075762211594566e+00,3.844398305944700e+00,2.176002736425529e+00,3.932412769354360e+00,2.081098132130546e-01,3.239227655803107e+01,1.768071366697702e+00,6.459573014130469e-01,7.950100870945613e+00,1.373152346806982e+00,4.567554528642909e-02,1.101854859375875e-03,7.949484932718261e-02,3.501132272342568e-01,2.286535362033906e+00,4.596150637295989e-01,6.616660098009579e-01,1.883955288233573e-01,1.605597723659027e+01,1.636394912597285e+00,1.397436725655305e+00,9.221375770738172e+01,1.435096583321162e+01,2.579610510071103e+01,1.673470251262188e-10,
-3.696712563123782e-03,-3.080422027816878e-02,-9.035016099926525e-02,7.539998927301856e-06,-1.121420253833634e-02,4.963161917098494e-01,-6.897254526614880e-06,-3.444409176449671e-01,-6.474876287408128e-08,-1.098508875142351e-07,-2.011356537034598e-08,-1.529874077904619e-08,1.571001107651334e-07,-6.893376604743645e-07,-8.422211980482898e-07,-1.344014604217599e-09,-1.010793692132959e-08,-3.508167764888634e-09,-4.914831849025870e-01,1.860530349323682e+00,-4.003030032382429e-08,-5.428061744217030e-07,-1.417724671695144e-07,-2.015706311809203e-06,6.606834201398016e-08,5.835362438377546e-10,2.867295717203252e-07,6.523604663184286e-07,7.004620960674115e-10,-4.477013608756443e-09,2.981588026220863e-08,9.355819843967415e-07,8.420037779218185e-08,2.178890454318007e-07,4.006628253416081e-07,7.038543106948621e-09,3.544830608986798e-07,1.090711155901590e-06,1.474642955716912e-11,9.318758143986182e-09,6.541630171770828e-11,-5.069604226341275e-14,-1.717239039137510e-15,-7.322239821172280e-04,-5.068302934440745e-03,1.301858444397614e-06,-4.545195881802961e-05,-2.852438450167196e-05,1.005890627520443e-10,7.769509190080097e-08,3.159704874080713e-07,1.823261420995593e-06,2.745495957536417e-06,1.933981758137565e-06,7.426525143066250e-07,1.204047972436229e-11,
4.470006391238691e-02,9.874461900020147e-02,6.163073887353768e-01,6.775003274401343e-04,5.860046212983396e-02,3.222336757299774e+00,2.709413856196924e-04,-8.467993367544031e-01,2.791993593917559e-06,2.317952538410576e-06,5.591433731527977e-07,1.195304649020468e-05,1.105039598886456e-06,5.546342584509128e-05,1.659893326485191e-05,5.339235874132060e-08,2.371466955828257e-07,1.774987900558166e-07,-1.171622861525758e+00,7.261234505085184e+00,8.528451005605779e-07,3.969857904927602e-05,4.822439136194830e-06,4.934686565948563e-05,1.291436082362859e-06,1.476845470975490e-08,2.100312661212089e-05,6.445696059521652e-06,6.717979965191822e-09,5.618326026055106e-08,2.288809253591065e-07,4.223084243241821e-06,1.470505946951791e-06,1.606202386086893e-06,3.972367496862762e-06,8.776336428835385e-08,2.061639938483303e-06,3.373771095594731e-07,6.296712154662404e-10,1.623197556107529e-06,3.509654922498097e-10,7.935132452014676e-12,2.024288496721344e-14,1.703732377087402e-03,1.213673909066563e-02,7.753035906777673e-05,7.129868790317997e-04,1.913047668574900e-03,8.464722203469565e-08,1.672936552177783e-06,1.055167497354263e-07,2.497461972674759e-05,1.865740351996788e-05,1.778907459192932e-05,5.060306728306514e-06,3.512923285597935e-11,
-1.988932655078038e-03,-1.192696330704145e-02,-3.358690501769085e-02,6.433632070502471e-06,-5.992137341408536e-03,1.849379607226876e-01,-1.845445450518028e-06,-1.579501225505341e-01,-4.056227809670743e-08,-1.698608948922776e-07,-1.468168422692411e-08,-4.127503606597015e-07,-8.410287630862430e-08,-2.044061408093062e-07,-1.011082884317019e-06,-2.017574533389171e-09,-7.185641526357720e-09,-6.657572988234640e-09,-1.666300131549382e-01,7.869805369667243e-01,-5.949302595836204e-08,-5.485330282782297e-06,-8.134574915714889e-08,-1.977690368973269e-06,1.014598094298075e-07,2.992911866648023e-10,-1.853408814777950e-06,-7.814774622202451e-07,5.658066524715380e-10,-2.092793309480614e-09,3.911079299600671e-08,9.041329908502413e-07,6.648820916983534e-08,3.060645251243816e-07,4.707464454984033e-07,6.825326529333970e-09,3.587313581588687e-07,1.569546934055140e-06,6.897366594256362e-12,4.177794585642484e-09,-9.339291736474597e-11,-2.309597518592203e-14,-1.536406087871529e-15,-4.578844708383071e-04,-3.121951381683893e-03,-1.054684958458470e-05,-1.227871116730929e-05,-7.542742214343085e-06,1.650506747143689e-10,4.003550595940386e-08,1.250640007516894e-06,1.230767996535229e-06,2.335121772560003e-06,1.052674885772818e-06,6.400601262345466e-07,1.027150586807579e-11,

