1
0
56
1
(4 0
((0,0) (7,127) (0,0))
((0,256) (7,383) (0,0))
((0,128) (7,255) (0,0))
((0,384) (7,511) (0,0))
)
4
FabOnDisk: SD_5_Old_MF_D_0003 0
FabOnDisk: SD_5_Old_MF_D_0001 0
FabOnDisk: SD_5_Old_MF_D_0002 0
FabOnDisk: SD_5_Old_MF_D_0000 0

4,56
-7.382968468814879e+00,-1.781462410409949e+01,-2.665382693352935e+01,-5.974310611502964e+00,-8.470822740765621e+00,-8.087821550269670e+00,-9.777556433522707e-01,-6.188494762421421e+02,-2.120467860327416e-01,-6.990905584127379e-01,-7.622055853885053e-02,-1.324584605609370e+01,-1.204850109666411e+01,-1.421880017268926e+00,-1.003910954498156e+01,-4.434429861405729e-01,-6.823144005282300e-02,-2.738314610634619e+00,-1.342326972195366e+02,9.963390478201218e-22,-6.747731117527669e-02,-4.220830747974702e+01,-1.620068699133206e+00,-1.834043458741217e+02,-7.497990477053247e+00,-2.378089200617313e+01,-4.017335326777255e+00,-2.927177002958763e+00,-8.684699327215649e-03,-1.911271459608787e+00,-1.650829622788753e+00,-8.167669290856049e-01,-3.386117924353919e+00,-1.953361869982396e+00,-2.822735091692731e+00,-2.026506508492226e-01,-3.082656282804740e+01,-5.409582127312124e-01,-3.291893258644666e-01,-8.020117934965734e+00,-6.759037703443566e-01,-1.290665061967082e-02,-4.931499238083393e-04,-7.871339191391877e-02,-1.394274760394123e-01,-1.936473557658096e+00,-6.587747889305856e-02,-2.809227855461953e-01,-1.249887601399628e-01,-2.292700007746991e+01,-4.423401375376437e-01,-5.415450105898140e+02,-8.202852864534415e+01,-8.193993753691087e+00,-2.278028871262593e+01,-6.590639145542809e-11,
-1.285963267644307e-02,-9.110980081122497e-02,-1.983847664848930e-01,2.182200753378875e-06,-3.062752737076498e-02,1.789266036456413e-01,-2.253321889532641e-05,-8.210584514765042e-01,-1.170938652343583e-07,-2.391141280674340e-07,-2.675021164760712e-08,-9.413287607838090e-07,-1.037950144949557e-07,-2.242205216213563e-06,-1.463362675035066e-06,-3.371593296343252e-09,-1.480329410265468e-08,-1.078968617090006e-08,-1.098669214073446e+00,7.645159620337456e-01,-8.168015238252287e-08,-6.353950593563154e-06,-3.055029434344870e-07,-4.649504173786933e-06,-8.133539297373105e-08,-4.207790864464929e-10,-2.063445661875032e-06,-8.560953767686986e-07,-8.755024082593989e-10,-1.289517697963145e-08,-3.703513882195575e-08,-1.158171976168623e-07,-1.591905757786326e-08,-5.471842089159345e-08,-1.589263876381544e-07,-3.775412870105810e-09,-1.241821857968754e-07,-6.776727802957182e-07,-1.085620722355798e-11,-9.376434947381283e-09,-1.035818001339724e-10,-8.395072968938928e-14,-2.864369322271376e-15,-1.225658509902548e-03,-8.706889362684172e-03,-1.080395065103051e-05,-2.536801631184438e-04,-1.641523728338014e-04,-5.124453276254132e-09,-1.507063715374775e-07,-2.028497549969516e-07,-2.877108066375086e-06,-1.480863104447720e-06,-3.203924155883770e-07,-4.255930101461684e-07,-8.627321079757166e-12,
-1.817836807112450e-01,-9.292953330865231e-01,-5.174556849223374e-01,-7.418748035550944e-04,-1.396142517818890e-01,5.075662886900295e-01,-3.488850390915103e-04,-4.784773927736373e+00,-1.864427136251771e-07,-1.546769816565918e-07,-3.499026236734402e-08,-1.917040316727482e-06,6.134350734864449e-08,-3.470882733271412e-05,-1.764674744464329e-06,-2.615113759581500e-09,-3.013016336236475e-08,-2.080863753080275e-08,-5.860249896988171e+00,1.774125393737573e+00,-4.838307286523815e-08,-1.214973788149364e-06,-1.864132637430471e-06,-1.397540384262226e-05,-3.223553480183299e-07,-5.481467187970769e-09,-2.101821783062519e-08,5.400530586192664e-07,-7.106951271725910e-09,-8.044527603747283e-08,-2.338172453783746e-07,-2.334414481978884e-06,-8.161809317260012e-07,-1.356710494963555e-06,-2.421829872139113e-06,-2.312893166871034e-07,-5.210003495312017e-06,-1.845965466415865e-06,-1.461069102892840e-09,-1.409480387996349e-05,-6.662144425214620e-08,-2.179527895006625e-10,-5.809966887561470e-12,-1.490657565392792e-03,-1.098495275023443e-02,5.530051435889274e-07,-2.260769010948060e-02,-1.583457232508078e-02,-1.224092865692409e-07,-3.798361408598151e-06,-3.363957939715435e-07,-2.874134125260451e-05,-2.725236482150989e-05,-9.232235928668729e-06,-7.906714857252590e-06,-2.607536409016120e-11,
-3.497781213066556e-03,-2.928132032970858e-02,-8.672468189957036e-02,1.457845725952006e-06,-1.070084268916146e-02,1.023578945431265e-01,-6.535283916103308e-06,-3.302876951979425e-01,-8.143150395644760e-08,-2.902787110946071e-07,-2.498491371515093e-08,-1.094009528423116e-06,-2.521543857417176e-07,-6.632132806443624e-07,-1.408551340107483e-06,-3.164837826702062e-09,-1.196576881925344e-08,-1.055184527827201e-08,-4.714372361882058e-01,2.746453205573296e-01,-8.109203899637147e-08,-7.817148699301594e-06,-1.482559011885369e-07,-3.898075395655898e-06,-4.004732803950285e-08,-4.005408053497239e-10,-3.436233969293934e-06,-1.199308950237762e-06,-3.252538516818088e-10,-4.521438523215042e-09,-1.702922967407608e-08,-1.124454722381246e-07,-4.197068620212342e-09,-1.852723756105382e-08,-2.018907250202638e-08,-9.398381233000427e-10,-6.006016354855761e-08,-4.685475374709181e-07,-1.527122176051165e-12,-5.154455841700426e-10,-1.088229868640697e-10,-5.050231111456243e-14,-2.547952637558552e-15,-7.221503245681303e-04,-4.994306246127623e-03,-1.213980152091887e-05,-4.288746404483402e-05,-2.688425498788832e-05,-7.503887329329091e-10,-8.547785207158328e-09,-1.711973285248465e-07,-3.305086588199049e-07,-1.417629940493007e-07,-2.016104151167170e-07,-3.946623151704627e-08,-8.222533764978834e-12,

4,56
5.463679624460723e+00,3.175821001597053e+01,4.483654658486954e+01,7.373448739881641e+00,1.212670355064787e+01,3.118579186090833e+02,5.975068487381964e-01,6.373674645791111e-12,5.118194574869841e-01,1.245129772124954e+00,1.429737987372762e-01,2.408033023195075e+01,1.499802536328120e+01,1.853618511632992e+00,1.473363803438144e+01,4.680858378772149e-01,1.246512609516048e-01,2.879358710736487e+00,4.389357683883217e+02,2.783701364253409e+02,1.427846066895666e-01,4.977942816111130e+01,3.575835020105394e+00,2.779056218238743e+02,1.055161256801815e+01,2.493395039058876e+01,7.933575545715046e+00,3.317371293966634e+00,1.574206233796219e-02,3.569838058609160e+00,2.389286746174334e+00,9.213890271791779e-01,3.671843843211794e+00,1.966410971972350e+00,3.497247138709309e+00,2.079951653267319e-01,3.083506967714232e+01,1.171107286544232e+00,5.557308486665390e-01,7.779042551030023e+00,1.055063489747075e+00,3.245759178384214e-02,7.934124718348049e-04,7.617819989147244e-02,2.688576893433843e-01,2.179076807006755e+00,4.351825503323560e-01,6.370318001484498e-01,1.845456587480722e-01,1.468861138973859e+01,8.800462606063202e-01,2.852522543709650e-02,8.537796766975502e+01,1.335204913224037e+01,2.388529346138019e+01,5.710631967303925e-11,
-3.525330041465460e-03,-2.949672808323035e-02,-8.723485801845553e-02,7.549208096151597e-06,-1.077104003249701e-02,5.025520758711488e-01,-6.586035260466845e-06,-3.323049458046695e-01,-6.557871986425515e-08,-1.162064714204404e-07,-1.968832376290604e-08,1.059341655301962e-07,1.560762936245441e-07,-6.638262436041088e-07,-8.265591690316503e-07,-1.284734811719719e-09,-8.710929578635597e-09,-3.381161728037979e-09,-4.742723734252499e-01,1.760533107302845e+00,-4.243439936498270e-08,-7.070991896248533e-07,-1.442875682156769e-07,6.217421835484233e-07,1.101291651612308e-07,1.169574995457185e-09,1.485975783422949e-07,5.738146053770212e-07,9.807574320783434e-10,-4.424346689301134e-09,5.224679716199096e-08,6.704771490609583e-07,4.243029633262278e-08,1.169813679197023e-07,1.227351332009793e-07,2.365528170680416e-09,1.388063892394199e-07,6.990751909198672e-07,1.038166733090174e-11,3.833960729879685e-09,5.839439922726691e-11,-5.050458576955312e-14,-1.832363034420558e-15,-7.250623971507587e-04,-5.015059308968641e-03,3.872249240666225e-07,-4.333300391163836e-05,-2.716720294282969e-05,-5.586300270243693e-12,7.292938735207728e-08,1.420806997513866e-07,1.383221876863124e-06,6.124040461595996e-07,7.891618361370326e-07,1.662630983332588e-07,9.381301291355726e-12,
-1.302505992871503e-02,-9.211569081894859e-02,-1.998423413721917e-01,1.934160782126269e-06,-3.093164257978936e-02,3.121521759516333e+00,-2.281267044396202e-05,-8.281344649398756e-01,7.824353957488191e-07,2.205552095381884e-06,2.651208242235141e-07,1.484613358238767e-05,8.444820685830294e-07,-2.243236707137163e-06,1.398615470279715e-05,4.011822411821238e-08,1.962730205236461e-07,1.370728638256496e-07,-1.107213514829890e+00,9.255609633993515e+00,4.928529350771624e-07,3.727610983271061e-05,1.650031619837781e-06,5.090803370121668e-05,4.574582282812582e-07,4.770019884555204e-09,1.215166008234637e-05,4.639457374359255e-06,4.905251483040376e-09,6.203911457496719e-08,1.604795281514655e-07,2.968291207828747e-06,1.177825006222741e-06,1.335474690543953e-06,3.348686267280204e-06,1.021704676521538e-07,2.109851496321184e-06,8.631452477310952e-07,5.888177747780898e-10,2.692785454475919e-05,3.532891533663721e-10,1.634165953836653e-13,9.273128065066894e-15,2.769841559320797e-03,2.034427504553914e-02,6.711226075615395e-05,-2.585685638217779e-04,-1.671160391237786e-04,8.481894720093708e-08,1.777355664454046e-06,3.922796828069300e-07,1.273324802212481e-05,1.835502505583195e-05,1.324666184585363e-05,5.080305745653691e-06,2.093991646745508e-11,
-1.959001509438485e-03,-1.202895025690330e-02,-3.595252097921853e-02,6.266025905166020e-06,-5.868158284731285e-03,1.777614034921341e-01,-2.018700298998788e-06,-1.515461939745649e-01,-4.299283942091819e-08,-1.851404399293153e-07,-1.664731108187795e-08,-5.561052366781948e-07,-9.246869681210486e-08,-2.240140547687015e-07,-1.065524216851961e-06,-2.269145332242151e-09,-8.271691056785311e-09,-7.581477879946155e-09,-1.673178888645176e-01,7.599805318389116e-01,-6.082977266214809e-08,-5.602104339801731e-06,-8.509794740560562e-08,-2.396847963164004e-06,3.027666168635847e-08,1.798999048593629e-10,-1.882653686438283e-06,-8.185740667762941e-07,7.796449603995778e-11,-2.108230160962469e-09,3.442562529589043e-09,5.818172892448088e-07,3.302657677757525e-08,1.156300706674454e-07,9.087924020547259e-08,2.225261831668386e-09,9.920286434228693e-08,3.836056829941422e-07,3.884384651466771e-12,2.038722347930060e-09,-9.415357579616079e-11,-2.307020808776535e-14,-1.520091874368420e-15,-4.470979535159571e-04,-3.050048642610501e-03,-1.082468159067996e-05,-1.245703095179013e-05,-7.661689517793089e-06,-2.325307861889311e-10,1.495204453523252e-08,1.278356771866355e-07,6.108521686625890e-07,1.015351293659908e-06,7.276078716518853e-07,2.751147623804509e-07,8.250955474409238e-12,

