1
0
56
1
(4 0
((0,0) (7,127) (0,0))
((0,256) (7,383) (0,0))
((0,128) (7,255) (0,0))
((0,384) (7,511) (0,0))
)
4
FabOnDisk: SD_5_New_MF_D_0003 0
FabOnDisk: SD_5_New_MF_D_0001 0
FabOnDisk: SD_5_New_MF_D_0002 0
FabOnDisk: SD_5_New_MF_D_0000 0

4,56
-7.381147549515532e+00,-1.782975091911544e+01,-2.664492108614061e+01,-5.972081810389726e+00,-8.489363224828820e+00,-8.089484424447093e+00,-9.765927054349107e-01,-6.185440840593736e+02,-2.115840197968064e-01,-6.989766625967301e-01,-7.625522509033382e-02,-1.324229880619078e+01,-1.203827135489321e+01,-1.422134154340044e+00,-1.004740464044919e+01,-4.435308198857329e-01,-6.820277460678308e-02,-2.738949630151556e+00,-1.334291979217913e+02,9.562207881113000e-22,-6.730855143531542e-02,-4.222213133655020e+01,-1.620525556871375e+00,-1.832538569680370e+02,-7.492213154809296e+00,-2.376384824646349e+01,-4.018102889930557e+00,-2.929717707954684e+00,-8.685220559696059e-03,-1.910880302137655e+00,-1.650253922041353e+00,-8.170034707214535e-01,-3.382897372074735e+00,-1.951251992950502e+00,-2.822483649317436e+00,-2.026141135690995e-01,-3.080822154265550e+01,-5.404513753499730e-01,-3.289238799018703e-01,-8.019859659811035e+00,-6.722910975021625e-01,-1.288702894125776e-02,-4.928719444167160e-04,-7.864121415425186e-02,-1.394877839054794e-01,-1.935153049191021e+00,-6.585002048919780e-02,-2.803464021966506e-01,-1.249454569073135e-01,-2.293948514964058e+01,-4.424955010315910e-01,-5.409045267401101e+02,-8.194765017467584e+01,-8.184399326781934e+00,-2.275944514949173e+01,-5.381650680646999e-11,
-1.285002534487379e-02,-9.102553355762745e-02,-1.982675840222848e-01,2.157162222387463e-06,-3.062178120642134e-02,1.788034772116698e-01,-2.251344500584340e-05,-8.206933989718421e-01,-1.170740694337559e-07,-2.398897869461263e-07,-2.691114332231254e-08,-9.198923901914716e-07,-1.042125952041191e-07,-2.241780767963813e-06,-1.494456234395212e-06,-3.376634284899477e-09,-1.471464352528785e-08,-1.095754501676538e-08,-1.097998721749080e+00,7.639937787662835e-01,-8.465035731784028e-08,-6.382184979657633e-06,-3.079035218625062e-07,-4.615492024261007e-06,-8.031335306267632e-08,-4.542404137519622e-10,-2.088829588718637e-06,-8.801822510408451e-07,-2.546168767596260e-09,-1.298923411585271e-08,-1.316919453424401e-07,-1.445241321826892e-07,-1.732317284155643e-08,-4.571508122076063e-08,-1.028157769949966e-07,-4.668860926352063e-09,-1.688945993296726e-07,-6.191486452086080e-07,-1.207134550749106e-11,-8.914761247790521e-09,-1.043287417740621e-10,-8.399505853656168e-14,-2.822185951478056e-15,-1.225743844086939e-03,-8.707207923289629e-03,-1.080772804368746e-05,-2.534490257494956e-04,-1.639948322344701e-04,-3.742543222196186e-09,-1.205683069320845e-07,-1.824497321585971e-07,-2.221139503553044e-06,-7.818188512184254e-07,-4.448947162092715e-07,-2.232610689203949e-07,-9.003520151651401e-12,
-1.817634702475244e-01,-9.292299765516985e-01,-5.166387045373284e-01,-7.426550765418849e-04,-1.398216677220984e-01,5.073398876343264e-01,-3.490443550375508e-04,-4.786078853375919e+00,-2.412888324006195e-07,-2.483960107286267e-07,-6.058721036424372e-08,-2.888320009616654e-06,-2.623314301159625e-07,-3.467044300398768e-05,-3.745864563482520e-06,-8.652176034330874e-09,-5.418570343357956e-08,-3.248576787111978e-08,-5.859212750093753e+00,1.773099628681236e+00,-7.836925415024713e-08,-4.083856142968465e-06,-1.612505109434449e-06,-1.934530021210032e-05,-4.308522154008760e-07,-5.352552870770264e-09,-8.683291183386469e-07,2.086097868441529e-07,-9.736340455365390e-09,-6.601391638907893e-08,-3.910786274122733e-07,-6.148097268623386e-06,-1.356634692618556e-06,-2.114424288818482e-06,-3.437797176456445e-06,-1.231870521971205e-07,-2.369405556667154e-06,-1.521129431774931e-06,-9.563364816272600e-10,-9.173451607887937e-06,-6.671065442214064e-08,-2.168341677446715e-10,-5.789502789485289e-12,-1.490921368953598e-03,-1.099932026973660e-02,5.548553289528909e-07,-2.261893193843108e-02,-1.584320894743086e-02,-7.699992726710103e-08,-1.918481696453868e-06,-5.729093238089608e-07,-3.804219318056184e-05,-2.064821409769090e-05,-1.675908720395062e-05,-5.700765576736218e-06,-3.094413614235236e-11,
-3.495198174997964e-03,-2.925852689222311e-02,-8.666938503160744e-02,1.457112192827043e-06,-1.069349387774144e-02,1.022873906267837e-01,-6.529783470321872e-06,-3.300698785780306e-01,-8.141194903488679e-08,-2.902438843303678e-07,-2.583746489346788e-08,-1.250151731722601e-06,-2.521893780363552e-07,-6.627568819355980e-07,-1.664006208634689e-06,-3.964243222233918e-09,-1.473706192706001e-08,-1.356993746736702e-08,-4.711187424397722e-01,2.744563030179979e-01,-7.874228047344033e-08,-7.816028217425161e-06,-1.478460917448125e-07,-4.279185489475603e-06,-3.561323092569079e-08,-3.214453241069417e-10,-3.435875145481041e-06,-1.199222863073328e-06,-4.111614151348704e-10,-4.508710711045354e-09,-2.432241123023832e-08,-8.150588240813177e-08,-4.433186367164325e-09,-1.849825734898261e-08,-2.379941990292276e-08,-1.030701553959625e-09,-6.256761179484594e-08,-5.165039610122255e-07,-1.569592581193841e-12,-5.445255403224260e-10,-1.092273544262998e-10,-5.049794083494975e-14,-2.548383586782451e-15,-7.219347039171277e-04,-4.992747710338149e-03,-1.213692202256002e-05,-4.284534872768691e-05,-2.685730329576342e-05,-7.485575326471604e-10,-8.883839185170846e-09,-1.774083220566399e-07,-4.327057217857014e-07,-1.612057734144876e-07,-1.733503515185401e-07,-4.341744761285052e-08,-8.817668817329150e-12,

4,56
5.466153728396677e+00,3.187738633445267e+01,4.470252615128844e+01,7.370799254731556e+00,1.212165987080694e+01,3.117720539183487e+02,5.978155696553155e-01,1.669667794865562e-12,5.111336455733940e-01,1.244045264869916e+00,1.428737302580091e-01,2.408273758921933e+01,1.499494080607596e+01,1.853938754328709e+00,1.472269690094974e+01,4.679935379039448e-01,1.245573978799719e-01,2.878048129597966e+00,4.388728821841706e+02,2.771880929842415e+02,1.427341454172091e-01,4.978291411107885e+01,3.573721214592804e+00,2.776154022038843e+02,1.051830668208653e+01,2.490947897533675e+01,7.932098395383854e+00,3.315355176720318e+00,1.573326662982439e-02,3.569990227986811e+00,2.386157242593297e+00,9.198775860744670e-01,3.671990303566894e+00,1.966936133211925e+00,3.497153982534446e+00,2.076950309134744e-01,3.078577264482414e+01,1.171260718184238e+00,5.550594573489267e-01,7.772899844162501e+00,1.054371190805626e+00,3.242064278932886e-02,7.923950649244708e-04,7.623948348140712e-02,2.648420436148964e-01,2.180045607621459e+00,4.348587107359067e-01,6.370467280491727e-01,1.844042611205616e-01,1.466593695572569e+01,8.799616639127056e-01,3.019785278908821e-02,8.538992223695595e+01,1.333763419684987e+01,2.388959079609557e+01,7.435829729729448e-11,
-3.522719752010565e-03,-2.947337192906578e-02,-8.717749524129229e-02,7.548475194680228e-06,-1.076346673579239e-02,5.023524772049639e-01,-6.580531810208611e-06,-3.320810941895429e-01,-6.545567464673161e-08,-1.159919154653461e-07,-2.081935307341483e-08,1.090622289099266e-07,1.584538913883629e-07,-6.643498861757243e-07,-7.745340653231413e-07,-1.320703960752894e-09,-1.085684220107083e-08,-3.076070252297606e-09,-4.739441054402910e-01,1.759480495897721e+00,-4.219410297295836e-08,-6.829028500462664e-07,-1.447610523802449e-07,-1.048499422800350e-06,9.182067621279337e-08,7.067422745010129e-10,1.676739236795163e-07,5.765149453377588e-07,6.546621394710240e-10,-4.425054363105326e-09,2.526404053601885e-08,8.095525885277024e-07,5.202575603595801e-08,1.296388397648591e-07,1.513086299973944e-07,2.315013207697918e-09,1.510380204905529e-07,6.363333372092383e-07,1.205298391981167e-11,4.622061791470841e-09,5.854749864529470e-11,-5.048835609196724e-14,-1.830702228687501e-15,-7.248416380649010e-04,-5.013464140674363e-03,3.770443695845797e-07,-4.329049848071460e-05,-2.714004993567401e-05,-4.219832115490925e-11,6.904220543511117e-08,1.466579609191842e-07,1.304233909292481e-06,8.458391270242289e-07,9.467040042451681e-07,2.254913522484241e-07,9.380302090633563e-12,
-1.301465680333133e-02,-9.202942213671107e-02,-1.997275101441088e-01,1.908325654257112e-06,-3.092362389616188e-02,3.122755615381405e+00,-2.279227011508572e-05,-8.277561587380955e-01,5.569237769913472e-07,1.544251985640653e-06,1.565311446345315e-07,7.874381287133546e-06,1.029964388286820e-06,-2.248156997132970e-06,1.136076184178947e-05,2.580409276273167e-08,1.101795532569897e-07,8.758318629222663e-08,-1.106559661441720e+00,9.253931170698674e+00,4.905867322231272e-07,3.682332979384496e-05,1.018953279861837e-06,3.433859228993481e-05,1.698445543600233e-06,4.264170826509365e-09,1.228342242299146e-05,4.492671403162521e-06,6.496780248088676e-09,2.766659503184449e-08,2.592114876572941e-07,4.401517789281895e-06,2.930106650126858e-06,3.242088917015901e-06,4.936406465701026e-06,1.120618931308515e-07,2.589666700384989e-06,1.044968265637144e-06,1.014958084201984e-09,1.656324926638817e-05,3.459075233487788e-10,1.709935569642864e-13,9.600604291424885e-15,2.773820803804834e-03,2.037378641849548e-02,6.712538012681413e-05,-2.583288566697030e-04,-1.669651726791362e-04,1.051907169358461e-07,1.907275375572805e-06,3.428281570861169e-07,1.962441540693065e-05,2.019713631750121e-05,2.768234173311192e-05,5.627841933928217e-06,6.243849881570895e-11,
-1.957618383579006e-03,-1.202055690566467e-02,-3.593188031804093e-02,6.262860918400285e-06,-5.863848581219118e-03,1.776417501318815e-01,-2.017223105555139e-06,-1.514384099758075e-01,-4.297989952758110e-08,-1.849590378521462e-07,-1.664445391122604e-08,-5.552786345464681e-07,-9.307070543989202e-08,-2.238914649717100e-07,-1.066379609401599e-06,-2.319546647384345e-09,-8.492716587002578e-09,-7.630756201360658e-09,-1.672006623729588e-01,7.594741099476467e-01,-6.081875100153426e-08,-5.646482410210060e-06,-8.506003618999462e-08,-2.393654439991713e-06,3.297648000570783e-08,2.590515326090787e-10,-1.911548163576879e-06,-8.231581372170059e-07,8.742578858395177e-11,-2.106978355176443e-09,4.221907778120523e-09,4.832439132795103e-07,4.493018930756417e-08,2.475097097180441e-07,3.984416790496118e-07,5.297530989917210e-09,2.917844537406936e-07,1.351813097622086e-06,5.510477735145933e-12,3.464870513222973e-09,-9.413139718782396e-11,-2.305521202178655e-14,-1.519298169739663e-15,-4.469165342091812e-04,-3.048792393707896e-03,-1.082855641662299e-05,-1.244739429315058e-05,-7.655692464781537e-06,-3.098957426835855e-10,1.142921878761205e-08,1.233603751705682e-07,6.613257315503200e-07,6.032017163700535e-07,6.433927654777214e-07,1.588819105670815e-07,8.843231702471144e-12,

