1
0
63
1
(4 0
((0,160) (15,215) (0,0))
((0,280) (15,343) (0,0))
((0,216) (15,279) (0,0))
((0,344) (15,407) (0,0))
)
4
FabOnDisk: SD_0_Old_MF_D_0003 0
FabOnDisk: SD_0_Old_MF_D_0001 0
FabOnDisk: SD_0_Old_MF_D_0002 0
FabOnDisk: SD_0_Old_MF_D_0000 0

4,63
-4.433908808946558e-03,2.915530486147662e+00,1.631647662610967e-01,5.338117266701646e-07,3.612491179643301e-07,1.339525930168014e-05,2.764865767903651e-07,1.320331306748309e-04,1.044129740513002e-02,1.137026671689573e-07,3.420423014151131e-03,2.666426334722296e-11,2.232487925607182e-10,3.251396801680429e-11,6.398699842810667e-10,3.953208283289272e-12,1.234797104488662e-08,1.624607958696125e-09,2.271625613054468e-12,1.529321848900921e-11,9.111087468225688e-12,7.200004794232290e-03,3.461041435137633e-03,6.048457331734878e-11,6.101930554356137e-09,1.359802270252568e-10,0.000000000000000e+00,0.000000000000000e+00,0.000000000000000e+00,1.451757179000633e-09,5.685296035063963e-10,0.000000000000000e+00,3.046280622971032e-12,0.000000000000000e+00,0.000000000000000e+00,0.000000000000000e+00,0.000000000000000e+00,0.000000000000000e+00,0.000000000000000e+00,0.000000000000000e+00,0.000000000000000e+00,0.000000000000000e+00,0.000000000000000e+00,4.349512281184412e-10,2.109812842139229e-12,4.962527203779431e-14,7.240986936464404e-07,3.981370156854978e-07,4.506062680795109e-09,2.806903654053968e-06,3.412164344176916e-06,0.000000000000000e+00,0.000000000000000e+00,0.000000000000000e+00,0.000000000000000e+00,0.000000000000000e+00,0.000000000000000e+00,0.000000000000000e+00,1.169758893670199e-01,3.812133358954923e+03,0.000000000000000e+00,8.879291983903643e+02,1.010851061992032e+05,
-9.580046955020838e-07,5.434509689731787e+00,1.529479195391149e-01,1.773830763384589e-05,1.701162982952434e-04,7.287699598700833e-04,1.446625280971028e-07,9.028124111587625e-05,1.232672836874625e-02,4.105426321098257e-08,2.234333933338376e-03,1.895217220281886e-10,4.619145525661633e-10,5.497185733723008e-11,1.532884102612394e-09,2.257476128016186e-10,3.768185665827835e-09,3.089356075224063e-09,6.052161428594272e-12,2.928860159836661e-11,2.098342240211063e-11,5.105814842228994e-03,2.228345268379066e-02,1.481687522438657e-10,1.202707960561625e-08,4.633009523542289e-10,7.379691255543111e-09,6.827461177411953e-13,1.202783233857312e-14,3.458644352294751e-09,1.386618563170330e-09,8.742692265255110e-14,1.704724324763221e-11,1.045830947837011e-12,4.111264602184387e-14,1.114846206933801e-14,8.589619895510713e-15,1.104930700841791e-14,0.000000000000000e+00,0.000000000000000e+00,0.000000000000000e+00,0.000000000000000e+00,7.173309835976215e-16,6.176995453461389e-14,1.108377783988257e-16,3.293744652668500e-18,2.225847602856886e-06,1.556046636634337e-05,2.049665323798651e-08,4.209029088443102e-07,2.760063729978636e-07,2.621041976878230e-12,0.000000000000000e+00,0.000000000000000e+00,0.000000000000000e+00,0.000000000000000e+00,0.000000000000000e+00,0.000000000000000e+00,1.097123667549076e-01,6.268205917780716e+03,0.000000000000000e+00,2.169706156639429e+03,1.013249668190842e+05,
-8.989391596775329e-07,5.246248109568392e+00,1.562972952897784e-01,2.504981530030959e-05,2.350535843740450e-04,8.180377505044934e-04,1.729180260268577e-07,1.046667915829947e-04,1.224718672029962e-02,6.152290380368325e-08,2.674482328726593e-03,1.469058663558768e-10,2.564440390485593e-10,3.659733869585520e-11,9.026413953358707e-10,1.147746137617080e-10,5.824637013406312e-09,1.970433392852769e-09,3.363623082656782e-12,1.979866773755112e-11,1.343398137151563e-11,5.689302203592011e-03,2.183471968959546e-02,7.842642161175752e-11,6.628970297086266e-09,4.385982502287137e-10,4.779009550478167e-09,1.021128322656109e-12,0.000000000000000e+00,1.627486752829963e-09,6.731369613127520e-10,1.540695570925028e-13,2.009416738505241e-11,1.906815895072405e-12,0.000000000000000e+00,0.000000000000000e+00,0.000000000000000e+00,0.000000000000000e+00,0.000000000000000e+00,0.000000000000000e+00,0.000000000000000e+00,0.000000000000000e+00,0.000000000000000e+00,4.726273376333514e-14,1.060249392922020e-16,2.939970054246858e-18,2.296958510500673e-06,1.611195854957399e-05,1.007700064623520e-08,1.093426681124880e-06,7.363531531889484e-07,3.416397131711903e-12,0.000000000000000e+00,0.000000000000000e+00,0.000000000000000e+00,0.000000000000000e+00,0.000000000000000e+00,0.000000000000000e+00,1.121224239499020e-01,3.807745209706520e+03,0.000000000000000e+00,2.067035219605014e+03,1.013245878214876e+05,
-7.734374752810409e-02,5.526410868605391e+00,1.477610409333685e-01,1.389695098295241e-05,1.345366697218797e-04,6.610497952218399e-04,1.319260573418269e-07,8.087271063125287e-05,1.206176329566261e-02,3.094030867727658e-08,1.957972342771108e-03,1.707672185151506e-10,5.445689829148715e-10,5.606208560058611e-11,1.818277599085044e-09,3.007161929820849e-10,2.758689300949485e-09,3.406988615265125e-09,7.128019928370671e-12,2.932640751483094e-11,2.357040936148557e-11,4.672605873651549e-03,2.217069145832311e-02,1.787001305768798e-10,1.474835800234552e-08,3.961289206590772e-10,7.844001941535228e-09,4.828460930430987e-13,8.615776839141882e-15,4.528920623005044e-09,1.914581524802882e-09,5.360748081816993e-14,1.322363638583395e-11,6.350265671403012e-13,8.491575912211841e-14,1.018956620078229e-14,1.002212269911801e-14,1.067619888851359e-14,2.213376587193796e-17,6.789372964662356e-16,0.000000000000000e+00,3.499202442714510e-20,3.882709251962633e-16,1.143525050129949e-13,1.053834714875178e-16,4.288067885176454e-18,1.952872264074208e-06,1.356369440200718e-05,2.638483456899472e-08,2.154036907697501e-07,1.387308701070463e-07,2.053250550602597e-12,4.488311222057859e-15,0.000000000000000e+00,0.000000000000000e+00,0.000000000000000e+00,8.847765951256514e-20,0.000000000000000e+00,1.059878488212225e-01,6.877812571158775e+03,0.000000000000000e+00,2.223662223203448e+03,9.888620132592804e+04,

4,63
4.431269802654398e-03,5.241850825927543e+00,4.029938974286242e-01,5.036196504174593e-05,4.324593479431134e-04,9.478604196169782e-04,1.201427808943656e-04,3.767038749055956e-04,1.299755397398172e-02,1.997706262327761e-05,6.948566607530000e-02,1.514912903900895e-06,6.640511366730765e-06,7.526430669747003e-07,2.365040661997581e-04,2.752046656636526e-04,2.018381188349795e-05,5.127568169171316e-04,1.530485327305272e-05,9.759628838571143e-07,6.942472409927984e-05,1.440716257882110e-02,2.179888908050018e-02,8.725451465221874e-07,6.467277853334154e-04,2.234866993151873e-05,4.583533388263857e-03,1.056963216961136e-04,4.798337176697533e-04,3.333432746795261e-05,1.116269452515385e-04,1.324137116016656e-07,3.173319702178870e-05,3.816210667084696e-05,1.243357573267596e-05,5.845127853801860e-05,3.136568928939459e-05,4.075403569590819e-05,3.111467023993106e-06,6.469289658948085e-04,1.562966934750328e-05,4.486782760437298e-06,1.136177582952847e-04,1.933442216689080e-05,7.189087882201203e-07,1.741851471060285e-08,2.282055072452826e-06,1.600035253940825e-05,2.970115876839491e-05,1.271924575941270e-05,1.630736149236909e-05,1.713066455163205e-06,4.413655547871001e-04,1.532064298974347e-05,2.132928169875083e-02,1.619875420038492e-03,1.412088605488657e-04,4.446379964142351e-04,2.810406716206131e-01,7.417634756303608e+04,0.000000000000000e+00,2.064642960434648e+03,1.015375464482653e+05,
8.982519175778163e-07,5.525306751916623e+00,1.562257757425146e-01,2.488532975979471e-05,2.336373367044291e-04,8.163754903298472e-04,1.721567315850650e-07,1.043741774156328e-04,1.234966986613772e-02,6.105049434221739e-08,2.665641079563490e-03,1.961983251910404e-10,5.438986403059213e-10,5.862233398121383e-11,1.815513395281343e-09,2.997410343186419e-10,5.776446197317663e-09,3.441967069497601e-09,7.119131475048717e-12,3.088768180021678e-11,2.381514372838427e-11,5.677606458461842e-03,2.252009364807514e-02,1.784455130088251e-10,1.472099235273311e-08,5.166013433775799e-10,8.069499628781822e-09,1.018040711760529e-12,1.774767959689098e-14,4.517253951548085e-09,1.907881931229003e-09,1.526444968984637e-13,2.133074854234779e-11,1.887470306335838e-12,1.574557808764762e-13,5.921430569199807e-14,7.802647837599297e-14,1.667830552327562e-13,2.449415363856243e-15,5.620794988735667e-14,2.771795769939440e-15,6.156735104841482e-18,1.360983701742512e-14,1.136281015883305e-13,1.179181629725450e-16,4.279341416968338e-18,2.470460652500457e-06,1.740821959645959e-05,2.632021509971961e-08,1.073566663669371e-06,7.226218984886845e-07,3.402325674412081e-12,3.999295180980143e-14,9.656720910134884e-16,1.626576578599976e-13,8.931432310469537e-13,7.231623611644215e-13,2.450976560121427e-13,1.120711097629294e-01,7.302556404424750e+03,0.000000000000000e+00,2.223021516528766e+03,1.013250369105825e+05,
6.003382166248701e-07,5.432597653884471e+00,1.630070973656350e-01,4.261951996284643e-05,3.705934427489473e-04,9.324020118586207e-04,2.732924252260865e-07,1.315132182601240e-04,1.232591454219152e-02,1.123668785089810e-07,3.401848812464860e-03,1.947107553428084e-10,4.597897918472433e-10,5.483155163114385e-11,1.526179500452657e-09,2.243575016407638e-10,1.213748733446380e-08,3.079247075194325e-09,6.024758393531727e-12,2.922111572059124e-11,2.091060711054869e-11,7.145941885178041e-03,2.228034158334661e-02,1.473998906308369e-10,1.196502125449639e-08,5.192068619754261e-10,7.357630849775772e-09,1.497636539582391e-12,2.494285346372008e-14,3.435733691949642e-09,1.376672198981610e-09,2.522792315223881e-13,2.235979586006110e-11,3.462652942547993e-12,1.758286455608666e-13,1.043838563899946e-13,1.246348170087922e-13,3.252363878751584e-13,9.741944733431691e-15,1.676633006132799e-13,5.103998695218075e-14,3.322850488856376e-17,7.604196081721603e-14,3.272219339655224e-10,1.555656330203776e-12,3.679093905031253e-14,2.506418726564450e-06,1.770019211031540e-05,2.037034065764201e-08,4.795330479511387e-06,3.314914771805701e-06,4.092343216374388e-12,7.363981613335238e-14,8.477040922725213e-15,3.672860589075666e-13,1.605927943926248e-12,9.412485142784844e-13,4.525035583017166e-13,1.168639323295284e-01,6.239628453661619e+03,0.000000000000000e+00,2.168584163378316e+03,1.013249877535182e+05,
8.039037595064123e-02,5.614987774976745e+00,1.552600449566136e-01,1.765979365950126e-05,1.693995199880082e-04,7.276140221786016e-04,1.444338406522985e-07,9.010784334733264e-05,1.267412081669892e-02,4.084259306295117e-08,2.229059440384913e-03,1.892782372628118e-10,5.772671305995882e-10,5.912625601843129e-11,1.961961692461857e-09,3.524874972704677e-10,3.747033305415912e-09,3.565209994003014e-09,7.621974333231766e-12,3.101332296741748e-11,2.556101792542640e-11,5.098565920332743e-03,2.329924835334014e-02,1.913858167253463e-10,1.614204203401006e-08,4.622444400803298e-10,8.273269758346773e-09,6.787547667070067e-13,1.196019512312637e-14,5.098537944754650e-09,2.251921161990410e-09,8.670831932485833e-14,1.698001984494587e-11,1.036954812980981e-12,1.181262695297465e-13,1.171905584551842e-14,1.078335494687516e-14,1.201419105441456e-14,4.183955987765500e-17,1.144818546503122e-15,1.082642617881293e-18,8.265740172516393e-20,7.095766736527536e-16,1.518139678197779e-13,1.172233001653711e-16,4.758089165909684e-18,2.221483026259027e-06,1.552814538688108e-05,2.963572123865385e-08,4.158100015998963e-07,2.725746819812314e-07,2.610556972220138e-12,6.146680380085112e-15,1.115291565836063e-19,1.354362028081085e-16,3.329765466651423e-16,2.838722821102457e-16,9.089347240370832e-17,1.113668235702149e-01,8.388916798864986e+03,0.000000000000000e+00,2.256276251808992e+03,1.039990938045120e+05,

