1
0
56
1
(4 0
((0,160) (15,215) (0,0))
((0,280) (15,343) (0,0))
((0,216) (15,279) (0,0))
((0,344) (15,407) (0,0))
)
4
FabOnDisk: SD_5_New_MF_D_0003 0
FabOnDisk: SD_5_New_MF_D_0001 0
FabOnDisk: SD_5_New_MF_D_0002 0
FabOnDisk: SD_5_New_MF_D_0000 0

4,56
-7.684765244433700e+00,-1.601415521651362e+01,-2.583621590082185e+01,-5.930470260044835e+00,-8.288607885499340e+00,-8.679022209091698e+00,-1.120485756192704e+00,-6.338702284122401e+02,-2.776470701188505e-01,-7.690524787321237e-01,-8.938387916781859e-02,-1.374221350699349e+01,-1.286076455374281e+01,-1.385535960786554e+00,-9.509347505902557e+00,-4.561220881453614e-01,-7.145330447845624e-02,-2.825758240254734e+00,-1.330343849087437e+02,1.836512346080838e+00,-9.605732582254076e-02,-4.936527722380737e+01,-1.841144191427186e+00,-2.033968158239773e+02,-7.626769370020092e+00,-2.524237229954747e+01,-4.469561517627148e+00,-2.820589184318418e+00,-9.053912118320639e-03,-2.006136766552842e+00,-1.615967996499398e+00,-9.422475074370141e-01,-3.756854823971881e+00,-2.189022875103080e+00,-3.131775925875984e+00,-2.165829203262867e-01,-3.250651003488102e+01,-5.516540208586402e-01,-3.239997087794860e-01,-8.498174769556348e+00,-1.008770154676790e+00,-1.695640702582616e-02,-7.063245940052930e-04,-8.245432590193873e-02,-1.825044060241616e-01,-2.088433098652833e+00,-6.951402840546146e-02,-3.983685131002280e-01,-1.352668979952882e-01,-2.403673208435876e+01,-8.418361466233827e-01,-5.909121473956625e+02,-8.959889075894775e+01,-9.593081724324193e+00,-2.461768009139059e+01,-2.938236320915166e-10,
-1.095909031605108e-01,-5.777846324309709e-01,-5.149427222990446e-01,-3.131706018918784e-04,-1.243946357413190e-01,1.332615047856737e+00,-1.895140331024638e-04,-3.116261622396622e+00,-4.318837405498187e-08,4.174268881408341e-07,1.543251701671355e-08,1.544206190804039e-06,4.454578251001576e-07,-1.892839187699853e-05,1.706360933459311e-06,5.211111998863913e-09,5.514165622718991e-09,1.486427124157496e-08,-3.549560146280001e+00,3.934466772488986e+00,1.456164493331121e-07,1.420817339416239e-05,-3.269700281093273e-07,3.093230102017218e-06,-1.032864756642026e-08,-6.759675101732612e-11,5.948797758525674e-06,3.022801841228437e-06,-6.302770507035091e-10,-2.375872187209862e-08,-1.276823720024113e-08,-2.891290099682160e-09,-3.164644523397805e-09,-7.792032954511745e-09,-2.346846869115711e-08,-3.349469676276153e-09,-1.009159616189322e-07,-9.955878901861374e-09,-1.420831072651844e-11,-2.899974726243867e-09,3.112715796330456e-10,5.445245420599669e-15,4.662100577458655e-15,-1.320819229019127e-03,-9.962976602331572e-03,3.078588195548115e-05,-8.016764221746953e-03,-5.557734977049705e-03,-6.787406321850527e-09,-1.267131825489485e-07,-3.019766842450076e-09,-2.096692671618355e-06,-1.664545959017606e-07,-1.135260497784210e-07,-4.593396426728169e-08,-2.530331499883687e-11,
-2.112191469620205e-01,-1.125237399119781e+00,-5.202011486537310e-01,-1.554076750100019e-03,-1.584318095332942e-01,7.294686860514390e-01,-5.606417046834945e-04,-1.077382862251126e+01,2.015137717397650e-07,1.028736317092749e-06,8.050270827189444e-08,3.151251513689887e-06,5.679008507542384e-07,-7.922630846633546e-05,4.954025799373438e-06,1.250940362365130e-08,3.704590731478256e-08,3.413408345380051e-08,-1.962262307982051e+01,5.665041146340536e+00,-1.293953048472566e-07,2.774732611909068e-05,7.563690654651494e-08,1.117352501910476e-05,-1.435458850759351e-07,-7.587463942413239e-10,1.011836276211139e-05,4.017967795890224e-06,-9.336597449894581e-10,-1.343678930132195e-08,-2.249836110424882e-08,-2.596935996558655e-08,-3.862370936100367e-08,-1.293484501544405e-07,-5.747340836404408e-07,-1.575962906017927e-08,-4.292098591619542e-07,-2.480095938577299e-07,-1.311463930831113e-10,-4.515047504660499e-08,-9.095946743205215e-05,-4.791627929104336e-07,-1.099794352998713e-08,-1.954903764123232e-04,-2.062227936396089e-03,5.281878084000940e-05,-5.307893175495082e-02,-3.716299594081227e-02,-2.181497782030849e-08,-4.647971450274414e-07,-7.082343147452553e-08,-6.272093228358829e-06,-3.621739169717091e-06,-6.386825483401978e-07,-1.011295583443932e-06,-3.162536899026236e-11,
-1.238829546006469e-01,-8.206848045516120e-01,-1.325273661993353e+00,-2.111921976158550e-03,-1.868256892987430e-01,-8.699937492754373e-02,-4.117674013298746e-04,-1.932091174818859e+00,-4.872253089946214e-06,-7.206267714187385e-07,-8.506438223238373e-07,-4.043454727006444e-06,4.110609305516079e-08,-9.314140963826196e-05,-3.275784722571413e-06,-2.489384692324269e-08,-1.165284655499956e-07,-1.432940186439224e-07,-2.459568246795856e+00,2.547493946306446e+00,-1.797589057371246e-06,-2.794989318601821e-05,-1.083137523838553e-05,-3.804519025116849e-05,-2.179777155515896e-08,-1.818967821635182e-10,-4.156496024460856e-05,-7.047807060167355e-06,-1.906141564193977e-09,-1.379373864033898e-07,-5.228749402085550e-09,2.717078087007676e-11,-1.842264959841698e-10,-3.604288505502210e-11,-9.139664229970824e-11,-6.212322963498687e-13,-2.477948686049995e-11,-5.423419482860217e-11,-2.359352270308253e-15,-1.562311053292553e-11,1.727469110837852e-10,-4.045433816836260e-12,-4.421299566440729e-14,-6.720552574754977e-03,-1.655312284427518e-02,-6.597110696060457e-05,-6.959732783527185e-03,-7.175525932632094e-03,-6.471160361045162e-08,-8.319592986298298e-11,-1.914802488688864e-11,-9.148350653238604e-11,-3.923423708053979e-11,-1.391282168368455e-11,-1.076468903836107e-11,-8.583356247982010e-11,

4,56
5.692678830404200e+00,2.899430121910423e+01,4.366922641171438e+01,7.282717627750877e+00,1.330825707512180e+01,3.150955639894245e+02,6.226220219174305e-01,-1.130743858875556e+01,6.441904823293001e-01,1.394471624679360e+00,1.631571015990399e-01,2.532780053060253e+01,1.607084252827349e+01,1.915657568672239e+00,1.612297561108929e+01,5.515785013581546e-01,1.322685359329847e-01,2.807915014994761e+00,4.620642607758600e+02,2.819526318313954e+02,2.091252261493661e-01,6.002810528757779e+01,3.816419756609609e+00,2.967905361384838e+02,1.211114101885808e+01,2.696334129243123e+01,8.672312081457106e+00,3.515559507332999e+00,1.574333336559947e-02,3.745942867016536e+00,2.431516474433652e+00,1.098632856412855e+00,3.897749042246807e+00,2.326705544609171e+00,3.878764281259164e+00,1.972856792603951e-01,3.473680221992471e+01,2.066141299164616e+00,5.468003974447836e-01,7.937627034484668e+00,1.506020284210702e+00,4.332641456398600e-02,1.122934892070906e-03,7.554358482352526e-02,3.888241516213280e-01,2.419313410806167e+00,4.729776632279075e-01,6.845236717687411e-01,1.772903015092553e-01,1.651693705979245e+01,1.906231472018087e+00,6.920926824431485e-01,9.026695094429090e+01,1.423176532851897e+01,2.528566362461466e+01,3.917506319339736e-10,
-4.825720069098939e-02,-3.023300049634116e-01,-4.087526626096222e-01,-9.203426617215717e-05,-7.516678622125672e-02,2.379591598878567e+00,-8.744643927755032e-05,-1.944556959182063e+00,1.991343011489281e-07,1.024720649531530e-06,7.990440434097397e-08,3.157130964856375e-06,5.817925145343350e-07,-8.684180828699879e-06,5.032985456792555e-06,1.257431353942087e-08,3.705942657593612e-08,3.468836211991481e-08,-2.473045613623839e+00,5.629527821981723e+00,3.505222414883947e-07,2.766071781609499e-05,6.961239395687010e-08,1.127091837407401e-05,3.331565374650360e-08,2.213580971446936e-10,1.011885678989195e-05,4.025774286170939e-06,-1.264852484943774e-10,-1.391758929163349e-08,4.814642707145410e-09,1.146655231396379e-07,6.086543535403603e-08,9.319272592665835e-08,1.626226747437005e-07,1.916034363871565e-09,5.528656645713805e-08,3.119423381505915e-08,7.027568616415379e-12,1.258851976960839e-08,3.434041910976861e-10,1.786873420985698e-13,9.958913879067001e-15,-2.371530142084825e-04,-2.366695335166699e-03,5.241972149298110e-05,-2.125159319687433e-03,-1.436333639240243e-03,-2.334702287753064e-09,4.364995306800694e-08,8.543863132395891e-09,3.605379092086699e-07,8.606167449443927e-07,1.016003485680520e-06,2.406766975771634e-07,3.132338832756432e-11,
-1.112983037679748e-01,-5.844837698241155e-01,1.144599358522862e-02,-3.198339657505292e-04,5.951409889346555e-02,3.409344239071673e+00,-1.922868401419512e-04,-3.144973333857513e+00,2.186753437402115e-06,2.586087757658072e-06,2.975777132259230e-07,2.093981990545936e-05,1.488776980189229e-05,-1.920735558576350e-05,1.678879814000994e-05,4.268511470807542e-08,1.222343697337702e-07,2.916471637038794e-07,-3.572163020473218e+00,3.087346248036625e+01,6.328473168568256e-07,4.908696884041550e-05,2.760628316287756e-06,5.698300087171134e-05,1.601124700373378e-07,3.053722102011603e-07,1.740306157945431e-05,4.770127669095607e-06,9.024065318283579e-10,1.423066644087258e-07,5.716881753158681e-08,1.177537144658411e-07,1.146114388547763e-07,1.029125567205983e-07,1.718857421475412e-07,2.784853087448798e-09,1.664041378374668e-07,1.956829340073822e-07,4.752211628543305e-10,5.341204777176526e-08,3.307688850365864e-10,1.820145390271531e-13,9.977604291329516e-15,9.122716513187612e-03,6.650062870463096e-02,7.753371293290354e-05,-8.224291881992626e-03,-5.704222431849813e-03,8.185573392027644e-09,1.397300927878562e-07,6.217186617257816e-08,4.208604933939063e-06,6.361621281937543e-07,9.124382226700173e-07,1.748380968852446e-07,3.797495651269855e-11,
5.626731244028388e-02,4.047187773022025e-01,8.947971307239726e-01,2.398609966229219e-03,8.494731530344546e-02,1.768113707274416e+00,3.357279131048604e-04,-1.072394907641069e+00,4.822519191534985e-06,1.132897228833809e-06,8.565913331358780e-07,5.881174889480170e-06,6.232405732629926e-07,8.777403819292359e-05,4.787907539080453e-06,3.181745300248538e-08,8.695048035779470e-08,1.877198197255921e-07,-1.593048869460269e+00,3.913203063667246e+00,1.949455593561901e-06,3.771629941212513e-05,1.039641638627624e-05,3.943080689606943e-05,1.924457596478920e-08,1.101243373100918e-10,5.006510454312386e-05,1.136102233587494e-05,1.551130121699902e-09,9.663168839361030e-08,1.264814818380447e-09,4.191635038467986e-10,1.564545963845011e-10,6.665912358687513e-11,1.211429304276689e-10,6.452465456199415e-13,1.647121505267571e-11,1.041726833695994e-11,2.159576349570358e-15,9.795903987426721e-12,3.124099236258339e-10,3.720832785060240e-12,4.350021568940042e-14,4.466061862851894e-03,-3.875062455938272e-03,1.150423383331637e-04,4.392555077262110e-03,5.433136024979545e-03,5.492960624701977e-08,7.079207398055998e-11,3.102917440124325e-12,4.635719109046184e-10,1.133394709172597e-09,7.693978329519588e-10,3.129213941388694e-10,6.701839083689265e-11,

