1
0
63
1
(4 0
((0,0) (15,255) (0,0))
((0,768) (15,1023) (0,0))
((0,512) (15,767) (0,0))
((0,256) (15,511) (0,0))
)
4
FabOnDisk: SD_0_Old_MF_D_0003 0
FabOnDisk: SD_0_Old_MF_D_0000 0
FabOnDisk: SD_0_Old_MF_D_0001 0
FabOnDisk: SD_0_Old_MF_D_0002 0

4,63
-1.414233719015539e-04,2.141034981889756e+00,1.579919050884833e-01,1.237560670170971e-22,3.908016675202136e-21,1.038005235793800e-16,2.957098384684413e-11,6.645978387077381e-08,6.908263610435506e-09,1.194997997268698e-11,2.885798030336476e-03,0.000000000000000e+00,2.295157677188610e-27,1.505546788891457e-28,4.058513922400663e-13,0.000000000000000e+00,1.219602988381907e-22,2.124617713856871e-11,9.582761540164276e-17,2.970136056010581e-28,2.291454610466194e-12,1.824109807746004e-09,1.083992122568112e-10,1.312799004678931e-33,1.326290276516177e-11,2.548508299073915e-25,0.000000000000000e+00,0.000000000000000e+00,0.000000000000000e+00,3.534775935959961e-27,9.992488042049707e-13,0.000000000000000e+00,3.610180453581860e-23,0.000000000000000e+00,0.000000000000000e+00,0.000000000000000e+00,0.000000000000000e+00,0.000000000000000e+00,0.000000000000000e+00,0.000000000000000e+00,0.000000000000000e+00,0.000000000000000e+00,0.000000000000000e+00,1.347597829235157e-15,1.097533626948432e-16,2.056902988327762e-18,3.911010811463168e-16,1.265424399067532e-16,5.213639822072928e-15,1.209406663500222e-15,2.179166278000655e-15,0.000000000000000e+00,0.000000000000000e+00,0.000000000000000e+00,0.000000000000000e+00,0.000000000000000e+00,0.000000000000000e+00,0.000000000000000e+00,1.133405394975378e-01,3.759640695186552e+03,0.000000000000000e+00,4.430000373996360e+02,1.011511543645331e+05,
-8.664939230137737e-08,5.709055472525508e+00,1.460933897651887e-01,6.120711677309134e-06,5.844424509516859e-05,4.697542825961643e-04,1.349720752910441e-07,5.710216418346592e-05,1.235246906117615e-02,1.212573401200699e-08,1.185616324964313e-03,5.148155856212403e-11,2.726749440494702e-10,2.304600642732061e-11,1.090550314017077e-09,2.986016769658057e-10,8.747002485427465e-10,1.633571837036515e-09,3.559687225389040e-12,1.177399779030095e-11,1.254246503801060e-11,3.572961843812100e-03,2.343863357452910e-02,8.783635658609634e-11,9.061422194097062e-09,1.007236620787203e-10,3.380131012653277e-09,0.000000000000000e+00,0.000000000000000e+00,3.005664433156236e-09,1.627784806852156e-09,1.666188090636070e-15,2.193212783637275e-12,0.000000000000000e+00,9.252833795180217e-14,0.000000000000000e+00,0.000000000000000e+00,0.000000000000000e+00,0.000000000000000e+00,0.000000000000000e+00,0.000000000000000e+00,0.000000000000000e+00,0.000000000000000e+00,7.862144453459746e-14,1.751819253833294e-17,1.203177715861217e-18,5.904502186540850e-07,4.015876948593291e-06,1.803243852510417e-08,1.342272726237506e-08,8.208046351479607e-09,4.272726030369372e-13,0.000000000000000e+00,0.000000000000000e+00,0.000000000000000e+00,0.000000000000000e+00,0.000000000000000e+00,0.000000000000000e+00,1.047798349169843e-01,7.927466966109329e+03,0.000000000000000e+00,2.330891201125642e+03,1.013249964176909e+05,
-1.471523255669605e-07,5.639674118045716e+00,1.469369214169570e-01,7.206281828252228e-06,6.948004269634371e-05,5.062155481757697e-04,1.327227558145055e-07,6.113295604157622e-05,1.235468439568650e-02,1.459597675003162e-08,1.324628874420263e-03,8.187553748261723e-11,3.942580768763505e-10,3.440714584064614e-11,1.515382050231839e-09,3.804101464289440e-10,1.130582327003493e-09,2.359847892584056e-09,5.163633241960744e-12,1.767329932722544e-11,1.787817715238507e-11,3.780912170203738e-03,2.304935220174816e-02,1.285150548309519e-10,1.264029360926028e-08,1.661855267699407e-10,5.034806840038235e-09,0.000000000000000e+00,2.215853536346515e-15,4.199775041068013e-09,2.200174769857482e-09,8.727448264658657e-15,3.999437568143557e-12,0.000000000000000e+00,1.617680136911744e-13,0.000000000000000e+00,0.000000000000000e+00,0.000000000000000e+00,0.000000000000000e+00,0.000000000000000e+00,0.000000000000000e+00,0.000000000000000e+00,0.000000000000000e+00,1.398077746379444e-13,3.887706889721262e-17,2.419637991001928e-18,9.342676238938771e-07,6.379612498849164e-06,2.491680521838301e-08,2.847652753024438e-08,1.757734256074341e-08,7.278356493287515e-13,0.000000000000000e+00,0.000000000000000e+00,0.000000000000000e+00,0.000000000000000e+00,0.000000000000000e+00,0.000000000000000e+00,1.053874442605793e-01,7.833888997858949e+03,0.000000000000000e+00,2.291292612520283e+03,1.013249945721673e+05,
-1.028327363308334e-06,5.385366272884886e+00,1.490752638938745e-01,1.045478347631797e-05,1.015973305244586e-04,5.942241114811124e-04,1.327351881392145e-07,7.173000849298815e-05,1.231929546767842e-02,2.229440705830539e-08,1.665138272224533e-03,1.377997866717617e-10,4.093449770060652e-10,5.054783193604865e-11,1.370308520839526e-09,1.948730582883537e-10,1.900149333775680e-09,2.829082924817467e-09,5.379973892025882e-12,2.624131190713709e-11,1.918013785442261e-11,4.290038947540074e-03,2.220433379623493e-02,1.293368334302058e-10,1.054692030524067e-08,3.014859818172303e-10,6.795787835910737e-09,0.000000000000000e+00,0.000000000000000e+00,2.930279230403252e-09,1.167544800677849e-09,0.000000000000000e+00,8.837910108083113e-12,0.000000000000000e+00,0.000000000000000e+00,0.000000000000000e+00,0.000000000000000e+00,0.000000000000000e+00,0.000000000000000e+00,0.000000000000000e+00,0.000000000000000e+00,0.000000000000000e+00,0.000000000000000e+00,4.665049987551243e-14,8.377436296066521e-17,2.913369427945465e-18,1.558878751212462e-06,1.074540289457650e-05,1.758216758055499e-08,9.592312145135796e-08,6.058410632137176e-08,1.431385279316966e-12,0.000000000000000e+00,0.000000000000000e+00,0.000000000000000e+00,0.000000000000000e+00,0.000000000000000e+00,0.000000000000000e+00,1.069254861905570e-01,5.575949274423090e+03,0.000000000000000e+00,2.143629752121586e+03,1.013249584055958e+05,

4,63
1.552708126282879e-04,5.382960391750622e+00,8.373321706606316e-01,5.003360716251853e-05,4.361439180289511e-04,9.514328046338272e-04,1.172855243893710e-04,3.934564398031573e-04,1.297621541485601e-02,2.123786204830920e-05,1.827791246476126e-01,1.507995571219373e-06,6.674064714357383e-06,7.511894742551642e-07,2.367977692886969e-04,2.704469262132013e-04,2.008252019264995e-05,5.134902923204815e-04,1.471488769374649e-05,9.743962159529668e-07,6.812268653171110e-05,1.438336720521586e-02,2.220176526187930e-02,8.781836373907365e-07,6.504861299832762e-04,2.231848429083609e-05,4.603230205930195e-03,1.021175765062937e-04,4.683788280936777e-04,3.342888128426511e-05,1.132019305524106e-04,1.310656432490979e-07,3.208879274398169e-05,3.771298062120605e-05,1.266221305638579e-05,5.905531020166145e-05,3.171110893098201e-05,4.116203731406452e-05,3.093626451595854e-06,6.503832997894362e-04,1.040306520207537e-05,4.282955802580375e-06,1.151210184337853e-04,1.952476451827469e-05,7.107064129185825e-07,1.734081271444564e-08,2.501067332589350e-06,1.766103801053163e-05,3.020698699177753e-05,1.284928014565779e-05,1.654664387718878e-05,1.683067023004632e-06,4.389947125963464e-04,9.301194579900277e-06,5.259451312312084e-02,1.629901360964523e-03,1.435155518669111e-04,4.451178898145623e-04,6.019584572835914e-01,7.444849800672040e+04,0.000000000000000e+00,2.142223777054755e+03,1.015046073790368e+05,
9.661244198621238e-08,5.738767624105495e+00,1.469319301318149e-01,7.199452455037282e-06,6.941132394553925e-05,5.060002349180766e-04,1.366540607983521e-07,6.110838244287697e-05,1.235467405114212e-02,1.458032396326391e-08,1.323813639244214e-03,8.171403042497090e-11,3.936978423535666e-10,3.435170230958676e-11,1.513562836021053e-09,3.801388668300863e-10,1.128990432611217e-09,2.356476915621831e-09,5.156227502091673e-12,1.764434979716300e-11,1.785423506640546e-11,3.779686799861938e-03,2.360626990826865e-02,1.283249960862155e-10,1.262494987810519e-08,1.658254478531514e-10,5.026869306946271e-09,2.519844047136745e-13,2.811654779790064e-15,4.194700214132874e-09,2.197964649056693e-09,1.102001873127253e-14,3.988590428225182e-12,2.754825440121664e-13,2.080462997856145e-12,1.271742165864554e-13,5.176413048264774e-13,8.712174589753720e-13,1.239056485867513e-14,6.174677994705901e-13,2.818324479225630e-12,1.299089422298490e-17,8.686915085938424e-15,1.395407765774187e-13,3.875265255684050e-17,2.413261417895809e-18,9.324624839463798e-07,6.367138534551777e-06,2.488832477705587e-08,2.837267864739182e-08,1.751227519582136e-08,7.261196807821900e-13,1.295307025112073e-13,1.468108851376568e-12,4.602695980120313e-12,3.248535199213635e-12,1.307772269342889e-12,8.894763150784759e-13,1.053838524398536e-01,7.964197086691817e+03,0.000000000000000e+00,2.346826170114545e+03,1.013250058188420e+05,
1.495987897828490e-07,5.708889202267630e+00,1.490615632939029e-01,1.043221701619583e-05,1.013776504053607e-04,5.936941418801118e-04,1.349621613951232e-07,7.166298116650899e-05,1.235681039805535e-02,2.223916558116499e-08,1.663022185908597e-03,1.375627752369678e-10,5.347005665406705e-10,5.050000789163019e-11,1.906302357505934e-09,4.067043314554692e-10,1.894786007945137e-09,3.234170819969927e-09,7.019749513603973e-12,2.622281134213480e-11,2.357745567373932e-11,4.286924975359044e-03,2.343765228302483e-02,1.766917570295606e-10,1.585636010560090e-08,3.007700110655580e-10,7.244080530051453e-09,6.447740306572823e-13,5.511350454722181e-15,5.186714852632606e-09,2.502744532162866e-09,2.810454097988289e-14,8.807961748753126e-12,4.912882643474072e-13,2.389232271548920e-12,2.658874479684035e-13,8.778741722450068e-13,1.416053182781882e-12,2.675538190339004e-14,1.313003029041401e-12,2.894974160772558e-12,3.796982426569641e-17,1.590943323149857e-14,1.800936680500582e-13,8.355234461061575e-17,4.175158532888604e-18,1.555616801496255e-06,1.072230983043174e-05,3.021864781212856e-08,9.531429073769539e-08,6.019101101783532e-08,1.435545088260859e-12,1.722025167669095e-13,7.296971273160746e-13,7.354336467610326e-12,7.008844675556951e-12,2.855527452570202e-12,1.932654446190423e-12,1.069156263591520e-01,7.930890116183919e+03,0.000000000000000e+00,2.330796725512591e+03,1.013250054403942e+05,
1.363684021924191e-06,5.639247027167162e+00,1.578994388629040e-01,2.884500097305983e-05,2.674872385942443e-04,8.538002562500635e-04,1.922143792397467e-07,1.110869015422516e-04,1.235680997217006e-02,7.270275346843851e-08,2.874734284910200e-03,1.973935573322506e-10,5.626823026382608e-10,5.859722881242540e-11,1.941711161219106e-09,3.974815711873673e-10,6.956417102493800e-09,3.492527640266077e-09,7.376353224437684e-12,3.086030058997282e-11,2.455585168300698e-11,5.942405205232114e-03,2.304710178610836e-02,1.859473229415879e-10,1.604481381359603e-08,5.186253035453136e-10,8.129140171555897e-09,2.137349920178241e-12,2.524131481522987e-14,5.205817291036552e-09,2.489755162677909e-09,1.854136648342871e-13,2.227848835681587e-11,3.784912534839077e-12,5.920779625465804e-12,3.129566647241250e-12,4.020260102088606e-12,9.689147973385488e-12,3.712539667027245e-13,8.152733810411165e-12,6.818608703834990e-12,1.915411653251324e-15,1.272195138255003e-12,1.791359987169716e-13,1.176418539040124e-16,4.537289256854960e-18,2.500930771688120e-06,1.765822601294174e-05,3.028566215129446e-08,1.619698027764730e-06,1.101768628708414e-06,3.697907615882982e-12,3.105265708317726e-12,9.899691730971898e-12,4.875211057161889e-11,5.008024199873894e-11,3.128530601906150e-11,1.403847503261435e-11,1.132742457550792e-01,7.832685455537116e+03,0.000000000000000e+00,2.291042991669596e+03,1.013250485068038e+05,

