1
0
56
1
(4 0
((0,0) (15,255) (0,0))
((0,768) (15,1023) (0,0))
((0,512) (15,767) (0,0))
((0,256) (15,511) (0,0))
)
4
FabOnDisk: SD_5_New_MF_D_0003 0
FabOnDisk: SD_5_New_MF_D_0000 0
FabOnDisk: SD_5_New_MF_D_0001 0
FabOnDisk: SD_5_New_MF_D_0002 0

4,56
-7.666403736942111e+00,-1.596984035770308e+01,-2.604725890173471e+01,-6.008122279282455e+00,-8.147650677813514e+00,-8.442950050016591e+00,-1.133860147411358e+00,-6.291859462001079e+02,-2.722521642441107e-01,-7.764517499269283e-01,-8.831584183162128e-02,-1.372509493949737e+01,-1.265103680856487e+01,-1.374716120255028e+00,-9.421818922501936e+00,-4.504993141904133e-01,-7.057869854911117e-02,-2.772804752224853e+00,-1.327700669513518e+02,1.336617990767286e-18,-9.580294699619843e-02,-4.915689318172087e+01,-1.809025194204357e+00,-2.020248328826128e+02,-7.708999297584782e+00,-2.450484222016704e+01,-4.446681365931620e+00,-2.844148100418108e+00,-8.813280847946543e-03,-1.986698185378072e+00,-1.580053250303615e+00,-9.370254437753176e-01,-3.847532620953869e+00,-2.248212861942107e+00,-3.232891845709698e+00,-2.167343646981877e-01,-3.268115648224538e+01,-5.022180308942621e-01,-3.191395147019053e-01,-8.515593986119724e+00,-1.016481388994282e+00,-1.663068317305622e-02,-6.886007612996893e-04,-8.384497363294119e-02,-1.811361624812342e-01,-2.101640592464562e+00,-7.022006525251842e-02,-4.105123575466546e-01,-1.356245055304137e-01,-2.485506398815715e+01,-4.764587813834144e-01,-5.849839461519159e+02,-9.038652732767184e+01,-9.499886230838790e+00,-2.499726887992681e+01,-3.080913302255794e-10,
-4.059489053786517e-03,-2.999826613170661e-02,-8.840592695708473e-02,1.395444636972679e-07,-1.100198613248440e-02,1.037469251468195e-01,-6.694537306314645e-06,-3.360027416969570e-01,-9.097020428626957e-08,-3.101341708418745e-07,-3.229701878941480e-08,-2.650487056614471e-06,-2.646814267068484e-07,-6.746630974758662e-07,-2.071656304810538e-06,-5.189461627906774e-09,-1.962351895573920e-08,-1.781548807729167e-08,-4.777547640243858e-01,2.627623130267649e-01,-8.976616303998094e-08,-8.333034214983136e-06,-2.274926908055314e-07,-8.438247169368471e-06,-9.555570262714812e-07,-2.742915038884921e-09,-3.793729692691788e-06,-1.236948476657127e-06,-6.212703731245837e-09,-5.847112899917082e-09,-4.666086392998550e-07,-2.220228546950859e-07,-3.063495823799804e-08,-1.624438711907334e-07,-2.425380388949409e-07,-5.195134877707785e-09,-3.208444504508706e-07,-2.716490748949402e-06,-6.319364261301553e-12,-3.013107615684707e-09,-1.043504031598425e-10,-4.984501847461510e-14,-2.496268920424443e-15,-7.197917204313426e-04,-4.979625542119602e-03,-1.277068033676893e-05,-4.351505061490626e-05,-2.729531356561996e-05,-1.188077224520423e-09,-3.572488421060856e-08,-1.144344265966236e-06,-1.830124136578673e-06,-7.404902638207535e-07,-3.515706077164961e-07,-2.062996499639915e-07,-1.821232054055599e-11,
-1.227276412082658e-02,-9.200070218844576e-02,-2.019343061557065e-01,3.100055642659536e-06,-2.882826342314502e-02,1.833424574739819e-01,-2.264795871275802e-05,-8.169411035403458e-01,-1.383909404192650e-07,-3.679435487758908e-07,-5.073550083451886e-08,-2.325601230846759e-06,-8.999649621833958e-08,-2.269996691598408e-06,-2.821456060253865e-06,-6.853886268885733e-09,-3.301620870332037e-08,-2.303097195879327e-08,-1.130411921132471e+00,7.722072500820834e-01,-8.951563171755745e-08,-5.810596227454502e-06,-3.863740305429975e-07,-1.089611125574783e-05,-1.048866115138636e-06,-2.941409597531841e-09,-1.908714804116110e-06,-8.025975976938568e-07,-9.171465203936137e-09,-1.596730361347240e-08,-3.546763172874977e-07,-3.362394279522809e-07,-9.185967503189991e-08,-3.054970182554690e-07,-5.385660802353150e-07,-2.149639978420057e-08,-1.105789362318934e-06,-4.505306571280460e-06,-2.373833470240518e-11,-1.624086966910464e-08,-9.944882414335549e-11,-8.186846059701024e-14,-2.690593480523528e-15,-1.197358129074467e-03,-8.506959112279697e-03,-1.061872235526257e-05,-2.481083261829478e-04,-1.604527295054350e-04,-5.977838600730542e-09,-8.982251435938981e-08,-1.633961758390559e-06,-5.248064704521770e-06,-2.334039106097618e-06,-7.555659200826595e-07,-6.488692129447759e-07,-2.804412257972899e-11,
-1.499560691300815e-01,-7.530170401948234e-01,-5.362749454829836e-01,-4.954986841019832e-04,-1.438112494774361e-01,4.851128581239670e-01,-2.638404615673232e-04,-3.874999754256653e+00,-6.108487087166297e-07,-1.082632392394248e-06,-3.523452486501330e-07,-2.878348982013205e-05,-2.595970155296253e-07,-2.733033454658186e-05,-9.939095674019387e-06,-4.021331854592894e-08,-2.873143544884153e-07,-1.516189755601836e-07,-4.366956758831402e+00,1.816571051631822e+00,-1.150370811878088e-07,-7.237843977103152e-06,-4.515920064248098e-06,-1.326133556425696e-04,-4.015562622438497e-06,-1.682711611090474e-08,-9.803340250902145e-07,1.819379300514808e-07,-7.244928367632466e-08,-1.628887232404549e-07,-2.613730553899895e-06,-2.903685148043690e-06,-1.713443367944188e-06,-2.827590195633373e-06,-1.216057946965671e-05,-2.923200927369370e-07,-8.009078458199146e-06,-1.093593311593279e-05,-2.246695059295747e-09,-1.200459145279471e-06,-4.717697647039514e-10,-1.678974899826465e-12,-4.396105124011862e-14,-1.409027661149755e-03,-1.038793612332575e-02,6.588827513046922e-07,-1.419175935454821e-02,-9.905530962039267e-03,-2.740328269540254e-07,-8.037972709996755e-06,-4.036897095483201e-06,-1.574983307379784e-04,-6.785341960386213e-05,-2.273768151686993e-05,-1.888908891969590e-05,-1.081366107769099e-10,

4,56
5.669373943499648e+00,2.875504022552088e+01,4.345537615157043e+01,7.562295531228914e+00,1.344787769050746e+01,3.130161334121172e+02,6.204300575872694e-01,7.225110376651855e-06,6.291290694688927e-01,1.393139992176640e+00,1.636837636450247e-01,2.576238000377405e+01,1.608751119448645e+01,1.912032445839172e+00,1.545806841173336e+01,4.026959471954251e-01,1.296917784192682e-01,2.751418507080651e+00,4.592172355753918e+02,2.806830896760831e+02,2.046352870605067e-01,6.049785428664610e+01,3.910902780512937e+00,3.014466633937558e+02,1.309299485617124e+01,2.639878981579588e+01,8.689752401149740e+00,3.463548248867176e+00,1.545875446870469e-02,3.737632679864136e+00,2.331278982455430e+00,1.108933982472566e+00,3.958807004070753e+00,2.299305359325890e+00,3.938167028426274e+00,1.968415590048711e-01,3.394661762154048e+01,9.557973276760896e-01,6.057842354887497e-01,7.987271482401353e+00,1.558847308055446e+00,4.370907773104336e-02,1.119891743814752e-03,7.714032919811929e-02,3.995239543334653e-01,2.483824779683752e+00,4.748187799976455e-01,7.007405315589587e-01,1.835676419002001e-01,1.627695949059038e+01,7.670816230042498e-01,6.731101449911560e-01,8.964204428083083e+01,1.466510070492773e+01,2.522122726745926e+01,3.112745616817847e-10,
-1.919241001579959e-03,-1.159479465605421e-02,-3.208961657364641e-02,6.389815945475544e-06,-5.906063158397605e-03,1.827661157379514e-01,-1.715799659633448e-06,-1.549523163902020e-01,-3.884862526211675e-08,-1.637276163662409e-07,-1.386994275698626e-08,2.297725453796879e-08,-7.456160180331886e-08,-1.906339786132235e-07,-9.271296351833036e-07,-1.611859489809169e-09,-6.090009576175802e-09,-5.413547795208284e-09,-1.596709765141375e-01,7.698521838556773e-01,-5.810011641000742e-08,-5.299164961014575e-06,-7.128865980459700e-08,-1.247606677921045e-06,3.906295216197439e-07,9.469646974304634e-10,-1.776651781595199e-06,-7.967267026847584e-07,2.150220812584195e-09,-2.005656958874002e-09,5.387383987236671e-08,6.523903376217621e-07,9.190991908937826e-08,4.584783976948975e-07,8.158488583286514e-07,1.272105867256053e-08,6.681817964879215e-07,5.197614889489665e-06,1.401468029586454e-11,8.513859062294832e-09,-9.203450638752740e-11,-2.235979853137910e-14,-1.504177739140382e-15,-4.524760731981214e-04,-3.083757730285560e-03,-1.063091602506757e-05,-1.173074867012059e-05,-7.186344949940361e-06,9.694932387656634e-10,9.175099561826143e-08,1.355289656948152e-06,4.806708624534504e-06,3.824920333248081e-06,9.349482332550201e-07,1.057539293781743e-06,2.002883969787206e-11,
-3.671295272897854e-03,-3.010634463109963e-02,-8.866032943019055e-02,7.537978323081834e-06,-1.103746594329140e-02,4.829060973074913e-01,-6.709029210294449e-06,-3.370377708304295e-01,-6.646642241752306e-08,-9.384981623807863e-08,-1.262196544007389e-08,5.343410120892205e-07,1.534249058163601e-07,-6.746985397776008e-07,-4.650764217348190e-07,-5.291861903930091e-10,-4.620268023264018e-09,5.095669977928452e-10,-4.792283030545790e-01,1.809622075575549e+00,-4.137972834442652e-08,-7.794415413058910e-07,-1.418004487478415e-07,-6.396290567159056e-07,9.654937433424649e-07,1.340389683421200e-09,2.676288853558767e-07,5.992979717609865e-07,1.034023430157078e-08,-4.482955594739486e-09,1.062917069731200e-07,1.155570848956987e-06,2.772706993895352e-07,1.022903285538238e-06,1.642031225313456e-06,3.131130651337154e-08,1.648464923971616e-06,5.985819470295982e-06,3.545124152986065e-11,2.290737946165378e-08,5.685961190852252e-11,-4.993474663539507e-14,-1.792742218703806e-15,-7.212250936872304e-04,-4.989858936836752e-03,6.181208423635830e-07,-4.374367011914913e-05,-2.743501749633871e-05,1.807241231498426e-09,1.676574028534282e-07,2.329456313996563e-06,7.715080403616514e-06,5.996259163990704e-06,1.930078735121447e-06,1.661614187742950e-06,2.380351471487074e-11,
-1.234466668262411e-02,-9.249662779896187e-02,-2.026597057846996e-01,3.004780679488017e-06,-2.895761885146241e-02,2.924479058672274e+00,-2.278192271056546e-05,-8.202767272907003e-01,9.540523937918508e-07,3.143194542358874e-06,3.981302157597333e-07,3.073750457029280e-05,1.683556766871359e-06,-2.046382352757696e-06,2.464436915329960e-05,7.463690158778587e-08,3.113934713958960e-07,2.461379278691518e-07,-1.134784617993583e+00,6.913031916011414e+00,5.427166382035120e-07,4.448216567463266e-05,4.178272440717205e-06,1.526150909981000e-04,4.404244306777833e-06,1.993759144117784e-08,1.262908143184567e-05,5.058828369612584e-06,2.103799559388742e-08,9.450474066455974e-08,6.604977868289720e-07,2.661143427242239e-06,1.569194651279716e-06,3.018918468638215e-06,6.156144113579294e-06,3.132983760512200e-07,8.083919612666950e-06,1.072289050279560e-05,1.605273270049842e-09,3.248918895915320e-06,3.754991732551743e-10,1.933638669160339e-13,1.031917548026024e-14,1.004260434443737e-03,6.934553765725762e-03,6.215119646143723e-05,-2.503793139039657e-04,-1.619413002499909e-04,4.161223409226165e-07,7.891345212060885e-06,8.647669588908070e-06,1.203226603025310e-04,5.168559575164206e-05,1.778187382409014e-05,1.439759354067928e-05,9.245137988500574e-11,

