CheckPointVersion_1.0
2
8.7402095416413338e-05
1
1
(0 (0,0)(2.34375e-05,2.34375e-05) 1)
(RealBox 0 0.0001875 0 0.012 )((0,0) (7,511) (0,0)) (0 (0,0)(1.171875e-05,1.171875e-05) 1)
(RealBox 0 0.0001875 0 0.012 )((0,0) (15,1023) (0,0)) 
(2,2) 
2.8709389053110389e-06 1.4354694526555194e-06 
2.8709389053110389e-06 1.4765874709057176e-06 
1 2 
40 80 
2 4 
0
(0 (0,0)(2.34375e-05,2.34375e-05) 1)
(RealBox 0 0.0001875 0 0.012 )((0,0) (7,511) (0,0))
(4 0
((0,0) (7,127) (0,0))
((0,256) (7,383) (0,0))
((0,128) (7,255) (0,0))
((0,384) (7,511) (0,0))
)6
((0,0) (7,511) (0,0))
(4 0
((0,0) (7,127) (0,0))
((0,256) (7,383) (0,0))
((0,128) (7,255) (0,0))
((0,384) (7,511) (0,0))
)8.4531156511102304e-05
8.4531156511102304e-05
8.7402095416413338e-05
8.7402095416413338e-05
2
Level_0/SD_0_New_MF
Level_0/SD_0_Old_MF
((0,0) (8,512) (1,1))
(4 0
((0,0) (8,128) (1,1))
((0,256) (8,384) (1,1))
((0,128) (8,256) (1,1))
((0,384) (8,512) (1,1))
)8.1656348037914805e-05
8.4531156511102304e-05
8.4531156511102304e-05
8.7402095416413338e-05
2
Level_0/SD_1_New_MF
Level_0/SD_1_Old_MF
((0,0) (7,511) (0,0))
(4 0
((0,0) (7,127) (0,0))
((0,256) (7,383) (0,0))
((0,128) (7,255) (0,0))
((0,384) (7,511) (0,0))
)8.4531156511102304e-05
8.4531156511102304e-05
8.7402095416413338e-05
8.7402095416413338e-05
2
Level_0/SD_2_New_MF
Level_0/SD_2_Old_MF
((0,0) (7,511) (0,0))
(4 0
((0,0) (7,127) (0,0))
((0,256) (7,383) (0,0))
((0,128) (7,255) (0,0))
((0,384) (7,511) (0,0))
)8.4531156511102304e-05
8.4531156511102304e-05
8.7402095416413338e-05
8.7402095416413338e-05
2
Level_0/SD_3_New_MF
Level_0/SD_3_Old_MF
((0,0) (7,511) (0,0))
(4 0
((0,0) (7,127) (0,0))
((0,256) (7,383) (0,0))
((0,128) (7,255) (0,0))
((0,384) (7,511) (0,0))
)8.4531156511102304e-05
8.4531156511102304e-05
8.7402095416413338e-05
8.7402095416413338e-05
2
Level_0/SD_4_New_MF
Level_0/SD_4_Old_MF
((0,0) (7,511) (0,0))
(4 0
((0,0) (7,127) (0,0))
((0,256) (7,383) (0,0))
((0,128) (7,255) (0,0))
((0,384) (7,511) (0,0))
)8.4531156511102304e-05
8.4531156511102304e-05
8.7402095416413338e-05
8.7402095416413338e-05
2
Level_0/SD_5_New_MF
Level_0/SD_5_Old_MF
1
(0 (0,0)(1.171875e-05,1.171875e-05) 1)
(RealBox 0 0.0001875 0 0.012 )((0,0) (15,1023) (0,0))
(4 0
((0,160) (15,207) (0,0))
((0,272) (15,327) (0,0))
((0,208) (15,271) (0,0))
((0,328) (15,391) (0,0))
)6
((0,0) (15,1023) (0,0))
(4 0
((0,160) (15,207) (0,0))
((0,272) (15,327) (0,0))
((0,208) (15,271) (0,0))
((0,328) (15,391) (0,0))
)8.5966625963757834e-05
8.5966625963757834e-05
8.7402095416413351e-05
8.7402095416413351e-05
2
Level_1/SD_0_New_MF
Level_1/SD_0_Old_MF
((0,0) (16,1024) (1,1))
(4 0
((0,160) (16,208) (1,1))
((0,272) (16,328) (1,1))
((0,208) (16,272) (1,1))
((0,328) (16,392) (1,1))
)8.4531156511102317e-05
8.5966625963757834e-05
8.5966625963757834e-05
8.7402095416413351e-05
2
Level_1/SD_1_New_MF
Level_1/SD_1_Old_MF
((0,0) (15,1023) (0,0))
(4 0
((0,160) (15,207) (0,0))
((0,272) (15,327) (0,0))
((0,208) (15,271) (0,0))
((0,328) (15,391) (0,0))
)8.5966625963757834e-05
8.5966625963757834e-05
8.7402095416413351e-05
8.7402095416413351e-05
2
Level_1/SD_2_New_MF
Level_1/SD_2_Old_MF
((0,0) (15,1023) (0,0))
(4 0
((0,160) (15,207) (0,0))
((0,272) (15,327) (0,0))
((0,208) (15,271) (0,0))
((0,328) (15,391) (0,0))
)8.5966625963757834e-05
8.5966625963757834e-05
8.7402095416413351e-05
8.7402095416413351e-05
2
Level_1/SD_3_New_MF
Level_1/SD_3_Old_MF
((0,0) (15,1023) (0,0))
(4 0
((0,160) (15,207) (0,0))
((0,272) (15,327) (0,0))
((0,208) (15,271) (0,0))
((0,328) (15,391) (0,0))
)8.5966625963757834e-05
8.5966625963757834e-05
8.7402095416413351e-05
8.7402095416413351e-05
2
Level_1/SD_4_New_MF
Level_1/SD_4_Old_MF
((0,0) (15,1023) (0,0))
(4 0
((0,160) (15,207) (0,0))
((0,272) (15,327) (0,0))
((0,208) (15,271) (0,0))
((0,328) (15,391) (0,0))
)8.5966625963757834e-05
8.5966625963757834e-05
8.7402095416413351e-05
8.7402095416413351e-05
2
Level_1/SD_5_New_MF
Level_1/SD_5_Old_MF
