1
0
63
1
(4 0
((0,0) (15,255) (0,0))
((0,768) (15,1023) (0,0))
((0,512) (15,767) (0,0))
((0,256) (15,511) (0,0))
)
4
FabOnDisk: SD_0_Old_MF_D_0003 0
FabOnDisk: SD_0_Old_MF_D_0000 0
FabOnDisk: SD_0_Old_MF_D_0001 0
FabOnDisk: SD_0_Old_MF_D_0002 0

4,63
-4.223071891677977e-07,2.150172360268188e+00,1.582599704875692e-01,2.224759196135490e-23,9.130990462570079e-22,3.063163196964977e-17,7.887514930820085e-12,3.810585143379056e-08,2.103455999653791e-09,3.166373212814468e-12,2.902116331099408e-03,0.000000000000000e+00,1.954651942517495e-28,1.288302420932531e-29,1.180507847213926e-13,4.906940506713877e-12,1.604273506100090e-23,4.454636377739526e-12,1.431203081360074e-17,1.790904916988680e-29,4.696901697683646e-13,4.859205894838949e-10,2.226767042490143e-11,8.446673333814376e-35,2.905920312647284e-12,9.499878124972723e-27,0.000000000000000e+00,0.000000000000000e+00,0.000000000000000e+00,1.835282003371456e-28,1.740956857908061e-13,0.000000000000000e+00,1.542090499279008e-24,0.000000000000000e+00,0.000000000000000e+00,0.000000000000000e+00,0.000000000000000e+00,0.000000000000000e+00,0.000000000000000e+00,0.000000000000000e+00,0.000000000000000e+00,0.000000000000000e+00,0.000000000000000e+00,1.554466270143508e-16,1.582420725168322e-17,2.345431642801011e-19,4.441317882196660e-17,1.434981956218333e-17,5.888883914511615e-16,1.364113002217413e-16,2.457923497532682e-16,0.000000000000000e+00,0.000000000000000e+00,0.000000000000000e+00,0.000000000000000e+00,0.000000000000000e+00,0.000000000000000e+00,0.000000000000000e+00,1.135208431510708e-01,3.808264112400134e+03,0.000000000000000e+00,4.430000110168020e+02,1.012969276564214e+05,
-9.156717872170208e-10,5.723337730488911e+00,1.460974020811109e-01,6.126487278874304e-06,5.850177830427706e-05,4.699583063453998e-04,1.349540678028513e-07,5.712559866199504e-05,1.235256042623903e-02,1.213826440580035e-08,1.186369562232879e-03,5.171523514058860e-11,2.737618305652298e-10,2.314208104292167e-11,1.094644423299505e-09,2.995749952347301e-10,8.761847905315332e-10,1.640033183958793e-09,3.573979215396689e-12,1.182343994082935e-11,1.259119610545571e-11,3.574263263085147e-03,2.343667274050276e-02,8.819347147228862e-11,9.095634850237500e-09,1.012001136022724e-10,3.394159359405692e-09,7.007746023948540e-14,1.267339909780167e-15,3.017063033492845e-09,1.633664561178588e-09,4.168489611129314e-15,2.204852654677593e-12,4.960722505233904e-14,8.236911939223476e-14,1.597441214401389e-15,3.206159236138719e-15,2.817142498593747e-15,9.807276000653953e-19,4.540513379027406e-17,1.704061464377525e-20,8.029117377742914e-22,2.166296788096222e-17,7.916867458774617e-14,1.766197309288093e-17,1.212385672496627e-18,5.930884008915578e-07,4.033905447836495e-06,1.809940063906737e-08,1.350431433472621e-08,8.258336822561015e-09,4.293640111742382e-13,7.075635434643659e-16,1.156725733576529e-24,0.000000000000000e+00,8.823087547313487e-33,2.043091470971158e-32,2.017032009652381e-28,1.047826964001786e-01,7.928516653089825e+03,0.000000000000000e+00,2.330696543202636e+03,1.013249987024953e+05,
-1.469177243328788e-09,5.653384901865969e+00,1.469473712828575e-01,7.220178766470491e-06,6.962124437360435e-05,5.066556048860892e-04,1.327254729965287e-07,6.118206810307840e-05,1.235467270088981e-02,1.462817857775125e-08,1.326342752697344e-03,8.228574570408763e-11,3.957893140078588e-10,3.455424364970495e-11,1.520588973658897e-09,3.813301336274367e-10,1.134006622481216e-09,2.369035429986270e-09,5.183840976338113e-12,1.774994788397745e-11,1.794472097561471e-11,3.783445437711766e-03,2.304410988949351e-02,1.290288612317331e-10,1.268402170666090e-08,1.670893723231915e-10,5.056084469062264e-09,1.287315269315387e-13,2.336675495327911e-15,4.214283110648993e-09,2.206850441372934e-09,8.822307428862163e-15,4.025845267636771e-12,1.047263300731517e-13,1.267440888124273e-13,3.266585377383042e-15,5.452634769268854e-15,4.887899654405377e-15,2.388980971178692e-18,1.015060204425760e-16,3.717491414013865e-20,2.209688528221793e-21,4.991526496251292e-17,1.406251484937701e-13,3.920790752646539e-17,2.437386609326221e-18,9.389019266599134e-07,6.411564171879918e-06,2.499983568165843e-08,2.871892877487171e-08,1.772898788958235e-08,7.320846795206460e-13,1.277291401374777e-15,2.059710352283496e-24,0.000000000000000e+00,0.000000000000000e+00,0.000000000000000e+00,0.000000000000000e+00,1.053949488823180e-01,7.830738662314081e+03,0.000000000000000e+00,2.290678157849127e+03,1.013249980637948e+05,
-8.210223239463703e-10,5.392758257610113e+00,1.491095188198752e-01,1.051005976894105e-05,1.021395754698511e-04,5.955229902061454e-04,1.327446508959933e-07,7.189151918413196e-05,1.229524095932405e-02,2.243074055522729e-08,1.670428102822734e-03,1.386730390378424e-10,4.027677000259222e-10,5.065668156361388e-11,1.350717747730052e-09,1.912282797895607e-10,1.913997054223297e-09,2.796770304076436e-09,5.286748841734815e-12,2.637042219577224e-11,1.891840661287895e-11,4.297696065897210e-03,2.222111373149444e-02,1.270507920301851e-10,1.036227607138457e-08,3.036952707129451e-10,6.723782929654202e-09,3.020131556022887e-13,5.453862237352887e-15,2.857441913537879e-09,1.136817685560289e-09,2.774651035338522e-14,8.926431150882967e-12,3.277987197146973e-13,2.634961283307766e-14,7.399857182986854e-15,7.682257752847885e-15,8.886356886989639e-15,9.608232688718126e-18,3.378083522262790e-16,1.143727366663708e-19,1.193599992100156e-20,1.797687317141286e-16,4.733970039356062e-14,8.449664287154677e-17,2.944849149465154e-18,1.568573996652707e-06,1.081374091473609e-05,1.715138950681566e-08,9.753858491647322e-08,6.162604125103336e-08,1.451908784705414e-12,2.887235000622022e-15,0.000000000000000e+00,0.000000000000000e+00,0.000000000000000e+00,0.000000000000000e+00,0.000000000000000e+00,1.069500858939659e-01,5.445371193708246e+03,0.000000000000000e+00,2.139761371749911e+03,1.013249576398186e+05,

4,63
4.087915288498435e-07,5.390189418587058e+00,8.373326185294618e-01,5.041601522250803e-05,4.321148196114107e-04,9.473915698893354e-04,1.172972983610251e-04,4.053805667144226e-04,1.299908118914495e-02,2.100549265344168e-05,1.827792307545178e-01,1.514154630067695e-06,6.628533668373500e-06,7.522151231041938e-07,2.364332132320576e-04,2.732229876953131e-04,2.019083256855567e-05,5.111056607390637e-04,1.479663295274807e-05,9.754721015091406e-07,6.844514632725645e-05,1.441083779261166e-02,2.221854414267383e-02,8.719640335836696e-07,6.461500281784519e-04,2.226968458292204e-05,4.556242630016932e-03,1.026315717540769e-04,4.691128217146305e-04,3.330092849838492e-05,1.118762302152250e-04,1.325269678853298e-07,3.178779599566519e-05,3.776875288674747e-05,1.242177232329454e-05,5.836240208450754e-05,3.122895278109178e-05,4.054309635156493e-05,3.102966106767747e-06,6.423435145622919e-04,1.051192635351258e-05,4.364586536816536e-06,1.137409976957637e-04,1.931805008321903e-05,7.196668272058564e-07,1.741066923121827e-08,2.508054077552366e-06,1.771198600461238e-05,2.959855270380641e-05,1.269502849437051e-05,1.626309356285042e-05,1.705448609067890e-06,4.345654378666741e-04,9.536929927754275e-06,5.259454209645649e-02,1.609324985122123e-03,1.414992961721653e-04,4.410985994774523e-04,6.019588048872559e-01,7.406806702792346e+04,0.000000000000000e+00,2.138340240283009e+03,1.013362944804906e+05,
9.896249903873193e-10,5.753149593641170e+00,1.469422990783606e-01,7.213242399911931e-06,6.955143583716439e-05,5.064372058790343e-04,1.366477493017802e-07,6.115714901776729e-05,1.235466283686584e-02,1.461226824663459e-08,1.325515195401030e-03,8.212250557340277e-11,3.952253315607941e-10,3.449831969505416e-11,1.518757629965451e-09,3.810605877371255e-10,1.132390439660716e-09,2.365643036875697e-09,5.176374424926500e-12,1.772067456654724e-11,1.792064093385878e-11,3.782202871949734e-03,2.360496302615555e-02,1.288377830731303e-10,1.266864047167679e-08,1.667250127510150e-10,5.048076325838287e-09,1.283696135640883e-13,2.330086949603831e-15,4.209196656112688e-09,2.204644091917040e-09,8.790459224054487e-15,4.014835560999557e-12,1.043498876518710e-13,1.265656314224260e-13,3.256501718492370e-15,5.440903799993732e-15,4.876462678946442e-15,2.378666495358560e-18,1.011178150948373e-16,3.704117198532943e-20,2.198566056623889e-21,4.971508933267605e-17,1.403580578361987e-13,3.908212114905504e-17,2.430963371004592e-18,9.370804495449436e-07,6.398975114370491e-06,2.497134663230963e-08,2.861325274108222e-08,1.766276204413402e-08,7.303454427086725e-13,1.273827269749613e-15,2.054370036361918e-24,2.792777218802247e-30,1.241764062048618e-30,5.689014740037217e-30,5.254246295353335e-28,1.053912991296138e-01,7.965835126876979e+03,0.000000000000000e+00,2.346744405805289e+03,1.013250011691727e+05,
1.754937895542028e-09,5.723169615443170e+00,1.490956174868313e-01,1.048714229630260e-05,1.019165586133822e-04,5.949870676887761e-04,1.349440179236052e-07,7.182366027396821e-05,1.235665216184010e-02,2.237457503219541e-08,1.668285505595124e-03,1.383852639295832e-10,5.362767443893288e-10,5.070931923797288e-11,1.910079011530328e-09,4.071526831302116e-10,1.908429855549164e-09,3.244375835983584e-09,7.039950793098187e-12,2.633414723192123e-11,2.363834640026344e-11,4.294545819295648e-03,2.343568052536923e-02,1.772283809567861e-10,1.588686896085206e-08,3.029300547951091e-10,7.271802254669324e-09,3.007878392374782e-13,5.432117093594291e-15,5.194707999615263e-09,2.505049119174657e-09,2.759022529762379e-14,8.894447772101397e-12,3.259537129541138e-13,1.489474430905207e-13,7.375757350522483e-15,8.999433461289340e-15,8.866317652314936e-15,9.541103705138997e-18,3.358103122731073e-16,1.137272664010919e-19,1.183115649857569e-20,1.786149325156740e-16,1.804536920620473e-13,8.426954889463998e-17,4.197786397033192e-18,1.565284482177515e-06,1.079044396131765e-05,3.026429899554041e-08,9.691418537157285e-08,6.122272004594916e-08,1.447411583932237e-12,2.876143198963249e-15,4.337555656535411e-24,5.645115149981018e-27,1.389174121914510e-24,4.989968693113080e-24,2.236982625321634e-25,1.069400820893298e-01,7.930488556699395e+03,0.000000000000000e+00,2.330600604615189e+03,1.013250003858842e+05,
7.338560600540234e-10,5.652951721233452e+00,1.581666152483251e-01,2.955891998220490e-05,2.725531738491661e-04,8.581210109883079e-04,1.949684642191120e-07,1.123789073817720e-04,1.235663877401981e-02,7.438920028068318e-08,2.891838658243357e-03,1.962197999833508e-10,5.633761577564478e-10,5.863451892371341e-11,1.939464659462379e-09,3.971766074740152e-10,7.194624303662457e-09,3.485686310470503e-09,7.384837014635029e-12,3.089305502205065e-11,2.457879999568475e-11,6.007645782642321e-03,2.304183931561122e-02,1.861885957696138e-10,1.606387695492100e-08,5.194114222299001e-10,8.101704995727590e-09,1.198501377517837e-12,2.101200984710759e-14,5.210974956285992e-09,2.490114455841420e-09,1.902170575761114e-13,2.228787254555234e-11,2.417570603658313e-12,1.456558598561829e-13,1.200533881951882e-14,1.047393733149657e-14,1.217606602073473e-14,1.292118936009714e-16,2.801618556962600e-15,3.364856661673472e-18,4.405681955631217e-19,2.301504012590805e-15,1.793011052993369e-13,1.179739092638962e-16,4.548672367068164e-18,2.508003717022355e-06,1.771093915269025e-05,3.031941930395583e-08,1.728697181505177e-06,1.177569775784532e-06,3.738792128322131e-12,1.005360254998595e-14,1.171305895517641e-18,1.887465113875198e-17,7.119976773747093e-18,5.354065495891323e-17,1.649395753807747e-18,1.134547183938532e-01,7.829489738550687e+03,0.000000000000000e+00,2.290425356108813e+03,1.013250039884442e+05,

