1
0
56
1
(4 0
((0,0) (15,255) (0,0))
((0,768) (15,1023) (0,0))
((0,512) (15,767) (0,0))
((0,256) (15,511) (0,0))
)
4
FabOnDisk: SD_5_New_MF_D_0003 0
FabOnDisk: SD_5_New_MF_D_0000 0
FabOnDisk: SD_5_New_MF_D_0001 0
FabOnDisk: SD_5_New_MF_D_0002 0

4,56
-7.706975640729577e+00,-1.596674705870395e+01,-2.593967887466175e+01,-5.973191035628271e+00,-8.307687312542598e+00,-8.717299028986154e+00,-1.113502999613998e+00,-6.337794445022140e+02,-2.772820117333713e-01,-7.631709930497175e-01,-8.917322060462715e-02,-1.366037156600869e+01,-1.286164313384241e+01,-1.387943666082933e+00,-9.511437274281084e+00,-4.505811225345569e-01,-7.118197019387655e-02,-2.795281036698851e+00,-1.333424568799106e+02,1.071496678276690e-19,-9.588761848307903e-02,-4.900437549426656e+01,-1.832328876543927e+00,-2.031488387613967e+02,-7.720216971234747e+00,-2.479358956577729e+01,-4.433214474333358e+00,-2.828289604438758e+00,-9.007766102159104e-03,-1.995009825057220e+00,-1.608683464664200e+00,-9.380174517681484e-01,-3.788744106867135e+00,-2.209031869940415e+00,-3.170237016302168e+00,-2.142135735512327e-01,-3.220536814403563e+01,-5.189054684915638e-01,-3.165679794182312e-01,-8.414201098260426e+00,-1.005865872175168e+00,-1.693027111456091e-02,-7.047257639504652e-04,-8.146398560957360e-02,-1.835627492371054e-01,-2.067816292073091e+00,-6.942786863964953e-02,-3.985805069724923e-01,-1.371469107312232e-01,-2.443049577962540e+01,-4.924325179916670e-01,-5.946723073418074e+02,-9.016791015194921e+01,-9.578588371331325e+00,-2.482816953628048e+01,-1.214175426866859e-09,
-4.021820095257374e-03,-3.021680813783714e-02,-8.893937093865213e-02,1.662625091039047e-07,-1.105024128080083e-02,1.046108342963149e-01,-6.748217770169077e-06,-3.385007185608724e-01,-9.110579058868396e-08,-3.101702514258158e-07,-2.646799202457460e-08,-1.142379181007271e-06,-2.636159403917200e-07,-6.799374103837068e-07,-1.376220502397342e-06,-2.942205482438559e-09,-1.151753457533860e-08,-1.049404272318130e-08,-4.821366314704875e-01,2.682814338391047e-01,-8.265976355107369e-08,-8.332898081819443e-06,-1.477712997648492e-07,-3.491400601365777e-06,-1.499621783262713e-10,-2.728218371675204e-12,-3.791920855328150e-06,-1.235047760288785e-06,-1.342086057271553e-11,-4.534258252576208e-09,-1.585749608262049e-10,-7.989265336176202e-11,-4.091159955892556e-12,-4.624026709060575e-12,-4.582582587676002e-12,-4.341222121593769e-15,-1.619955745701925e-13,-5.538633787993944e-17,-8.975819416853204e-19,-8.345486175221871e-14,-1.027580024571966e-10,-5.014822885059325e-14,-2.503618197425370e-15,-7.233512860358034e-04,-5.005050420753899e-03,-1.277128190696918e-05,-4.407649349826115e-05,-2.764878689469621e-05,-7.032439423879755e-10,-1.415592243312170e-12,-1.709144461419690e-20,-1.100777099257516e-20,-1.686681916585060e-24,-9.494685602411056e-25,-3.493028497621879e-25,-4.597203173695164e-11,
-1.240861636276824e-02,-9.323562688902629e-02,-2.037936574264197e-01,2.828717877018598e-06,-2.912619246665705e-02,1.840748558642697e-01,-2.299976132990980e-05,-8.258089831362384e-01,-1.072995642963190e-07,-2.184866194811841e-07,-2.434951261827598e-08,-6.872337661864422e-07,-8.789317918407174e-08,-2.263029895297157e-06,-1.322306658785505e-06,-2.892774084121286e-09,-1.305562946688322e-08,-9.198662164167744e-09,-1.143233590223276e+00,7.792284366634357e-01,-7.457915162943892e-08,-5.775546929967522e-06,-2.891055116072667e-07,-3.312378759788456e-06,-4.887520851890754e-10,-8.648476973750499e-12,-1.899679312565839e-06,-7.961556774225826e-07,-6.391578552555908e-11,-1.249751004920473e-08,-7.548069437723146e-10,-6.470640471932579e-11,-9.056314107172127e-12,-5.472819117616362e-12,-7.295862907440597e-12,-2.756722947183479e-14,-8.092161086563399e-13,-2.627033896672712e-16,-2.650653043569015e-15,-4.673601618993422e-13,-9.900230944023085e-11,-8.120649593010155e-14,-2.695640967104546e-15,-1.203877800858476e-03,-8.557435749196070e-03,-1.058122704275255e-05,-2.542606654672090e-04,-1.645065817946067e-04,-1.723076338069115e-09,-4.335881588512778e-12,-6.913277361057620e-19,-2.084767439208679e-17,-8.905957641713450e-19,-1.707922112351475e-18,-1.414288809378569e-19,-4.410927179065993e-11,
-1.598374657368387e-01,-7.642684661410311e-01,-5.175608782256627e-01,-5.207566417177376e-04,-1.539391004767519e-01,4.901174945853367e-01,-2.723936549846160e-04,-4.015039102998054e+00,-1.106068584794194e-07,-1.202237257318992e-07,-2.224754182970616e-08,-1.306336463590249e-07,1.447839949268706e-07,-2.768545775969433e-05,-9.073427221720736e-07,-1.608202349280841e-09,-1.229780814683671e-08,-4.301485233553514e-09,-4.333479664232042e+00,1.837237955544543e+00,-4.287726222526368e-08,-8.436377711382506e-07,-3.613525819157043e-07,-2.751928912634891e-06,-2.707024042839368e-09,-4.925470066753007e-11,1.940968514921372e-07,6.034273399084667e-07,-5.767356128053564e-10,-2.376497678405912e-08,-8.867530322644597e-09,6.945218498195267e-11,-9.979404788391533e-12,-4.986322267990744e-12,-3.865997752724869e-11,-4.581995977631373e-12,-8.554669743467405e-11,-1.787043388379079e-10,-2.868678879434666e-14,-3.002956618527117e-11,-1.507241067497405e-09,-4.458974893482550e-12,-1.217839780276129e-13,-1.410946605688446e-03,-1.040128628334363e-02,9.801705595353443e-07,-1.541571458051535e-02,-1.076634346671527e-02,-4.481811337277783e-09,-9.989050419679410e-11,-7.967777399201155e-11,-1.563464877956464e-08,-4.250508517662878e-10,-4.187274781262009e-12,-1.140092958964655e-10,-9.509903975413181e-11,

4,56
5.704251850074259e+00,2.896279499649019e+01,4.367854775550411e+01,7.449166338159429e+00,1.331531357572323e+01,3.153545367982773e+02,6.090837309838347e-01,1.600349796504474e-05,6.382692493051092e-01,1.375040841329844e+00,1.637337164208847e-01,2.556572235826364e+01,1.615815068379561e+01,1.936308042312357e+00,1.562390132079328e+01,4.220821007661273e-01,1.323023685512703e-01,2.759659087797467e+00,4.614653198965828e+02,2.818595603229032e+02,2.073683705580215e-01,5.921585952070821e+01,3.862519372085680e+00,3.005528756129718e+02,1.293353068739059e+01,2.650740762333327e+01,8.691855511965143e+00,3.443073613783497e+00,1.583897020675110e-02,3.701660543631264e+00,2.428088036829778e+00,1.099098077235791e+00,3.913394896310620e+00,2.309320665388237e+00,3.919868481119040e+00,1.982602648984110e-01,3.480348123421975e+01,1.082306115680174e+00,6.059272328582092e-01,7.984305506264709e+00,1.503213821765244e+00,4.271899776374051e-02,1.103427243608943e-03,7.682261547884009e-02,3.878228566328645e-01,2.449913953529451e+00,4.736856040338921e-01,6.879976438979278e-01,1.853918159311263e-01,1.664138391702206e+01,8.101442134737169e-01,6.807364391628576e-01,9.158917508996998e+01,1.445659554809563e+01,2.568000704351921e+01,7.466951501555741e-10,
-1.962594375614101e-03,-1.168100271858494e-02,-3.243739718739948e-02,6.400759943792750e-06,-5.898059293282201e-03,1.834908219978572e-01,-1.749248026732765e-06,-1.563785632232143e-01,-4.204539620464789e-08,-1.818588255410193e-07,-1.640510559021954e-08,-6.594288441626101e-07,-8.839913186126159e-08,-1.942408686072767e-07,-1.087971345034703e-06,-2.395714659902837e-09,-8.454395875415652e-09,-8.193030065174458e-09,-1.631491426953905e-01,7.768358154481044e-01,-6.014099585263716e-08,-5.588281933093442e-06,-8.529335682140963e-08,-2.419803651710110e-06,-6.693273261972631e-11,-1.223338027653700e-12,-1.862749066006781e-06,-7.982353859459332e-07,-4.533561478178456e-12,-2.145683577876524e-09,-5.385838193173600e-11,-6.487515036919784e-11,-1.805910887685726e-12,-3.018914499982054e-12,-2.566033701916460e-12,-1.047270057980115e-15,-4.723304631159516e-14,-1.786216823848836e-17,7.504935790851022e-19,-2.000398030863705e-14,-9.310625206652577e-11,-2.250081895784657e-14,-1.509820021117296e-15,-4.544929443919690e-04,-3.097861022149049e-03,-1.059395506727429e-05,-1.187999410588677e-05,-7.280968847638243e-06,-3.295517440886077e-10,-5.475125196922532e-13,1.568393407847361e-20,9.806956279971752e-21,2.268885588500865e-24,1.780946635965819e-25,7.542865208602278e-25,4.603130376867881e-11,
-3.669938362981495e-03,-3.032717573402387e-02,-8.919925857706647e-02,7.532340545082075e-06,-1.108599030706448e-02,4.878258537310396e-01,-6.773190962472399e-06,-3.395489416227808e-01,-6.729171586507953e-08,-1.215002526736881e-07,-2.207284889005213e-08,-1.357834129477929e-07,1.433226504558947e-07,-6.825128758864977e-07,-9.132513491634469e-07,-1.624944814471787e-09,-1.152952392963295e-08,-4.355179026135050e-09,-4.836338257954422e-01,1.829986849229408e+00,-4.331687717074840e-08,-8.898253606877033e-07,-1.481306906436849e-07,-2.762883511290744e-06,-1.505186733340742e-10,-2.738414700626980e-12,1.750880782595072e-07,5.928291171139978e-07,-1.348774638464012e-11,-4.550116050886624e-09,-1.593625624022119e-10,6.842213946494993e-11,-4.104518474530312e-12,-4.631193318659073e-12,-4.593134681492421e-12,-4.366323057028130e-15,-1.628215618113874e-13,-5.563930302655559e-17,1.776077698091210e-16,-8.390168957626025e-14,5.947493325587889e-11,-5.027721978768528e-14,-1.787399898298005e-15,-7.247981985012944e-04,-5.015380299545387e-03,8.797194701323805e-07,-4.430952161910409e-05,-2.779678568223187e-05,-7.053539752856468e-10,-1.420742093256745e-12,7.814286699974223e-20,8.630225356478327e-17,2.637609259524248e-19,7.113090023537630e-19,2.547209916540267e-20,4.736355752044119e-11,
-1.248347053329306e-02,-9.375111147660023e-02,-2.045513049754125e-01,2.723371451270198e-06,-2.926056997624073e-02,3.090779955834065e+00,-2.314015324869112e-05,-8.292799563950704e-01,4.217967500012017e-07,1.393587756997802e-06,1.306726470310644e-07,4.191654481899884e-06,6.515856990404522e-07,-2.276922036247610e-06,7.406184939576767e-06,1.713267743495578e-08,6.298611065123735e-08,4.783688685466262e-08,-1.147799318050513e+00,6.860340290390223e+00,4.737247370693932e-07,3.565956099790405e-05,5.550577221384531e-07,1.713205876503698e-05,-4.915722134004676e-10,-8.696595556468841e-12,1.186666391534135e-05,4.370506691452696e-06,-6.440610963107247e-11,3.816760046401110e-09,-7.606504313329584e-10,2.727046444166769e-10,6.500732278771670e-11,6.279107717283260e-11,8.188577775985614e-11,1.663617279552698e-12,8.322122647145696e-11,2.557630476931665e-10,1.049569302405114e-14,-4.714948690955146e-13,3.427771952192691e-10,1.816714855523211e-13,9.969354341764120e-15,1.254368787367087e-03,8.753866028234619e-03,6.281196690885311e-05,-2.566442643945832e-04,-1.660786366024111e-04,-1.730354991168512e-09,2.309832779849695e-10,1.076092756229028e-10,2.317761065436930e-09,2.776234871610431e-12,2.512230946671388e-10,7.735536567846705e-13,7.585398975606950e-11,

