1
0
63
1
(4 0
((0,0) (15,255) (0,0))
((0,768) (15,1023) (0,0))
((0,512) (15,767) (0,0))
((0,256) (15,511) (0,0))
)
4
FabOnDisk: SD_0_Old_MF_D_0003 0
FabOnDisk: SD_0_Old_MF_D_0000 0
FabOnDisk: SD_0_Old_MF_D_0001 0
FabOnDisk: SD_0_Old_MF_D_0002 0

4,63
-6.837986387682828e-07,1.690290253130339e-01,1.576708530370270e-01,6.572664066059234e-20,2.279895584595212e-18,1.091809463170115e-14,3.797647204084890e-09,1.344219616558478e-06,6.594676758731536e-07,1.557405559651209e-09,2.855227189199874e-03,0.000000000000000e+00,2.382419545985120e-23,1.680151164814688e-24,4.297464379803448e-11,1.172038499789176e-10,1.010748242476156e-19,1.761856981892498e-09,5.071705354071862e-14,7.002505470295450e-24,1.231278819441399e-11,2.349328342827246e-07,2.469055183655108e-08,2.698907035368472e-29,2.625707969898490e-09,1.618551004451974e-20,3.251907119945618e-09,0.000000000000000e+00,1.086615416045915e-14,7.110285501701865e-23,3.247303586953810e-10,2.202032906854535e-17,5.929774114773272e-19,2.221389847571927e-12,0.000000000000000e+00,0.000000000000000e+00,0.000000000000000e+00,0.000000000000000e+00,0.000000000000000e+00,0.000000000000000e+00,0.000000000000000e+00,0.000000000000000e+00,0.000000000000000e+00,9.700411781846219e-14,2.214533462437183e-16,6.313395522596333e-18,3.152729740141590e-13,1.023108812379430e-13,4.250482031135140e-12,9.889172141931272e-13,1.781877899459167e-12,7.439412369036704e-27,0.000000000000000e+00,0.000000000000000e+00,0.000000000000000e+00,0.000000000000000e+00,0.000000000000000e+00,0.000000000000000e+00,1.131122460973790e-01,4.116652859420546e+03,0.000000000000000e+00,4.430062961714353e+02,1.013237499937581e+05,
-1.608045436913451e-07,3.739475993246647e+00,1.460833372454726e-01,6.086537249892392e-06,5.812374478772132e-05,4.685346336167862e-04,1.349624173966486e-07,5.693711599289701e-05,1.235221999177649e-02,1.206074090221272e-08,1.182985550853954e-03,5.104405898953944e-11,2.712883571164555e-10,2.290293581187164e-11,1.086315967166016e-09,2.980229310337488e-10,8.682861635444303e-10,1.625049891942564e-09,3.539983371408515e-12,1.169766858582572e-11,1.249028296120681e-11,3.566617215344335e-03,2.343919488280850e-02,8.738517318419673e-11,9.033711572735617e-09,9.997107962582266e-11,3.365507251728050e-09,6.897066598352066e-14,1.247221185631742e-15,2.995333613161679e-09,1.623677420061104e-09,4.081803721466625e-15,2.172877672807392e-12,4.857233697261617e-14,8.153285490750136e-14,1.568162398810132e-15,3.166898005150677e-15,2.778383892182064e-15,9.557096995255698e-19,4.441881977042130e-17,1.668635836717961e-20,7.797254733946657e-22,2.118352546574698e-17,7.830903362845060e-14,1.733471870155196e-17,1.193996934712590e-18,5.869887328003893e-07,3.992027929534310e-06,1.800198100614161e-08,1.324076305248819e-08,8.095614805094683e-09,4.238448464337291e-13,6.964360715388897e-16,1.139355896131055e-24,0.000000000000000e+00,0.000000000000000e+00,0.000000000000000e+00,0.000000000000000e+00,1.047736091808286e-01,7.926842515453919e+03,0.000000000000000e+00,2.330890820864438e+03,1.013249565503204e+05,
-4.795861181929575e-07,3.670446711424640e+00,1.469363654748451e-01,7.204508609263711e-06,6.946010146222648e-05,5.061509268820881e-04,1.327004945450573e-07,6.112659328966081e-05,1.235470777960757e-02,1.459188610124965e-08,1.324340991606122e-03,8.157115110703157e-11,3.928545774435837e-10,3.428260226671176e-11,1.510008744815222e-09,3.790352031265561e-10,1.129553253204778e-09,2.351232747669930e-09,5.144794481101055e-12,1.760840096858246e-11,1.781366359018448e-11,3.780263006923807e-03,2.305410967562312e-02,1.280774340653202e-10,1.259854895047971e-08,1.656578254331997e-10,5.019001530555753e-09,1.274340686611670e-13,2.312930041528810e-15,4.185257495445845e-09,2.192518698962039e-09,8.717714488266414e-15,3.985880832628323e-12,1.035161150326825e-13,1.254420302912219e-13,3.222169278184214e-15,5.396662877619232e-15,4.840301249394280e-15,2.354855413715434e-18,1.001796201028044e-16,3.669278241456367e-20,2.174540625857130e-21,4.924290953188326e-17,1.387961062107694e-13,3.858408261720053e-17,2.401646219635665e-18,9.315421276101081e-07,6.360908530596615e-06,2.484662199140581e-08,2.838284802660829e-08,1.751921640787699e-08,7.255719886606022e-13,1.264963333565010e-15,0.000000000000000e+00,0.000000000000000e+00,0.000000000000000e+00,0.000000000000000e+00,0.000000000000000e+00,1.053872166655209e-01,7.834550097530403e+03,0.000000000000000e+00,2.291789609017786e+03,1.013249636732378e+05,
-7.541225288308708e-07,3.417728223325962e+00,1.490469060409050e-01,1.041371620744929e-05,1.011744541809000e-04,5.932274397595077e-04,1.327086941166055e-07,7.161588091086472e-05,1.234085547230438e-02,2.218753213267594e-08,1.660519382374000e-03,1.369443123609272e-10,4.154210397747470e-10,5.030289279782540e-11,1.389090432001345e-09,1.982079828592713e-10,1.888877165522265e-09,2.855950937760577e-09,5.463134580946465e-12,2.611758704679522e-11,1.933093933176357e-11,4.283206237516313e-03,2.215521337696022e-02,1.317043246139505e-10,1.070290252414169e-08,2.992550422414318e-10,6.852821710400510e-09,0.000000000000000e+00,0.000000000000000e+00,2.984511100669483e-09,1.188179537642720e-09,2.696942719174524e-14,8.751505414793670e-12,0.000000000000000e+00,0.000000000000000e+00,0.000000000000000e+00,0.000000000000000e+00,0.000000000000000e+00,0.000000000000000e+00,0.000000000000000e+00,0.000000000000000e+00,0.000000000000000e+00,0.000000000000000e+00,6.412112667585877e-14,8.289866219972311e-17,3.491379491670477e-18,1.548019300188154e-06,1.066922004518749e-05,1.784883527057574e-08,9.447390458649783e-08,5.965203155422226e-08,1.427031074633400e-12,0.000000000000000e+00,0.000000000000000e+00,0.000000000000000e+00,0.000000000000000e+00,0.000000000000000e+00,0.000000000000000e+00,1.069052302112423e-01,5.937827736494442e+03,0.000000000000000e+00,2.147631915947890e+03,1.013249201594846e+05,

4,63
8.137577471185265e-07,3.415390525495569e+00,8.373018810289359e-01,5.113621149106806e-05,4.651872350409484e-04,9.718303743171975e-04,1.191510802160804e-04,3.228591509621486e-04,1.315887103477622e-02,2.138955139435728e-05,1.827716341411956e-01,1.339412141291326e-06,6.273391214952450e-06,7.061978000255883e-07,2.309378187225090e-04,2.514503835084688e-04,2.066802223594189e-05,5.088927310918233e-04,1.442541097042984e-05,9.637415491383195e-07,6.639177310346084e-05,1.404551879758356e-02,2.215056373894133e-02,7.467703267025672e-07,5.903134452476506e-04,2.176405306125754e-05,4.441194503430593e-03,1.015118461136815e-04,4.404223359844085e-04,3.123537794816530e-05,1.159049186309859e-04,1.370634561593388e-07,3.214999086244935e-05,3.822016320137013e-05,1.150286589029953e-05,5.635801145984756e-05,3.019950208778315e-05,3.945814534369610e-05,3.139979131006030e-06,6.469216667421252e-04,1.092816393285244e-05,4.279665979642713e-06,1.161923791163254e-04,1.566016388626589e-05,6.688507173215279e-07,1.484335996045553e-08,2.489111545499096e-06,1.756512089196283e-05,2.933199468522074e-05,1.260128056658140e-05,1.643412232838462e-05,1.718370800000214e-06,4.563292648663879e-04,9.760160593945190e-06,5.259324785777904e-02,1.678011120099419e-03,1.382431517761599e-04,4.560711667980292e-04,6.019346824474695e-01,7.574949225858122e+04,0.000000000000000e+00,2.146317457411253e+03,1.013269864424858e+05,
1.488610441007430e-07,3.769749494814329e+00,1.469322301285866e-01,7.198548001315791e-06,6.940116404910206e-05,5.059654098260439e-04,1.367426990004411e-07,6.110480935593102e-05,1.235470312300371e-02,1.457853314492847e-08,1.323657112526085e-03,8.142317124563639e-11,3.923315855838767e-10,3.423123170399513e-11,1.508274379406087e-09,3.787532350148987e-10,1.128163350629079e-09,2.348082400415882e-09,5.137848372212950e-12,1.758152690445542e-11,1.779124522611206e-11,3.779225315866237e-03,2.361343598637958e-02,1.279021948733085e-10,1.258424918858209e-08,1.653399191131133e-10,5.011852856753573e-09,1.271193368337845e-13,2.307197194476012e-15,4.180506118122408e-09,2.190399092760861e-09,8.690465260950761e-15,3.976410866790425e-12,1.031982614043900e-13,1.252660726905917e-13,3.213161016878416e-15,5.386127790690543e-15,4.830227000179668e-15,2.345988538690190e-18,9.984540800635400e-17,3.657699052157265e-20,2.165858618529725e-21,4.907169884174115e-17,1.385397457687379e-13,3.846986144110572e-17,2.395702507213139e-18,9.299787639505926e-07,6.350101709227746e-06,2.482132539032108e-08,2.829356310316768e-08,1.746327156877045e-08,7.240684990122134e-13,1.261967817615639e-15,3.003046558202504e-24,5.634429084555941e-27,7.397049525061868e-20,3.637363662892976e-19,3.451268206852414e-20,1.053842485551490e-01,7.937876625660844e+03,0.000000000000000e+00,2.347091865306642e+03,1.013250196032240e+05,
3.856877017700189e-07,3.739305840548054e+00,1.490336715972975e-01,1.039202183110004e-05,1.009629186673612e-04,5.927158287805401e-04,1.349537619815494e-07,7.155130810182558e-05,1.235707052188012e-02,2.213437144033737e-08,1.658469115555484e-03,1.366666538573322e-10,5.323880363045156e-10,5.023746725007183e-11,1.899327579155551e-09,4.048905458180882e-10,1.883604185909072e-09,3.219129895447620e-09,6.988993050189081e-12,2.608208762159296e-11,2.347586384802351e-11,4.280181616720630e-03,2.343835260142780e-02,1.759304980548586e-10,1.580067063624196e-08,2.985200544578829e-10,7.207610077404809e-09,2.944996521142619e-13,5.320011301330326e-15,5.169505284171239e-09,2.490229908698109e-09,2.682267226022804e-14,8.721023842905553e-12,3.168929811008271e-13,1.477985323264527e-13,7.229901563902728e-15,8.888534454599448e-15,8.741674155530206e-15,9.218655909283463e-18,3.259317900514223e-16,1.105081968749495e-19,1.134379938262788e-20,1.729345337218143e-16,1.784885538678845e-13,8.267909275349054e-17,4.141520587461732e-18,1.544838316900181e-06,1.064672355747813e-05,3.012052977412046e-08,9.389135780970413e-08,5.927616720119126e-08,1.422740602234278e-12,2.818667212799402e-15,1.036225073117296e-23,5.363294119632338e-21,7.713176649585261e-20,4.458315216872328e-19,3.572533726584339e-20,1.068957023443505e-01,7.928280114630635e+03,0.000000000000000e+00,2.330811859718939e+03,1.013250196943544e+05,
8.568561883860561e-07,3.670083650417853e+00,1.575865716394097e-01,2.847421858597335e-05,2.637689747980189e-04,8.515664655402999e-04,1.896015455300460e-07,1.108250132393857e-04,1.235718280514752e-02,7.128852274711049e-08,2.844632244368369e-03,1.963265553551203e-10,5.601537440671686e-10,5.833599197833199e-11,1.930365398452539e-09,3.967618483578128e-10,6.829580669893631e-09,3.465623344164484e-09,7.342657422849305e-12,3.075608269767525e-11,2.444552319265255e-11,5.916723674647208e-03,2.305190399146656e-02,1.851380824067376e-10,1.599210391372595e-08,5.174087891224664e-10,8.057329471155163e-09,6.973130776849544e-12,4.045729214248671e-14,5.189615031656148e-09,2.483978242879639e-09,1.810217540250723e-13,2.207593092998276e-11,2.480664893150697e-12,2.280917157596488e-12,2.896981535196933e-12,5.765032554925376e-12,2.130429481576952e-11,5.066202711859530e-13,1.271457902129402e-11,1.265165301742718e-11,1.200754849306377e-15,1.531281939554216e-12,1.782931653482616e-13,2.040950933570313e-16,5.825139211705857e-18,2.488462929378689e-06,1.755088837478341e-05,3.019663191269877e-08,1.530407058895630e-06,1.038292149835394e-06,3.649894993783926e-12,8.733236631955261e-12,3.337226414177431e-12,1.148224413011125e-10,1.340217895487660e-10,3.876336077486388e-11,3.741548401930709e-11,1.130515894703002e-01,7.833451508021705e+03,0.000000000000000e+00,2.291548207903882e+03,1.013251018487045e+05,

