1
0
63
1
(4 0
((0,0) (15,255) (0,0))
((0,768) (15,1023) (0,0))
((0,512) (15,767) (0,0))
((0,256) (15,511) (0,0))
)
4
FabOnDisk: SD_0_New_MF_D_0003 0
FabOnDisk: SD_0_New_MF_D_0000 0
FabOnDisk: SD_0_New_MF_D_0001 0
FabOnDisk: SD_0_New_MF_D_0002 0

4,63
-7.726992910028938e-07,-1.757954946628962e-02,1.576672257958842e-01,5.872238934170025e-20,2.078542096309130e-18,1.005779547412224e-14,3.510256193492433e-09,1.240714939763518e-06,6.100179994860788e-07,1.439468392460179e-09,2.854784788659893e-03,0.000000000000000e+00,2.032119189756743e-23,1.429636406662786e-24,3.974479306889699e-11,1.164516565291116e-10,9.127065227044562e-20,1.754750401786780e-09,4.649692251515181e-14,5.940044802675243e-24,1.226668778309193e-11,2.171517429313077e-07,2.275311628245245e-08,2.292793235005756e-29,2.421769208692309e-09,1.373127837336694e-20,3.234991896593083e-09,0.000000000000000e+00,4.784846629427315e-15,6.231470362334885e-23,2.985650364378936e-10,2.014057951381114e-17,5.087776756733491e-19,1.988299743672669e-12,0.000000000000000e+00,0.000000000000000e+00,0.000000000000000e+00,0.000000000000000e+00,0.000000000000000e+00,0.000000000000000e+00,0.000000000000000e+00,0.000000000000000e+00,0.000000000000000e+00,9.419777411018014e-14,2.149278686135939e-16,6.121827457428034e-18,2.885381300131894e-13,9.363410559037179e-14,3.889902153165076e-12,9.050160123652721e-13,1.630700739098615e-12,7.938562623137713e-27,0.000000000000000e+00,0.000000000000000e+00,0.000000000000000e+00,0.000000000000000e+00,0.000000000000000e+00,0.000000000000000e+00,1.131096228557345e-01,4.111757046678002e+03,0.000000000000000e+00,4.430056785983749e+02,1.013238956588273e+05,
-1.037537001961121e-07,3.550203406761374e+00,1.460837129396545e-01,6.087581580900613e-06,5.813383389637297e-05,4.685732481480097e-04,1.349627905927588e-07,5.694288353740763e-05,1.235220295854622e-02,1.206278075612185e-08,1.183051688337739e-03,5.106641327774629e-11,2.713788958155424e-10,2.291134113646564e-11,1.086639656749946e-09,2.981047970646091e-10,8.684853013606381e-10,1.625623829823424e-09,3.541248733052013e-12,1.170216317638995e-11,1.249427422751250e-11,3.566738189664372e-03,2.343926679064065e-02,8.741282329565694e-11,9.035955444937829e-09,1.000007482215062e-10,3.366286822397414e-09,6.900005937451867e-14,1.247776835828288e-15,2.996147150187226e-09,1.624106072988357e-09,4.083907200773024e-15,2.173629778462205e-12,4.859594702158125e-14,8.155543912679138e-14,1.568978730739330e-15,3.168093493569957e-15,2.779446582450852e-15,9.563889523726684e-19,4.444521658205376e-17,1.669574113450975e-20,7.803404860352635e-22,2.119624616335053e-17,7.832928123701320e-14,1.734269788296433e-17,1.194437186576512e-18,5.871010529737605e-07,3.992800536981070e-06,1.800358376194105e-08,1.324650630608296e-08,8.099147779701649e-09,4.239663252022350e-13,6.967030358633654e-16,1.139776348720534e-24,0.000000000000000e+00,0.000000000000000e+00,0.000000000000000e+00,0.000000000000000e+00,1.047738565251792e-01,7.926843135314541e+03,0.000000000000000e+00,2.330898731950186e+03,1.013249632151256e+05,
-3.139401693029543e-07,3.481190649289475e+00,1.469359414108385e-01,7.204168631788697e-06,6.945597915347907e-05,5.061387910519821e-04,1.327003069896237e-07,6.112577473304941e-05,1.235470125171662e-02,1.459088347852401e-08,1.324275692029223e-03,8.156989757595687e-11,3.928589128171412e-10,3.428265518919999e-11,1.510039857317703e-09,3.790534066510078e-10,1.129474696872541e-09,2.351229497812459e-09,5.144826226851296e-12,1.760832747161849e-11,1.781369087935160e-11,3.780170764706010e-03,2.305415541728635e-02,1.280782832779651e-10,1.259876499821391e-08,1.656444713275012e-10,5.018881027738961e-09,1.274222434473925e-13,2.312725558221645e-15,4.185341647144824e-09,2.192598180012998e-09,8.716000630632435e-15,3.985387923815400e-12,1.034825363320478e-13,1.254420453384750e-13,3.221873767941529e-15,5.396491651882050e-15,4.840015554746867e-15,2.354457879186239e-18,1.001645113899792e-16,3.668767382144285e-20,2.174119508373656e-21,4.923433732231400e-17,1.387909094207527e-13,3.857973903164064e-17,2.401472210942316e-18,9.314145054001658e-07,6.360046112399133e-06,2.484551181404543e-08,2.837585100730212e-08,1.751488616713547e-08,7.254905703567586e-13,1.264813032328494e-15,0.000000000000000e+00,0.000000000000000e+00,0.000000000000000e+00,0.000000000000000e+00,6.055022671069794e-29,1.053869053260975e-01,7.834581276741559e+03,0.000000000000000e+00,2.291794857865142e+03,1.013249565537987e+05,
-1.403370723607883e-06,3.228618311564891e+00,1.490466281686985e-01,1.041317001536738e-05,1.011703236589638e-04,5.932178369701225e-04,1.327084013268429e-07,7.161441723026199e-05,1.234083215671530e-02,2.218648583698604e-08,1.660475742086841e-03,1.369383626010427e-10,4.155381310384097e-10,5.030153240437599e-11,1.389471165704579e-09,1.982804248682064e-10,1.888756133578195e-09,2.856619091114322e-09,5.464761719229793e-12,2.611692540940911e-11,1.933552840269743e-11,4.283147189765929e-03,2.215543523350761e-02,1.317427999377715e-10,1.070588111922103e-08,2.992304733843131e-10,6.853875402688588e-09,0.000000000000000e+00,0.000000000000000e+00,2.985626788965000e-09,1.188636996553582e-09,2.696548176749558e-14,8.750617881363010e-12,0.000000000000000e+00,0.000000000000000e+00,0.000000000000000e+00,0.000000000000000e+00,0.000000000000000e+00,0.000000000000000e+00,0.000000000000000e+00,0.000000000000000e+00,0.000000000000000e+00,0.000000000000000e+00,6.380130947672972e-14,8.289202620973418e-17,3.476448928905648e-18,1.547929351815963e-06,1.066861908784079e-05,1.785357652801114e-08,9.445966275609755e-08,5.964288680511078e-08,1.426887747593065e-12,0.000000000000000e+00,0.000000000000000e+00,0.000000000000000e+00,0.000000000000000e+00,0.000000000000000e+00,0.000000000000000e+00,1.069050263097387e-01,5.939352996572801e+03,0.000000000000000e+00,2.147691706614110e+03,1.013249307834318e+05,

4,63
9.064045436054262e-07,3.226281103924441e+00,8.373046125237046e-01,5.110319305919020e-05,4.650579316251338e-04,9.718108982534489e-04,1.192115634022059e-04,3.240447366743730e-04,1.315205151726148e-02,2.139287457806443e-05,1.827722999714020e-01,1.337124706265721e-06,6.276844201253275e-06,7.058123304778143e-07,2.312347141946688e-04,2.518330907463937e-04,2.065577924508636e-05,5.089502106984395e-04,1.445504991850267e-05,9.638109166819953e-07,6.643852001543058e-05,1.404724886248358e-02,2.215078929680188e-02,7.473663398601095e-07,5.909571665991601e-04,2.175340964041255e-05,4.447787283384505e-03,1.017338309344068e-04,4.411139610981415e-04,3.125898289157391e-05,1.158376893585424e-04,1.370561630008723e-07,3.220877037212227e-05,3.828140779380740e-05,1.153931392193075e-05,5.644497100952202e-05,3.026881237783944e-05,3.960581391032948e-05,3.143223374317847e-06,6.476169355926343e-04,1.098464779158331e-05,4.284550892314282e-06,1.163696634405374e-04,1.569637479701584e-05,6.673402474081244e-07,1.484229601580202e-08,2.488989367408149e-06,1.756582963941439e-05,2.939684971371966e-05,1.261296062237201e-05,1.644587738530269e-05,1.718242539489380e-06,4.566196643157116e-04,9.759550493939871e-06,5.259336664447713e-02,1.679728718904101e-03,1.387389114826642e-04,4.564730312669195e-04,6.019368061265329e-01,7.575471762600545e+04,0.000000000000000e+00,2.146375140367165e+03,1.013272056167277e+05,
1.025308737413821e-07,3.580442378305574e+00,1.469317876385760e-01,7.198166777525678e-06,6.939659756772369e-05,5.059517514502171e-04,1.367382111474679e-07,6.110381816129944e-05,1.235469740001606e-02,1.457743770286222e-08,1.323589271133692e-03,8.142191618203560e-11,3.923373720917417e-10,3.423137049759053e-11,1.508312833863419e-09,3.787739802361795e-10,1.128078119073748e-09,2.348084494974654e-09,5.137894549963480e-12,1.758148590152122e-11,1.779134523926301e-11,3.779128639771422e-03,2.361333662753687e-02,1.279035679245712e-10,1.258454711977420e-08,1.653267351515617e-10,5.011758193121728e-09,1.271073504749409e-13,2.306990334192000e-15,4.180614101648950e-09,2.190495127389637e-09,8.688674832196948e-15,3.975917285076251e-12,1.031624934828516e-13,1.252664511975699e-13,3.212858846026326e-15,5.385978993778442e-15,4.829953258403695e-15,2.345572409086071e-18,9.982984435156963e-17,3.657175379960667e-20,2.165240446261588e-21,4.906285770894471e-17,1.385348043022018e-13,3.846532265047895e-17,2.395522562675785e-18,9.298503269419875e-07,6.349234706630543e-06,2.482037781956638e-08,2.828631083134833e-08,1.745878431298311e-08,7.239870496609965e-13,1.261814555435938e-15,2.698583203020244e-24,4.794408967926218e-27,6.195607437359282e-20,3.269660258128879e-19,2.650138363147510e-20,1.053839252562170e-01,7.938313127486977e+03,0.000000000000000e+00,2.347083494340317e+03,1.013250199525011e+05,
3.497982271968456e-07,3.550035516192782e+00,1.490333935821114e-01,1.039147972842358e-05,1.009587925347610e-04,5.927062423943103e-04,1.349539566596867e-07,7.154983427924477e-05,1.235707015902557e-02,2.213332214871927e-08,1.658424969643823e-03,1.366607871398890e-10,5.323801843933610e-10,5.023614087576221e-11,1.899309593071998e-09,4.049151536406829e-10,1.883483738071369e-09,3.219097708126860e-09,6.988910010236265e-12,2.608144608291576e-11,2.347566230121961e-11,4.280122099276438e-03,2.343842216603508e-02,1.759253223939310e-10,1.580032705374728e-08,2.984952132918236e-10,7.207255016302415e-09,2.944657175544244e-13,5.319438209329930e-15,5.169504498824056e-09,2.490705431729161e-09,2.681871805483142e-14,8.720120575064616e-12,3.168497616100483e-13,1.477969828823009e-13,7.229316307445253e-15,8.888098612688489e-15,8.741015443113059e-15,9.217045574046569e-18,3.258810284139572e-16,1.104916329398727e-19,1.134113049678541e-20,1.729071923223795e-16,1.785074597283904e-13,8.267263873371011e-17,4.141301345434756e-18,1.544746890646005e-06,1.064611016899800e-05,3.011950951484794e-08,9.387701718255582e-08,5.926698422825034e-08,1.422596277223680e-12,2.818339347425840e-15,1.351522536314128e-22,4.322276201710986e-20,1.371446063546055e-19,3.904313166639713e-19,4.029341575714441e-20,1.068954979840247e-01,7.928405088620606e+03,0.000000000000000e+00,2.330819427592756e+03,1.013250216823197e+05,
1.319520437512110e-06,3.480821314738593e+00,1.575827725114815e-01,2.846447804388582e-05,2.636872672517419e-04,8.514776319176115e-04,1.895516504273606e-07,1.108084834520865e-04,1.235718148728235e-02,7.125985615169105e-08,2.844172846171775e-03,1.968226629953612e-10,5.602042103008931e-10,5.833726664940133e-11,1.930380378556049e-09,3.967643764791299e-10,6.826693289517561e-09,3.466017194238912e-09,7.343217972653500e-12,3.094553328863598e-11,2.444702183667280e-11,5.916133494730087e-03,2.305195157392836e-02,1.851465181298395e-10,1.599231142328160e-08,5.173447666993695e-10,8.056939488557795e-09,4.853444086448361e-12,3.112689186854585e-14,5.189692722508710e-09,2.483997187316860e-09,1.809491874841763e-13,2.207296696309755e-11,3.374552754023434e-12,2.407863064831547e-12,1.997444740429291e-12,2.873617630321854e-12,9.879249007341380e-12,3.312760861094167e-13,1.246767565785950e-11,1.098791804185642e-11,1.639770408483154e-15,9.115462650201697e-13,1.782916673514196e-13,1.981783637219038e-16,5.651158243508758e-18,2.488209193921107e-06,1.755179797054881e-05,3.019695356786383e-08,1.528775731078343e-06,1.037368253383101e-06,3.648533748788219e-12,1.370844043691011e-11,2.216635689277378e-12,1.771242979581368e-10,1.071631803242513e-10,1.621361688528324e-11,2.974103573181096e-11,1.130488409525895e-01,7.833479751579373e+03,0.000000000000000e+00,2.291553393290002e+03,1.013250874767851e+05,

