1
0
56
1
(4 0
((0,0) (15,255) (0,0))
((0,768) (15,1023) (0,0))
((0,512) (15,767) (0,0))
((0,256) (15,511) (0,0))
)
4
FabOnDisk: SD_5_New_MF_D_0003 0
FabOnDisk: SD_5_New_MF_D_0000 0
FabOnDisk: SD_5_New_MF_D_0001 0
FabOnDisk: SD_5_New_MF_D_0002 0

4,56
-7.775630672350187e+00,-1.779341188968703e+01,-2.695293796499475e+01,-6.152404127244462e+00,-8.511913514256777e+00,-8.657468006722883e+00,-1.119595864183234e+00,-6.280777622760899e+02,-2.481305264432958e-01,-7.627013206903818e-01,-8.732541913034614e-02,-1.381793199829119e+01,-1.231697711369767e+01,-1.469943121361700e+00,-1.011393758222047e+01,-4.613953787912642e-01,-7.367629636350698e-02,-2.722385176224055e+00,-1.372133940909980e+02,1.697123344635010e-14,-8.497144272367946e-02,-4.594461430588068e+01,-1.836549093584869e+00,-1.978376427341964e+02,-7.828074614618467e+00,-2.273724412723655e+01,-4.447243723134491e+00,-2.951986245473538e+00,-9.522612749699637e-03,-1.997587569693174e+00,-1.614599575250376e+00,-8.440937732423452e-01,-3.628563939668923e+00,-2.113985770647457e+00,-3.067869857723705e+00,-2.196319859672730e-01,-3.169704042337613e+01,-4.886776944925594e-01,-3.162702016374627e-01,-8.102223095635003e+00,-7.783006521439556e-01,-1.522995202425162e-02,-5.847426153116015e-04,-7.788613430072208e-02,-1.349312436648351e-01,-1.996118815490058e+00,-6.792375525147856e-02,-3.565298670843217e-01,-1.401389917229953e-01,-2.463631601558755e+01,-4.898975521362596e-01,-5.971035219125106e+02,-8.946379828772238e+01,-9.115070285067739e+00,-2.469747337635566e+01,-3.420927985331446e-10,
-5.327872809165012e-03,-3.013438110762509e-02,-9.143881428586247e-02,-9.268782601116234e-06,-1.103132010368323e-02,7.115599119498903e-02,-6.778564467319332e-06,-3.347950704577106e-01,-7.365598393755669e-08,-2.232466498567455e-07,-1.814373202932397e-08,-8.198022037618676e-07,-1.667962600723517e-07,-6.393080952602797e-07,-1.036905447209976e-06,-2.276487070957433e-09,-8.650370287823743e-09,-7.730619251540826e-09,-4.709087282007700e-01,2.999772196371800e-01,-6.068088348138777e-08,-6.390963687039234e-06,-1.277614052249253e-07,-3.090104675545449e-06,-1.278605428301452e-10,-2.278007769110406e-12,-3.161307676009815e-06,-8.567755275619542e-07,-1.244095622704083e-11,-3.991670019150582e-09,-1.957994589472068e-10,-6.672916245302356e-11,-3.493046165991578e-12,-3.598444768672413e-12,-3.708556846084566e-12,-3.728235136760886e-15,-1.389987729209470e-13,-4.782068183723646e-17,-1.996392333873789e-17,-7.385778641506386e-14,-9.964008657701815e-11,-4.640148144515116e-14,-2.260674026592005e-15,-7.229553180550337e-04,-4.962389634505505e-03,-1.447220247630399e-05,-4.279774733890792e-05,-2.695441786791755e-05,-6.298117534926308e-10,-1.248416742469424e-12,-8.422768236167483e-19,-4.852470624190861e-18,-2.167302219511991e-14,-6.511362472826690e-14,-1.498959437812515e-14,-5.666722646680000e-11,
-1.375860190335685e-02,-8.785413124400585e-02,-2.042610146160089e-01,2.109887914100075e-06,-2.776948884927582e-02,1.829998999109516e-01,-2.136977043546443e-05,-8.032381514926928e-01,-9.279320964431532e-08,-1.935738610156484e-07,-2.055322978211150e-08,-6.106155070165915e-07,-7.099449221627490e-08,-2.054968972055195e-06,-1.144035336138607e-06,-2.484163918476081e-09,-1.094518617448990e-08,-8.257834342623524e-09,-1.082746175184456e+00,7.570219856728159e-01,-6.757118691093543e-08,-5.532761785916565e-06,-2.906376165240859e-07,-3.275696810267195e-06,-4.606959902671886e-10,-8.100498990047158e-12,-1.750477377220761e-06,-7.202470249523933e-07,-5.922355455124020e-11,-1.216263040526843e-08,-7.540473306499793e-10,-5.792161821784300e-11,-8.234572893196953e-12,-5.014437201431267e-12,-7.304957920768811e-12,-2.474756976863478e-14,-7.403582894073525e-13,-8.380992750175765e-15,-2.462537548723347e-15,-4.219456592507370e-13,-9.247008846819143e-11,-7.267071829761550e-14,-2.458896424766783e-15,-1.206609387730689e-03,-8.450970289372532e-03,-1.220313354541161e-05,-2.299598285730788e-04,-1.483277074702815e-04,-1.684448009728196e-09,-4.104302203966073e-12,-3.167059552763552e-16,-3.328816102233816e-15,-2.534877676288548e-14,-9.588299571801911e-14,-1.755632258670754e-14,-6.375933114810550e-11,
-1.446494808012259e-01,-7.469079475701419e-01,-5.705779928574854e-01,-4.690145395952176e-04,-1.429185885277140e-01,4.804590642427881e-01,-2.574408213253586e-04,-3.748352025464976e+00,-2.046762776862391e-06,-6.726745215513187e-06,-1.415007262635693e-06,-9.147150485180536e-05,-1.898531141399957e-06,-2.611463513653929e-05,-4.858303785163824e-05,-1.723941297509562e-07,-1.034459288429896e-06,-5.993530792812618e-07,-4.244911148922553e+00,1.742397090429378e+00,-1.453619208431690e-07,-2.026607799338676e-05,-1.446766392575038e-05,-4.217159952379781e-04,-2.059543890200478e-05,-5.704576522902793e-08,2.593192680080055e-07,5.287370638080683e-07,-1.161709188616953e-07,-4.353414577802358e-07,-4.393342294930296e-06,-1.648932989253056e-06,-2.660145067701734e-06,-5.711188339484878e-06,-2.522758876047530e-05,-1.041215497423347e-06,-3.302156667035464e-05,-2.556327374345331e-05,-4.649082737868405e-09,-3.217211050291407e-06,-9.604011416160244e-09,-2.361249019318258e-11,-6.782359075113834e-13,-1.711326493677774e-03,-1.021938339484479e-02,-2.486238786383210e-06,-1.362546182355239e-02,-9.141182428052111e-03,-1.216068760659167e-06,-2.929049427914509e-05,-2.911037462414174e-06,-4.272210352903517e-04,-2.278242102137993e-04,-4.198275476481064e-05,-6.353761155647801e-05,-1.186566400690481e-10,

4,56
5.483380319736809e+00,3.168336489291543e+01,4.431491575588917e+01,7.727563814563513e+00,1.321470503570002e+01,3.147717742770357e+02,6.342215371244028e-01,-3.230634426643064e-09,5.757052792803884e-01,1.322905041627652e+00,1.556202659617237e-01,2.650586868035037e+01,1.579184291094005e+01,2.003224487242359e+00,1.547837767443260e+01,4.352695036868975e-01,1.345397568216793e-01,2.815248912613732e+00,4.565309852442367e+02,2.831721303458241e+02,1.801717682467243e-01,5.630955451938087e+01,3.886888996960853e+00,3.032704775271081e+02,1.239844008080633e+01,2.561204747889284e+01,8.452054345442768e+00,3.473813967224793e+00,1.613653685867104e-02,3.713451275004250e+00,2.460294403803006e+00,1.056948918825003e+00,3.897258648312190e+00,2.244117549107190e+00,3.942821790970156e+00,2.022894309499762e-01,3.461031057417122e+01,1.055283169366711e+00,5.762963432145262e-01,7.989100346209176e+00,1.257811121490224e+00,3.491999577791970e-02,8.808730350152009e-04,8.252300724616002e-02,3.402670944943745e-01,2.439282707899597e+00,4.627708264987909e-01,6.541089494031720e-01,1.879733451892238e-01,1.678622909753002e+01,8.017676597086704e-01,2.902814141193803e-04,9.155388008296522e+01,1.476095408165765e+01,2.578886686539549e+01,3.569238515854778e-10,
-1.674740755867743e-03,-4.875867187214087e-03,-1.099674449075730e-03,7.823719812803324e-06,-2.231033677000345e-03,1.829274299946138e-01,1.609634776106542e-07,-1.706078690224071e-01,-2.897419135852738e-08,-5.729215426323314e-08,-5.655479762917523e-09,-1.284645275819524e-07,2.172641532475065e-08,1.136098582664692e-08,-5.228688031693644e-07,-9.927493344251905e-10,-4.583489099103923e-09,-2.822735687488882e-09,-1.834197800182286e-01,7.590237403968859e-01,-1.918429825368910e-08,-4.439663129385931e-07,-6.550353329416195e-08,-1.025197614895303e-06,-4.144076401798351e-11,-7.495011686168953e-13,-1.089993438332924e-07,1.548466746763253e-07,-2.903926893149745e-12,-1.702817257688351e-09,-3.657391055028998e-11,-4.617215414942371e-11,-1.053665294482897e-12,-1.904020603997241e-12,-1.633772355668699e-12,-3.115638142064158e-16,-2.068014660389028e-14,-7.819698357982009e-18,1.364474660200197e-17,-6.794021714377470e-15,-8.502307979178719e-11,-1.629779662933808e-14,-1.235022493687862e-15,-4.508170001108414e-04,-3.064241909707181e-03,-4.878177610588380e-06,-7.647807291117584e-06,-4.670418077872902e-06,-2.537782332208847e-10,-3.152296931394483e-13,2.244537196238775e-19,3.583820984411268e-18,2.626536354429761e-22,1.942716487119216e-21,3.767824150432257e-22,6.966793808516059e-11,
-3.830256469750565e-03,-2.842251017421976e-02,-7.896348694155191e-02,9.680399165513298e-06,-1.051123667109661e-02,4.783287844033790e-01,-5.973471930381484e-06,-3.357678791910589e-01,-5.354321592032838e-08,-3.795435433664614e-08,-1.368279627668300e-08,1.533857265435563e-07,1.660004755249507e-07,-5.959102871334792e-07,-4.069288076506914e-07,-6.154261168465324e-10,-7.931306976122277e-09,-1.080660221472584e-10,-4.694865133181816e-01,1.734485679354004e+00,-1.838820729692265e-08,1.793620270336562e-06,-1.275141547628489e-07,-1.639008170679561e-06,-1.263413699463602e-10,-2.284237781271155e-12,1.029513001727615e-06,1.080956107196775e-06,-1.238998433607061e-11,-4.006317499965424e-09,-1.534663994409784e-10,7.488242870406913e-11,-3.507385648073857e-12,-3.198347676078819e-12,-3.755530561527645e-12,-3.732459834529910e-15,-1.396131687987627e-13,1.240909798816404e-14,1.991753163237269e-17,-7.240388508236413e-14,6.489342980820261e-11,-4.460733826301083e-14,-1.557547766970505e-15,-7.238227059308518e-04,-4.971159684797589e-03,1.756290526149723e-06,-4.155078034892928e-05,-2.595737171951581e-05,-6.321373299954537e-10,-1.249895188318159e-12,5.096646330091576e-17,8.442286069197997e-14,2.450807897121008e-13,1.088811723083931e-15,6.457047734504674e-14,6.451283951491860e-11,
-1.311462783014963e-02,-8.836093486400148e-02,-1.883849084461958e-01,2.849864387798227e-06,-2.784604584345307e-02,2.884510301674491e+00,-2.114320857171093e-05,-8.065923810634693e-01,3.140507573651429e-06,9.536692447132079e-06,1.420182377952102e-06,9.436945350218590e-05,3.497904955098232e-06,-1.602079691807706e-06,6.524074171922394e-05,2.302652982977518e-07,1.261689113983067e-06,7.651016316485123e-07,-1.087733911799954e+00,6.721468931781875e+00,8.487425598751488e-07,7.655700523792386e-05,1.268737813782748e-05,3.529808141985100e-04,1.495611299758264e-05,3.362993603834130e-08,1.587683899910714e-05,6.335558447359685e-06,1.243465312934317e-07,4.720107886148127e-07,4.239968770305844e-06,5.333684327844122e-06,3.463181485814327e-06,4.437178071284653e-06,1.695651455623696e-05,6.386597318204925e-07,2.703996137389264e-05,2.859233460202256e-05,3.503987803577147e-09,1.691449099989519e-06,3.123410302743270e-10,4.706410212670706e-14,5.668606952875804e-15,2.700903436671448e-04,6.314368889383370e-03,5.758991107699921e-05,-2.325470773274574e-04,-1.498066942161682e-04,1.154505951211448e-06,2.749433975968100e-05,6.284010422285436e-06,3.393453936862133e-04,2.052064987150444e-04,2.691544327825564e-05,5.694151672969942e-05,1.394275805921552e-10,

