1
0
56
1
(4 0
((0,0) (15,255) (0,0))
((0,768) (15,1023) (0,0))
((0,512) (15,767) (0,0))
((0,256) (15,511) (0,0))
)
4
FabOnDisk: SD_5_Old_MF_D_0003 0
FabOnDisk: SD_5_Old_MF_D_0000 0
FabOnDisk: SD_5_Old_MF_D_0001 0
FabOnDisk: SD_5_Old_MF_D_0002 0

4,56
-7.782002922373231e+00,-1.772175364312610e+01,-2.687275453509103e+01,-6.143344891891389e+00,-8.564286655361041e+00,-8.611623515179815e+00,-1.115259050580632e+00,-6.289155107139204e+02,-2.489382843354838e-01,-7.636787134047203e-01,-8.726918297014395e-02,-1.382953381017921e+01,-1.234059788896452e+01,-1.471296562805039e+00,-1.013130665921998e+01,-4.577718944757913e-01,-7.390034871916962e-02,-2.724803103906391e+00,-1.371472347977594e+02,1.962752876893958e-14,-8.495187625270965e-02,-4.586977144335343e+01,-1.835849953653981e+00,-1.980774810277826e+02,-7.802556330660306e+00,-2.276266131810145e+01,-4.437489175273121e+00,-2.949968580036821e+00,-9.533497966284955e-03,-2.001339504873617e+00,-1.614295893071800e+00,-8.400938921101913e-01,-3.622684900453418e+00,-2.110106661365847e+00,-3.060361579023139e+00,-2.197102873837468e-01,-3.159959243086199e+01,-4.887903138213965e-01,-3.133834433028233e-01,-8.107626611024887e+00,-7.770500936940614e-01,-1.528838040175022e-02,-5.851979406766743e-04,-7.769736138553729e-02,-1.360705858992156e-01,-1.985439074579693e+00,-6.769053586990763e-02,-3.553628102053296e-01,-1.406934975073959e-01,-2.456895652950174e+01,-4.900530244114145e-01,-5.976980582257750e+02,-8.924819764995476e+01,-9.110530276696784e+00,-2.463323602028496e+01,-3.756213118322194e-10,
-5.523746587766437e-03,-3.030346279642099e-02,-9.181476283249951e-02,-1.037005775593281e-05,-1.107895391072400e-02,6.686234542654827e-02,-6.849535235548854e-06,-3.348046416390548e-01,-7.365898201157640e-08,-2.164841898688507e-07,-1.745797125630867e-08,-7.954361261326715e-07,-1.573121871896115e-07,-6.467934661155771e-07,-1.038402808823475e-06,-2.262939428553882e-09,-8.767208814953866e-09,-7.747482203098577e-09,-4.720675758205017e-01,3.031191455165581e-01,-5.946049496741996e-08,-6.044179842294978e-06,-1.234637389162034e-07,-2.949393915052182e-06,-1.258328400546457e-10,-2.244380293175167e-12,-3.134096617316894e-06,-8.514167341376947e-07,-1.260408900972186e-11,-3.877900942290796e-09,-2.315263702564777e-10,-6.705945757461250e-11,-3.517530521344563e-12,-3.592632086059059e-12,-3.537057858790341e-12,-3.665883060103936e-15,-1.358681091198432e-13,-4.688646678260910e-17,-2.523189152180391e-17,-7.279155581542579e-14,-1.025289052363677e-10,-4.718310778555804e-14,-2.304382352383502e-15,-7.248237801604476e-04,-4.961809523891336e-03,-1.409561023121421e-05,-4.306024271168714e-05,-2.714059539571826e-05,-6.060449552479044e-10,-1.202082223459091e-12,-1.070777528970294e-18,-6.705353750928755e-18,-2.681080246820018e-14,-7.014991888636754e-14,-1.952058495109073e-14,-6.551256759301793e-11,
-1.397379355627038e-02,-8.772218653740725e-02,-2.056753650967866e-01,1.724743345762642e-06,-2.789264544742025e-02,1.823125149286483e-01,-2.151727295596595e-05,-8.042649753278924e-01,-8.841805847327278e-08,-1.898601843517473e-07,-2.019428913780926e-08,-6.028334409702596e-07,-7.115431698083755e-08,-2.050294176824713e-06,-1.140894482033613e-06,-2.460906333389394e-09,-1.073669260205142e-08,-8.240785340959645e-09,-1.081899934614168e+00,7.583148324627763e-01,-6.586203084492377e-08,-5.400768135534355e-06,-2.871800495368335e-07,-3.189832393356700e-06,-4.522199782385357e-10,-7.923739668686760e-12,-1.711802478835615e-06,-7.162899558618082e-07,-5.861851206623714e-11,-1.205275774202254e-08,-8.192139077536316e-10,-5.798358658529678e-11,-8.044133345869028e-12,-4.841389987161256e-12,-7.155517354683126e-12,-2.427459660908397e-14,-7.281166028445646e-13,-7.947730784235891e-15,-2.174336126454823e-15,-4.151529953234062e-13,-9.262208642620387e-11,-7.457475582535230e-14,-2.583232075570481e-15,-1.217096621005696e-03,-8.450968279909559e-03,-1.224968997206879e-05,-2.278461111395846e-04,-1.468514260390217e-04,-1.676485786581250e-09,-4.058754318598544e-12,-3.536863898675861e-16,-4.012510149538290e-15,-3.234409690421416e-14,-1.065154994199710e-13,-2.390628831326520e-14,-6.727973733688941e-11,
-1.446427384166362e-01,-7.483603279556188e-01,-5.757579969890743e-01,-4.693892689029656e-04,-1.430593747800304e-01,4.781643322602364e-01,-2.580200843945412e-04,-3.747736266388211e+00,-2.086480838358233e-06,-6.261438033332878e-06,-8.521642262384226e-07,-5.574350215871946e-05,-1.674244401719434e-06,-2.611982809022577e-05,-4.042717517831102e-05,-1.609629989848605e-07,-8.973271386217095e-07,-5.284682363277315e-07,-4.246240116811326e+00,1.741079169520194e+00,-1.294630244022270e-07,-1.607660355903964e-05,-8.294384506785016e-06,-1.821570463502455e-04,-1.490529171295485e-05,-4.182270215730941e-08,3.580886658549560e-07,5.361293783307787e-07,-1.116282285799304e-07,-3.751117607868586e-07,-4.599209747374025e-06,-8.252025408988249e-07,-1.428839634171009e-06,-4.165041402705459e-06,-2.258965553508169e-05,-5.830656501552278e-07,-1.905979996980602e-05,-6.351927147102994e-06,-3.511973857899922e-09,-1.386842104368141e-06,-1.016893552856898e-08,-2.500762504480714e-11,-7.172200665188454e-13,-1.809101965181673e-03,-1.021114177325018e-02,-2.883983961648392e-06,-1.374628916078222e-02,-9.143410964315955e-03,-7.736959546497359e-07,-2.197593239176138e-05,-2.623955468103132e-06,-5.909345374168904e-04,-1.357133443930434e-04,-2.960030829667780e-05,-3.783727907592792e-05,-1.186108988804335e-10,

4,56
5.497237874257562e+00,3.168996917068405e+01,4.432806675652355e+01,7.718935638324889e+00,1.319415880207758e+01,3.151542793180166e+02,6.327973628095213e-01,-3.466429143728078e-09,5.733917806215104e-01,1.318439460749235e+00,1.553820634101528e-01,2.660003120149016e+01,1.578226006120786e+01,2.005812031462542e+00,1.542588944013291e+01,4.308877005225978e-01,1.345803128171372e-01,2.817628743719693e+00,4.563315263049356e+02,2.830810409421587e+02,1.793457396548773e-01,5.612723049093886e+01,3.882230164973701e+00,3.029536694345286e+02,1.242733797104467e+01,2.547336948172624e+01,8.448771585481012e+00,3.469716868397946e+00,1.615973924955496e-02,3.738062513692608e+00,2.470005968979378e+00,1.052933268418812e+00,3.879957758351515e+00,2.236958032548422e+00,3.939379479280036e+00,2.038411181297992e-01,3.465446147138471e+01,1.063932520734177e+00,5.806717636713132e-01,7.976054439905607e+00,1.252463195432731e+00,3.525068446577239e-02,8.819145554191615e-04,8.265861306066251e-02,3.391823801557741e-01,2.431470054200032e+00,4.626916565670793e-01,6.535240499487829e-01,1.885189611978598e-01,1.679628846771951e+01,8.101570648841049e-01,2.480429384411809e-04,9.163715338825656e+01,1.471934781010359e+01,2.580505575140397e+01,4.361027095001191e-10,
-1.670346412622326e-03,-4.225500942737773e-03,2.201603124578552e-03,7.863376192497905e-06,-1.750508455688905e-03,1.829456355482598e-01,3.945153571562758e-07,-1.716912646349932e-01,-2.956936924731824e-08,-6.116043033822952e-08,-5.687883888759653e-09,-1.617555748511118e-07,1.523899132084884e-08,3.466850339075599e-08,-6.327461847015310e-07,-1.132405413738959e-09,-4.168601467430529e-09,-3.448905524103933e-09,-1.854228108277556e-01,7.608451230697941e-01,-1.677564843962804e-08,-1.950641657545602e-07,-6.129455077540041e-08,-7.831848341372437e-07,-3.793904062859511e-11,-6.843615678994303e-13,-1.066737212375299e-07,1.762028965645419e-07,-2.707387941554639e-12,-1.606852592778240e-09,-3.935937997331356e-11,-4.888999547878171e-11,-9.770400313953260e-13,-1.941863056774219e-12,-1.424916667728693e-12,-1.765875583723104e-16,-1.534113201085157e-14,-5.883217656551344e-18,1.759976193916054e-17,-3.991205714836755e-15,-8.781148120459529e-11,-1.593962673595318e-14,-1.212536665215326e-15,-4.514202079892396e-04,-3.063848479066585e-03,-2.636449302672220e-06,-7.133497998352506e-06,-4.352336437860396e-06,-2.306367349103830e-10,-2.611682627350096e-13,2.663276104577912e-19,4.640740094451753e-18,4.270834660094177e-22,4.778192135955103e-21,5.421828024097349e-22,5.941691930133608e-11,
-3.816381144935839e-03,-2.810357049807366e-02,-7.733707535835264e-02,9.766678249425395e-06,-1.032984864863277e-02,4.760265088995415e-01,-5.865590714383150e-06,-3.358527867119455e-01,-5.354898451821966e-08,-3.529566661762582e-08,-1.351256457532063e-08,1.448973937661290e-07,1.507997344593476e-07,-5.856709873267015e-07,-4.676036272308745e-07,-6.830366829015819e-10,-8.108498588876987e-09,-4.045496742490872e-10,-4.702699201138558e-01,1.733157416417237e+00,-1.440396684895605e-08,2.194178705420313e-06,-1.227414105957260e-07,-1.287184055023771e-06,-1.234735491722509e-10,-2.242370703893989e-12,1.120813293775345e-06,1.119591909756521e-06,-1.237727011726598e-11,-3.889898269282429e-09,-1.549759949330488e-10,7.326229660272122e-11,-3.523427001270796e-12,-2.886473521972783e-12,-3.579083805584461e-12,-3.662617374499042e-15,-1.362512646165761e-13,2.273239904379152e-15,2.604889197494236e-17,-7.086754328250331e-14,6.211757166680779e-11,-4.414897639436535e-14,-1.647162260650714e-15,-7.255509959186408e-04,-4.970465353323981e-03,2.939149610268582e-06,-4.119540598625704e-05,-2.569565253144053e-05,-6.074290816793827e-10,-1.203097633062655e-12,4.302193159901887e-17,1.479398944609887e-14,4.991401875727932e-20,1.160211132225550e-16,1.423539698839512e-20,7.734268780978937e-11,
-1.301064334928522e-02,-8.758669038841899e-02,-1.854696523345563e-01,3.047393554742818e-06,-2.754701813859483e-02,2.886898213358493e+00,-2.085766214766437e-05,-8.075796313266265e-01,2.002362122740924e-06,6.157295826453878e-06,1.408407465782887e-06,1.137269502710822e-04,2.642527807152219e-06,-2.038761290424968e-06,4.277467956365426e-05,1.478150565318506e-07,7.992806766949091e-07,4.768930682560603e-07,-1.086894270583210e+00,6.723554682342722e+00,7.060458923870769e-07,6.003356492912309e-05,1.351950644512227e-05,5.755936777571638e-04,1.404571207163483e-05,5.829671511851045e-08,1.378595509553522e-05,5.297139782533747e-06,7.816260418596243e-08,3.119440557175077e-07,2.690937031350387e-06,3.515535167765398e-06,3.774075158339472e-06,7.085091868498043e-06,2.107483450427317e-05,6.967633540229051e-07,2.232044807902672e-05,3.686818938781484e-05,2.415185459941931e-09,1.214060899811295e-06,3.072513941971975e-10,2.602498773419724e-14,5.934138496618982e-15,1.618712982437728e-04,6.546014544896486e-03,5.737442748630028e-05,-2.305212605666442e-04,-1.484113984055958e-04,8.617545831191858e-07,2.002552440637649e-05,9.890982341734804e-06,2.890505273996727e-04,1.755565187287145e-04,4.421684395628153e-05,4.884466634605431e-05,1.481894607024969e-10,

