1
0
63
1
(4 0
((0,0) (15,255) (0,0))
((0,768) (15,1023) (0,0))
((0,512) (15,767) (0,0))
((0,256) (15,511) (0,0))
)
4
FabOnDisk: SD_0_New_MF_D_0003 0
FabOnDisk: SD_0_New_MF_D_0000 0
FabOnDisk: SD_0_New_MF_D_0001 0
FabOnDisk: SD_0_New_MF_D_0002 0

4,63
-1.011557843269142e-06,1.840060783648485e+00,1.577177507712620e-01,9.287669525045832e-22,3.912027072386379e-20,4.720631454828573e-16,1.558973768774699e-10,1.445711767388924e-07,3.139595229744114e-08,6.346806684252683e-11,2.858803491228537e-03,0.000000000000000e+00,4.884393919921776e-26,3.252302782396417e-27,1.941734679661632e-12,1.150597418912154e-10,1.390707540401176e-21,1.463896341169030e-10,9.122731215070785e-16,9.428792891575232e-27,1.234876103128250e-11,9.630493789318792e-09,7.639940208330132e-10,3.879061047252489e-32,8.703339002378793e-11,1.430329637964445e-23,8.707132563556022e-10,0.000000000000000e+00,0.000000000000000e+00,1.207680119096676e-25,8.448412411391169e-12,3.318530797704091e-19,1.153845567734653e-21,1.777728481038788e-12,0.000000000000000e+00,0.000000000000000e+00,0.000000000000000e+00,0.000000000000000e+00,0.000000000000000e+00,0.000000000000000e+00,0.000000000000000e+00,0.000000000000000e+00,0.000000000000000e+00,1.794869283834442e-14,1.049358470683077e-16,2.876539763359681e-18,5.299799446799278e-15,1.717443135215781e-15,7.106938774788446e-14,1.651167763599611e-14,2.975152370018397e-14,2.265568605407034e-30,0.000000000000000e+00,0.000000000000000e+00,0.000000000000000e+00,0.000000000000000e+00,0.000000000000000e+00,0.000000000000000e+00,1.131449168637605e-01,3.582099254813105e+03,0.000000000000000e+00,4.430001981939334e+02,1.013178673728061e+05,
-1.417280178479168e-07,5.399625092723747e+00,1.460895125048249e-01,6.113961881547026e-06,5.837824868273560e-05,4.695170768015911e-04,1.349829829449817e-07,5.707398935119161e-05,1.235231512699742e-02,1.211155730563097e-08,1.184762532041966e-03,5.127957604355499e-11,2.717814674819958e-10,2.296564193271724e-11,1.087337490618796e-09,2.978958030134786e-10,8.730806163015024e-10,1.628359719897049e-09,3.548130051161973e-12,1.173318300806533e-11,1.250414762359903e-11,3.571255178716605e-03,2.344018355987255e-02,8.753640685890806e-11,9.033557592848120e-09,1.003099990249990e-10,3.368362200559621e-09,0.000000000000000e+00,0.000000000000000e+00,2.996323991755088e-09,1.623095955375774e-09,2.990467313296146e-15,2.182774884351723e-12,0.000000000000000e+00,2.326155453518792e-13,2.107324035194290e-15,0.000000000000000e+00,0.000000000000000e+00,0.000000000000000e+00,0.000000000000000e+00,0.000000000000000e+00,0.000000000000000e+00,0.000000000000000e+00,7.821422388804370e-14,1.740290690999890e-17,1.196013306013140e-18,5.882233981530422e-07,4.000640656267833e-06,1.797978071617160e-08,1.334818775930757e-08,8.162047509001309e-09,4.254547148960954e-13,0.000000000000000e+00,0.000000000000000e+00,0.000000000000000e+00,0.000000000000000e+00,8.003149499711570e-14,0.000000000000000e+00,1.047771303685328e-01,7.926420530377035e+03,0.000000000000000e+00,2.331035751098741e+03,1.013249977794923e+05,
-2.381568356922743e-07,5.330686883476057e+00,1.469291345423211e-01,7.196047160182663e-06,6.937555431138390e-05,5.058904335042842e-04,1.327184412596035e-07,6.109703873409568e-05,1.235468416099994e-02,1.457212332555103e-08,1.323326588251558e-03,8.150851133204597e-11,3.928040059670663e-10,3.426668245504769e-11,1.510019618905332e-09,3.794867274008337e-10,1.127888889216663e-09,2.350940239636491e-09,5.143086022676289e-12,1.759668373803981e-11,1.780856576914215e-11,3.778967947692937e-03,2.305383396415418e-02,1.280630217052565e-10,1.260028064053194e-08,1.653297380300633e-10,5.010384698021361e-09,0.000000000000000e+00,0.000000000000000e+00,4.186712178763665e-09,2.194032602895646e-09,1.982622833045807e-15,3.975725719967714e-12,0.000000000000000e+00,6.334629974826918e-13,0.000000000000000e+00,0.000000000000000e+00,0.000000000000000e+00,0.000000000000000e+00,0.000000000000000e+00,0.000000000000000e+00,0.000000000000000e+00,0.000000000000000e+00,1.390548559141303e-13,3.859208375449681e-17,2.403976073580386e-18,9.302997529818430e-07,6.352291810329820e-06,2.484079734374179e-08,2.828146048311848e-08,1.745545440715246e-08,7.238213539869445e-13,0.000000000000000e+00,0.000000000000000e+00,0.000000000000000e+00,0.000000000000000e+00,0.000000000000000e+00,0.000000000000000e+00,1.053818479433004e-01,7.836104728175931e+03,0.000000000000000e+00,2.291808992898305e+03,1.013249971861848e+05,
-9.246619411624343e-07,5.079997855270618e+00,1.490464394216048e-01,1.040857172785474e-05,1.011427510496836e-04,5.931328001102145e-04,1.327264599551031e-07,7.159515306661043e-05,1.233495625906696e-02,2.218027566881383e-08,1.660654210871836e-03,1.370756175734982e-10,4.159932184104243e-10,5.036315433467321e-11,1.391050126777362e-09,1.985172358340141e-10,1.888564543094218e-09,2.861323912721361e-09,5.469692022904980e-12,2.614717467272219e-11,1.939119429955442e-11,4.283530774934516e-03,2.217644542365352e-02,1.317760104181021e-10,1.072418070108125e-08,2.995256778366817e-10,6.868185455321755e-09,0.000000000000000e+00,0.000000000000000e+00,2.992271851094808e-09,1.192016506252437e-09,1.871755101089829e-14,8.761108474253090e-12,0.000000000000000e+00,0.000000000000000e+00,0.000000000000000e+00,0.000000000000000e+00,0.000000000000000e+00,0.000000000000000e+00,0.000000000000000e+00,0.000000000000000e+00,0.000000000000000e+00,0.000000000000000e+00,4.660912569382434e-14,8.312043787278583e-17,2.878083276940652e-18,1.550265813142911e-06,1.068478002729651e-05,1.791356947293865e-08,9.455458819937312e-08,5.970213507314578e-08,1.422003144710999e-12,0.000000000000000e+00,0.000000000000000e+00,0.000000000000000e+00,0.000000000000000e+00,0.000000000000000e+00,0.000000000000000e+00,1.069047974098343e-01,5.810437260469270e+03,0.000000000000000e+00,2.147309533484436e+03,1.013249841209507e+05,

4,63
1.013461829487273e-06,5.077695127194220e+00,8.373307512657383e-01,4.966759111915177e-05,4.455246677755325e-04,9.577355908847557e-04,1.182997891879370e-04,3.755251530180463e-04,1.294332169126528e-02,2.146128627522036e-05,1.827787831634686e-01,1.464997202301107e-06,6.636224180281573e-06,7.428223033729980e-07,2.358668941574761e-04,2.650834325492147e-04,2.008151122741464e-05,5.175067974590085e-04,1.479472777226863e-05,9.700676396027110e-07,6.793607688686106e-05,1.428124271602734e-02,2.217294866425094e-02,8.612858745665247e-07,6.452679018379478e-04,2.243563093743065e-05,4.625248822172689e-03,1.006964499880118e-04,4.631750710749737e-04,3.324108706271324e-05,1.151131445433894e-04,1.303667636657549e-07,3.233088928557372e-05,3.771179164526531e-05,1.279024053676805e-05,5.952316965698938e-05,3.209779137173176e-05,4.185860913830481e-05,3.096028786796750e-06,6.566784414672051e-04,1.064257961287324e-05,4.144637811196730e-06,1.168860206954224e-04,1.893653698554634e-05,6.766563826119067e-07,1.649033889521540e-08,2.496360080105282e-06,1.762526009725432e-05,3.066573957860552e-05,1.297947356807932e-05,1.675412894572606e-05,1.684849810248864e-06,4.511129688630703e-04,9.377979034190859e-06,5.259442524688521e-02,1.654762835036882e-03,1.452169265493385e-04,4.509812772961879e-04,6.019573546397233e-01,7.501391224333430e+04,0.000000000000000e+00,2.145950030449785e+03,1.013274436845978e+05,
1.347919548134095e-07,5.429291979844614e+00,1.469242509472221e-01,7.189354496618306e-06,6.930824140298165e-05,5.056792738304805e-04,1.366571031911696e-07,6.107291365126795e-05,1.235467307111021e-02,1.455679764335288e-08,1.322527703650836e-03,8.137022500960472e-11,3.923606064274974e-10,3.422541178267327e-11,1.508931050817687e-09,3.792533192855546e-10,1.126389172217790e-09,2.348501561544154e-09,5.138539981327462e-12,1.757850832196677e-11,1.779519771605061e-11,3.777765444511867e-03,2.360816747977798e-02,1.278823538783070e-10,1.258588182214605e-08,1.650690422629231e-10,5.008156334837148e-09,6.439565055388914e-13,2.979349903485047e-15,4.181752938236496e-09,2.191857178172123e-09,1.024027643674981e-14,3.966912817842588e-12,2.247842695217187e-13,2.571137947598773e-12,8.515322023939781e-14,3.064772153645132e-13,6.891174712052804e-13,1.179845642199081e-14,6.199569411563585e-13,4.819550032592389e-12,1.268282229237777e-17,6.968879224926204e-15,1.387897554429713e-13,3.846965895684018e-17,2.397678833846730e-18,9.285184450837219e-07,6.339984555009617e-06,2.481246326063337e-08,2.817975842336406e-08,1.739174382521364e-08,7.226294840311651e-13,1.507768865720603e-13,1.941205879673163e-12,5.790190165793921e-12,2.594823336698536e-12,1.547159812324580e-12,6.875692167117880e-13,1.053783326910480e-01,7.960094423172124e+03,0.000000000000000e+00,2.346911450557822e+03,1.013250028841035e+05,
1.868362672224401e-07,5.399461520617362e+00,1.490329409257116e-01,1.038636077797696e-05,1.009265247887916e-04,5.926093017343126e-04,1.349732731054157e-07,7.152897264782938e-05,1.235696243782779e-02,2.212598011943329e-08,1.658567973866810e-03,1.368133302670331e-10,5.331377971629991e-10,5.030235939090118e-11,1.902218517802078e-09,4.061245625590875e-10,1.883233322092536e-09,3.223908805416953e-09,6.999169566302720e-12,2.611676800572137e-11,2.351326664584476e-11,4.280455858915885e-03,2.343921632506837e-02,1.761648857821644e-10,1.582383888173268e-08,2.988644036055368e-10,7.217917019252212e-09,4.706180679942206e-13,7.185872684628913e-15,5.177728311669207e-09,2.500335924171436e-09,3.476825674087336e-14,8.732208928069426e-12,9.699560249869135e-13,3.430443014621140e-12,2.977798407958910e-13,1.024916251949297e-12,1.997244390773223e-12,4.495885165768336e-14,1.976941389162694e-12,6.439745047055783e-12,6.696909233573158e-17,3.431546744689342e-14,1.797105325582596e-13,8.289706894476875e-17,4.153377255598908e-18,1.547036331996829e-06,1.066192488243747e-05,3.017043585511090e-08,9.396061282622016e-08,5.931877875147337e-08,1.424315484567718e-12,3.602746226054319e-13,5.767421955279308e-12,9.108158093235337e-12,7.666221121064856e-12,1.615015893103080e-12,2.111059979764408e-12,1.068950827881253e-01,7.930782211321641e+03,0.000000000000000e+00,2.330943211909196e+03,1.013250035223256e+05,
1.171594280281253e-06,5.330265810425331e+00,1.576292858119930e-01,2.838643461557950e-05,2.634038571558009e-04,8.505042442076483e-04,1.895781120524936e-07,1.105055426317386e-04,1.235697287156683e-02,7.123073117682643e-08,2.847885489803246e-03,1.970432842918687e-10,5.617803692064212e-10,5.849285415095953e-11,1.938832758214136e-09,3.974906928545281e-10,6.811626210795579e-09,3.482234851388664e-09,7.365081905785324e-12,3.081957292745564e-11,2.451969294642375e-11,5.912923397639649e-03,2.305160032679387e-02,1.856435540619117e-10,1.602440987436067e-08,5.181677247969821e-10,8.116801069194153e-09,3.650015093061589e-12,3.045272773606953e-14,5.199220639809523e-09,2.488267906434650e-09,1.812751171817942e-13,2.216087475215258e-11,2.443247275661160e-12,3.212000431966566e-12,1.382581630209611e-12,2.559085026884098e-12,9.116441946593817e-12,4.032612180269548e-13,1.004007863018400e-11,1.483133132460523e-11,2.086490380032850e-15,7.826746990129777e-13,1.788704292266388e-13,1.172589756691894e-16,4.523302432539302e-18,2.495244790414518e-06,1.761306293306597e-05,3.024916068133922e-08,1.534367658256179e-06,1.042141541987844e-06,3.655578451417897e-12,8.567526750345052e-12,5.934932677914886e-12,1.199312688272731e-10,7.439233198126589e-11,1.337692572824759e-11,2.050358273694715e-11,1.130812759458366e-01,7.834982000857726e+03,0.000000000000000e+00,2.291563004405901e+03,1.013250184057576e+05,

