1
0
56
1
(4 0
((0,0) (15,255) (0,0))
((0,768) (15,1023) (0,0))
((0,512) (15,767) (0,0))
((0,256) (15,511) (0,0))
)
4
FabOnDisk: SD_5_New_MF_D_0003 0
FabOnDisk: SD_5_New_MF_D_0000 0
FabOnDisk: SD_5_New_MF_D_0001 0
FabOnDisk: SD_5_New_MF_D_0002 0

4,56
-7.583051045611667e+00,-1.652133485453352e+01,-2.618118042398523e+01,-6.022572893364179e+00,-7.986717789142043e+00,-8.074982193835364e+00,-1.155627887361508e+00,-6.276451044972409e+02,-2.637151160661320e-01,-7.877725037262858e-01,-8.994983775200235e-02,-1.378235399887856e+01,-1.229210157343624e+01,-1.383616050528735e+00,-9.458012374330705e+00,-4.529569464719299e-01,-7.126375310980218e-02,-2.754560911066682e+00,-1.321165112589683e+02,4.028488697141452e-17,-9.605768610445782e-02,-4.928175941837134e+01,-1.846739880860043e+00,-2.021516062376115e+02,-7.598688640304091e+00,-2.426719000106759e+01,-4.626384627693746e+00,-2.866274696574963e+00,-8.937869230040221e-03,-2.018030517996444e+00,-1.577882864346427e+00,-9.496973195173523e-01,-3.853969190879717e+00,-2.258145838821082e+00,-3.264355433349382e+00,-2.195265338416854e-01,-3.288310080211699e+01,-4.608846505849262e-01,-3.145277696375643e-01,-8.668174419374303e+00,-9.626696838465082e-01,-1.585710487480058e-02,-6.462675166144940e-04,-8.403100636529595e-02,-1.718253467377891e-01,-2.145546255546350e+00,-7.108053832060243e-02,-4.116001488406796e-01,-1.340589655543590e-01,-2.495894241001808e+01,-4.546538622320602e-01,-5.920678564470189e+02,-8.980788140628046e+01,-9.578975771831132e+00,-2.491442272673069e+01,-3.240074875066057e-10,
-4.134955892251191e-03,-2.984432387763735e-02,-8.800057947722800e-02,1.705429389853092e-07,-1.099128901247419e-02,1.024380582685838e-01,-6.629818180131017e-06,-3.334002481890433e-01,-9.032196277741882e-08,-3.448376078212805e-07,-4.108099096616020e-08,-4.417581153916134e-06,-2.712685729490116e-07,-6.616931962738121e-07,-2.217392613129396e-06,-6.090989538338842e-09,-2.306750127937367e-08,-2.070447461004179e-08,-4.723433027290133e-01,2.515556448449023e-01,-8.399834522264476e-08,-8.484568564371584e-06,-2.600885124700348e-07,-1.089897176481606e-05,-4.073749203950835e-06,-4.102559892856516e-09,-3.734958053689390e-06,-1.268940069267497e-06,-5.509662117589628e-09,-6.131867267253132e-09,-6.600171187127605e-07,-2.708292978167426e-07,-2.063096503256157e-08,-1.431323367451087e-07,-2.971029990957077e-07,-6.891524891697568e-09,-5.021243425784557e-07,-6.681891661279199e-06,-1.040827871337319e-11,-3.133059194634816e-09,-1.026611863793727e-10,-4.949645693023037e-14,-2.487154084967032e-15,-7.166388849324110e-04,-4.956897104033717e-03,-1.279481405988905e-05,-4.298049187100988e-05,-2.695076435490843e-05,-1.420201744481353e-09,-6.286000682439392e-08,-6.310701435041229e-06,-4.711303712263539e-06,-8.097788732314723e-07,-2.805683121738489e-07,-2.252745999958870e-07,-3.596287156959477e-11,
-1.220215527099677e-02,-9.093686260840179e-02,-2.003119081828978e-01,3.377593457681163e-06,-2.859869244359567e-02,1.833544776399419e-01,-2.232492108642628e-05,-8.082818033885129e-01,-1.988863123002587e-07,-6.141313597670221e-07,-9.512971487834549e-08,-5.301598884690507e-06,-1.578559357098320e-07,-2.215398050301136e-06,-4.831655450458584e-06,-1.357168120756724e-08,-5.944719790500917e-08,-4.800145794461211e-08,-1.116567393303398e+00,7.634957764939119e-01,-1.170443927023987e-07,-8.421997629309779e-06,-7.755455511099141e-07,-2.878152795944361e-05,-7.277646233684095e-06,-9.637362768351741e-09,-2.193656489408283e-06,-9.181043195632883e-07,-4.659826224527073e-08,-2.213357079881565e-08,-2.678021387733393e-06,-1.144917171680359e-06,-1.398079091021544e-07,-4.988309851557349e-07,-1.206647036700744e-06,-3.627363178458920e-08,-1.472793148069499e-06,-9.361225897658959e-06,-8.668854831966611e-11,-5.405121910585332e-08,-1.008480366747510e-10,-8.117409589965305e-14,-2.694580909067373e-15,-1.191271825285230e-03,-8.459812076018081e-03,-1.067384175654335e-05,-2.424805943606628e-04,-1.567494368440282e-04,-8.958148884880107e-09,-2.579127358731817e-07,-3.823408007477984e-06,-6.540869930963894e-06,-7.755742016685029e-06,-1.360010122377704e-06,-2.149763092231113e-06,-3.921291069630684e-11,
-1.415671837699320e-01,-7.459030421945667e-01,-5.598625087868220e-01,-4.736845066179667e-04,-1.391278818026558e-01,4.815208761451850e-01,-2.575837357679214e-04,-3.772989817379093e+00,-1.510364352920211e-06,-4.213187899806442e-06,-4.979262988276155e-07,-3.369830544184439e-05,-1.452915652933218e-06,-2.640599706038026e-05,-3.219583892867597e-05,-1.154791235985261e-07,-5.938952693502297e-07,-3.843091359174622e-07,-4.380514213808069e+00,1.794511716508095e+00,-1.192132350300646e-07,-1.283659814364451e-05,-4.638082216453561e-06,-1.923627686662824e-04,-1.748501930730624e-05,-4.174995976903767e-08,-5.446668256686234e-07,3.005840926586916e-07,-1.442712114754084e-07,-2.312856502515221e-07,-7.839399579909688e-06,-8.838895365021782e-07,-2.473575527959351e-06,-6.302599420022897e-06,-2.066391135880878e-05,-6.216649798648476e-07,-1.715913935154597e-05,-1.890756207223916e-05,-2.566233366969778e-09,-2.101159672966716e-06,-8.939168243118846e-12,-5.257506549222121e-13,-1.119352337994244e-14,-1.406154553606623e-03,-1.036861984103258e-02,3.652821295213191e-07,-1.329397744890480e-02,-9.263175709063062e-03,-4.326778807781677e-07,-1.404963088613398e-05,-7.650966058219150e-06,-2.243706061712625e-04,-1.466751653989558e-04,-3.178958900485903e-05,-4.088986157786588e-05,-1.946492966808933e-10,

4,56
5.589932401357506e+00,2.935111000198087e+01,4.325810357588878e+01,7.511006523896147e+00,1.358889824956343e+01,3.107664628898438e+02,6.314452527832390e-01,-9.412310861267592e-11,6.387853260391008e-01,1.413357637108078e+00,1.628677135160949e-01,2.599203901127225e+01,1.577726771371968e+01,1.896489952255154e+00,1.558989008379084e+01,4.123413989821678e-01,1.311118128964208e-01,2.708005463496891e+00,4.610859846919342e+02,2.790513707882631e+02,2.064842387239537e-01,6.135401242885881e+01,3.907800412831466e+00,2.992429229079136e+02,1.283317897640441e+01,2.558005516480160e+01,8.673398731557464e+00,3.544921129899910e+00,1.569901048406667e-02,3.814217922254933e+00,2.323850457128364e+00,1.104197069751113e+00,3.981172238713822e+00,2.357848119006995e+00,3.913555970556949e+00,1.984484122521542e-01,3.472635175321684e+01,1.019569850491164e+00,5.652214660621571e-01,7.928835349947849e+00,1.556212041615178e+00,4.179980015817637e-02,1.084945512028148e-03,7.675425089949740e-02,4.016500193973731e-01,2.474275539715425e+00,4.778913567975280e-01,7.066166498100840e-01,1.814611014429484e-01,1.629584192001647e+01,7.378119297143508e-01,9.311955031695612e-02,8.945360541471655e+01,1.462418095867732e+01,2.503095208194149e+01,8.354561487067258e-10,
-1.836609569050613e-03,-1.148464665175691e-02,-3.171159259144149e-02,6.408093666062288e-06,-6.033937393341321e-03,1.827851976141300e-01,-1.676182279735257e-06,-1.527505961029698e-01,-3.652278277541326e-08,-1.154529258515022e-07,-4.546081398762052e-09,8.141187858421494e-07,-7.854377168755951e-08,-1.855093741585816e-07,-8.935545209580963e-07,-7.937636670680193e-10,-2.262749516743275e-09,-4.421522694481649e-09,-1.525702128031792e-01,7.612618057489086e-01,-5.560847856296251e-08,-4.882702012003400e-06,-4.187207874637677e-08,2.971412293831164e-06,3.075799335970912e-06,1.459414033856436e-09,-1.681677952637590e-06,-7.789555812861824e-07,2.007771317449278e-09,-1.608321165293226e-09,1.238693095359673e-07,3.382402549306690e-07,8.874920394847783e-08,4.734342579568434e-07,1.120941965723518e-06,1.911872617500542e-08,9.716109209873232e-07,1.100596920450895e-05,1.969677355115111e-11,1.110595209513254e-08,-9.071094325429414e-11,-2.260617046389164e-14,-1.524571038321246e-15,-4.505898304875271e-04,-3.070880998839096e-03,-1.067983723736785e-05,-1.158704937781873e-05,-7.100009752070043e-06,5.009640233998381e-09,3.436910271641466e-07,5.758515654938605e-06,1.227443570333775e-05,3.843046412369713e-06,5.101637822393174e-07,1.066242096713618e-06,4.513455928445431e-11,
-3.710383138031280e-03,-2.994726281830722e-02,-8.824311192817272e-02,7.569731936029179e-06,-1.102695550452259e-02,4.793102314631534e-01,-6.654954645964332e-06,-3.344031178759673e-01,-5.389680880672964e-08,-3.081228900513835e-08,5.397136117967770e-09,1.573266730507404e-06,1.697333126744980e-07,-6.209958394711460e-07,-8.074609999949249e-08,6.909940413476659e-10,1.183729165614846e-09,4.530888202041512e-09,-4.737410941265658e-01,1.787664833621757e+00,-2.591897966584081e-08,5.031980515491547e-07,-5.116672475565942e-08,3.315991610920327e-06,1.932508392505164e-06,3.059604947260860e-09,1.125624126534859e-07,5.466368214769301e-07,1.616010278851759e-08,-3.014960864895272e-09,1.901243317351289e-07,1.109682865573629e-06,3.878143715097612e-07,1.252072616724295e-06,3.490750262038455e-06,8.890721518392868e-08,3.806127518278009e-06,1.377371442310590e-05,1.435209459414608e-10,7.048847587203695e-08,5.262119696380716e-11,-4.920534008818933e-14,-1.859362213180413e-15,-7.180273656602838e-04,-4.966856220319302e-03,3.361466916000353e-07,-4.320382541515657e-05,-2.709329055748964e-05,1.586060583388309e-08,8.572413233382237e-07,1.176301913133865e-05,1.906600833973405e-05,1.554235970356996e-05,3.348182224418664e-06,4.311386779829076e-06,4.521938379298263e-11,
-1.227399774859528e-02,-9.142660653278673e-02,-2.010349357102807e-01,3.291444810726681e-06,-2.872868874937260e-02,2.822224592221519e+00,-2.245982421994653e-05,-8.115940368623900e-01,2.140269495542835e-06,6.057669285959959e-06,8.331100671829963e-07,5.439703060535708e-05,2.891507713856367e-06,-2.049467605509413e-06,4.888878414247462e-05,1.521401597077300e-07,7.369350147402116e-07,5.326285979222797e-07,-1.120874205942335e+00,6.934546563752027e+00,7.099642340124434e-07,6.075363991914134e-05,6.493923185458107e-06,2.067844344150978e-04,9.035070740391263e-06,4.082665730736554e-08,1.595918227894060e-05,6.501473497183213e-06,6.829246332785487e-08,2.083079960187427e-07,2.274959075775929e-06,2.394707588067930e-06,2.336242336149373e-06,4.112269827831983e-06,1.797647372749953e-05,4.964782779785043e-07,1.399925723320922e-05,2.792921866129164e-05,2.760776596596196e-09,1.204072730542204e-06,3.751032025464161e-10,1.869675922312338e-13,1.018766798453350e-14,8.182226469080099e-04,5.545970666775901e-03,6.233578876851669e-05,-2.447021555258016e-04,-1.582175027268994e-04,4.861360294009946e-07,7.515860925967603e-06,1.566231614877281e-05,2.247708739489389e-04,1.148143106795921e-04,2.913318222782503e-05,3.184483086840076e-05,1.350768386032541e-10,

