1
0
56
1
(4 0
((0,0) (15,255) (0,0))
((0,768) (15,1023) (0,0))
((0,512) (15,767) (0,0))
((0,256) (15,511) (0,0))
)
4
FabOnDisk: SD_5_Old_MF_D_0003 0
FabOnDisk: SD_5_Old_MF_D_0000 0
FabOnDisk: SD_5_Old_MF_D_0001 0
FabOnDisk: SD_5_Old_MF_D_0002 0

4,56
-7.576132961984000e+00,-1.658831950594692e+01,-2.613843951641899e+01,-6.009573570088362e+00,-8.001256358884941e+00,-8.068215139898768e+00,-1.155447742765087e+00,-6.278605482941340e+02,-2.624804108991842e-01,-7.862006216184032e-01,-9.023968938631408e-02,-1.377738855554241e+01,-1.225999384873725e+01,-1.389018597243839e+00,-9.478554021597173e+00,-4.527507654696771e-01,-7.131542950666667e-02,-2.754431082904786e+00,-1.320492595672765e+02,4.351716469813693e-17,-9.645952883715186e-02,-4.928273127370353e+01,-1.850350450558523e+00,-2.024903748842248e+02,-7.546322963746919e+00,-2.427658861476714e+01,-4.629670940676206e+00,-2.865799353457411e+00,-8.949458788724642e-03,-2.019809879944091e+00,-1.579008832262365e+00,-9.523913187145796e-01,-3.844594396336839e+00,-2.252187530888627e+00,-3.254300598023940e+00,-2.194111330434719e-01,-3.286518932273826e+01,-4.618295947253009e-01,-3.137152467605801e-01,-8.670693853731171e+00,-9.592836031033867e-01,-1.583293971810436e-02,-6.457895763978486e-04,-8.373632997828742e-02,-1.735460093640952e-01,-2.145793365865505e+00,-7.109410861722935e-02,-4.099881505269021e-01,-1.330687261814084e-01,-2.482578765053336e+01,-4.505240031727099e-01,-5.944875757665632e+02,-8.918581742831556e+01,-9.629390191732039e+00,-2.476716812191140e+01,-3.401510184630752e-10,
-4.136887599516765e-03,-2.984215510387137e-02,-8.799355864286865e-02,1.708932189726006e-07,-1.099160318762728e-02,1.024047878448850e-01,-6.628564729105454e-06,-3.333357629416686e-01,-9.340629138485625e-08,-3.639645528469733e-07,-4.067045531453414e-08,-4.215709189324699e-06,-2.635041013913959e-07,-6.611898260362271e-07,-2.253109373641336e-06,-6.331023877184178e-09,-2.421690324736394e-08,-2.099039748364047e-08,-4.721949426836104e-01,2.512324563435580e-01,-8.652661554772886e-08,-8.513343605616026e-06,-2.747708204099920e-07,-1.135119418118980e-05,-4.916906545193569e-06,-4.743878675694168e-09,-3.716102401444301e-06,-1.265577366678124e-06,-5.916259079356492e-09,-6.751700071647794e-09,-5.233675672575237e-07,-2.597971771030640e-07,-1.999427721922873e-08,-1.728410805374904e-07,-3.207098612155213e-07,-8.479213206889863e-09,-5.757756129409737e-07,-8.079167590539563e-06,-1.167671584790640e-11,-3.611774821147068e-09,-1.029222195841294e-10,-4.944065985577621e-14,-2.484624556607342e-15,-7.165779487747377e-04,-4.956450532423257e-03,-1.279666569179046e-05,-4.296831159109900e-05,-2.694309750798336e-05,-1.598481874325122e-09,-6.197133520697307e-08,-4.740813865035002e-06,-5.470786308217184e-06,-8.181652603678659e-07,-2.389681985332424e-07,-2.269662046754558e-07,-4.310887757874582e-11,
-1.220183825536895e-02,-9.091727059406049e-02,-2.002827445488950e-01,3.383858224829227e-06,-2.859504215862271e-02,1.833689482148735e-01,-2.231859353966024e-05,-8.080944103033390e-01,-2.054939222633459e-07,-6.512346932013729e-07,-8.609235546770858e-08,-5.231909646229909e-06,-1.561433663123968e-07,-2.208275405249695e-06,-4.775625468179041e-06,-1.479087397380821e-08,-6.371338763054883e-08,-4.761334161608222e-08,-1.116243279351327e+00,7.632180665242220e-01,-1.140473800152810e-07,-8.352983203227896e-06,-7.110874588179069e-07,-2.708555528698767e-05,-5.175212230379415e-06,-8.305200517982127e-09,-2.116535934000575e-06,-8.809960658282256e-07,-4.455393896277987e-08,-2.064559575962434e-08,-2.847225567214582e-06,-6.839830736939766e-07,-1.388334529718243e-07,-5.191537647375182e-07,-9.989509869880711e-07,-4.147154951417648e-08,-1.553341930371220e-06,-7.314322089793832e-06,-9.515323248798526e-11,-5.132169268500189e-08,-1.003151899749079e-10,-8.122511143348586e-14,-2.693074762367399e-15,-1.191151744348512e-03,-8.458876017321426e-03,-1.067961085827299e-05,-2.423669704575421e-04,-1.566752762724204e-04,-8.028566954987107e-09,-3.113804070002724e-07,-3.980021816471706e-06,-5.987483969483071e-06,-6.675102641104362e-06,-1.431853579237335e-06,-1.853313538506652e-06,-3.877353993431143e-11,
-1.414623977644251e-01,-7.456742364059781e-01,-5.602208950995650e-01,-4.732194049404140e-04,-1.391581651244559e-01,4.814685518145198e-01,-2.574426525926795e-04,-3.770793080528647e+00,-1.212480520531485e-06,-2.776713334072512e-06,-7.476755185236161e-07,-5.770879529503615e-05,-8.360107605652439e-07,-2.644404872468253e-05,-2.568291919887049e-05,-8.438685706267150e-08,-5.027537886212371e-07,-3.059876181452245e-07,-4.377599774486147e+00,1.793996330114319e+00,-8.652653313973319e-08,-5.026558913050126e-06,-8.647488032867764e-06,-3.045532471536019e-04,-1.284369663147374e-05,-4.940945058911227e-08,-4.241694250031409e-07,3.353663277609681e-07,-9.909207868444679e-08,-2.536321148745674e-07,-5.523797562833869e-06,-1.394676908736599e-06,-2.038719541600473e-06,-4.481135967969952e-06,-3.015740383255246e-05,-1.106595808545969e-06,-2.818694621349752e-05,-1.983467777111468e-05,-3.507198646720441e-09,-3.243909199658999e-06,-5.732398536635326e-12,-5.180110579103773e-13,-1.090237858512285e-14,-1.406083005187631e-03,-1.036806371127093e-02,3.624182121527807e-07,-1.327726290967534e-02,-9.251550148739740e-03,-8.500623840623793e-07,-2.276179516128602e-05,-7.160379754993876e-06,-3.076956601966109e-04,-2.246247021775925e-04,-3.227178705448544e-05,-6.270184617808658e-05,-1.084069500834062e-10,

4,56
5.582203186886155e+00,2.938712847580923e+01,4.333413165432033e+01,7.473229931931963e+00,1.358221918763213e+01,3.110981146132183e+02,6.307716875723495e-01,-1.136685016944750e-10,6.416024960706974e-01,1.416506103434811e+00,1.613255862919505e-01,2.597966027798429e+01,1.573050850435936e+01,1.887259249192639e+00,1.560848940349231e+01,4.131427201044139e-01,1.311885808309932e-01,2.705268938678601e+00,4.613578796177919e+02,2.790328767800373e+02,2.075824012251715e-01,6.134438500239485e+01,3.902210216500173e+00,2.971446984458904e+02,1.283597622984328e+01,2.543928352850955e+01,8.603359283257348e+00,3.546963826293204e+00,1.559633181412822e-02,3.824855064476157e+00,2.330856329390764e+00,1.108113661234309e+00,3.971157460397596e+00,2.363456125390166e+00,3.878593967632145e+00,1.982233513901767e-01,3.485727441145615e+01,1.025050913100994e+00,5.549241726951820e-01,7.888349336566026e+00,1.552057831882396e+00,4.174263583894915e-02,1.083722305295137e-03,7.611679663646216e-02,3.999798754538812e-01,2.454639396978373e+00,4.791013129648489e-01,7.052983675611039e-01,1.782950764506273e-01,1.636124905699621e+01,7.373104152325093e-01,8.909304124950383e-02,9.007545300269678e+01,1.453137665085156e+01,2.521110786697824e+01,3.274180926382542e-10,
-1.834313081074865e-03,-1.148005147475098e-02,-3.169629696005995e-02,6.409041598203126e-06,-6.038439272279246e-03,1.827994883287532e-01,-1.675049958212429e-06,-1.526976436175679e-01,-3.510460236856351e-08,-1.261410700303505e-07,-4.002098205365586e-09,1.187234585802972e-06,-7.477192208912656e-08,-1.778595494795154e-07,-9.307843192864580e-07,-9.025457724925452e-10,-2.394680842669554e-09,-4.964629131546217e-09,-1.523650461533704e-01,7.610269993068642e-01,-5.643193898858777e-08,-4.855115124065469e-06,-3.981889702527441e-08,2.715330009087377e-06,2.350520423150568e-06,1.738813713811417e-09,-1.729611932189005e-06,-7.884574550742659e-07,2.674151307427384e-09,-1.451723164176552e-09,4.175320635511112e-08,3.260640795819570e-07,8.710161723531046e-08,4.771327649058120e-07,1.133835936607631e-06,1.819116426843017e-08,9.923748395899304e-07,1.006655279077500e-05,2.015650795653431e-11,1.139450300919918e-08,-9.109376415168036e-11,-2.259302133231572e-14,-1.524469986275905e-15,-4.505628224090136e-04,-3.070610758256705e-03,-1.068144615284610e-05,-1.158508810826689e-05,-7.098949086760391e-06,2.165962789989801e-09,1.596120409448607e-07,7.919438355424864e-06,1.263739496575931e-05,4.986874056000506e-06,6.575733444173337e-07,1.384257420995391e-06,3.968189665748412e-11,
-3.712105833078039e-03,-2.994500121474249e-02,-8.823554692648623e-02,7.570870578962431e-06,-1.102716162208856e-02,4.792580908184925e-01,-6.653713505143164e-06,-3.343280449590463e-01,-5.147587077835022e-08,-3.528090891962361e-08,5.944488695518749e-09,1.587697764665536e-06,1.428384190195064e-07,-6.202601974789554e-07,-1.451498752499949e-07,3.220943383404093e-10,1.620550829745218e-09,3.833901353167882e-09,-4.735648388379951e-01,1.787151357722307e+00,-2.861120198252166e-08,4.379478160144244e-08,-4.813367648866407e-08,4.946219014038877e-06,1.897960782735063e-06,3.462722132482532e-09,1.332335450472984e-07,5.450105214956325e-07,1.352665456725268e-08,-3.125555985457936e-09,3.335102967512758e-07,9.459869847611158e-07,4.153908333509006e-07,1.233304943651795e-06,3.301777460250317e-06,1.048605590653625e-07,4.522828312461774e-06,1.315207884739592e-05,1.803918788666103e-10,9.515676563336411e-08,5.243986798122138e-11,-4.915925208203430e-14,-1.863817515880203e-15,-7.179576008463810e-04,-4.966334938598446e-03,3.303431184664657e-07,-4.319192190995588e-05,-2.708541685193836e-05,1.553082801933719e-08,7.001492463339414e-07,8.505798233833996e-06,1.535203986161710e-05,1.466903028798689e-05,3.411251276792337e-06,4.073825594101329e-06,4.220829241674551e-11,
-1.227365157070366e-02,-9.140669386508081e-02,-2.010042030735143e-01,3.301199763730369e-06,-2.872503027684589e-02,2.821729888874903e+00,-2.245375774729798e-05,-8.114055479341935e-01,3.083966002274967e-06,8.399739399129953e-06,1.164117435714594e-06,7.489856928489565e-05,3.810300361116393e-06,-1.974926460633004e-06,6.592350683710729e-05,2.045622355719255e-07,1.035332537479933e-06,7.174197606100175e-07,-1.120550966056983e+00,6.929974006698103e+00,9.402165057294904e-07,8.143863044927649e-05,9.058405758315440e-06,2.961068936213929e-04,9.033576665814003e-06,5.286974027367826e-08,1.780759577615083e-05,8.224766288615433e-06,9.370040017732707e-08,3.556463062246938e-07,3.085214627250432e-06,2.428226618850156e-06,1.991967636849433e-06,3.048344410577411e-06,8.839530540625583e-06,7.214243657952186e-07,2.221079712904272e-05,3.801047088783600e-05,4.151277631315595e-09,1.870806346782705e-06,3.738431019537642e-10,1.875476680350146e-13,1.019541714817088e-14,8.150675852376254e-04,5.520147698260616e-03,6.233954089621128e-05,-2.445939076488452e-04,-1.581440779105885e-04,8.101264972693569e-07,1.859763332461820e-05,1.419529507306634e-05,3.211000683028323e-04,1.030408371272099e-04,1.886069016750795e-05,2.887059456732491e-05,1.315840769677834e-10,

