1
0
63
1
(4 0
((0,0) (15,255) (0,0))
((0,768) (15,1023) (0,0))
((0,512) (15,767) (0,0))
((0,256) (15,511) (0,0))
)
4
FabOnDisk: SD_0_New_MF_D_0003 0
FabOnDisk: SD_0_New_MF_D_0000 0
FabOnDisk: SD_0_New_MF_D_0001 0
FabOnDisk: SD_0_New_MF_D_0002 0

4,63
-5.229396863940698e-09,-1.757953573001191e-02,1.576672294145174e-01,5.872239027665979e-20,2.078541843638775e-18,1.005779564279436e-14,3.510256261060048e-09,1.240714954095618e-06,6.100180106386424e-07,1.439468420232875e-09,2.854784831675274e-03,0.000000000000000e+00,2.032119245383722e-23,1.429636450344347e-24,3.974479380953025e-11,1.163131428168205e-10,9.127065448150551e-20,1.754371571144730e-09,4.649692347832562e-14,5.940045000643691e-24,1.226396146242478e-11,2.171517471130710e-07,2.275311675623318e-08,2.292793307274288e-29,2.421769258264554e-09,1.373127888258447e-20,3.235250528397468e-09,2.226155183996205e-19,2.023920721971272e-14,6.231470475132788e-23,2.985650428965138e-10,2.014057994864271e-17,5.087776874190796e-19,2.296255312730885e-12,3.283391464971252e-16,6.993739878381277e-15,4.868321945451034e-15,6.067466180441824e-15,3.430120545652087e-23,2.659087679649668e-15,1.107614738593685e-18,7.591995961471860e-24,2.129736563408011e-15,9.410003184174611e-14,2.146820211697621e-16,6.114835346349454e-18,2.885381367289920e-13,9.363410777015568e-14,3.889902243770651e-12,9.050160334494624e-13,1.630700777089107e-12,7.938562646139281e-27,9.480549999957515e-15,0.000000000000000e+00,0.000000000000000e+00,0.000000000000000e+00,7.456280443588913e-21,0.000000000000000e+00,1.131096254401492e-01,4.111759720153945e+03,0.000000000000000e+00,4.430056785984334e+02,1.013238956559129e+05,
-6.669698997711196e-09,3.550208271405827e+00,1.460837117496266e-01,6.087585368242060e-06,5.813384874477630e-05,4.685733016887655e-04,1.349628071724641e-07,5.694291766173829e-05,1.235220250001363e-02,1.206278307955158e-08,1.183051576257374e-03,5.106665935998456e-11,2.713801342305454e-10,2.291144813149536e-11,1.086644057634770e-09,2.981061357655968e-10,8.684859615372992e-10,1.625629330060556e-09,3.541262685009531e-12,1.170221101206353e-11,1.249432112982934e-11,3.566737551163993e-03,2.343926771691526e-02,8.741331313251789e-11,9.036004799265585e-09,1.000012016205075e-10,3.366305844509453e-09,6.900048628626209e-14,1.247784273635152e-15,2.996161900262971e-09,1.624113106804299e-09,4.083917618003753e-15,2.173639086924930e-12,4.859567792706710e-14,8.155542609328784e-14,1.568983095232613e-15,3.168113885451536e-15,2.779463441255763e-15,9.563949583515076e-19,4.444548611290598e-17,1.669583296945501e-20,7.803478491644485e-22,2.119637894677579e-17,7.832920301359733e-14,1.734269121199988e-17,1.194435569113476e-18,5.871010373216131e-07,3.992800577252423e-06,1.800363503476728e-08,1.324650669196501e-08,8.099152138404390e-09,4.239677185023395e-13,6.967054508044933e-16,1.139781833547558e-24,0.000000000000000e+00,0.000000000000000e+00,0.000000000000000e+00,0.000000000000000e+00,1.047738557005254e-01,7.926843713240252e+03,0.000000000000000e+00,2.330898741639518e+03,1.013249624347853e+05,
-1.949430838810487e-09,3.481196158865339e+00,1.469359425818818e-01,7.204170358668912e-06,6.945596968298292e-05,5.061387546422967e-04,1.327002996425047e-07,6.112578803109800e-05,1.235470120950448e-02,1.459088116044561e-08,1.324275661697735e-03,8.157011013105151e-11,3.928599666999234e-10,3.428274516924345e-11,1.510041761874214e-09,3.790531661455896e-10,1.129474932801665e-09,2.351224769287580e-09,5.144827431485481e-12,1.760834570678101e-11,1.781367505251684e-11,3.780170402590898e-03,2.305415818721404e-02,1.280790987641898e-10,1.259884602136791e-08,1.656460610726003e-10,5.018931371968371e-09,1.274235780561594e-13,2.312749015717652e-15,4.185357895155463e-09,2.192606407992004e-09,8.716008969523536e-15,3.985427878615437e-12,1.034792564560860e-13,1.254418392298381e-13,3.221882234484779e-15,5.396538208515954e-15,4.840077267425103e-15,2.354489271957227e-18,1.001658256157647e-16,3.668806270848864e-20,2.174292223758756e-21,4.923496284168104e-17,1.387905428527860e-13,3.857964486064318e-17,2.401473555152163e-18,9.314140082225760e-07,6.360046255722740e-06,2.484572755429336e-08,2.837584093343329e-08,1.751489197470320e-08,7.254973673535103e-13,1.264825998665096e-15,2.038604607308038e-24,0.000000000000000e+00,0.000000000000000e+00,0.000000000000000e+00,1.639752581565607e-28,1.053869061496159e-01,7.834582107768257e+03,0.000000000000000e+00,2.291794857520711e+03,1.013249673436863e+05,
-2.434339366637061e-09,3.228620364866769e+00,1.490466378187700e-01,1.041317677337331e-05,1.011703578931134e-04,5.932179574135397e-04,1.327084193482426e-07,7.161443141324016e-05,1.234083227681068e-02,2.218649443866708e-08,1.660475813280274e-03,1.369386844239330e-10,4.155296239228736e-10,5.030166107511244e-11,1.389431303544687e-09,1.982714874141270e-10,1.888757366518489e-09,2.856543303561855e-09,5.464617350025068e-12,2.611698682329665e-11,1.933501206118870e-11,4.283147320747084e-03,2.215543517393789e-02,1.317407804544284e-10,1.070572705877400e-08,2.992306422982186e-10,6.853770596211178e-09,2.956260792081810e-13,5.340054992459626e-15,2.985577293130425e-09,1.188618699909482e-09,2.696547934709832e-14,8.750618900286234e-12,3.185826930916642e-13,2.940437864221624e-14,7.252465368331988e-15,7.979423402498658e-15,8.760445971671584e-15,9.279586660207172e-18,3.277540143291682e-16,1.110960889729722e-19,1.143700359131665e-20,1.739852156202210e-16,6.379178431746973e-14,8.289212466995407e-17,3.476095864680952e-18,1.547929162013021e-06,1.066862004692416e-05,1.785350025957817e-08,9.445961169531498e-08,5.964290678442017e-08,1.426888199711047e-12,2.828863793175291e-15,4.510539012176037e-24,0.000000000000000e+00,1.860243003732128e-27,0.000000000000000e+00,3.499208708496391e-27,1.069050332564720e-01,5.939355351566282e+03,0.000000000000000e+00,2.147691759088224e+03,1.013249346396462e+05,

4,63
5.251996889963707e-09,3.226282760703794e+00,8.373046125232667e-01,5.110320755684995e-05,4.650583478114125e-04,9.718110956375485e-04,1.192117965740398e-04,3.240447487486428e-04,1.315205224288888e-02,2.139284860990286e-05,1.827722999713040e-01,1.337126743561046e-06,6.276840188743976e-06,7.058118165982237e-07,2.312346535933266e-04,2.518330216423391e-04,2.065576436310323e-05,5.089499956616351e-04,1.445511155874889e-05,9.638088938243701e-07,6.643851253397565e-05,1.404724820757686e-02,2.215078831795558e-02,7.473666398695294e-07,5.909571460732394e-04,2.175339957007280e-05,4.447785615230087e-03,1.017340121451040e-04,4.411137492471903e-04,3.125902070537421e-05,1.158376554695157e-04,1.370560091065952e-07,3.220878656204832e-05,3.828141430194720e-05,1.153931262497519e-05,5.644497130828474e-05,3.026881722973891e-05,3.960581491328425e-05,3.143221049771780e-06,6.476168816073600e-04,1.098485953661126e-05,4.284546007584503e-06,1.163696850248086e-04,1.569637066475485e-05,6.673402435162567e-07,1.484229706316808e-08,2.488974072715005e-06,1.756584350428973e-05,2.939683582099705e-05,1.261295991013245e-05,1.644587804182946e-05,1.718238825730689e-06,4.566198478669869e-04,9.759538415208454e-06,5.259336664453587e-02,1.679728841727285e-03,1.387389165568017e-04,4.564730662730341e-04,6.019368061262274e-01,7.575470988978249e+04,0.000000000000000e+00,2.146375169027412e+03,1.013272046476419e+05,
6.463607101319916e-09,3.580447091203049e+00,1.469317864445450e-01,7.198168070854873e-06,6.939658305539120e-05,5.059516926482777e-04,1.367381883563055e-07,6.110382892280662e-05,1.235469718782596e-02,1.457743306084313e-08,1.323589237870810e-03,8.142210719818999e-11,3.923383240072370e-10,3.423145185296855e-11,1.508314267786405e-09,3.787736162647938e-10,1.128078186893079e-09,2.348078291975181e-09,5.137893841676683e-12,1.758149842460438e-11,1.779132132874948e-11,3.779128264046462e-03,2.361333729904431e-02,1.279043674519097e-10,1.258462787699943e-08,1.653283082369259e-10,5.011809333754443e-09,1.271086303057110e-13,2.307013701772317e-15,4.180629722316161e-09,2.190503239013981e-09,8.688679237839405e-15,3.975958221579828e-12,1.031587999059347e-13,1.252661939961508e-13,3.212866311774452e-15,5.386024250681906e-15,4.830015913329281e-15,2.345603739200730e-18,9.983115626955565e-17,3.657214118397245e-20,2.164968059375584e-21,4.906345646390544e-17,1.385343600403556e-13,3.846520261437185e-17,2.395521070019073e-18,9.298497772951245e-07,6.349234750965716e-06,2.482060040287844e-08,2.828629782100342e-08,1.745878183745875e-08,7.239938822357990e-13,1.261827833650392e-15,2.664553346665969e-24,2.070393719307695e-28,6.075791262259237e-20,3.253707638770040e-19,2.521257455031486e-20,1.053839243866742e-01,7.938312541398991e+03,0.000000000000000e+00,2.347083490198652e+03,1.013250180597469e+05,
2.309033920152743e-09,3.550040402330101e+00,1.490333828867381e-01,1.039147220753221e-05,1.009588014712555e-04,5.927062609095094e-04,1.349539621251700e-07,7.154983698137711e-05,1.235707005126229e-02,2.213332407006489e-08,1.658424764210019e-03,1.366610338936579e-10,5.323811287338278e-10,5.023623814950093e-11,1.899312416590790e-09,4.049145969614995e-10,1.883483142656221e-09,3.219103042982459e-09,6.988921556479359e-12,2.608149009860217e-11,2.347569989685477e-11,4.280121673231559e-03,2.343842253025135e-02,1.759255826720039e-10,1.580034967861386e-08,2.984951379968288e-10,7.207260877125643e-09,2.944659339650364e-13,5.319441485938536e-15,5.169515876539226e-09,2.490714198950745e-09,2.681869630469806e-14,8.720119468864327e-12,3.168493174788016e-13,1.477970227946620e-13,7.229324162485543e-15,8.888111424236016e-15,8.741015435786943e-15,9.217039312019532e-18,3.258808913102888e-16,1.104912952012269e-19,1.134073828764823e-20,1.729072219490656e-16,1.785075852105224e-13,8.267263085833936e-17,4.141299506877763e-18,1.544746433712716e-06,1.064610975126132e-05,3.011948055861990e-08,9.387693895267966e-08,5.926694085805953e-08,1.422593759487808e-12,2.818335280072087e-15,4.909387411581673e-24,1.010673175736975e-27,6.140690136352832e-20,3.874339787288477e-19,2.478737364603376e-20,1.068954903341300e-01,7.928405064744319e+03,0.000000000000000e+00,2.330819433427047e+03,1.013250173338066e+05,
3.290813743130021e-09,3.480826005358187e+00,1.575827677776271e-01,2.846446294398431e-05,2.636871301959959e-04,8.514774510836027e-04,1.895516035968817e-07,1.108084763206666e-04,1.235718118504794e-02,7.125980667096040e-08,2.844172746728135e-03,1.956868766036269e-10,5.602060302220673e-10,5.833755660593813e-11,1.930382896317937e-09,3.967642544872766e-10,6.826660333403515e-09,3.465790897303948e-09,7.343232375610189e-12,3.075545913208093e-11,2.444707130851199e-11,5.916133253152736e-03,2.305194951098505e-02,1.851471543673165e-10,1.599235717426756e-08,5.173432557434936e-10,8.056934685358929e-09,1.149378988176683e-12,2.010202559849357e-14,5.189703913082790e-09,2.484001347390549e-09,1.809201113138939e-13,2.207231781517406e-11,2.273208237119612e-12,1.453106947770715e-13,1.192096482152697e-14,1.039800637516264e-14,1.211673949034755e-14,1.197315887845910e-16,2.631714177421365e-15,1.091834033078119e-18,3.883172772299982e-19,2.096834088598181e-15,1.782917498680743e-13,1.979625546153969e-16,5.644693208457373e-18,2.488193712132297e-06,1.755181831099087e-05,3.019700690802404e-08,1.528761377420830e-06,1.037368755138248e-06,3.648514841244518e-12,9.735121108081128e-15,1.682265234506584e-23,2.152253864590035e-22,5.185430600577940e-20,5.399614874707976e-19,1.723013516141892e-20,1.130488375399570e-01,7.833476958881694e+03,0.000000000000000e+00,2.291553380607849e+03,1.013250872486243e+05,

