1
0
63
1
(4 0
((0,0) (15,255) (0,0))
((0,768) (15,1023) (0,0))
((0,512) (15,767) (0,0))
((0,256) (15,511) (0,0))
)
4
FabOnDisk: SD_0_Old_MF_D_0003 0
FabOnDisk: SD_0_Old_MF_D_0000 0
FabOnDisk: SD_0_Old_MF_D_0001 0
FabOnDisk: SD_0_Old_MF_D_0002 0

4,63
-1.374272952144031e-08,1.690288878326368e-01,1.576708640364960e-01,6.572664149280792e-20,2.279895339215405e-18,1.091809475524348e-14,3.797647252941772e-09,1.344219626987400e-06,6.594676839620172e-07,1.557405579730197e-09,2.855227434317534e-03,0.000000000000000e+00,2.382419589854320e-23,1.680151197373969e-24,4.297464433474248e-11,1.170100890052606e-10,1.010748258668947e-19,1.761486634671058e-09,5.071705423725657e-14,7.002505624741288e-24,1.231040925654121e-11,2.349328373063948e-07,2.469055217734885e-08,2.698907092233569e-29,2.625708005596998e-09,1.618551043844040e-20,3.252210218447172e-09,2.480545588073508e-19,2.024672390886991e-14,7.110285585675488e-23,3.247303633302354e-10,2.202032938211410e-17,5.929774204521807e-19,2.297303799731038e-12,3.588945579967704e-16,7.042607303751348e-15,4.901955716779224e-15,6.127135998308167e-15,3.485970213482683e-23,2.660586885512430e-15,1.108437471901579e-18,7.838648266579317e-24,2.131416758788841e-15,9.691438561413527e-14,2.212456102822329e-16,6.307115648532260e-18,3.152729788012695e-13,1.023108827916731e-13,4.250482095712359e-12,9.889172292199728e-13,1.781877926535249e-12,7.439412393374591e-27,9.326602028790936e-15,0.000000000000000e+00,0.000000000000000e+00,0.000000000000000e+00,1.122252378715388e-20,0.000000000000000e+00,1.131122539784425e-01,4.116652394299364e+03,0.000000000000000e+00,4.430062961715413e+02,1.013237500238626e+05,
-1.035359308698978e-08,3.739480539793749e+00,1.460833425128085e-01,6.086542495344285e-06,5.812376268766584e-05,4.685347102126305e-04,1.349624330871889e-07,5.693714990433372e-05,1.235222009636151e-02,1.206074410298614e-08,1.182985501251162e-03,5.104425615548561e-11,2.712893428805707e-10,2.290302151093314e-11,1.086319412428583e-09,2.980241750210835e-10,8.682868529313147e-10,1.625053714164367e-09,3.539994239989376e-12,1.169770542236972e-11,1.249032028565078e-11,3.566616800535972e-03,2.343919561695363e-02,8.738561254075787e-11,9.033755660356373e-09,9.997156629553658e-11,3.365525545338744e-09,6.897107718100919e-14,1.247227892595650e-15,2.995345444848134e-09,1.623683043020538e-09,4.081811476816503e-15,2.172887547883023e-12,4.857195684209171e-14,8.153282548615384e-14,1.568165533662298e-15,3.166915798401777e-15,2.778402755831580e-15,9.557161539922338e-19,4.441911306346465e-17,1.668645190226430e-20,7.797334692625434e-22,2.118367267976901e-17,7.830894663777850e-14,1.733471447107443e-17,1.193995285916402e-18,5.869887289345512e-07,3.992028157784344e-06,1.800204628341408e-08,1.324076193855442e-08,8.095620997940833e-09,4.238465579601103e-13,6.964389016395002e-16,1.139362082335299e-24,0.000000000000000e+00,0.000000000000000e+00,0.000000000000000e+00,0.000000000000000e+00,1.047736129897252e-01,7.926843296685760e+03,0.000000000000000e+00,2.330890826462539e+03,1.013249604369010e+05,
-4.922722527822777e-09,3.670451522930769e+00,1.469363669913009e-01,7.204510135586001e-06,6.946009021308830e-05,5.061508860211467e-04,1.327004919362840e-07,6.112660486975542e-05,1.235470779927157e-02,1.459188381782110e-08,1.324340987456728e-03,8.157118576419296e-11,3.928547830694401e-10,3.428261775038841e-11,1.510007647999942e-09,3.790348847973874e-10,1.129553139184475e-09,2.351222891779240e-09,5.144785404511587e-12,1.760838273575062e-11,1.781361389071218e-11,3.780262734868795e-03,2.305411059348204e-02,1.280779567136569e-10,1.259860196701136e-08,1.656593470134569e-10,5.019039976958003e-09,1.274350760619574e-13,2.312946018922527e-15,4.185264076451868e-09,2.192523717183377e-09,8.717707611666809e-15,3.985919029292939e-12,1.035123078070951e-13,1.254418169107121e-13,3.222169340835187e-15,5.396680948045605e-15,4.840359465653371e-15,2.354883828053266e-18,1.001808630767836e-16,3.669315762469090e-20,2.174747501993035e-21,4.924348727587751e-17,1.387957496049850e-13,3.858399318677938e-17,2.401656758735669e-18,9.315416115635643e-07,6.360908756600636e-06,2.484686728969179e-08,2.838283785461740e-08,1.751922294224851e-08,7.255797048438587e-13,1.264977985080043e-15,2.038771512507399e-24,0.000000000000000e+00,0.000000000000000e+00,0.000000000000000e+00,0.000000000000000e+00,1.053872177427188e-01,7.834553389344488e+03,0.000000000000000e+00,2.291789618208436e+03,1.013249673149641e+05,
-7.341463313806509e-09,3.417728479921391e+00,1.490469165210830e-01,1.041372186539781e-05,1.011744882913825e-04,5.932275617763737e-04,1.327086965906491e-07,7.161589446977890e-05,1.234085555658255e-02,2.218754103771033e-08,1.660519442692255e-03,1.369445536526353e-10,4.154181303433751e-10,5.030298989727066e-11,1.389093086179577e-09,1.982017937723535e-10,1.888878037115178e-09,2.855923875811325e-09,5.463124985487963e-12,2.611762900061498e-11,1.933091125467773e-11,4.283206421410107e-03,2.215521327519013e-02,1.317031248496442e-10,1.070281944218709e-08,2.992552116124249e-10,6.852887963175082e-09,2.956597761478234e-13,5.340621828490067e-15,2.984478913090310e-09,1.188168097399629e-09,2.696942139742017e-14,8.751508724208958e-12,3.186259143201947e-13,2.938413983416716e-14,7.253051455503443e-15,7.977718343445252e-15,8.761093779991823e-15,9.281190349025511e-18,3.278043718808733e-16,1.111125173211072e-19,1.143943330061835e-20,1.740123867291336e-16,6.411684804934458e-14,8.289873650532634e-17,3.491046478527667e-18,1.548019132071855e-06,1.066922108472161e-05,1.784878077604639e-08,9.447386570128166e-08,5.965204468849212e-08,1.427031256945110e-12,2.829188220848782e-15,0.000000000000000e+00,0.000000000000000e+00,2.033666769269015e-27,6.109112874727311e-27,3.747182320074980e-27,1.069052377491644e-01,5.937828621028732e+03,0.000000000000000e+00,2.147631953052844e+03,1.013249219558614e+05,

4,63
1.375023559526909e-08,3.415390591650739e+00,8.373018810286186e-01,5.113622771949646e-05,4.651876690928589e-04,9.718305545865232e-04,1.191512965064477e-04,3.228591607132534e-04,1.315887171504122e-02,2.138953272362281e-05,1.827716341411144e-01,1.339412578481836e-06,6.273388570464832e-06,7.061973777261039e-07,2.309377531497700e-04,2.514503286524907e-04,2.066800329040876e-05,5.088925219376253e-04,1.442545407437466e-05,9.637412384355205e-07,6.639176395039486e-05,1.404551817559159e-02,2.215056340744069e-02,7.467705598526915e-07,5.903133608101915e-04,2.176403134899843e-05,4.441193322485703e-03,1.015120327632527e-04,4.404221257721448e-04,3.123543403153234e-05,1.159048870003735e-04,1.370632799984809e-07,3.215000256098884e-05,3.822016958002108e-05,1.150286466817592e-05,5.635801144624917e-05,3.019950794015847e-05,3.945815182341287e-05,3.139977443984171e-06,6.469216245695907e-04,1.092840271242984e-05,4.279665876832760e-06,1.161923930421400e-04,1.566015596460396e-05,6.688508031821931e-07,1.484336189462249e-08,2.489098212284929e-06,1.756512710413553e-05,2.933198332593942e-05,1.260128087670194e-05,1.643412506218921e-05,1.718369319397711e-06,4.563294552263767e-04,9.760216715869100e-06,5.259324785777118e-02,1.678011177204635e-03,1.382431658710192e-04,4.560711859315984e-04,6.019346824472159e-01,7.574948876272290e+04,0.000000000000000e+00,2.146317496652989e+03,1.013269854707565e+05,
6.055438626954304e-09,3.769754189288798e+00,1.469322271152848e-01,7.198549002064903e-06,6.940114748706443e-05,5.059653449522829e-04,1.367426797088350e-07,6.110481665432734e-05,1.235470279234855e-02,1.457852814810553e-08,1.323657082001886e-03,8.142318067632530e-11,3.923316579817080e-10,3.423123809658648e-11,1.508272640126197e-09,3.787528174443124e-10,1.128163014929785e-09,2.348070725379145e-09,5.137836867862458e-12,1.758150232275797e-11,1.779118554368177e-11,3.779224984301719e-03,2.361343641774238e-02,1.279026731311695e-10,1.258429886980342e-08,1.653413419450050e-10,5.011889723433632e-09,1.271202369812830e-13,2.307212298077183e-15,4.180511783464706e-09,2.190403788862188e-09,8.690453402655561e-15,3.976447893854751e-12,1.031940007967968e-13,1.252658152651914e-13,3.213159638792882e-15,5.386140565094916e-15,4.830283128852247e-15,2.346015791175415e-18,9.984658426177123e-17,3.657734363784223e-20,2.165498756215677e-21,4.907222746260452e-17,1.385393185204185e-13,3.846974285717093e-17,2.395710428320018e-18,9.299781864774683e-07,6.350101757887601e-06,2.482156529955789e-08,2.829354910606253e-08,1.746326801595296e-08,7.240758269940408e-13,1.261982004022926e-15,2.964027817978912e-24,2.737798883645077e-28,7.277374406712388e-20,3.625067252916538e-19,3.343168068254864e-20,1.053842463863062e-01,7.937876467019064e+03,0.000000000000000e+00,2.347091862677398e+03,1.013250181252427e+05,
3.521403634923637e-09,3.739310290548918e+00,1.490336676069524e-01,1.039201984691739e-05,1.009629184261895e-04,5.927158099211517e-04,1.349537682649452e-07,7.155130634983574e-05,1.235707040916436e-02,2.213437015745938e-08,1.658469024339307e-03,1.366668209995097e-10,5.323886688940209e-10,5.023753970912831e-11,1.899329257218335e-09,4.048897422913669e-10,1.883604208899968e-09,3.219133119139432e-09,6.989000141631446e-12,2.608211404407337e-11,2.347588741250661e-11,4.280181365374836e-03,2.343835269296264e-02,1.759307049450901e-10,1.580068823278971e-08,2.985201284682366e-10,7.207616018091593e-09,2.945000078009385e-13,5.320014072592631e-15,5.169514036409409e-09,2.490235764319300e-09,2.682266196026882e-14,8.721023166326848e-12,3.168924405077628e-13,1.477985349827423e-13,7.229906826398421e-15,8.888547087666168e-15,8.741674585257561e-15,9.218649473518236e-18,3.259316462394114e-16,1.105078432214044e-19,1.134329001169811e-20,1.729345603584301e-16,1.784885686926790e-13,8.267911085746151e-17,4.141517211646868e-18,1.544838018579872e-06,1.064672350743439e-05,3.012051266081515e-08,9.389128148308938e-08,5.927615010492786e-08,1.422739317261456e-12,2.818664354736454e-15,5.208908677392440e-24,1.329230413407657e-27,7.560160016914818e-20,4.434217514574348e-19,3.444852595417594e-20,1.068956995059926e-01,7.928280136765532e+03,0.000000000000000e+00,2.330811862090551e+03,1.013250176497459e+05,
7.482188416111860e-09,3.670088278140945e+00,1.575865636458646e-01,2.847420664349297e-05,2.637688581826419e-04,8.515662904983038e-04,1.896015048160275e-07,1.108250057759527e-04,1.235718233178912e-02,7.128847851003126e-08,2.844632131582937e-03,1.956885854063005e-10,5.601549950474977e-10,5.833622631724100e-11,1.930367042592592e-09,3.967616209252251e-10,6.829567435095066e-09,3.465629785154194e-09,7.342663920643507e-12,3.075619414602018e-11,2.444554969328305e-11,5.916723305938046e-03,2.305190216568600e-02,1.851387562040721e-10,1.599214102015640e-08,5.174081633235320e-10,8.057326307757161e-09,1.149814991248653e-12,2.010974099024799e-14,5.189624808973890e-09,2.483981112240468e-09,1.810051928457147e-13,2.207574402235497e-11,2.274279489527784e-12,1.453097537412735e-13,1.192141583038920e-14,1.039856918030187e-14,1.211710821698344e-14,1.198211307725684e-16,2.633277721498491e-15,1.092687790847034e-18,3.887554933745759e-19,2.098567870824945e-15,1.782932193822710e-13,2.039241143556363e-16,5.819945136421053e-18,2.488448449127975e-06,1.755091224074234e-05,3.019672215454088e-08,1.530393327971028e-06,1.038292979834598e-06,3.649540233708834e-12,9.738600024570517e-15,2.329400617219174e-23,3.720450095948142e-22,7.425649773141466e-20,7.001876252091147e-19,3.009664776038609e-20,1.130515837190657e-01,7.833451016942384e+03,0.000000000000000e+00,2.291548201745475e+03,1.013251009826201e+05,

