1
0
63
1
(4 0
((0,176) (15,223) (0,0))
((0,288) (15,343) (0,0))
((0,224) (15,287) (0,0))
((0,344) (15,407) (0,0))
)
4
FabOnDisk: SD_0_New_MF_D_0003 0
FabOnDisk: SD_0_New_MF_D_0001 0
FabOnDisk: SD_0_New_MF_D_0002 0
FabOnDisk: SD_0_New_MF_D_0000 0

4,63
-5.787636427724344e-02,1.981563736730579e+00,1.641270428080515e-01,6.004732594981146e-07,9.448632970453336e-07,2.120035896269839e-05,3.102788647077555e-07,1.386470617235191e-04,1.126258150307328e-02,1.282481684640149e-07,3.592999791417680e-03,1.264920042482375e-10,2.137107393764904e-10,3.126869306858642e-11,7.434545357536982e-10,1.107439683164634e-10,1.367443631239809e-08,1.709755640722891e-09,2.836132470095562e-12,1.732230224419057e-11,1.207999333939777e-11,7.357351511477974e-03,3.760094052004190e-03,6.997434008927598e-11,5.638978972989119e-09,2.913139158730964e-10,2.741851044898907e-09,-1.076925793332541e-12,-5.595347865028342e-10,1.331624665665127e-09,5.419498386182339e-10,2.307619604918170e-13,1.455020583985388e-11,3.260300061257091e-12,1.210167043638877e-13,7.166125832786730e-16,-1.965535666322889e-14,-2.065425868566103e-11,-2.801974216628988e-12,-2.154936083726500e-10,-3.873504247921836e-13,-5.346123526331530e-13,-3.385598020535977e-11,1.667280039538299e-09,9.521584437888176e-12,2.188901282745848e-13,5.737185711656404e-07,5.600829894485851e-07,3.570451196610406e-09,3.627442974501076e-06,3.922531113093921e-06,-1.060544896442860e-12,-5.553561386439491e-10,-3.103433458648845e-13,-1.661658250823390e-07,-1.326737380061592e-10,-7.800195220707509e-13,-5.403915840248668e-11,1.178563983033269e-01,3.201776091976101e+03,0.000000000000000e+00,9.926211893809657e+02,9.846900531109431e+04,
-7.107909838091666e-05,4.230456777517729e+00,1.532380479705378e-01,1.908034350804191e-05,1.725965127055426e-04,7.278007193110192e-04,1.398378729212177e-07,9.565685126871101e-05,1.222255960658706e-02,4.158423605995102e-08,2.119467303967166e-03,2.108649689933794e-10,4.760740591593958e-10,5.741719618356905e-11,1.581857755273176e-09,2.339373302400029e-10,4.308650492634922e-09,3.178102591195895e-09,6.152782593154122e-12,3.043497441095378e-11,2.123771251731172e-11,5.464561143449328e-03,2.229828286365173e-02,1.533068555959068e-10,1.238715623697913e-08,5.006288058037198e-10,7.562405163771802e-09,7.828943078190133e-13,1.395858581785534e-14,3.429899046411714e-09,1.350550069639519e-09,9.710013438258623e-14,1.724378891512836e-11,1.200782549846075e-12,6.712974045458226e-15,0.000000000000000e+00,0.000000000000000e+00,0.000000000000000e+00,-1.130153414171630e-15,-3.115976946161666e-14,-4.186027739190115e-15,-9.026475114043920e-18,-2.042020192670437e-14,6.212340216225240e-14,1.206101340234709e-16,3.548491342357863e-18,2.353330232835369e-06,1.646693396836868e-05,1.984199622774685e-08,4.984050027000807e-07,3.276341685830204e-07,2.858977045186473e-12,-2.298030472000468e-14,-1.069984295449861e-15,-4.034741787106864e-13,-1.174082338278094e-13,-8.770903832846652e-14,-3.353397419227842e-14,1.097795226721745e-01,5.558961042127287e+03,0.000000000000000e+00,2.166261532145734e+03,1.013240658114662e+05,
-4.589509061028471e-04,4.034174930228149e+00,1.564407708701347e-01,2.677858208930278e-05,2.374555975158112e-04,8.181552916027127e-04,1.701000816322298e-07,1.108575124523805e-04,1.227857494254472e-02,6.230559954697711e-08,2.543613016801300e-03,1.277353818852406e-10,2.171801889999680e-10,3.159285035979395e-11,7.727504113914869e-10,1.110250246862492e-10,6.538854851437461e-09,1.723012059904430e-09,2.906551326695717e-12,1.753148096712844e-11,1.219012777060693e-11,6.029444516467137e-03,2.110588836599146e-02,6.859749793629023e-11,5.704057279701154e-09,3.761463770904118e-10,3.996874100246338e-09,1.126788085363461e-12,8.985937323371537e-15,1.352611431314632e-09,5.610374471939305e-10,1.625168767625398e-13,1.759558327376874e-11,2.063880574621252e-12,0.000000000000000e+00,-2.001492130010834e-15,-2.879462455545897e-15,-1.600879951146962e-14,-1.127730378310192e-15,-2.512750960907861e-14,-6.463214913359198e-15,-1.100189297480336e-16,-7.995382247292575e-15,4.776874660327296e-14,1.137328807362276e-16,3.150395038097124e-18,1.974363223854460e-06,1.379226453330326e-05,8.048732734504905e-09,1.228878414479992e-06,8.286571620644768e-07,3.572448527232440e-12,-2.015697942034395e-14,-1.011111469993512e-15,-3.817104554534432e-13,-1.925509632504549e-13,-5.373539558666488e-14,-5.282345294349242e-14,1.120837810146551e-01,3.007503492716786e+03,0.000000000000000e+00,2.046979171676917e+03,1.013248952881523e+05,
-6.967765769669742e-03,4.317103420633514e+00,1.509769169386941e-01,1.440187107623900e-05,1.355889202924948e-04,6.654422479061702e-04,1.326605547849173e-07,8.374932921663407e-05,1.222814741783080e-02,3.105092009611618e-08,1.902143684773091e-03,1.841727972609171e-10,5.841360314728209e-10,6.013884131298905e-11,1.946730925201227e-09,3.205507090622729e-10,2.961145797253732e-09,3.643714292723713e-09,7.523761660972183e-12,3.136565917604829e-11,2.503162267260322e-11,4.886099041985099e-03,2.261523733941834e-02,1.920592180600467e-10,1.574599559461043e-08,4.164608080280778e-10,8.340922322155421e-09,3.473360450260449e-13,9.405047986927434e-15,4.651490964405071e-09,1.926456918554237e-09,5.619477438386992e-14,1.343159604470645e-11,6.514681437086225e-13,5.575788433966956e-14,0.000000000000000e+00,-1.491546574050867e-14,-2.287511905068586e-14,-1.230430968362109e-15,-3.254534120546538e-14,-1.490208644345945e-14,-4.767037227246582e-18,-1.074491392533055e-14,1.233288037471053e-13,1.191804328069849e-16,4.975517677393289e-18,2.024877350671995e-06,1.406802398162581e-05,2.640489980126756e-08,2.347005450549690e-07,1.512338795945249e-07,2.164821392510803e-12,-3.030239738726944e-14,-7.578288477134535e-15,-5.363752954848049e-13,-1.423728532550062e-13,-1.724579387252000e-13,-4.521017603397639e-14,1.082410837403199e-01,6.669017533264383e+03,0.000000000000000e+00,2.219264095865454e+03,1.012389660385692e+05,

4,63
5.827297225734548e-02,4.029553066000163e+00,3.578550155250639e-01,5.157082078447573e-05,4.548934003517148e-04,9.697022821477667e-04,1.216608565037683e-04,4.615372098853287e-04,1.352489521710173e-02,1.749031725276984e-05,5.802383547867033e-02,1.348142687993553e-06,6.258431921903089e-06,7.074325999801749e-07,2.371088170079967e-04,2.964322699050160e-04,2.064319596038598e-05,5.176239463920806e-04,1.384547427009062e-05,1.007850556607448e-06,8.040351037580520e-05,1.384983540666244e-02,2.104189386746032e-02,7.255067204649960e-07,5.765786265142043e-04,2.110974796830910e-05,4.265936321356995e-03,1.090762036247253e-04,5.149698100053202e-04,3.018056756593021e-05,1.038889408438064e-04,1.447816766760690e-07,2.988506243516175e-05,4.119250484771651e-05,1.087943744174334e-05,5.419139398398316e-05,2.894166365534513e-05,3.750367393209363e-05,3.276819659250028e-06,6.500901756735704e-04,1.238867490653016e-05,5.276377736796327e-06,1.119314733538318e-04,1.462652157103297e-05,5.855757873570635e-07,1.347651759262432e-08,1.947574552047717e-06,1.359898184887423e-05,2.827670875339730e-05,1.188984460372234e-05,1.471687054165624e-05,1.852107929740793e-06,4.695703178659937e-04,1.161432899169757e-05,1.417106017273811e-02,1.569513240609319e-03,1.342173303542097e-04,4.295105412805235e-04,2.504258831907612e-01,7.203179992124515e+04,0.000000000000000e+00,2.043951882981244e+03,1.035979198706323e+05,
1.882960864889976e-05,4.315938169522820e+00,1.563673111789897e-01,2.658889107706065e-05,2.358918582452692e-04,8.162064716566507e-04,1.691904991154338e-07,1.105108957467680e-04,1.227541896990576e-02,6.176468269035435e-08,2.533732550998232e-03,2.176357423425057e-10,5.832449207660719e-10,6.365894046275394e-11,1.943295409269147e-09,3.193896734556437e-10,6.483174391068886e-09,3.689583445116443e-09,7.511927722946623e-12,3.331174113511976e-11,2.499964405856899e-11,6.018499736498413e-03,2.261192891064558e-02,1.917244161797570e-10,1.571127748001182e-08,5.345740774761358e-10,8.599909664163816e-09,1.123574585745634e-12,1.978920897769039e-14,4.636760419330386e-09,1.918244894889110e-09,1.610407059126737e-13,2.061802761872524e-11,2.043574869089027e-12,3.092273952216737e-13,9.016476093886989e-14,1.090440918638522e-13,2.291705654578297e-13,9.942925053586007e-15,3.314378129343262e-13,1.793266267546527e-12,2.429656492937815e-17,2.327277554674572e-14,1.224032116830281e-13,1.383323807528497e-16,4.962968953245036e-18,2.512859447515923e-06,1.771057464492068e-05,2.632232072101376e-08,1.205760148876951e-06,8.126497951797838e-07,3.559472888467203e-12,5.535042144034460e-14,2.276620817584654e-14,8.546267396345607e-13,8.976683570325413e-13,4.943604066264804e-13,2.458756333751347e-13,1.120296484594036e-01,6.650899215546581e+03,0.000000000000000e+00,2.218534449710702e+03,1.013250134384020e+05,
-7.615220621631204e-05,4.228389886429134e+00,1.639265589947080e-01,4.592178084725693e-05,3.905402416690982e-04,9.541750522663007e-04,3.051890454950844e-07,1.383123898361672e-04,1.270343936909042e-02,1.263402845799800e-07,3.556921694465052e-03,2.104183201249698e-10,4.732109896701507e-10,5.720215867311327e-11,1.572926803253367e-09,2.322107263801541e-10,1.343539578618218e-08,3.163569099421034e-09,6.117475667872445e-12,3.033398890210612e-11,2.114226053112747e-11,7.301428743455788e-03,2.228953389280749e-02,1.522830356194351e-10,1.230654292827547e-08,5.343849006059008e-10,7.530688523774532e-09,1.537805320347267e-12,2.886862683780706e-14,3.402208400676302e-09,1.338996899534598e-09,2.420422219767563e-13,2.116432041426853e-11,3.432377473199437e-12,2.229097427502873e-13,2.506712150578826e-13,2.114011120507453e-13,4.673021348758982e-13,3.499808521778931e-14,5.818796331709622e-13,6.142618322254302e-15,3.525074750204285e-17,2.137761509517124e-13,1.250315281716801e-09,6.985854259796136e-12,1.616301688194791e-13,2.514073380667030e-06,1.772908364043923e-05,1.969329826521080e-08,5.505960764918686e-06,3.811785925888439e-06,4.004635075819773e-12,3.477141532603927e-13,3.185896015737601e-15,5.666122522448830e-13,4.606279463423980e-12,1.958715945584468e-12,1.334137484311331e-12,1.177043643248880e-01,5.530384684986849e+03,0.000000000000000e+00,2.165036849335366e+03,1.013252617015363e+05,
1.776450764762500e-03,4.385721608842465e+00,1.531945552584511e-01,1.898356999037869e-05,1.717962831689112e-04,7.265589826401799e-04,1.395828083857369e-07,9.543870128254965e-05,1.229121397501237e-02,4.134728373373326e-08,2.114391221269219e-03,2.138289831503396e-10,5.978038729804029e-10,6.369081720752380e-11,2.020237042057243e-09,3.671051837979313e-10,4.280517474166729e-09,3.727947567535948e-09,7.743492842941350e-12,3.331362990052978e-11,2.560693157298091e-11,5.454880360137994e-03,2.276740530614227e-02,1.974219947397837e-10,1.658345619076117e-08,4.994939995690015e-10,8.639865830889505e-09,7.862741304878440e-13,1.393732363756883e-14,5.168381620657199e-09,2.283627290329468e-09,9.630078203319286e-14,1.717829550526420e-11,1.191727088296266e-12,9.856201636673391e-13,1.700443946023267e-13,2.938458648784040e-13,3.669189859603471e-13,2.485662270268581e-15,6.106758967200687e-14,1.506286544181298e-14,1.060593796512647e-17,2.406585890839265e-14,1.608443047309556e-13,1.381658068380658e-16,5.132991674645401e-18,2.348688059354712e-06,1.643235193983135e-05,2.956579848512978e-08,4.916444248799413e-07,3.230674796166667e-07,2.847685379707353e-12,1.324116949738309e-13,8.794137465051114e-15,3.538821864033010e-12,2.596264571603637e-12,2.269037009198201e-12,7.140620107269789e-13,1.097492677750898e-01,7.701495419573607e+03,0.000000000000000e+00,2.255205011822480e+03,1.013347631720806e+05,

