1
0
56
1
(4 0
((0,176) (15,223) (0,0))
((0,288) (15,343) (0,0))
((0,224) (15,287) (0,0))
((0,344) (15,407) (0,0))
)
4
FabOnDisk: SD_5_Old_MF_D_0003 0
FabOnDisk: SD_5_Old_MF_D_0001 0
FabOnDisk: SD_5_Old_MF_D_0002 0
FabOnDisk: SD_5_Old_MF_D_0000 0

4,56
-8.135164434498432e+00,-1.726012378655129e+01,-2.802522547342664e+01,-6.245056022984005e+00,-9.923025538234619e+00,-8.245382619752220e+00,-1.088529199576263e+00,-6.473520494041464e+02,-2.463001120984360e-01,-7.589060631211074e-01,-8.815515103178304e-02,-1.417603761662981e+01,-1.371987112435185e+01,-1.477286710778779e+00,-1.028883530175355e+01,-4.974971584680100e-01,-7.538989150144815e-02,-3.238045858351152e+00,-1.366624279464076e+02,4.157426182259458e+00,-8.403243384469580e-02,-4.566833521503948e+01,-1.838729412649322e+00,-1.949980375805537e+02,-8.232024211772618e+00,-2.688971233517607e+01,-4.367315406023975e+00,-2.954405904175896e+00,-1.028238498037904e-02,-1.950049027947885e+00,-1.762941741183787e+00,-8.548562111796245e-01,-3.673925606468400e+00,-2.130048844898703e+00,-3.079028628752793e+00,-2.301492860658806e-01,-3.300713997764974e+01,-7.265815618450683e-01,-3.868072431201152e-01,-8.264541338314705e+00,-7.730380760219070e-01,-1.473209563664173e-02,-5.608161811451998e-04,-8.489608595103632e-02,-1.597560727689323e-01,-2.052514061238745e+00,-6.573259190156608e-02,-2.977098348150155e-01,-1.478052320993610e-01,-2.522118123527200e+01,-5.288697076833235e-01,-5.750715060707849e+02,-8.904899651264451e+01,-9.200172907707799e+00,-2.461990461172847e+01,-2.262083853565855e-10,
-1.202477768435923e-01,-6.155202169710157e-01,-5.342741628640489e-01,-3.458614123301303e-04,-1.367283047407577e-01,1.429763752988686e+00,-2.037877151966760e-04,-3.251644129317071e+00,-1.929680759462316e-10,5.382308545549190e-07,2.377154306621074e-08,1.523380152857968e-06,5.094205531976224e-07,-2.172797285372042e-05,2.203722408167113e-06,5.915946835816689e-09,6.701534162569770e-09,1.650064618768486e-08,-3.545690240280810e+00,3.941565735338147e+00,1.846691030382619e-07,1.720518989978570e-05,-3.518502882707202e-07,1.295562699042016e-06,-8.305439165499225e-08,-4.106187447762473e-10,6.975506326500237e-06,3.261427805115421e-06,-6.776062111021123e-10,-2.422579588415397e-08,-1.535405346174766e-08,-2.224960368348753e-08,-1.495002621072832e-08,-2.757576953504861e-08,-4.808921888460289e-08,-1.746745523509866e-09,-4.595950397691440e-08,-1.107089434920855e-06,-1.605661831741364e-11,-7.830195810418255e-09,3.534761806552214e-10,2.368666433421104e-14,6.149990255968987e-15,-1.350159975769393e-03,-1.021822343160000e-02,3.292867407876278e-05,-9.377475415466286e-03,-6.505110246363708e-03,-7.408548160906846e-09,-7.614850984467364e-08,-4.179652995426270e-07,-1.456143959471970e-06,-3.315109022280225e-07,-2.810919840086830e-07,-9.629226699283623e-08,-1.958244677524590e-11,
-2.135679520803044e-01,-1.284028170515546e+00,-5.626995509807011e-01,-2.214671291094915e-03,-1.575326985882522e-01,-1.564770948592553e+00,-7.132070413294932e-04,-1.456713661285603e+01,-2.702431123015107e-06,-3.792256373678604e-06,-5.014743767182943e-07,-1.586822082427487e-05,-1.387853282886424e-05,-1.140708865537691e-04,-2.427793291941050e-05,-3.819149198094890e-08,-1.519728822880256e-07,-2.646642395713955e-07,-2.954907388319750e+01,5.679178141418401e+00,-2.790329533515579e-06,-7.228631353117898e-05,1.997857221219673e-07,-1.667898285181400e-05,-1.171572355066783e-06,-2.696591367419083e-08,-3.224813979072666e-05,-1.282818353192274e-06,-6.399108502534840e-09,-9.639700140168404e-09,-2.547660495569029e-07,-3.880115702743327e-07,-6.483754938903275e-07,-6.281306379698460e-07,-1.294140226669199e-06,-9.833540937153291e-08,-2.675797695794468e-06,-9.563613768100976e-06,-1.114612044299150e-09,-5.866743751278736e-07,-3.460324135036741e-04,-2.189871623043768e-06,-4.887700317540465e-08,1.658055955528110e-05,-4.496231316103898e-04,5.602166598359444e-05,-6.007930689469827e-02,-4.262032496762101e-02,-1.241739927342060e-07,-3.098029109782110e-06,-4.066698743767568e-07,-5.742602608859013e-05,-1.765100496330150e-05,-3.970372446552001e-06,-5.077441993778024e-06,-2.996269898858372e-11,
-5.670378784117778e-02,-3.227393520824302e-01,-4.359182745044725e-01,-2.890539381599657e-04,-7.518710963245429e-02,8.424788269419139e-01,-5.491872534670002e-04,-1.981792052087864e+00,-6.134814304423377e-07,-6.870319028758806e-06,-8.369608242068674e-06,-2.231375479403912e-06,2.272193552998351e-07,-2.511790166872432e-05,-3.703792302215032e-06,-1.342341864593061e-08,-1.266168332785545e-07,-3.371849077919732e-08,-2.462367826671866e+00,2.781614460080203e+00,-4.281622204477847e-08,1.709720247293972e-06,-2.553900772596205e-06,-7.775287676317242e-06,-2.855287266286825e-07,-7.362840506792821e-10,1.813789872301318e-07,1.101196564440157e-06,-9.813567309266639e-10,-5.272975069368906e-08,-3.526309530175681e-08,-7.159903469968985e-08,-2.873334111496814e-08,-3.743698786059271e-08,-1.634006199883804e-07,-3.702102277479374e-09,-9.061056239583626e-08,-8.613633865082832e-07,-7.170093105377518e-12,-7.120132100784304e-09,1.995066016198563e-10,-7.358663208406576e-13,-4.055180962994107e-15,-1.554016074076797e-03,-1.091349412978984e-02,1.376516979527944e-05,-2.567522960934814e-03,-1.739736699216315e-03,-1.239836020004185e-08,-4.804223268086741e-08,-3.457467735540138e-07,-1.437374532839607e-06,-7.932361663591716e-07,-3.024739588617410e-07,-2.304908955492688e-07,-4.477840320760151e-11,

4,56
6.054772785318941e+00,3.206084521788206e+01,4.644284857249094e+01,7.271275829144177e+00,1.187918003491263e+01,3.324935897508576e+02,6.165072312905340e-01,-1.548776448097664e+01,5.946917002353791e-01,1.350690818935383e+00,1.589349620591242e-01,2.685289817921991e+01,1.742490566597859e+01,2.087992879502621e+00,1.588146952018872e+01,2.599472728395696e-01,1.452409848619759e-01,3.131965885082605e+00,4.614362139168733e+02,2.836204282363108e+02,1.771048986781779e-01,5.564397380254675e+01,3.878037722984607e+00,2.901269451208506e+02,1.435567035418792e+01,2.921730928715592e+01,8.171927740597221e+00,3.278595052671166e+00,1.781727391134895e-02,3.466033642126292e+00,2.629259396634938e+00,9.543897205574792e-01,3.829162707845074e+00,2.162066518461996e+00,3.661983303950488e+00,2.107045989639768e-01,3.385823111363545e+01,2.340756309872461e+00,7.234018491895673e-01,8.098998279184011e+00,1.176363552603140e+00,3.664232924997163e-02,9.146891835266006e-04,7.277121829918763e-02,2.864066336611005e-01,2.420831898289767e+00,4.595240119761870e-01,6.442016292054967e-01,2.098461952413446e-01,1.604254149261482e+01,2.583147374080704e+00,2.560375071760788e-02,8.709145089109101e+01,1.414398153714841e+01,2.448090837331522e+01,2.028173184953630e-10,
-5.739827323997568e-02,-3.260136776307500e-01,-4.254466041579156e-01,-1.094752990082197e-04,-7.578760236451029e-02,2.596115030428286e+00,-9.283412642701744e-05,-1.995337121353371e+00,2.747527177670613e-07,1.183907664950695e-06,9.789612811366694e-08,3.727807286888799e-06,6.554615772075941e-07,-1.005719151458755e-05,6.006682620748094e-06,1.468709702373125e-08,4.704866560900772e-08,4.120051066279328e-08,-2.475260522695306e+00,5.625188646146386e+00,4.016415747227163e-07,3.182473446617797e-05,1.857602088505657e-07,1.346820538802763e-05,9.343578771107406e-08,1.952859730676255e-10,1.078745952229364e-05,4.265633921719211e-06,-8.535928683711243e-11,-1.014307246003317e-08,6.741664021888822e-09,1.106271933162384e-07,4.689620896522407e-08,7.315852325904153e-08,1.533073719835126e-07,2.158291540844278e-09,5.600821994167788e-08,1.265657150475114e-06,9.152372624428823e-12,7.626159937577152e-09,3.702455712111719e-10,2.339584269693663e-13,1.209728107619023e-14,-3.438025637133397e-05,-8.393991059147559e-04,5.551169693971219e-05,-2.617335828254768e-03,-1.774261225768576e-03,-7.749180523981267e-10,9.248836935383772e-08,2.608993925725364e-07,2.805124771604129e-06,1.894447997041283e-06,8.821759583915997e-07,5.253375511772028e-07,2.138460242218088e-11,
-4.660044993486250e-02,-6.235910431948138e-01,2.897013260019672e-01,-3.537898512865072e-04,2.076354673225027e-01,3.363597385016794e+00,-2.072478610736079e-04,-3.287798080199462e+00,1.047282909577319e-06,2.156816338984987e-06,2.749699169054980e-07,1.135015844466642e-05,9.291599731888399e-07,-2.209214295168734e-05,1.357621020707348e-05,3.072953485461600e-08,1.640886160744119e-07,9.805086192780330e-08,-3.580081513213082e+00,4.646544351346923e+01,6.587911728931206e-07,5.073436467577996e-05,3.874390579938027e-06,7.078851300144425e-05,2.322721594074702e-06,3.049303438431737e-08,1.452478930839531e-05,5.094140550033339e-06,9.159321576078014e-09,1.239659903994324e-07,2.331512313275589e-07,5.741650165455118e-07,1.251317920726101e-06,7.974450932338611e-07,1.293626264089089e-06,4.353815726886017e-08,9.879497057977546e-07,2.175944249655421e-06,1.115216114829537e-09,8.141407979376634e-07,3.514382103951121e-10,2.340710623808923e-13,1.204358366887715e-14,1.104369493048877e-02,7.869309501978658e-02,7.610800498138669e-05,-9.633645967789376e-03,-6.685107075542499e-03,1.470651753831610e-07,1.520632525263260e-06,1.569658248763548e-07,4.548561013533727e-05,6.136421413681434e-06,6.200046500230392e-06,1.736125950345759e-06,2.722666536669749e-11,
-1.857031044643165e-02,-1.785457122619721e-01,-1.881727116935104e-01,2.815318148862056e-04,-4.695704121088416e-02,1.417086251418025e+00,3.339151939553927e-04,-1.338082822442276e+00,5.855167703782497e-07,5.766344442709868e-06,1.033832210932761e-05,3.253201505032766e-06,5.347233882758455e-07,6.388522961749870e-06,3.103170361365365e-06,1.298085263475703e-08,9.162003403842953e-08,3.135427272280790e-08,-1.741712780384188e+00,3.921215829486973e+00,2.254541063645037e-07,1.736960752705036e-05,1.838544724273653e-06,5.020518476859390e-06,3.444914416779498e-07,5.928026085315252e-10,6.964552449853007e-06,3.895734859196530e-06,1.851569831127099e-10,1.001879038501285e-09,6.325982488695624e-09,1.400570693283523e-07,4.013581411795611e-08,7.620649740795774e-08,1.236158029309688e-07,5.465201829280206e-09,2.364746522897701e-07,1.573305828972587e-06,1.759516984343960e-11,7.125519112969226e-09,3.529102770846114e-10,2.911726497452202e-13,6.073720624746666e-15,-9.171085687553947e-04,-9.955601955111866e-03,3.797978964178903e-05,-8.813433909871750e-04,-4.400352680088504e-04,1.511381853070499e-09,9.569802821269974e-08,2.413670649078421e-07,2.584414126782289e-06,1.268633525488973e-06,8.669505682550083e-07,3.552406362375974e-07,3.115929736452472e-11,

