1
0
56
1
(4 0
((0,176) (15,223) (0,0))
((0,288) (15,343) (0,0))
((0,224) (15,287) (0,0))
((0,344) (15,407) (0,0))
)
4
FabOnDisk: SD_5_New_MF_D_0003 0
FabOnDisk: SD_5_New_MF_D_0001 0
FabOnDisk: SD_5_New_MF_D_0002 0
FabOnDisk: SD_5_New_MF_D_0000 0

4,56
-8.163327388773448e+00,-1.725211799150360e+01,-2.819700033863740e+01,-6.217516779977975e+00,-1.018556875868998e+01,-8.132603747805565e+00,-1.086310938537537e+00,-6.496538932391445e+02,-2.464067352277382e-01,-7.580663697936424e-01,-8.805392443146905e-02,-1.418941310697033e+01,-1.375420373338136e+01,-1.474874779145255e+00,-1.030370870941938e+01,-4.951962510218215e-01,-7.522906156961988e-02,-3.243977039230465e+00,-1.366293387420873e+02,4.055043772706952e+00,-8.376619693995638e-02,-4.561623202627130e+01,-1.838091261989915e+00,-1.950024696245501e+02,-8.331697610245845e+00,-2.690634717132888e+01,-4.353712156067885e+00,-2.953036376548079e+00,-1.028726655845377e-02,-1.942858305237326e+00,-1.765699653754062e+00,-8.534094824689487e-01,-3.673477776126997e+00,-2.128132089440374e+00,-3.078460269229632e+00,-2.308423202408470e-01,-3.302647899133445e+01,-1.053747871628122e+00,-3.965825262969784e-01,-8.253641525923204e+00,-7.744769507733424e-01,-1.465596793214120e-02,-5.600426323348571e-04,-8.535585582425267e-02,-1.633653687636437e-01,-2.056588546379411e+00,-6.542886248464204e-02,-2.922236244816337e-01,-1.491338464113849e-01,-2.527062126434894e+01,-8.827926586703748e-01,-5.742849251903560e+02,-8.917581908252795e+01,-9.221223563331158e+00,-2.465386908987538e+01,-2.351727701466189e-10,
-1.200629581168849e-01,-6.155862001430193e-01,-5.350375020710770e-01,-3.461223264572269e-04,-1.367367569124746e-01,1.430745635688504e+00,-2.039436594571720e-04,-3.254799076042509e+00,8.920795899877210e-09,5.687539588175681e-07,2.800007713794899e-08,1.408354988775204e-06,5.200476436350761e-07,-2.174541781998258e-05,2.282168805648013e-06,6.602861997929268e-09,9.993217884204398e-09,1.755680200446345e-08,-3.554434273374809e+00,3.941291821956765e+00,1.874885324791443e-07,1.746206685316927e-05,-3.152573064588927e-07,3.246894139640812e-06,-8.166454586595290e-08,-2.838293084954762e-10,6.995744926134904e-06,3.276785069616263e-06,-8.068332432964008e-10,-2.323246950871028e-08,-1.812860087786971e-08,-2.816277771029598e-08,-1.691796210882345e-08,-3.619798587077258e-08,-5.468950298711093e-08,-1.981372975161530e-09,-5.413898894379475e-08,-9.735938535868813e-07,-1.421260818155453e-11,-3.630200274327098e-09,3.531863808759720e-10,2.347543150308022e-14,6.139067428168048e-15,-1.349771697925978e-03,-1.021584507571718e-02,3.294281763697639e-05,-9.377784753412123e-03,-6.505295339816992e-03,-5.876807957681695e-09,-6.055412919400180e-08,-3.589808672069459e-07,-1.520206538155723e-06,-2.694638874010491e-07,-3.955273058584673e-07,-7.515234058158563e-08,-2.150796207800454e-11,
-2.135650146004586e-01,-1.280141238673492e+00,-5.637906647750909e-01,-2.211023994064484e-03,-1.567049738203441e-01,-1.568333421598765e+00,-7.110751607923889e-04,-1.458512601899839e+01,-5.302513839152022e-06,-4.752461891626872e-06,-7.407168857609016e-07,-7.842290281368355e-06,-8.140989159212977e-06,-1.160734209870251e-04,-3.668127945960096e-05,-5.996735246647984e-08,-3.691578139528816e-07,-2.021352870876571e-07,-2.954755902285267e+01,5.693121588606276e+00,-3.094276114511450e-06,-7.152968923955901e-05,1.995748601111616e-07,-8.855120360626745e-06,-1.180959201815389e-06,-2.269541622384902e-08,-3.502124176900031e-05,-2.361280742755577e-06,-5.315463385966952e-09,-9.665104536085558e-09,-2.337273369279992e-07,-3.255776538429205e-07,-4.055315045332007e-07,-4.557071839378717e-07,-1.103493762744517e-06,-5.905211227637698e-08,-2.043422753403407e-06,-8.765582927763773e-06,-7.738800531954664e-10,-4.283090577939724e-07,-3.477336572553479e-04,-2.196859257316852e-06,-4.904083470660757e-08,1.753630938515580e-05,-4.443162063127674e-04,5.607759670598309e-05,-5.991880286034557e-02,-4.249486329301302e-02,-9.275717712148505e-08,-2.612226389159057e-06,-3.705378304111608e-07,-5.096841896651530e-05,-1.231945455277783e-05,-3.171009675763730e-06,-3.565503041184966e-06,-2.914024577194141e-11,
-5.671714248554544e-02,-3.228767931008710e-01,-4.235316303985275e-01,-2.077692871526623e-04,-7.526383724134925e-02,8.378340427761195e-01,-5.208438372055763e-04,-1.982208863824469e+00,-4.218950799229525e-07,-6.686605829459297e-06,-8.179416537645971e-06,-2.109636915042468e-06,2.311238444142868e-07,-2.320997601065418e-05,-4.527234777171566e-06,-1.181810229915610e-08,-1.203819253075259e-07,-1.858509426665593e-08,-2.462156950898405e+00,2.816035716077812e+00,-5.243465182452623e-08,2.308481118989303e-06,-2.367233840047753e-06,-5.719761027592314e-06,-3.170832235767406e-07,-7.633109305389351e-10,-8.381301959509165e-07,7.764144651755863e-07,-8.172998237723804e-10,-4.440587201611771e-08,-2.978096339520357e-08,-5.606465088628013e-08,-2.166185120311783e-08,-3.150370489561816e-08,-4.203580370539086e-07,-8.618284397313704e-09,-2.144019757755155e-07,-9.710389144636800e-07,-9.028457432347268e-12,-8.545814124445534e-09,2.099882575949292e-10,-6.538841781623160e-13,-4.710908316996897e-15,-1.500646147098448e-03,-1.091712997549856e-02,3.748823238991718e-06,-2.568790248618581e-03,-1.740629509142715e-03,-1.463807880022532e-08,-1.249329543326875e-07,-4.047754624987963e-07,-1.076725537307392e-06,-2.100727128841599e-06,-3.862753830527965e-07,-6.075815402828305e-07,-2.463096393512387e-11,

4,56
6.152954725324537e+00,3.207448221757130e+01,4.665246866203383e+01,7.256898722267991e+00,1.161567039644713e+01,3.351548102593737e+02,6.205565469617921e-01,-1.551002928010754e+01,5.965710813273749e-01,1.351977476483785e+00,1.592947087874852e-01,2.699519210361673e+01,1.774916299291161e+01,2.069762154077069e+00,1.617763705948749e+01,2.819957426140093e-01,1.452517585749801e-01,3.184322417189801e+00,4.617455278521096e+02,2.834942050345609e+02,1.764215021130763e-01,5.563007144955867e+01,3.864660266713850e+00,2.897851208273232e+02,1.326755082180497e+01,2.991192152098150e+01,8.134568938880520e+00,3.250204572810673e+00,1.783057523105658e-02,3.482316294138694e+00,2.658013858312575e+00,9.367540768647372e-01,3.806670153427310e+00,2.145918830429207e+00,3.661030484222771e+00,2.095451119211013e-01,3.390679334221849e+01,1.453046456353203e+00,6.656224903810867e-01,8.082204000741735e+00,1.164339024868439e+00,3.687670604181400e-02,9.284170778251113e-04,7.168504410624067e-02,2.803652975813548e-01,2.424461332031529e+00,4.588612206552456e-01,6.433076597695417e-01,1.947366871364092e-01,1.591598760667359e+01,1.596212062737653e+00,6.100223235041561e-03,8.660799022711183e+01,1.413407157989478e+01,2.434513409240249e+01,2.419255906715989e-10,
-5.741246738002134e-02,-3.261680346544329e-01,-4.255313694744778e-01,-1.095618486461695e-04,-7.587814911975602e-02,2.594937153794892e+00,-9.288988692640272e-05,-1.995863987534818e+00,2.744331979326727e-07,1.184820303056152e-06,9.791766120697370e-08,3.730222572721854e-06,6.567583076494778e-07,-1.006371803904030e-05,6.012977190032642e-06,1.470043527733671e-08,4.707498855413639e-08,4.127715766751671e-08,-2.475086335619258e+00,5.638915002491491e+00,4.018856095046026e-07,3.186653352373765e-05,1.853655735262244e-07,1.347630198500127e-05,9.059529776817699e-08,2.157528153697075e-10,1.079839955640941e-05,4.272101569940938e-06,-1.387788173732424e-10,-1.017306598003360e-08,3.467033689586100e-09,1.856474122884239e-07,7.623295694700575e-08,9.868704853404684e-08,1.777521564599650e-07,8.865167238652900e-09,2.962380546840203e-07,2.357971160908096e-06,2.281706048016625e-11,1.131362882905477e-08,3.709148725911062e-10,2.343953361582412e-13,1.212210792981924e-14,-3.427653954763993e-05,-8.354594332852837e-04,5.556422008576720e-05,-2.619201612942102e-03,-1.775531366502868e-03,-2.482793896231611e-09,5.566519601385610e-08,2.825579080166181e-07,1.594924616603929e-06,8.723229177295291e-07,5.900127349071198e-07,2.409189434891994e-07,2.005751120748300e-11,
-4.724009117208856e-02,-6.236608721431665e-01,3.039706781302765e-01,-3.541292888764099e-04,2.078174607951061e-01,3.352729685839526e+00,-2.074412697561452e-04,-3.290804399729700e+00,1.068314265506988e-06,2.099788358697048e-06,2.673364479601601e-07,1.293895308798057e-05,9.410275723799837e-07,-2.211394421871691e-05,1.356283939115270e-05,2.869608109748886e-08,1.350701109608298e-07,9.087911596174917e-08,-3.588963525845814e+00,4.646299793944026e+01,6.566243186307408e-07,5.062091662626620e-05,3.776194806939111e-06,7.235691751523949e-05,2.235210026633411e-06,7.048134279930570e-08,1.447243971776787e-05,5.077556438947263e-06,8.280500167989612e-09,1.037217013704268e-07,2.195716847147976e-07,2.012317761670414e-07,9.720777658920681e-07,7.062078394401151e-07,1.286250648086095e-06,4.060823920059206e-08,7.215142706165218e-07,2.467283640530782e-06,2.305045359162283e-09,7.958891316396873e-07,3.519860154150079e-10,2.342155492159309e-13,1.206031942619348e-14,1.100155377446827e-02,7.846429473562283e-02,7.588455368417284e-05,-9.635390486010942e-03,-6.686210613044024e-03,1.242145554267712e-07,1.334563674790389e-06,1.495592012709920e-07,4.123116631404398e-05,5.142931007579012e-06,5.427035097855311e-06,1.470200476442145e-06,3.030686812621752e-11,
-2.528998677969803e-02,-1.467628144581325e-01,-2.332686352729324e-01,2.156088612617913e-04,-4.267829039076472e-02,1.417943864151325e+00,3.192174974783618e-04,-1.357688962509976e+00,4.540920952805133e-07,5.678707984225407e-06,1.015577866905971e-05,3.239243646797925e-06,6.679622285867378e-07,4.943889236239894e-06,6.211178577895455e-06,1.366504265586744e-08,9.181319784681360e-08,3.808263349511615e-08,-1.763633777484508e+00,3.920886626493947e+00,2.376429960127862e-07,1.731280561081688e-05,1.642011614224227e-06,4.941887586929313e-06,2.883055875969846e-07,5.723475315451969e-10,1.002222901651463e-05,4.765750657300990e-06,1.198361605646314e-09,-2.352658185923060e-09,4.468593621410329e-08,3.670183935288784e-07,6.160932983621608e-08,1.181813832586987e-07,2.758002602761164e-07,3.093437611884568e-09,1.768880584148460e-07,1.484885736946100e-06,1.287564163168637e-11,1.450103747546653e-08,3.529350708483684e-10,2.967716548815074e-13,6.080316099764618e-15,-9.674862973741839e-04,-9.992716308299166e-03,3.903698721121554e-05,-9.347631797959348e-04,-4.640067467242248e-04,7.692378026689835e-10,9.286186002314608e-08,2.325801333217376e-07,2.668293340880359e-06,2.177081013579262e-06,1.371199361285244e-06,5.998009275133632e-07,3.113598268100759e-11,

