1
0
63
1
(4 0
((0,0) (15,255) (0,0))
((0,768) (15,1023) (0,0))
((0,512) (15,767) (0,0))
((0,256) (15,511) (0,0))
)
4
FabOnDisk: SD_0_New_MF_D_0003 0
FabOnDisk: SD_0_New_MF_D_0000 0
FabOnDisk: SD_0_New_MF_D_0001 0
FabOnDisk: SD_0_New_MF_D_0002 0

4,63
-2.009730482471289e-06,2.140016367971015e+00,1.580571463554845e-01,8.846582963533803e-23,2.818628952614652e-21,8.326399252175146e-17,2.374541618307650e-11,6.037586761081195e-08,5.663219273339764e-09,9.585957891027511e-12,2.892395878048747e-03,0.000000000000000e+00,1.470307174353783e-27,9.750056605147446e-29,3.302974102377850e-13,7.226521396566059e-11,8.480958626781178e-23,1.644731738058524e-11,6.608984143542231e-17,1.815960371445733e-28,1.767906445548419e-12,1.464460335715259e-09,8.365951257991564e-11,8.112326763818431e-34,1.033514629570437e-11,1.472884610464847e-25,9.927743861579766e-11,0.000000000000000e+00,0.000000000000000e+00,2.031965339908059e-27,7.527475463133338e-13,1.952437013551123e-20,1.869561619698302e-23,1.559673897163395e-13,0.000000000000000e+00,0.000000000000000e+00,0.000000000000000e+00,0.000000000000000e+00,0.000000000000000e+00,0.000000000000000e+00,0.000000000000000e+00,0.000000000000000e+00,0.000000000000000e+00,9.580819143763459e-16,9.802595413584687e-17,1.460082455379412e-18,2.774665694712702e-16,8.975838062925420e-17,3.696132745016474e-15,8.572271878128400e-16,1.544592597334003e-15,2.628029408182503e-32,0.000000000000000e+00,0.000000000000000e+00,0.000000000000000e+00,0.000000000000000e+00,0.000000000000000e+00,0.000000000000000e+00,1.133865439075771e-01,3.775672804539272e+03,0.000000000000000e+00,4.430000297035285e+02,1.013170393501230e+05,
-9.594168208768679e-08,5.710909791782119e+00,1.460946314726790e-01,6.122377432869065e-06,5.846099337279639e-05,4.698133422737969e-04,1.349668590861083e-07,5.710878063679068e-05,1.235248256042395e-02,1.212938908396471e-08,1.185834091303153e-03,5.153847460781184e-11,2.729281924397363e-10,2.306753363724320e-11,1.091436172895662e-09,2.988701074168434e-10,8.751040861099830e-10,1.635175045326813e-09,3.562846646581202e-12,1.178466647006016e-11,1.255343856733229e-11,3.573311695669655e-03,2.343808713640103e-02,8.792418649349596e-11,9.069487343270858e-09,1.008211989877679e-10,3.382015725940316e-09,0.000000000000000e+00,0.000000000000000e+00,3.008424881901862e-09,1.629192862518286e-09,1.907329262972448e-15,2.195777756794381e-12,0.000000000000000e+00,3.445526724506694e-13,2.654253277646939e-15,0.000000000000000e+00,0.000000000000000e+00,0.000000000000000e+00,0.000000000000000e+00,0.000000000000000e+00,0.000000000000000e+00,0.000000000000000e+00,7.875184788106377e-14,1.755357314220147e-17,1.205412071515150e-18,5.911037512248873e-07,4.020346939453383e-06,1.804845040957589e-08,1.344388907239721e-08,8.221106769363405e-09,4.276416238357474e-13,0.000000000000000e+00,0.000000000000000e+00,0.000000000000000e+00,0.000000000000000e+00,0.000000000000000e+00,0.000000000000000e+00,1.047807264890876e-01,7.927604059998552e+03,0.000000000000000e+00,2.330838210086044e+03,1.013249980543796e+05,
-1.566136730614858e-07,5.641379963555244e+00,1.469397485431449e-01,7.210102917416060e-06,6.951866030343460e-05,5.063362507346166e-04,1.327231298631435e-07,6.114659563732356e-05,1.235468658675795e-02,1.460477781868972e-08,1.325092191260259e-03,8.196087755758494e-11,3.945336385907347e-10,3.443063720177932e-11,1.515930497483476e-09,3.805961569060945e-10,1.131454865108287e-09,2.361541755020234e-09,5.166150527966697e-12,1.768252733230172e-11,1.788611723398582e-11,3.781604533781311e-03,2.304799844641415e-02,1.286425490441149e-10,1.265045256920429e-08,1.663522763991326e-10,5.036589081492106e-09,0.000000000000000e+00,4.158042012613115e-16,4.203276582913207e-09,2.201761736409055e-09,3.381361360096143e-15,4.004887327716467e-12,0.000000000000000e+00,6.751060291063406e-13,0.000000000000000e+00,0.000000000000000e+00,0.000000000000000e+00,0.000000000000000e+00,0.000000000000000e+00,0.000000000000000e+00,0.000000000000000e+00,0.000000000000000e+00,1.400060087376614e-13,3.896042992351597e-17,2.424054928304060e-18,9.354043208828684e-07,6.387457718340896e-06,2.493604974830653e-08,2.853871505769535e-08,1.761627528750061e-08,7.282659927459512e-13,0.000000000000000e+00,0.000000000000000e+00,0.000000000000000e+00,0.000000000000000e+00,0.000000000000000e+00,0.000000000000000e+00,1.053894766329508e-01,7.833134924237963e+03,0.000000000000000e+00,2.291138751603622e+03,1.013249980602338e+05,
-1.014024218171014e-06,5.385759120770342e+00,1.490838069508087e-01,1.046869075316496e-05,1.017332398218199e-04,5.945508553717809e-04,1.327371419658393e-07,7.177098234620359e-05,1.231634303756956e-02,2.232858284279322e-08,1.666456634239363e-03,1.380068447986275e-10,4.072765867813197e-10,5.059707840926060e-11,1.362035450047164e-09,1.938118033118072e-10,1.903579921664573e-09,2.818394006672311e-09,5.349848811088734e-12,2.627029875432607e-11,1.909554961257170e-11,4.291964290616300e-03,2.220623510020501e-02,1.286681165445018e-10,1.049491331830761e-08,3.020166815738882e-10,6.763028143843029e-09,0.000000000000000e+00,0.000000000000000e+00,2.911956106048709e-09,1.160132229056682e-09,1.912171660532876e-14,8.859259227680964e-12,0.000000000000000e+00,0.000000000000000e+00,0.000000000000000e+00,0.000000000000000e+00,0.000000000000000e+00,0.000000000000000e+00,0.000000000000000e+00,0.000000000000000e+00,0.000000000000000e+00,0.000000000000000e+00,4.703886571614237e-14,8.393993103119169e-17,2.927368292381675e-18,1.561106543514241e-06,1.076113616420368e-05,1.748074274228970e-08,9.631397075787345e-08,6.083631321169675e-08,1.440188360453352e-12,0.000000000000000e+00,0.000000000000000e+00,0.000000000000000e+00,0.000000000000000e+00,0.000000000000000e+00,0.000000000000000e+00,1.069316278631624e-01,5.541937492337604e+03,0.000000000000000e+00,2.142686100602637e+03,1.013249719200514e+05,

4,63
2.299488047037473e-06,5.383322365968891e+00,8.373322652272639e-01,5.010749247191414e-05,4.355063238011120e-04,9.508805980088818e-04,1.180466974671838e-04,3.953323944207915e-04,1.297250658092721e-02,2.126074176184873e-05,1.827791471928531e-01,1.501323929687070e-06,6.675006357280384e-06,7.499792854826972e-07,2.362482530234215e-04,2.702584681054787e-04,2.013014877016709e-05,5.149078572479501e-04,1.486158874436516e-05,9.768541380335760e-07,6.829508959630306e-05,1.438957848160721e-02,2.220369965469386e-02,8.710956620337329e-07,6.495599992828706e-04,2.242789195228065e-05,4.601463662389514e-03,1.006310267017328e-04,4.671269509989279e-04,3.334930331018505e-05,1.133737414995988e-04,1.307487628796789e-07,3.198032901282759e-05,3.767947318636560e-05,1.262033251099869e-05,5.879920859904683e-05,3.171388653246631e-05,4.122467533008660e-05,3.103372772470289e-06,6.490821997478585e-04,1.072974917451828e-05,4.219432666409094e-06,1.148031726787579e-04,1.952455614298042e-05,7.102413730412180e-07,1.738839430072729e-08,2.501670401393338e-06,1.766534427856979e-05,3.019323516457780e-05,1.284069179302749e-05,1.653420339825720e-05,1.697449069843631e-06,4.427992056754014e-04,9.525870260948988e-06,5.259451894539430e-02,1.617308252908079e-03,1.425718460898421e-04,4.432659422307193e-04,6.019585312603702e-01,7.447621223565360e+04,0.000000000000000e+00,2.141271707005311e+03,1.013279151478522e+05,
1.061329722476178e-07,5.740658788969617e+00,1.469347397102779e-01,7.203249132674173e-06,6.944969342611037e-05,5.061202477593480e-04,1.366516384603270e-07,6.112194417309073e-05,1.235467638443667e-02,1.458906595939239e-08,1.324274176867308e-03,8.181834450037209e-11,3.940798822235708e-10,3.438894272969123e-11,1.514906487435797e-09,3.803566545122772e-10,1.129912091372222e-09,2.358868773754809e-09,5.161319824547377e-12,1.766380533544068e-11,1.787082162022392e-11,3.780375254746337e-03,2.360594988096566e-02,1.284570573659151e-10,1.263567058892998e-08,1.660519880949770e-10,5.032093842678567e-09,8.631341971295204e-13,3.017674870810055e-15,4.198253424994117e-09,2.199573246792275e-09,1.183804459765785e-14,3.995274444030052e-12,3.357255553262244e-13,2.564515963444859e-12,9.753914124952198e-14,3.981552596587553e-13,8.079429502533469e-13,1.258840442997121e-14,6.856813682036586e-13,3.212208810163609e-12,1.390728768727274e-17,8.360046943791775e-15,1.397394314668885e-13,3.883581712281426e-17,2.417673179745525e-18,9.335957906883613e-07,6.374959775444782e-06,2.490758184092852e-08,2.843444364351158e-08,1.755093968729150e-08,7.272560509635184e-13,1.240743685775469e-13,2.019179463719076e-12,5.979979955587056e-12,2.620613390531420e-12,1.021870464078395e-12,7.190925095442532e-13,1.053858722478933e-01,7.964411965952218e+03,0.000000000000000e+00,2.346801684926106e+03,1.013250021434998e+05,
1.164462868588627e-07,5.710743133370224e+00,1.490700465165607e-01,1.044603575851586e-05,1.015127202379017e-04,5.940193647736160e-04,1.349569191779859e-07,7.170374260788489e-05,1.235679014776279e-02,2.227310778143807e-08,1.664333811899450e-03,1.377530021896234e-10,5.350330310128857e-10,5.054650010999854e-11,1.907031517779662e-09,4.067942826400418e-10,1.898175527171051e-09,3.236303408866455e-09,7.023920569996131e-12,2.624758273704975e-11,2.358937924443394e-11,4.288840980907887e-03,2.343710353934422e-02,1.768063089688471e-10,1.586199770765012e-08,3.012813191520102e-10,7.250312619162502e-09,4.638535191447423e-13,6.712020299135069e-15,5.188051941674535e-09,2.503089425280375e-09,3.656220703429289e-14,8.828648796993522e-12,1.037637742784189e-12,3.957376318375217e-12,1.804933245062614e-13,6.067535770970278e-13,1.436004580402735e-12,3.397991074849541e-14,1.526388389217176e-12,5.261234984063891e-12,4.887246148582000e-17,2.686241525511518e-14,1.801479650713159e-13,8.371441137678639e-17,4.179958922961336e-18,1.557838281219640e-06,1.073799621429795e-05,3.022621792204135e-08,9.570133778383007e-08,6.044072151507843e-08,1.438082230359413e-12,4.989070985449647e-13,5.935629474466055e-12,7.181223835053197e-12,6.085045734156858e-12,1.373351367285841e-12,1.670710387829152e-12,1.069217249756744e-01,7.930808171477273e+03,0.000000000000000e+00,2.330743406073678e+03,1.013250024014650e+05,
8.669410195558469e-07,5.640951322327582e+00,1.579640484697271e-01,2.899438453294775e-05,2.687050329374055e-04,8.549367996573216e-04,1.929620915919701e-07,1.113257471847986e-04,1.235678916766372e-02,7.312542421984715e-08,2.881341875015281e-03,1.976650309338781e-10,5.627156921481258e-10,5.860331926211242e-11,1.944071187938162e-09,3.973554713568600e-10,7.003462305885426e-09,3.488840814517009e-09,7.376968375577989e-12,3.092848268761462e-11,2.455864709512320e-11,5.953039272270382e-03,2.304574160816828e-02,1.859656966051792e-10,1.604739846845661e-08,5.186988120984574e-10,8.146345999171622e-09,8.309394887461144e-12,3.584459611511681e-14,5.206171484863595e-09,2.489515350005210e-09,1.948804148143226e-13,2.230686569324029e-11,3.605871934190623e-12,5.743860786402092e-12,3.640478264151587e-12,5.250259796441157e-12,1.338032660366795e-11,4.530108910500771e-13,1.474561523218122e-11,2.039694378035568e-11,2.498785797801497e-15,1.123546026609962e-12,1.791388537003160e-13,1.176773000660657e-16,4.538771561401175e-18,2.501622517729995e-06,1.766398344506089e-05,3.028996131116281e-08,1.643623448553003e-06,1.118439836204621e-06,3.711370797347683e-12,1.451812145696883e-11,6.789661155356702e-12,1.324259861250704e-10,1.008911383313660e-10,3.827710285895574e-11,2.788458197275745e-11,1.133198747627923e-01,7.831918517026023e+03,0.000000000000000e+00,2.290888322182554e+03,1.013250254779201e+05,

