1
0
63
1
(4 0
((0,0) (15,255) (0,0))
((0,768) (15,1023) (0,0))
((0,512) (15,767) (0,0))
((0,256) (15,511) (0,0))
)
4
FabOnDisk: SD_0_Old_MF_D_0003 0
FabOnDisk: SD_0_Old_MF_D_0000 0
FabOnDisk: SD_0_Old_MF_D_0001 0
FabOnDisk: SD_0_Old_MF_D_0002 0

4,63
-9.298170158347708e-07,2.138258310678194e+00,1.580500265508821e-01,9.246537792651689e-23,2.813314071216190e-21,8.596667405133808e-17,2.458091918606173e-11,6.128800257433276e-08,5.842870247279978e-09,9.924910862422767e-12,2.891794884733718e-03,0.000000000000000e+00,1.568098486236087e-27,1.039812746061982e-28,3.411707257070996e-13,7.465080641589899e-11,8.939887239426834e-23,1.712965881958564e-11,6.945183341652683e-17,1.953823635078796e-28,1.842298773923690e-12,1.516038052409394e-09,8.717506421366531e-11,8.713891486743354e-34,1.075200508766676e-11,1.604227171115458e-25,1.033656803992250e-10,0.000000000000000e+00,0.000000000000000e+00,2.194223281487416e-27,7.876287073782721e-13,2.060196911299941e-20,2.027469335244101e-23,1.632452771118668e-13,0.000000000000000e+00,0.000000000000000e+00,0.000000000000000e+00,0.000000000000000e+00,0.000000000000000e+00,0.000000000000000e+00,0.000000000000000e+00,0.000000000000000e+00,0.000000000000000e+00,1.012861007551996e-15,1.036457877544047e-16,1.544007890904753e-18,2.934454023954328e-16,9.493075188382677e-17,3.909509682902932e-15,9.067466713081154e-16,1.633819150904111e-15,2.867629725922928e-32,0.000000000000000e+00,0.000000000000000e+00,0.000000000000000e+00,0.000000000000000e+00,0.000000000000000e+00,0.000000000000000e+00,1.133815944637213e-01,3.773258496493550e+03,0.000000000000000e+00,4.430000305874942e+02,1.013171399608507e+05,
-1.328413000649222e-07,5.708989781204474e+00,1.460945271158927e-01,6.122224464658951e-06,5.845947067300353e-05,4.698079428403379e-04,1.349672826860164e-07,5.710816062219059e-05,1.235248006752446e-02,1.212905770938697e-08,1.185814019883270e-03,5.153419563951291e-11,2.729098666113259e-10,2.306610903621055e-11,1.091411717370883e-09,2.988486173822144e-10,8.750685000529286e-10,1.635070432642462e-09,3.562718019789873e-12,1.178423606312544e-11,1.255297733802173e-11,3.573276379105677e-03,2.343813495677624e-02,8.791473567036527e-11,9.068565786414255e-09,1.007944905232466e-10,3.380593415336616e-09,0.000000000000000e+00,0.000000000000000e+00,3.008136090406303e-09,1.629044135682180e-09,2.699018845015747e-15,2.195266685516275e-12,0.000000000000000e+00,3.175238837556277e-13,0.000000000000000e+00,0.000000000000000e+00,0.000000000000000e+00,0.000000000000000e+00,0.000000000000000e+00,0.000000000000000e+00,0.000000000000000e+00,0.000000000000000e+00,7.873826133466490e-14,1.754997030459698e-17,1.205181818544780e-18,5.910380869099534e-07,4.019898087732643e-06,1.804680509560455e-08,1.344182645929546e-08,8.219834959453989e-09,4.276134557172889e-13,0.000000000000000e+00,0.000000000000000e+00,0.000000000000000e+00,0.000000000000000e+00,2.223413668500885e-14,0.000000000000000e+00,1.047806520920297e-01,7.927577661415227e+03,0.000000000000000e+00,2.330842891468091e+03,1.013249980754744e+05,
-1.503654498593552e-07,5.639474558669265e+00,1.469394974068224e-01,7.209768325581331e-06,6.951526011562160e-05,5.063256512181349e-04,1.327230571822996e-07,6.114541294104991e-05,1.235468681196960e-02,1.460400259716468e-08,1.325050824514861e-03,8.196484719211539e-11,3.945772082237744e-10,3.443826410189927e-11,1.514876252575987e-09,3.805896869876497e-10,1.131410348097233e-09,2.361765865175309e-09,5.167528093185555e-12,1.768853625951992e-11,1.789027501306312e-11,3.781543173730318e-03,2.304812746961053e-02,1.286309364364373e-10,1.264953452745199e-08,1.663820294381383e-10,5.035846523677140e-09,0.000000000000000e+00,0.000000000000000e+00,4.202836095510759e-09,2.201563253668820e-09,4.968723534556062e-15,4.005206719337221e-12,0.000000000000000e+00,6.737942228597617e-13,0.000000000000000e+00,0.000000000000000e+00,0.000000000000000e+00,0.000000000000000e+00,0.000000000000000e+00,0.000000000000000e+00,0.000000000000000e+00,0.000000000000000e+00,1.399851396902891e-13,3.895215202046000e-17,2.423611130860183e-18,9.352913462504308e-07,6.386678912991071e-06,2.493400820973778e-08,2.853284411666101e-08,1.761260303442656e-08,7.280251465027069e-13,0.000000000000000e+00,0.000000000000000e+00,0.000000000000000e+00,0.000000000000000e+00,0.000000000000000e+00,0.000000000000000e+00,1.053892963240027e-01,7.833209912236830e+03,0.000000000000000e+00,2.291153783646410e+03,1.013249979486271e+05,
-1.070494005294237e-06,5.383991215070475e+00,1.490829694136787e-01,1.046733961865881e-05,1.017199836367377e-04,5.945190697381788e-04,1.327369148062507e-07,7.176703194539584e-05,1.231687356981741e-02,2.232525071484741e-08,1.666327094876301e-03,1.379809580059411e-10,4.077072594572147e-10,5.058899989337651e-11,1.365430650582970e-09,1.939681587353067e-10,1.903238819629232e-09,2.820921440375200e-09,5.359181855562015e-12,2.626461260205835e-11,1.912475083584435e-11,4.291776564016148e-03,2.220569863437290e-02,1.287460142076171e-10,1.050130314422783e-08,3.019201151747919e-10,6.778066622202671e-09,0.000000000000000e+00,0.000000000000000e+00,2.914000329510796e-09,1.160955260283219e-09,1.945499622018817e-14,8.855849786564088e-12,0.000000000000000e+00,0.000000000000000e+00,0.000000000000000e+00,0.000000000000000e+00,0.000000000000000e+00,0.000000000000000e+00,0.000000000000000e+00,0.000000000000000e+00,0.000000000000000e+00,0.000000000000000e+00,4.701966895518384e-14,8.392166263766152e-17,2.926676979477533e-18,1.560868778944994e-06,1.075946042372612e-05,1.749126527421192e-08,9.627455547947222e-08,6.081089359519152e-08,1.439298588949833e-12,0.000000000000000e+00,0.000000000000000e+00,0.000000000000000e+00,0.000000000000000e+00,0.000000000000000e+00,0.000000000000000e+00,1.069310263775616e-01,5.546070180407651e+03,0.000000000000000e+00,2.142786087278046e+03,1.013249807481252e+05,

4,63
1.674617883989636e-06,5.381558894949724e+00,8.373322506167634e-01,5.009854109297997e-05,4.356557749977715e-04,9.509927286237837e-04,1.180775429570146e-04,3.949601654032429e-04,1.297181126810099e-02,2.125708733868315e-05,1.827791437189001e-01,1.504529254657658e-06,6.669186700648481e-06,7.511702590128930e-07,2.359767763004031e-04,2.700364971624322e-04,2.014162597097719e-05,5.150677211314355e-04,1.484335970874717e-05,9.759497532835411e-07,6.826327201173325e-05,1.438593193328375e-02,2.220315722162403e-02,8.721183998309643e-07,6.489580380671603e-04,2.243313030495599e-05,4.600453067405433e-03,1.008952986351783e-04,4.666834714964925e-04,3.340793921773607e-05,1.134425871431316e-04,1.306272188005140e-07,3.191161017487903e-05,3.765428339846232e-05,1.261240354389212e-05,5.883209092261555e-05,3.171065993269778e-05,4.122084338670040e-05,3.103286116801653e-06,6.486629099283329e-04,1.069334362672154e-05,4.237554405384896e-06,1.146850668822899e-04,1.950275418048433e-05,7.087419547916401e-07,1.736362029612716e-08,2.501552191534568e-06,1.766448022938922e-05,3.016339030319836e-05,1.284328699963266e-05,1.653433794375558e-05,1.700152820748315e-06,4.430261848542639e-04,9.531794081868475e-06,5.259451799903526e-02,1.616142784883692e-03,1.421991518863890e-04,4.442527335590504e-04,6.019585199141184e-01,7.447546403513936e+04,0.000000000000000e+00,2.141372344887797e+03,1.013279212251642e+05,
1.312605804454579e-07,5.738736474414943e+00,1.469344906516929e-01,7.202917380284937e-06,6.944632240517076e-05,5.061097312514592e-04,1.366517872525403e-07,6.112077065972334e-05,1.235467658517338e-02,1.458829757456250e-08,1.324233142391171e-03,8.180818375305430e-11,3.940398510395686e-10,3.438497269690600e-11,1.514734783865239e-09,3.803311973513047e-10,1.129829024447827e-09,2.358638250099781e-09,5.160744227089364e-12,1.766164083270422e-11,1.786904486451776e-11,3.780314355994512e-03,2.360598594212629e-02,1.284447670505764e-10,1.263460808980151e-08,1.660291237212354e-10,5.031483145618739e-09,6.316885707887851e-13,2.960221490167810e-15,4.197900317329146e-09,2.199409962449175e-09,1.249426044219264e-14,3.994622194190054e-12,3.626965541397729e-13,2.557306935930876e-12,8.359260207930997e-14,3.168032008052143e-13,7.382897083284390e-13,1.242647705497411e-14,6.732637964219483e-13,5.651520316251045e-12,1.378670966061885e-17,7.542845691062393e-15,1.397193115033388e-13,3.882777133401548e-17,2.417239299304005e-18,9.334831935868690e-07,6.374183640486467e-06,2.490554312917049e-08,2.842861811090668e-08,1.754729616591123e-08,7.271654976573900e-13,1.408268800805471e-13,4.682453060356239e-12,5.879144120428751e-12,2.758778872847789e-12,1.042998617287401e-12,7.543699613120480e-13,1.053856934118807e-01,7.964362314141460e+03,0.000000000000000e+00,2.346803841076772e+03,1.013250022410799e+05,
1.672097173719588e-07,5.708823144821057e+00,1.490692136121497e-01,1.044469354893902e-05,1.014995487368470e-04,5.939877327221469e-04,1.349573466502094e-07,7.169981329386864e-05,1.235679400911397e-02,2.226979912793359e-08,1.664204958610525e-03,1.377341376269955e-10,5.349999591874562e-10,5.054198070453058e-11,1.906963593042325e-09,4.067858548640531e-10,1.897848615561888e-09,3.236134583405617e-09,7.023560430785940e-12,2.624526504501795e-11,2.358850406549409e-11,4.288654173150419e-03,2.343715149552600e-02,1.767949071142660e-10,1.586144949215209e-08,3.012326139686227e-10,7.249965701291077e-09,1.334690334786247e-12,6.417119092025999e-15,5.187889180011461e-09,2.503058779355485e-09,3.626014738454255e-14,8.826675108246631e-12,1.029458879227737e-12,4.042196314003291e-12,1.902850170716801e-13,5.920890837972966e-13,1.428925202568930e-12,3.378293820827975e-14,1.533320609568229e-12,5.570418965279845e-12,5.060429335630681e-17,2.751491695696385e-14,1.801390774288782e-13,8.369681178562609e-17,4.179396466668099e-18,1.557601224993882e-06,1.073632572845818e-05,3.022508103229939e-08,9.566231254772403e-08,6.041555886802835e-08,1.437782079415591e-12,4.214044886740887e-13,6.010417116843492e-12,8.406767866866995e-12,6.124611701606808e-12,1.502528599564167e-12,1.687902139622971e-12,1.069211268100638e-01,7.930814983798717e+03,0.000000000000000e+00,2.330748126554805e+03,1.013250023525431e+05,
1.129099763870269e-06,5.639046034748446e+00,1.579569641508444e-01,2.897838913169170e-05,2.685790435884372e-04,8.548287038207937e-04,1.928879914965599e-07,1.113000898132091e-04,1.235679317986243e-02,7.308241289356072e-08,2.880730943482269e-03,1.968450210863570e-10,5.626992747374761e-10,5.860380769510981e-11,1.942994712543003e-09,3.973769405693560e-10,6.998005181545339e-09,3.493833636926628e-09,7.382762046382002e-12,3.088051543437289e-11,2.456749952748160e-11,5.951793402656102e-03,2.304587110000224e-02,1.859591304984968e-10,1.604693168641189e-08,5.187379863415450e-10,8.205907344332734e-09,5.042870279473782e-12,3.191111697642430e-14,5.206049490048760e-09,2.489489275773635e-09,1.864694643048934e-13,2.229200097898536e-11,3.172966915916429e-12,3.801539747756097e-12,1.500742508311162e-12,2.714283809895038e-12,1.772079357632188e-11,5.294456389801586e-13,1.673620129178397e-11,1.052045532567020e-11,1.991619457984591e-15,1.149256870991123e-12,1.791340157201809e-13,1.176687519068794e-16,4.538477419931532e-18,2.501497317252384e-06,1.766300024351468e-05,3.028913815183343e-08,1.641030334436613e-06,1.116632717405473e-06,3.702264180337212e-12,1.454167392016312e-11,8.712623474911150e-12,1.396905980007857e-10,1.404254400226655e-10,2.177432560200777e-11,3.894389290701375e-11,1.133149362837328e-01,7.831994852891628e+03,0.000000000000000e+00,2.290903436899714e+03,1.013250338509693e+05,

