1
0
56
1
(4 0
((0,0) (15,255) (0,0))
((0,768) (15,1023) (0,0))
((0,512) (15,767) (0,0))
((0,256) (15,511) (0,0))
)
4
FabOnDisk: SD_5_Old_MF_D_0003 0
FabOnDisk: SD_5_Old_MF_D_0000 0
FabOnDisk: SD_5_Old_MF_D_0001 0
FabOnDisk: SD_5_Old_MF_D_0002 0

4,56
-7.642353104905309e+00,-1.591147834750521e+01,-2.563087766173000e+01,-5.974941009410351e+00,-8.175916254144482e+00,-8.474195113006878e+00,-1.144646743331295e+00,-6.318372250412112e+02,-2.656991758683497e-01,-7.862016493745093e-01,-9.112880612474394e-02,-1.377436959378899e+01,-1.264980619313537e+01,-1.389278536174840e+00,-9.459643972041810e+00,-4.546707056549206e-01,-7.165884180720274e-02,-2.786016397831797e+00,-1.325834793393041e+02,1.160435137738391e-18,-9.861185681651440e-02,-4.974059054703265e+01,-1.856192558510000e+00,-2.033130622680085e+02,-7.475563034731120e+00,-2.468620306837141e+01,-4.607509249315780e+00,-2.827998409443356e+00,-9.044968174564266e-03,-2.020464278109919e+00,-1.594483384025848e+00,-9.524148338530051e-01,-3.804655685151150e+00,-2.223039819966532e+00,-3.191839182874165e+00,-2.194520819536357e-01,-3.268375449203671e+01,-4.792591875528467e-01,-3.184021277720259e-01,-8.596909814237417e+00,-1.012172868920486e+00,-1.689165811472356e-02,-7.013305820016543e-04,-8.341620375440265e-02,-1.846451609090089e-01,-2.126629886061157e+00,-7.002373944433297e-02,-4.088212427651948e-01,-1.351019793330039e-01,-2.415916553437230e+01,-4.692581609197479e-01,-5.963872290908548e+02,-8.985809660271671e+01,-9.681464206112359e+00,-2.465258942793805e+01,-4.311004886403680e-10,
-4.064643186250427e-03,-3.004598940711777e-02,-8.852023216295342e-02,1.178012080756011e-07,-1.101579398595726e-02,1.038759886535251e-01,-6.698099339937749e-06,-3.364930704851337e-01,-1.010152979527940e-07,-3.920105190689917e-07,-4.460011072313564e-08,-4.378727736357134e-06,-2.844522091155632e-07,-6.789378478166549e-07,-2.478751946289855e-06,-7.121583035441507e-09,-2.788442687261365e-08,-2.362275086990327e-08,-4.785181906830738e-01,2.632029868605718e-01,-9.296632162206002e-08,-9.165007383107536e-06,-2.961616376873209e-07,-1.527785042939299e-05,-6.369583568486791e-06,-4.680581631173002e-09,-3.869690537936226e-06,-1.267287423463242e-06,-1.333466035111455e-08,-7.248711985510262e-09,-1.007286379940293e-06,-6.696484380056561e-07,-2.378952009120492e-08,-2.084329014472956e-07,-2.678920963880187e-07,-7.695075720753577e-09,-4.648911134597109e-07,-8.285753627660849e-06,-1.122684959746876e-11,-5.124811321272067e-09,-1.053822279104598e-10,-4.998229228031887e-14,-2.502494629115222e-15,-7.204745506707323e-04,-4.984497105045493e-03,-1.278375013673844e-05,-4.362250600223723e-05,-2.735934242666950e-05,-2.052219680916001e-09,-9.680411376237224e-08,-3.708855072588703e-06,-5.838403701779191e-06,-8.771872474017286e-07,-6.031636836925826e-07,-2.453165454086625e-07,-3.692228467411240e-11,
-1.230303886099168e-02,-9.223316618089339e-02,-2.022786353503647e-01,3.051229865388290e-06,-2.888690354501303e-02,1.835552583608649e-01,-2.271085814525491e-05,-8.185551916544743e-01,-1.848762079236700e-07,-5.980095017919329e-07,-1.042062003458584e-07,-5.208462667534524e-06,-1.510325347344779e-07,-2.260299543192347e-06,-4.097507308873314e-06,-1.255081759298073e-08,-5.906639558512449e-08,-4.113133838989383e-08,-1.132627266307705e+00,7.733282087326464e-01,-1.093167665912681e-07,-8.239036992099278e-06,-6.244347593436559e-07,-2.425613414233317e-05,-8.589759495342369e-06,-8.444402045904997e-09,-2.102158115891390e-06,-8.876293328509200e-07,-4.417288023273273e-08,-1.898575417756075e-08,-3.012501082274810e-06,-4.702614789722993e-07,-7.405424055180589e-08,-3.293831523279617e-07,-8.117942354536157e-07,-2.975568483246996e-08,-1.190744769074200e-06,-1.101815316195657e-05,-8.570770837632894e-11,-3.880215645331903e-08,-1.001796275268702e-10,-8.127482439695502e-14,-2.701901308544908e-15,-1.198445365666130e-03,-8.515458957882959e-03,-1.061826830738312e-05,-2.492107224578933e-04,-1.611791799061254e-04,-1.025727427254608e-08,-3.689847159002014e-07,-5.285264336168266e-06,-7.857890936930837e-06,-5.368052720647749e-06,-9.529746216077906e-07,-1.488690495536192e-06,-3.891797994981516e-11,
-1.513927082297243e-01,-7.564492538984603e-01,-5.348051447033222e-01,-5.005296254219303e-04,-1.447972028128726e-01,4.861273149621758e-01,-2.656619728761940e-04,-3.897679794052307e+00,-2.278756677469946e-06,-7.187077311037014e-06,-1.421884428332218e-06,-1.118286059769848e-04,-1.796849141903206e-06,-2.718954429143572e-05,-4.866974585980285e-05,-1.841066422431458e-07,-1.062879168270170e-06,-6.241840336189787e-07,-4.377009788769798e+00,1.820202345134173e+00,-1.312582301227392e-07,-1.798820608752195e-05,-1.316689771478420e-05,-4.783427051503263e-04,-1.337743976779116e-05,-5.497641051585899e-08,-3.414861374865732e-07,4.027547353866810e-07,-1.352205207456281e-07,-4.622099246281033e-07,-6.792049809788849e-06,-1.216929270204823e-06,-1.536854814532693e-06,-3.860542976198302e-06,-1.693908543231712e-05,-4.989985865741193e-07,-1.534807659944349e-05,-3.170690085651324e-05,-2.880964075537158e-09,-1.306702162369353e-06,-6.630910274661626e-10,-2.219311740109377e-12,-5.853716901859314e-14,-1.409118270484591e-03,-1.038876562456676e-02,7.062419001245273e-07,-1.439306538356908e-02,-1.004429267403755e-02,-4.961094653806725e-07,-1.410829532099662e-05,-7.215000710695191e-06,-3.840404971318904e-04,-9.438590570698955e-05,-2.116403340714104e-05,-2.652841320957639e-05,-2.049984626495416e-10,

4,56
5.672089211746826e+00,2.904475328646702e+01,4.346202435469856e+01,7.334817369686061e+00,1.345163984959251e+01,3.135363148968248e+02,6.205313059417483e-01,9.652956336481111e-06,6.547634975452362e-01,1.417367241537023e+00,1.613604481046191e-01,2.590286814134752e+01,1.582083345687083e+01,1.917038428629715e+00,1.560937973267474e+01,4.268184583322407e-01,1.320650942004683e-01,2.736925325531967e+00,4.621967931691494e+02,2.807761229895867e+02,2.110231744841110e-01,6.065340965367158e+01,3.895313855594488e+00,2.991081232046176e+02,1.288759600954416e+01,2.563824490779448e+01,8.603924306031937e+00,3.507932296063164e+00,1.537873773250068e-02,3.823091546573464e+00,2.388930306785707e+00,1.103339226742023e+00,3.906481869577256e+00,2.340935488523750e+00,3.844109315985518e+00,1.980642342806317e-01,3.494425728380578e+01,1.065378552442632e+00,5.519843168011743e-01,7.919876833373841e+00,1.540695828889881e+00,4.396403822474230e-02,1.126678225623860e-03,7.567541400175222e-02,4.006060402456312e-01,2.418907716215459e+00,4.773642942431182e-01,6.947534578536160e-01,1.786118151983286e-01,1.644459153834767e+01,7.650268389943542e-01,1.290627880918979e-01,9.104181001317237e+01,1.422777266913461e+01,2.549057219246499e+01,3.528839442878962e-10,
-1.924944640459239e-03,-1.160417116980744e-02,-3.208809171394102e-02,6.393265269853104e-06,-5.905331440780483e-03,1.829858102835250e-01,-1.716035565597397e-06,-1.551496311874780e-01,-3.534759788938030e-08,-1.322158159236876e-07,-4.378251758139706e-09,8.697605782780677e-07,-7.954865810414830e-08,-1.827985497901020e-07,-8.696013614211984e-07,-9.124293978600148e-10,-2.855435603607611e-09,-4.294540434916694e-09,-1.599448310344236e-01,7.710713396420298e-01,-5.575006891187319e-08,-4.941828543298756e-06,-3.687308445514552e-08,2.176541660908962e-06,1.254630323168800e-06,1.463668909741161e-09,-1.614159322878919e-06,-7.269712529034345e-07,4.175299285929830e-09,-1.384790382527231e-09,8.170241548837818e-08,5.775886560078230e-07,1.091832546860195e-07,5.569349923688393e-07,1.395166716184107e-06,2.605290086928788e-08,1.420534174350863e-06,1.005035853216011e-05,2.922016219529652e-11,1.518598850555021e-08,-9.191470504816530e-11,-2.228425858843486e-14,-1.499924281451993e-15,-4.528508228820366e-04,-3.086345299280626e-03,-1.062362731927693e-05,-1.172873304387549e-05,-7.185943664081908e-06,4.383692448508688e-09,2.810439285760165e-07,1.032920713097131e-05,1.228625962735878e-05,5.135115652112669e-06,9.422344796602028e-07,1.424563658750124e-06,4.268217723701895e-11,
-3.674654305967460e-03,-3.015176956493937e-02,-8.876878458712431e-02,7.537586012750079e-06,-1.105087949481282e-02,4.838934142868546e-01,-6.723797226174253e-06,-3.374933203794097e-01,-5.137181311076888e-08,-1.477149657753834e-08,1.556851003242521e-08,2.242051272611065e-06,1.710133668354598e-07,-6.412930194851278e-07,-1.023624849102753e-07,1.074194899961729e-09,4.348833330930390e-10,5.235037600226752e-09,-4.799302842405436e-01,1.813140712480540e+00,-3.495408771472501e-08,-5.246261442060543e-07,-1.659474384312304e-08,6.913310493755925e-06,2.641202836341685e-06,3.798611875403241e-09,2.156676621540901e-07,5.930147406556484e-07,1.408643358362120e-08,-2.983147681566364e-09,4.508850733609250e-07,6.969284502674814e-07,2.770278660583948e-07,1.107326232882242e-06,2.623320899210466e-06,7.335560306370056e-08,3.472901149642474e-06,1.416664921899821e-05,1.146383699151000e-10,5.965623412891563e-08,5.761558339446223e-11,-4.973035227098210e-14,-1.796807026300438e-15,-7.218548761045561e-04,-4.994378001943287e-03,6.566691708874116e-07,-4.384872891683249e-05,-2.750381316887787e-05,1.858196049020196e-08,9.329692314114353e-07,1.399100685999641e-05,1.688538288356835e-05,1.260989253218232e-05,2.370545628726361e-06,3.499708541007920e-06,4.368549966216051e-11,
-1.237560420168238e-02,-9.273476515213844e-02,-2.030166265569160e-01,2.955420197897998e-06,-2.901806003694500e-02,2.944899015009791e+00,-2.284996020758669e-05,-8.219386514902793e-01,1.336797224402418e-06,4.436653917169318e-06,6.309031225314005e-07,4.835749289165896e-05,1.988198256597766e-06,-2.086380106060455e-06,2.907640129934540e-05,9.889151753967450e-08,5.526776994842210e-07,3.215911147796024e-07,-1.137071296621394e+00,6.928789608891491e+00,5.879389831284572e-07,4.772181596959971e-05,6.364759594308623e-06,2.831146565325218e-04,1.109587668035567e-05,4.427715530784669e-08,1.391485643022755e-05,5.057366376694659e-06,5.020141128053432e-08,2.229578888803897e-07,1.820463720187239e-06,3.576639483252555e-06,2.446837071816777e-06,3.825763894198164e-06,2.276793317416631e-05,8.208746366198626e-07,2.831378688586080e-05,2.679613023893497e-05,4.195955980180153e-09,1.980006895969244e-06,3.675065306463064e-10,1.911080867104820e-13,1.022384878618749e-14,1.048130773330820e-03,7.235559400848338e-03,6.220376214222880e-05,-2.515244488492995e-04,-1.627074398573526e-04,1.191361721466413e-06,2.741160416243105e-05,2.579497605212522e-05,3.439738049357761e-04,2.159675691565318e-04,2.320192920315290e-05,5.998185641603403e-05,1.698403639949220e-10,

