1
0
56
1
(4 0
((0,0) (15,255) (0,0))
((0,768) (15,1023) (0,0))
((0,512) (15,767) (0,0))
((0,256) (15,511) (0,0))
)
4
FabOnDisk: SD_5_New_MF_D_0003 0
FabOnDisk: SD_5_New_MF_D_0000 0
FabOnDisk: SD_5_New_MF_D_0001 0
FabOnDisk: SD_5_New_MF_D_0002 0

4,56
-7.658747120318576e+00,-1.588648710474015e+01,-2.558349155647681e+01,-6.003328145607748e+00,-8.167875649394883e+00,-8.488215483284137e+00,-1.148677518273957e+00,-6.318273225608311e+02,-2.671958209012161e-01,-7.888600398129749e-01,-9.091913198208472e-02,-1.379637309721806e+01,-1.262374478476033e+01,-1.385908926491647e+00,-9.449549880889906e+00,-4.562859910147082e-01,-7.169676820782048e-02,-2.792318198352604e+00,-1.327158726759396e+02,1.071496678276690e-18,-9.822738329872882e-02,-4.979099241345612e+01,-1.855778765201467e+00,-2.031223912282755e+02,-7.564511657875614e+00,-2.472999703869534e+01,-4.611044217774929e+00,-2.832820498631944e+00,-9.053776460829725e-03,-2.023933671848941e+00,-1.595647133776215e+00,-9.507537635729882e-01,-3.822142695516379e+00,-2.234047811711629e+00,-3.210958932883036e+00,-2.201710245264927e-01,-3.276749670618479e+01,-4.789201250316676e-01,-3.207680832015615e-01,-8.616949109685638e+00,-1.015369647267277e+00,-1.691937460981684e-02,-7.016823556899270e-04,-8.396183408102324e-02,-1.829727769089405e-01,-2.132823913626693e+00,-6.999531417999519e-02,-4.086039685498839e-01,-1.336407507876619e-01,-2.440443226812204e+01,-4.645974550817238e-01,-5.950079768004116e+02,-8.907077771130567e+01,-9.653759436330972e+00,-2.440296553285663e+01,-3.551576810423285e-10,
-4.063364260989388e-03,-3.005127523563862e-02,-8.853315094047895e-02,1.181027719667145e-07,-1.101683560891810e-02,1.039014457054463e-01,-6.699626268255365e-06,-3.365564622032358e-01,-1.015936321167279e-07,-4.090981294509089e-07,-5.538508061310359e-08,-3.464650502074688e-06,-2.896394999890294e-07,-6.769123845924808e-07,-2.564486010777660e-06,-7.539208179833738e-09,-3.011289895542999e-08,-2.466174671356555e-08,-4.786331510293172e-01,2.633694854441161e-01,-9.340306148421123e-08,-8.834999786585562e-06,-2.814593006745630e-07,-1.200281482140815e-05,-5.161134138754953e-06,-5.076969912984650e-09,-3.858267618199451e-06,-1.255134464061841e-06,-1.098385029786064e-08,-6.872964477577408e-09,-8.482658030510814e-07,-5.832521494000144e-07,-2.962861027640557e-08,-2.002715509872194e-07,-2.757165438972469e-07,-7.157976163215691e-09,-4.682534333742357e-07,-7.807524996066824e-06,-1.365003083594347e-11,-7.316504226958373e-09,-1.047884644168617e-10,-4.992038009219296e-14,-2.499572681232648e-15,-7.205624173017060e-04,-4.985124933409452e-03,-1.278412078094790e-05,-4.363639618419949e-05,-2.736815617522718e-05,-2.340853423656339e-09,-1.139770689220957e-07,-3.401536544052381e-06,-4.674521601923421e-06,-1.163185382400655e-06,-4.355250439205115e-07,-3.250584492308323e-07,-4.044375945255752e-11,
-1.230614436705142e-02,-9.226349367241382e-02,-2.023245250102130e-01,3.044778478993210e-06,-2.889409242266076e-02,1.835712689662833e-01,-2.271954909277437e-05,-8.187776110326520e-01,-1.812980414688685e-07,-5.995608709487406e-07,-1.144942131448871e-07,-5.941304555844481e-06,-1.702849903496692e-07,-2.252300095337132e-06,-4.128312629233755e-06,-1.252972998427089e-08,-6.042638124789849e-08,-4.139804922179888e-08,-1.132955892569737e+00,7.735149361831632e-01,-1.039025697809508e-07,-7.779096918305454e-06,-6.200193198659600e-07,-2.119366049975646e-05,-9.155769241566085e-06,-9.028175611798269e-09,-2.097951808733859e-06,-8.795033386717260e-07,-3.603539002519555e-08,-1.837467777704158e-08,-2.700723215012974e-06,-5.995975916132714e-07,-9.142958408371856e-08,-4.138183274658237e-07,-9.167736550192612e-07,-3.023698811113369e-08,-1.152724730804611e-06,-1.079913372196668e-05,-8.334377862549682e-11,-4.044977101389899e-08,-1.002484099925317e-10,-8.129042531125949e-14,-2.706195700377791e-15,-1.198606891143603e-03,-8.516709083420206e-03,-1.061731520798961e-05,-2.493609724261831e-04,-1.612785604504518e-04,-8.102169500161110e-09,-2.971303971185058e-07,-4.401995025209846e-06,-6.564771578899016e-06,-6.969249195594834e-06,-1.187125505393895e-06,-1.934747097477270e-06,-4.354322458155480e-11,
-1.516418946034813e-01,-7.566933160278080e-01,-5.342974122346780e-01,-5.011793159374763e-04,-1.450467792479928e-01,4.862425650955474e-01,-2.658632129704758e-04,-3.900847519226501e+00,-2.557757165553205e-06,-8.631100044596704e-06,-1.293948873566699e-06,-9.563445768088947e-05,-1.740739514506868e-06,-2.763586727983256e-05,-5.074276316545994e-05,-2.148960793139515e-07,-1.229569853841583e-06,-6.911531229961536e-07,-4.375487627638025e+00,1.820714495732600e+00,-1.646571199353092e-07,-2.364361878029327e-05,-1.307816501628290e-05,-3.496075905085836e-04,-1.397568388180076e-05,-4.916743884095367e-08,-2.947620334162649e-07,4.145660000270646e-07,-1.583105472090493e-07,-5.326381392557762e-07,-5.578003932869185e-06,-2.074372258517817e-06,-3.346213828850905e-06,-6.604233594312050e-06,-3.035387050287155e-05,-1.189064768878234e-06,-2.910573273094273e-05,-2.373013184290707e-05,-4.908747630337415e-09,-4.297078150633243e-06,-6.862288666730246e-10,-2.274048069619085e-12,-6.012195191348922e-14,-1.409173754012848e-03,-1.038913344002323e-02,7.284429489910596e-07,-1.442148861401282e-02,-1.006392861529041e-02,-1.034315167389609e-06,-2.201891892973907e-05,-8.945888910094180e-06,-2.782757771166583e-04,-2.313370882398550e-04,-4.741289071512590e-05,-6.455730068381452e-05,-1.555697792809951e-10,

4,56
5.674043716723745e+00,2.905160513003837e+01,4.341092016832014e+01,7.411058009865305e+00,1.347190646354440e+01,3.133184831885238e+02,6.227044295536042e-01,9.794806420160285e-06,6.527539081877278e-01,1.418358716177875e+00,1.598761612717338e-01,2.598772080984287e+01,1.589998948419503e+01,1.902451314422902e+00,1.560045215421830e+01,4.267499193672075e-01,1.321816405981397e-01,2.746860718951435e+00,4.621347014913477e+02,2.808445788437922e+02,2.098571276079349e-01,6.080243491265239e+01,3.905838550997513e+00,2.969698118128010e+02,1.298713265191933e+01,2.563891577441223e+01,8.541835525713202e+00,3.511355325854610e+00,1.552810669034808e-02,3.830758100089694e+00,2.387201672474628e+00,1.096657535689331e+00,3.910876354377762e+00,2.341505148329498e+00,3.790811227173660e+00,1.984887811284837e-01,3.489324994253388e+01,1.063383718606741e+00,5.565296849481948e-01,7.874652507337226e+00,1.548227093646497e+00,4.423180549456135e-02,1.129138868118988e-03,7.455099812732836e-02,3.985570655677867e-01,2.400846364193197e+00,4.764980248703019e-01,6.968647954750580e-01,1.760539372467812e-01,1.640315028605974e+01,7.661536295228742e-01,1.248416821045002e-01,9.059730074751958e+01,1.426087316013748e+01,2.535111905950621e+01,3.356035449542105e-10,
-1.926347711685010e-03,-1.160629752550675e-02,-3.209550266608526e-02,6.393364349974917e-06,-5.904378664795276e-03,1.830009330045822e-01,-1.716840431966527e-06,-1.551896594197120e-01,-3.685298110188524e-08,-1.339903694364264e-07,-4.512794211312066e-09,1.194537276595850e-06,-7.669485076277886e-08,-1.840520534230944e-07,-8.908285347895259e-07,-1.017309049576294e-09,-2.585071243740821e-09,-4.619729271334721e-09,-1.600497806284766e-01,7.712543226657658e-01,-5.642382165210143e-08,-4.883201482702711e-06,-4.052359181914587e-08,1.315339039439847e-06,1.457956159870935e-06,1.823431007764026e-09,-1.682102523675342e-06,-7.658422693827931e-07,4.540586350688619e-09,-1.537667798851537e-09,1.327648669340507e-07,5.792710008039468e-07,1.204876916610925e-07,6.367557371204223e-07,1.523374493263353e-06,2.523349080202218e-08,1.428992084672802e-06,7.188185500823193e-06,2.983253790706806e-11,1.592609523106995e-08,-9.189327649569955e-11,-2.221269609932174e-14,-1.496763089326433e-15,-4.529047626145147e-04,-3.086680691500925e-03,-1.062309026528584e-05,-1.173250729422180e-05,-7.188312852106615e-06,3.883852942745832e-09,2.523414606918150e-07,7.235327903597547e-06,1.210857333323184e-05,5.259208270233879e-06,9.426098957695304e-07,1.458008496689210e-06,4.094474759241962e-11,
-3.674488021950365e-03,-3.015745974071187e-02,-8.878279610298881e-02,7.536686209754715e-06,-1.105196939074815e-02,4.840109633059393e-01,-6.725337964672029e-06,-3.375578705423684e-01,-5.108124466174623e-08,-1.890058092043267e-08,1.102927590165631e-08,2.419453083935493e-06,1.497848373731176e-07,-6.429771896808052e-07,-1.168935827114400e-07,1.334173067019683e-09,3.904159723945777e-09,4.573442094355420e-09,-4.800471789373320e-01,1.813662659199480e+00,-3.060743771261645e-08,-7.446087334723071e-08,-1.698155209421997e-08,6.315173976842318e-06,2.566858069421899e-06,3.826753317226877e-09,1.964299723914296e-07,5.828231085487808e-07,1.532862463851818e-08,-2.655228391910079e-09,4.068298408323689e-07,6.648598486077953e-07,2.863614818801811e-07,1.016012273253653e-06,2.804104337151970e-06,6.853265987114875e-08,3.696342396045335e-06,1.583505904710883e-05,1.264403252453417e-10,5.620970921426442e-08,5.735534037373539e-11,-4.971198711622514e-14,-1.804588991152540e-15,-7.219444991596188e-04,-4.995015961341198e-03,6.641850567882000e-07,-4.386258339050585e-05,-2.751261298075461e-05,2.478818004475414e-08,1.186417249675671e-06,1.607654777895631e-05,1.656317970235265e-05,1.137736258066302e-05,2.164350426911148e-06,3.159996566244220e-06,4.136641029717225e-11,
-1.237875130355652e-02,-9.276458568733137e-02,-2.030612847472597e-01,2.947836978260010e-06,-2.902501204788375e-02,2.949000902370709e+00,-2.285812142002925e-05,-8.221574048642107e-01,3.472898574674546e-06,9.084841958081290e-06,1.246174089160241e-06,8.204718988770702e-05,4.004035224414291e-06,-2.085530617355484e-06,7.499378804402501e-05,2.368701298960990e-07,1.209194852802793e-06,8.335438540809489e-07,-1.137393918574599e+00,6.926385708431223e+00,9.714244021093172e-07,8.415984773548693e-05,9.395742550777389e-06,3.232069388934914e-04,1.246409286043795e-05,4.039819662745247e-08,1.688955106535380e-05,6.511124217099410e-06,9.887658340622458e-08,4.278486457685229e-07,2.932052717021707e-06,4.432874338294911e-06,2.628861989831261e-06,5.742349918069601e-06,2.293507086466837e-05,1.056379298596343e-06,2.921645520902403e-05,4.569322463598758e-05,4.595094311897032e-09,1.721641900326201e-06,3.714898945982744e-10,1.920233891044928e-13,1.022433615680936e-14,1.054503336320409e-03,7.277749564693083e-03,6.225671351087630e-05,-2.516687473131932e-04,-1.628046118360142e-04,1.225798037291472e-06,2.984212226259523e-05,1.836330556662636e-05,3.228078650873007e-04,2.282453032070347e-04,3.370937698443458e-05,6.356341330277769e-05,2.590274661429248e-10,

