1
0
63
1
(4 0
((0,0) (7,127) (0,0))
((0,256) (7,383) (0,0))
((0,128) (7,255) (0,0))
((0,384) (7,511) (0,0))
)
4
FabOnDisk: SD_0_Old_MF_D_0003 0
FabOnDisk: SD_0_Old_MF_D_0001 0
FabOnDisk: SD_0_Old_MF_D_0002 0
FabOnDisk: SD_0_Old_MF_D_0000 0

4,63
-9.301726659941521e-03,8.570029245855295e-01,1.594899336553293e-01,0.000000000000000e+00,0.000000000000000e+00,0.000000000000000e+00,8.523524311393293e-13,0.000000000000000e+00,3.186826706236289e-10,3.363812915482331e-13,2.883949832255504e-03,0.000000000000000e+00,2.096568165027076e-30,1.669002974907287e-31,1.586243395293388e-14,3.440331280872334e-12,3.342071242895632e-25,2.604101428054200e-13,5.720497719634856e-20,0.000000000000000e+00,2.592002055238228e-14,5.233133738008725e-11,1.235684437461537e-12,0.000000000000000e+00,1.899940806308793e-13,2.034391253565832e-29,1.635499059844510e-12,0.000000000000000e+00,0.000000000000000e+00,3.117563037846147e-31,6.372484392239435e-15,1.863284679309825e-22,5.849824192824451e-28,1.266539818414878e-15,0.000000000000000e+00,0.000000000000000e+00,0.000000000000000e+00,0.000000000000000e+00,0.000000000000000e+00,0.000000000000000e+00,0.000000000000000e+00,0.000000000000000e+00,0.000000000000000e+00,2.068519783538274e-18,2.076542745208785e-19,3.015200958907937e-21,5.693784133092237e-19,1.833491017904448e-19,7.453857477462449e-18,1.720836866013669e-18,3.100685482269152e-18,0.000000000000000e+00,0.000000000000000e+00,0.000000000000000e+00,0.000000000000000e+00,0.000000000000000e+00,0.000000000000000e+00,0.000000000000000e+00,1.142721197112338e-01,3.403556961850838e+03,0.000000000000000e+00,4.430000339070145e+02,9.830542756347952e+04,
-2.017168936753481e-07,4.652973778347889e+00,1.469614056040465e-01,7.238029102232106e-06,6.980986350752793e-05,5.072368395705571e-04,1.327607966098162e-07,6.124078975900811e-05,1.235296773681397e-02,1.467052258988027e-08,1.328734883963658e-03,8.348264975998040e-11,4.009603864707157e-10,3.502359695757453e-11,1.539486390759726e-09,3.855441633077338e-10,1.139788645604421e-09,2.399899226739721e-09,5.251628288037969e-12,1.799183182607976e-11,1.817425555725687e-11,3.786685960328129e-03,2.303503698545837e-02,1.307334139309717e-10,1.284189002282123e-08,1.696180216536434e-10,5.123698090821345e-09,3.498906006571940e-16,8.945709053696250e-16,4.267112452574127e-09,2.233271875041592e-09,3.594466511161733e-15,4.093346787200123e-12,0.000000000000000e+00,0.000000000000000e+00,0.000000000000000e+00,0.000000000000000e+00,0.000000000000000e+00,0.000000000000000e+00,0.000000000000000e+00,0.000000000000000e+00,0.000000000000000e+00,0.000000000000000e+00,1.439716826916021e-13,4.027750955817935e-17,2.499963055509361e-18,9.526295263504355e-07,6.505702613094685e-06,2.531115655984427e-08,2.927131542039230e-08,1.807263199911659e-08,7.433345282662934e-13,0.000000000000000e+00,0.000000000000000e+00,0.000000000000000e+00,0.000000000000000e+00,0.000000000000000e+00,0.000000000000000e+00,1.054047936377207e-01,7.860813517899472e+03,0.000000000000000e+00,2.289558382824921e+03,1.013246441742437e+05,
-6.718733090407020e-03,4.381709609698671e+00,1.491870293164075e-01,1.064650320653128e-05,1.034916235726492e-04,5.987331899667908e-04,1.328036900320705e-07,7.227950887006968e-05,1.219294516423355e-02,2.275766312760972e-08,1.683300755462828e-03,1.418543140558944e-10,3.836309985139335e-10,4.985707645404604e-11,1.297683224846511e-09,1.831387369573042e-10,1.950407328257276e-09,2.706930776417662e-09,4.962973285059012e-12,2.664123508664242e-11,1.807888112612144e-11,4.317001389813957e-03,2.227185708666361e-02,1.204756021159348e-10,9.866902297538834e-09,3.113840816276867e-10,6.515395483198853e-09,0.000000000000000e+00,1.495063864530034e-15,2.583152266210802e-09,1.013757619107644e-09,2.513256467820944e-14,9.210483721025160e-12,5.093244541182933e-14,0.000000000000000e+00,0.000000000000000e+00,0.000000000000000e+00,0.000000000000000e+00,0.000000000000000e+00,0.000000000000000e+00,0.000000000000000e+00,0.000000000000000e+00,0.000000000000000e+00,5.460633542282261e-14,8.757698982358048e-17,3.495520843619936e-18,1.604839548772652e-06,1.106720840146192e-05,1.530264905084196e-08,1.022745159951253e-07,6.466894631598660e-08,1.489453542510735e-12,0.000000000000000e+00,0.000000000000000e+00,0.000000000000000e+00,0.000000000000000e+00,0.000000000000000e+00,0.000000000000000e+00,1.070053069545422e-01,4.211924376388448e+03,0.000000000000000e+00,2.123232151031319e+03,1.007388405787240e+05,
-9.984618039212449e-08,4.723817903156060e+00,1.460900733624025e-01,6.124731646090679e-06,5.847531716839875e-05,4.698922440645157e-04,1.349514404661156e-07,5.712690857225451e-05,1.235286254808830e-02,1.213100185491421e-08,1.185853398648953e-03,5.196782174908042e-11,2.751435780580600e-10,2.325793392544286e-11,1.099838477154214e-09,3.011833592206639e-10,8.765009352785714e-10,1.648187198432188e-09,3.592055390429741e-12,1.188195351926401e-11,1.265222879213738e-11,3.574717664654182e-03,2.343576366315086e-02,8.864215211360981e-11,9.141868148476529e-09,1.016796041228791e-10,3.410111214290628e-09,0.000000000000000e+00,4.592847472397412e-17,3.032087354497580e-09,1.641950025773731e-09,1.750471886947048e-15,2.214279199426165e-12,0.000000000000000e+00,0.000000000000000e+00,0.000000000000000e+00,0.000000000000000e+00,0.000000000000000e+00,0.000000000000000e+00,0.000000000000000e+00,0.000000000000000e+00,0.000000000000000e+00,0.000000000000000e+00,7.998401340192250e-14,1.783179382472636e-17,1.224455801973739e-18,5.959909946179324e-07,4.053557946987806e-06,1.819481585579052e-08,1.355490142259430e-08,8.288750471347404e-09,4.313492491441824e-13,0.000000000000000e+00,0.000000000000000e+00,0.000000000000000e+00,0.000000000000000e+00,0.000000000000000e+00,0.000000000000000e+00,1.047768287590707e-01,7.931510360843802e+03,0.000000000000000e+00,2.330539037588869e+03,1.013248677603885e+05,

4,63
1.183655974184533e-02,4.376146118466589e+00,8.373327216610446e-01,5.112300965421627e-05,4.593233995134331e-04,9.630182124781364e-04,1.377461806433995e-04,1.956309138885421e-03,1.323018464304994e-02,2.099286501828163e-05,1.827792563685367e-01,1.357808892041923e-06,6.172380130427497e-06,7.067351811664170e-07,2.357122544507055e-04,3.044047469522479e-04,2.047284854442128e-05,5.634215174073212e-04,2.049546981034980e-05,9.938154183640075e-07,9.045108745722253e-05,1.395568278101689e-02,2.225847569791934e-02,7.050056792030412e-07,5.741382869803924e-04,2.084037215790850e-05,4.317155342465444e-03,1.104570625757117e-04,5.545283302759171e-04,2.982343051108523e-05,1.073109404403592e-04,1.434854324729497e-07,2.904453832769326e-05,4.273053979938473e-05,1.057807905463863e-05,5.391004193649280e-05,2.885215030334551e-05,3.707718559322225e-05,3.266936501239197e-06,6.705630210726782e-04,2.655571533680306e-05,5.569910652809358e-06,1.106976449273768e-04,1.469233512304068e-05,6.190063200284029e-07,1.417597362723109e-08,2.522825385596593e-06,1.781056547978408e-05,2.855246588388047e-05,1.211650804227625e-05,1.520785482781466e-05,1.861719510023931e-06,5.263983579860888e-04,2.193871951871383e-05,5.259454885066313e-02,1.578336850032325e-03,1.314182243151176e-04,4.299748941610050e-04,6.019588892032357e-01,7.098960623813013e+04,0.000000000000000e+00,2.119599061530604e+03,1.147461369802770e+05,
2.402900196059533e-07,4.723476333638971e+00,1.491585928450199e-01,1.059864713384198e-05,1.030272929177892e-04,5.976266307797573e-04,1.349311895702568e-07,7.213838187803650e-05,1.235498806121264e-02,2.264090066574440e-08,1.678901157264949e-03,1.412674660379784e-10,5.440202126875342e-10,5.157115194917263e-11,1.933767608637238e-09,4.108862011965963e-10,1.938777987970363e-09,3.292604241004525e-09,7.140749724889944e-12,2.678251143502907e-11,2.395036173535461e-11,4.310445024675013e-03,2.343372471968852e-02,1.798538267209076e-10,1.607874330875656e-08,3.098452438122407e-10,7.388618649421063e-09,3.140687366183682e-13,5.622443485608867e-15,5.254624176244149e-09,2.530798000338373e-09,2.880879901487913e-14,9.145493163861686e-12,3.725220845490341e-13,6.997114821673242e-12,4.474592211220211e-13,1.299284024477599e-12,1.582460090791104e-12,2.333660384413520e-14,7.587994557340462e-13,2.487028043792475e-12,4.796920901862218e-17,3.587714726876579e-14,1.841928124423600e-13,8.710839537397660e-17,4.311307565038831e-18,1.598048881310538e-06,1.101908695618698e-05,3.060631900250780e-08,1.009406010888159e-07,6.380669875026448e-08,1.484495411026245e-12,3.143645090529022e-13,2.914460519588860e-13,6.837406215295158e-12,1.270462864206849e-11,1.173124283019754e-11,3.436356596003124e-12,1.069848409883612e-01,7.931384967023298e+03,0.000000000000000e+00,2.330344498644782e+03,1.013248713082710e+05,
6.710467699575019e-03,4.652085507553840e+00,1.592484607490090e-01,3.329135220051940e-05,2.903378527575708e-04,8.691571063469659e-04,2.033952458831679e-07,1.207068201904987e-04,1.237863904960202e-02,8.082857486774841e-08,2.851171623107906e-03,2.205926599059161e-10,5.761081401820310e-10,6.253816559077192e-11,1.962799590098900e-09,3.997441505895041e-10,8.678269076258583e-09,3.603903488711419e-09,7.543886426979783e-12,3.283480911990174e-11,2.500722166673179e-11,6.493992745637938e-03,2.303034936427658e-02,1.908774911652780e-10,1.623177601156521e-08,5.480138323428246e-10,8.423160344428571e-09,1.367341405754946e-12,2.553785558211601e-14,5.266172417307864e-09,2.510823472429537e-09,2.117025689741763e-13,2.149895961600490e-11,2.798071673342474e-12,2.739890982856644e-12,4.084699929547978e-13,9.823307216286539e-13,2.647561801343643e-12,6.162911367132413e-14,1.701010356162147e-12,9.052625626839674e-13,1.715941893221650e-16,3.509037391646848e-13,2.242570937989781e-13,6.575622847377709e-16,1.798211160603997e-17,2.586033271803165e-06,1.824390840517017e-05,3.063831626369179e-08,2.317724151916344e-06,1.586689712069885e-06,3.976422571470296e-12,1.261137685863939e-12,1.911649111283673e-13,1.858597585648535e-11,1.848214631666237e-11,4.990312202555690e-12,5.154901243545477e-12,1.140947709121342e-01,7.936829095416842e+03,0.000000000000000e+00,2.289041122121223e+03,1.017616508264037e+05,
8.522995238641626e-08,4.753380138049336e+00,1.469511464791547e-01,7.223834767909462e-06,6.966717128893697e-05,5.067906239347716e-04,1.366760725751740e-07,6.118973498088747e-05,1.235421565467517e-02,1.463803293438718e-08,1.327051005375009e-03,8.315141605735881e-11,3.998276631138967e-10,3.491096671456758e-11,1.535856623517243e-09,3.850244836994442e-10,1.136487970808262e-09,2.393206557343157e-09,5.236746970791963e-12,1.793320013113231e-11,1.812668297886431e-11,3.784143342741971e-03,2.360333425832540e-02,1.303538086025603e-10,1.281163025518768e-08,1.688811701566542e-10,5.108280846811916e-09,1.797419353193280e-13,2.374376873798988e-15,4.256968391526542e-09,2.228888486395401e-09,9.556717657228582e-15,4.071049125511195e-12,1.879414807544353e-13,4.027117379548300e-12,1.788529410425124e-13,6.648024451898342e-13,6.231710055655676e-13,7.317152171828837e-15,3.767643876785403e-13,2.271615661855515e-12,6.984033960659062e-18,5.157315799068602e-15,1.434336723474788e-13,4.001978843190052e-17,2.486883507158465e-18,9.489108531073867e-07,6.479997459777805e-06,2.525360591864956e-08,2.905367645552759e-08,1.793621967250206e-08,7.400253025012699e-13,5.373244737643530e-14,9.871237869188350e-13,2.610545641279779e-12,3.193813283619474e-12,2.049539485996588e-12,8.620492589300864e-13,1.053974191813513e-01,7.979528404426761e+03,0.000000000000000e+00,2.346851618781155e+03,1.013250367059475e+05,

