1
0
63
1
(4 0
((0,0) (7,127) (0,0))
((0,256) (7,383) (0,0))
((0,128) (7,255) (0,0))
((0,384) (7,511) (0,0))
)
4
FabOnDisk: SD_0_New_MF_D_0003 0
FabOnDisk: SD_0_New_MF_D_0001 0
FabOnDisk: SD_0_New_MF_D_0002 0
FabOnDisk: SD_0_New_MF_D_0000 0

4,63
-1.545197607996357e-02,8.515704852506687e-01,1.595059193067218e-01,-1.676036192449605e-05,-1.832174186166527e-08,-1.516550963599089e-09,8.497132763304366e-13,-1.185580221679366e-03,3.179230267641154e-10,3.353261637004047e-13,2.889152122689048e-03,-1.103772651698248e-09,2.081481326750179e-30,1.657069293876458e-31,1.581985197108971e-14,3.431255979969810e-12,3.258492845530041e-25,2.591923169113721e-13,5.519878647033571e-20,-4.616745479923701e-26,2.579439479346001e-14,5.216880327265428e-11,1.229715760840786e-12,-3.142155267564869e-10,1.891655934812466e-13,2.011643265577320e-29,1.627989602793244e-12,-2.420127262750921e-23,-1.427335247072621e-09,3.082655938211888e-31,6.333233688215194e-15,1.805159477005369e-22,5.777772259802037e-28,1.258602757812543e-15,-2.307205142595461e-14,-1.650014015800602e-14,-1.444986743591787e-14,-3.884404660905032e-11,-5.355137885530478e-12,-3.511514095415363e-10,-2.383835314099784e-14,-4.451681553137535e-25,-4.114519409439023e-11,2.047283493684463e-18,2.055086964959401e-19,2.979006160055418e-21,5.634321216262151e-19,1.814313599851288e-19,7.375558190777866e-18,1.702732553639865e-18,3.068064273650491e-18,-4.147873131508566e-12,-1.217172708497682e-09,-3.156983750126924e-15,-2.862753907386478e-07,-5.499717785532927e-13,-3.616458487027050e-13,-1.713548511162666e-11,1.142861825260643e-01,3.435242606399893e+03,0.000000000000000e+00,4.430000340711230e+02,9.406396199083969e+04,
-2.871162119130657e-07,4.757965895229496e+00,1.469607574905627e-01,7.237205372234886e-06,6.980159471721394e-05,5.072111577306750e-04,1.327612446212408e-07,6.123783407677539e-05,1.235286401281271e-02,1.466860437405230e-08,1.328636157812292e-03,8.346734813569014e-11,4.009157920428837e-10,3.502009596866604e-11,1.539323236614783e-09,3.854865405175486e-10,1.139594116485676e-09,2.399308859066191e-09,5.250374703430391e-12,1.798844883701041e-11,1.816809539484172e-11,3.786541545009330e-03,2.303515849506534e-02,1.306937727783098e-10,1.283809027440422e-08,1.695638403475974e-10,5.121099195268434e-09,3.954092621147333e-16,1.103370713552438e-15,4.265866268733367e-09,2.232692340015681e-09,-1.219946791829799e-17,4.091515820456323e-12,-1.065926959522480e-14,-2.733148259959946e-13,-1.902586911122516e-14,-6.258745488288880e-14,-9.202528067335944e-14,-1.044604058149059e-15,-4.230192065931038e-14,-1.330597668898004e-13,-2.020146299085787e-18,-1.892568253012308e-15,1.439532894131648e-13,4.026603269719044e-17,2.499467864186416e-18,9.525262169621344e-07,6.504977912011710e-06,2.531083015882453e-08,2.926191417057414e-08,1.806669998596401e-08,7.432745077740461e-13,-1.738105572551112e-14,-1.207103138965902e-14,-1.872659039317670e-13,-6.470154975124513e-13,-4.603896141466867e-13,-1.952871681922214e-13,1.054043208125504e-01,7.862359357636294e+03,0.000000000000000e+00,2.289575881338256e+03,1.013245394310953e+05,
-2.461726773756051e-02,4.483207536507895e+00,1.488535840306203e-01,9.809916206514479e-06,1.034790602737456e-04,5.987034059344486e-04,1.322859082486622e-07,7.227641329292211e-05,1.212524809431370e-02,2.275400512290259e-08,1.683148052109478e-03,1.418582039017704e-10,3.825891507664964e-10,4.973290171102262e-11,1.294330889845016e-09,1.826109894723841e-10,1.950171131249133e-09,2.700768634267799e-09,4.951286629049779e-12,2.657990257753437e-11,1.804380208548864e-11,4.316882862724594e-03,2.227190458958893e-02,1.201136989985038e-10,9.839198724968968e-09,3.113950745377874e-10,6.500975504419075e-09,1.822543448267447e-13,4.368581901792550e-15,2.576887892071873e-09,1.011737695399597e-09,2.491159867368678e-14,9.209373371435891e-12,5.158355493845965e-14,-1.778559880178452e-13,-1.531492502141261e-14,-5.634623317085155e-14,-1.174631461320485e-13,-3.597068877742058e-15,-9.231502391351497e-14,-3.975545536451565e-14,-2.453151971802654e-17,-4.021756492251444e-14,5.448388220031108e-14,8.758050013995318e-17,3.487209669597404e-18,1.604836436760945e-06,1.106713969056780e-05,1.527456318481823e-08,1.022458113968296e-07,6.465007464256052e-08,1.486601503763478e-12,-6.884763593499685e-14,-8.503452125923625e-15,-1.005894821819152e-12,-5.667034668854811e-13,-2.347080554243971e-13,-1.765862204385301e-13,1.067647002882449e-01,4.212628239141000e+03,0.000000000000000e+00,2.123030264103304e+03,9.965378331039665e+04,
-9.607136778363783e-08,4.828789937949511e+00,1.460895566074691e-01,6.124184854105436e-06,5.846964579242391e-05,4.698726637457583e-04,1.349529140366976e-07,5.712487884351457e-05,1.235286366319394e-02,1.212974460074859e-08,1.185777267231222e-03,5.195628246247888e-11,2.750970078459122e-10,2.325370009174597e-11,1.100076664570268e-09,3.011429882021626e-10,8.763865968032128e-10,1.647891040588762e-09,3.591442043222179e-12,1.187971709233092e-11,1.265009354023416e-11,3.574616748790920e-03,2.343587791034803e-02,8.863094378367070e-11,9.140962937592929e-09,1.016578816640914e-10,3.410366427230227e-09,-1.531411176202455e-15,3.101190236992874e-16,3.031750341122199e-09,1.641788514414987e-09,2.371990962182545e-15,2.213700016123400e-12,-4.672325079091056e-15,-1.440477189901452e-13,-1.098214835885677e-14,-4.854324932607377e-14,-4.028419994227472e-14,-4.714164498587396e-16,-2.367406609477658e-14,-1.288450354824318e-13,-4.413082872428076e-19,-2.746779684653469e-16,7.996559420037423e-14,1.782549881920847e-17,1.224088498429866e-18,5.958616048397568e-07,4.052668652666420e-06,1.819223199658002e-08,1.354974172327309e-08,8.285548369452573e-09,4.312444494067834e-13,-2.704149596443009e-15,-5.343944672397196e-14,-5.943517694361741e-14,-1.348099901580923e-13,-6.030126922712200e-14,-4.065919673951276e-14,1.047764495331883e-01,7.931673340076168e+03,0.000000000000000e+00,2.330550223234526e+03,1.013248235436459e+05,

4,63
1.652574196604586e-02,4.477622323482773e+00,8.373327413785431e-01,5.179985262292969e-05,4.614903159718156e-04,9.651564611586657e-04,1.391851932937068e-04,2.104470537717885e-03,1.328132170387840e-02,2.116214390279675e-05,1.827792606741326e-01,1.377822357966281e-06,6.190701036312555e-06,7.106478092006733e-07,2.381754931227682e-04,3.105579291377532e-04,2.056312611500768e-05,5.672505024194489e-04,2.050664156788461e-05,1.005259482476875e-06,9.179591049385585e-05,1.394905753798872e-02,2.225838288037296e-02,7.029219852525387e-07,5.736687525156038e-04,2.079362578502737e-05,4.323072303732483e-03,1.115984938927788e-04,5.658420749215041e-04,2.950086303828460e-05,1.074098543766305e-04,1.456581060617591e-07,2.863601055660378e-05,4.311281779833310e-05,1.029219333400131e-05,5.346714652854846e-05,2.856908840638406e-05,3.664879418788727e-05,3.305811774220228e-06,6.755120799964087e-04,2.634795732712496e-05,5.773759334531857e-06,1.103030183898618e-04,1.448060993440095e-05,6.230023090980730e-07,1.427078528287680e-08,2.519834794290515e-06,1.778984417425031e-05,2.853153520345783e-05,1.209606647616281e-05,1.518808429491381e-05,1.899812477488185e-06,5.328875923621391e-04,2.210911790843912e-05,5.259455008750127e-02,1.580819183506185e-03,1.311695141260327e-04,4.312890555042664e-04,6.019589033867194e-01,7.072149353693459e+04,0.000000000000000e+00,2.119390659156163e+03,1.159909517949448e+05,
2.147235168015423e-07,4.828448569883709e+00,1.491574917248818e-01,1.059744179737227e-05,1.030146430987330e-04,5.975965554125841e-04,1.349326816265083e-07,7.213516013028883e-05,1.235496436528267e-02,2.263724050404493e-08,1.678749968434980e-03,1.412706529621786e-10,5.440606275698386e-10,5.157353601188724e-11,1.933952755027500e-09,4.109450549119548e-10,1.938519295055983e-09,3.292788511888943e-09,7.141298832019422e-12,2.678380169253350e-11,2.395175435773479e-11,4.310319606484206e-03,2.343384118135501e-02,1.798718692879532e-10,1.608051942044276e-08,3.098425429119996e-10,7.389149753736875e-09,3.162612410894576e-13,5.670958363763703e-15,5.255307146201616e-09,2.531225031756838e-09,2.875305271674760e-14,9.144735273925501e-12,4.076556147418758e-13,5.893865790240071e-12,4.908718294484107e-13,1.005936770421517e-12,1.754094723659651e-12,4.043704503240160e-14,1.250513984535488e-12,3.177587325685903e-12,8.502699601295375e-17,4.889648914066515e-14,1.842395497442239e-13,8.711384123423629e-17,4.311898823848357e-18,1.598044078566794e-06,1.101900658271312e-05,3.060954199214840e-08,1.009119158891035e-07,6.378786294147554e-08,1.484263643138634e-12,2.629001545323353e-13,6.875381724375654e-13,6.967802377935290e-12,1.342363960363272e-11,1.123599981106148e-11,3.616432300789584e-12,1.069840441836059e-01,7.931554564385814e+03,0.000000000000000e+00,2.330355757878554e+03,1.013248367723309e+05,
2.275230440694809e-02,4.757077884449942e+00,1.592640506284619e-01,3.329757524463162e-05,2.906713502564298e-04,8.695316141733309e-04,2.037109762164413e-07,1.206479985113304e-04,1.257247087482640e-02,8.095044494013385e-08,2.856144585530154e-03,2.206083278600238e-10,5.870656403920983e-10,6.260492123315267e-11,1.993748668474385e-09,3.998021370851795e-10,8.674265570967614e-09,3.620966766933350e-09,7.721557053513286e-12,3.286525184721545e-11,2.558164394893473e-11,6.489394116704672e-03,2.317890113357809e-02,1.956799836866528e-10,1.638829954965031e-08,5.476580141553930e-10,8.433220856741918e-09,1.365721776603004e-12,2.655315001447418e-14,5.266871654508972e-09,2.511132947533250e-09,2.116827795930116e-13,2.150208446545913e-11,2.797259046049933e-12,4.958019362575895e-12,7.768562454371574e-13,1.048315725028406e-12,1.446950179589098e-12,8.004455017049871e-14,1.725830867530912e-12,1.566469454935535e-12,2.309214058657574e-16,2.155694324683939e-13,2.263398339690736e-13,6.668421921654604e-16,1.820168804927753e-17,2.584222523302584e-06,1.823140223813866e-05,3.064136873170115e-08,2.320144560423607e-06,1.588491968950422e-06,3.972701864770794e-12,6.760326528408901e-13,3.648651503739104e-13,9.427567735659506e-12,9.722914557799735e-12,5.326599820802777e-12,2.686352759745053e-12,1.141084370808732e-01,8.970242687735838e+03,0.000000000000000e+00,2.289058615933496e+03,1.033943112275772e+05,
1.358891027424030e-07,4.858340756901171e+00,1.469505106775917e-01,7.223016093662587e-06,6.965895255712773e-05,5.067650717446655e-04,1.366773654576927e-07,6.118679419458006e-05,1.235420756865611e-02,1.463612816696313e-08,1.326952872104607e-03,8.314199071890162e-11,3.998087032406842e-10,3.490857461504796e-11,1.535832772187891e-09,3.850339446315126e-10,1.136315611039627e-09,2.393042901225602e-09,5.236441979883609e-12,1.793170354696553e-11,1.812565441766173e-11,3.783999556246118e-03,2.360340752146727e-02,1.303481446631776e-10,1.281142538744588e-08,1.688577755603464e-10,5.107960363778347e-09,1.487396304150267e-13,2.372911750121468e-15,4.256905954306681e-09,2.228901382179518e-09,1.020413873476068e-14,4.070227285036487e-12,2.346077853234004e-13,4.371630754297912e-12,1.732259004774863e-13,6.383784823956451e-13,6.723528033748923e-13,8.352746046975580e-15,4.061947462188671e-13,1.990988277372921e-12,8.049069514616137e-18,6.272664890791387e-15,1.434343091085035e-13,4.001366614788117e-17,2.486669856451070e-18,9.488081530617805e-07,6.479277168658046e-06,2.525327469336622e-08,2.904438186725468e-08,1.793035616841707e-08,7.399048550882649e-13,2.492611455742301e-14,7.342513766576217e-13,1.171822496744621e-12,3.371483687351308e-12,3.553977747269180e-12,8.860868850211115e-13,1.053969552991772e-01,7.979702859171647e+03,0.000000000000000e+00,2.346860924466442e+03,1.013250541762242e+05,

