1
0
56
1
(4 0
((0,0) (7,127) (0,0))
((0,256) (7,383) (0,0))
((0,128) (7,255) (0,0))
((0,384) (7,511) (0,0))
)
4
FabOnDisk: SD_5_New_MF_D_0003 0
FabOnDisk: SD_5_New_MF_D_0001 0
FabOnDisk: SD_5_New_MF_D_0002 0
FabOnDisk: SD_5_New_MF_D_0000 0

4,56
-8.002971594149495e+00,-1.678207347387384e+01,-2.733554055427268e+01,-5.943871658527602e+00,-1.127354537163597e+01,-7.093252197582657e+00,-9.836186836763451e-01,-6.605471099036014e+02,-2.369309542848622e-01,-7.272243887212484e-01,-7.942426981830186e-02,-1.407346175774739e+01,-1.372685808261766e+01,-1.460393301728811e+00,-1.030243459012462e+01,-5.261090947981295e-01,-7.321960841475549e-02,-3.220248948176113e+00,-1.345068971487692e+02,1.483134838307579e-21,-7.317966335992816e-02,-4.542425625734958e+01,-1.689747104414406e+00,-1.906268957921619e+02,-7.929096491741507e+00,-2.836147005381525e+01,-3.994164549158354e+00,-2.895931955174750e+00,-9.524240460341246e-03,-1.871158065985872e+00,-1.798542818724825e+00,-8.450846178652480e-01,-3.585292729094215e+00,-2.053403978059721e+00,-2.975918371068873e+00,-2.210452436795337e-01,-3.322121677015274e+01,-2.447474595689600e+00,-5.735878654804407e-01,-8.414165331323149e+00,-7.889129550316436e-01,-1.462597113787122e-02,-5.867910459416237e-04,-8.507067401550940e-02,-1.676886262349379e-01,-2.094502844440223e+00,-6.270054189600947e-02,-2.787098554973527e-01,-1.474572390926444e-01,-2.476804309338666e+01,-3.390039296951982e+00,-5.230251814200863e+02,-8.517963030869412e+01,-8.684399985399457e+00,-2.370313910252091e+01,-1.595026333234273e-10,
-1.291597408016342e-02,-9.549366930563880e-02,-2.065021188690791e-01,2.356923190125946e-06,-2.993051089953276e-02,1.848550440912543e-01,-2.359653514462434e-05,-8.411659732790425e-01,-1.140585414806907e-07,-2.637913623201142e-07,-3.056711453882773e-08,-9.940260239931940e-07,-1.209807730622728e-07,-2.339895563159827e-06,-1.880964870719451e-06,-4.438688050414093e-09,-1.913699308733957e-08,-1.470799737922859e-08,-1.156872615181273e+00,7.891001485049424e-01,-9.268135387445314e-08,-7.560657832112231e-06,-3.417502646224040e-07,-7.259150421404978e-06,-1.426601811223596e-07,-1.254682235594246e-09,-2.348627083748817e-06,-9.916203475497172e-07,-4.970202465990259e-09,-1.349333668687142e-08,-2.606618879529204e-07,-4.413937248809364e-07,-5.219016426908394e-08,-1.506725951903395e-07,-2.078136191580770e-07,-5.852878787834756e-09,-2.506790966877681e-07,-7.638007458055583e-07,-8.514280446737528e-12,-1.526377156589476e-08,-1.063494887160852e-10,-8.454362084145119e-14,-2.852923101441798e-15,-1.227631481554030e-03,-8.733162199584673e-03,-1.060572673665019e-05,-2.677539001504315e-04,-1.733804800571692e-04,-2.506884814517680e-09,-3.491417628564740e-08,-2.848556612857923e-07,-1.254912476355273e-06,-1.509730585555572e-06,-1.508807749754940e-06,-4.066302485293803e-07,-9.420908497759228e-12,
-1.862227076629265e-01,-9.207839228781136e-01,-1.070660091405487e+00,-6.904039420304394e-04,-1.340266840198359e-01,3.422980106356093e-01,-3.350694439227334e-04,-4.658831613514197e+00,-1.502776565484484e-06,-1.225761460938075e-06,-2.485438975987115e-07,-7.935625468847923e-06,-3.075603422636544e-07,-3.747493864929058e-05,-4.880918640273544e-06,-1.802296289947869e-08,-1.223173559319420e-07,-6.585923979654231e-08,-5.815785385911677e+00,1.309451366457196e+00,-8.595755516819663e-07,-5.350697292087314e-05,-3.903942797209175e-06,-4.175550910934058e-05,-4.742938641358730e-07,-4.778228819435497e-09,-8.990876803539452e-06,-3.581618396772159e-06,-1.109376033598542e-08,-8.426579026087242e-08,-3.467782520149867e-07,-4.400886659149193e-06,-8.465545293202562e-07,-1.529725635159322e-06,-3.738544739249177e-06,-1.608062734112553e-07,-3.782757267918479e-06,-6.843862891035787e-07,-9.589615160523158e-10,-1.708803345482752e-06,-4.452136117553254e-08,-1.139087729926763e-12,-8.784642659552684e-13,-3.744062738459559e-03,-1.239064213414570e-02,-1.083436014530330e-04,-2.240605515650782e-02,-1.565685742318088e-02,-1.903831128275096e-07,-2.897786038190433e-06,-2.877113027024733e-07,-3.102662830727609e-05,-2.768949608043613e-05,-1.132308179635254e-05,-7.729886879274610e-06,-3.568190187763776e-11,
-3.623789723258132e-03,-3.038733888857193e-02,-8.938628111625604e-02,1.321719906498269e-06,-1.106710006041447e-02,1.055795126009823e-01,-6.803718019144730e-06,-3.408843960787342e-01,-8.575026198149743e-08,-3.038372931633302e-07,-2.636611089158445e-08,-1.153090985567127e-06,-2.603648074206298e-07,-6.864082255191291e-07,-1.590594587437365e-06,-3.584482336503192e-09,-1.369446466410180e-08,-1.225660487649849e-08,-4.867953036978948e-01,2.818268677956958e-01,-8.099328333507067e-08,-8.039469098975236e-06,-1.527462337071908e-07,-4.437768718375026e-06,-1.851016609325767e-07,-4.507763385929457e-10,-3.551829997119417e-06,-1.219005618500004e-06,-1.403369135788619e-09,-4.642326636094341e-09,-1.355545595407653e-07,-1.200209929853535e-07,-2.121913261380280e-08,-7.792329508891052e-08,-1.091053893843334e-07,-1.409850773579483e-09,-6.820638749105444e-08,-5.398394568251416e-07,-1.428095330649476e-12,-1.481395572088124e-09,-1.074316579800228e-10,-5.123604620354754e-14,-2.548871202707449e-15,-7.323166003194147e-04,-5.067891713019499e-03,-1.234940907142727e-05,-4.495759537522802e-05,-2.820572627048205e-05,-8.318286114066731e-10,-5.875552889058175e-09,-2.075920727310546e-07,-4.815300452043994e-07,-2.492123182010539e-07,-1.230160666685535e-07,-7.189453990093301e-08,-8.701872555860746e-12,

4,56
6.505545501104555e+00,3.189828457073680e+01,4.753233899608151e+01,6.996906316248643e+00,1.088720877739464e+01,3.418204461891565e+02,6.471292217926127e-01,8.034338457557470e-12,5.827419562569074e-01,1.340674606501550e+00,1.577327661485091e-01,2.537530883967972e+01,1.808588493942452e+01,1.893968792156320e+00,1.735076284937622e+01,1.151926863153953e+00,1.334559636606904e-01,3.014289954296812e+00,4.544174267451391e+02,2.793672549648208e+02,1.575434078055412e-01,5.229166937609185e+01,3.670657515163388e+00,2.718949272807381e+02,1.203057426905498e+01,2.953319567726914e+01,8.017639871197831e+00,3.326625174262491e+00,1.749556816999476e-02,3.407079393283604e+00,2.440591997088411e+00,8.528459342076906e-01,3.639610978544154e+00,1.948972939734237e+00,3.579665412206383e+00,2.112215695016469e-01,3.022763567789609e+01,3.675421095719233e+00,8.151764114442756e-01,7.798277728238158e+00,1.084612430565173e+00,3.842822770332931e-02,9.984655145361811e-04,6.715482280885218e-02,2.633436988604379e-01,2.271884163998986e+00,4.417077461821632e-01,6.265847813362232e-01,2.090883138891186e-01,1.750736902933691e+01,2.909590111381586e+00,1.330276217008699e+00,8.361401885320511e+01,1.347962118235975e+01,2.342044877752239e+01,4.538378561846912e-10,
-3.652464198547827e-03,-3.061269681666322e-02,-8.991452780138473e-02,7.552469386410642e-06,-1.114018845658511e-02,5.011713475530793e-01,-6.857217614174583e-06,-3.429758202914510e-01,-6.476753382901797e-08,-1.124931311111043e-07,-1.853653026285219e-08,6.423311164404179e-09,1.595821048603345e-07,-6.890903972455718e-07,-8.344603625435143e-07,-1.365973640038015e-09,-9.572220344639318e-09,-3.560608166193030e-09,-4.897351772578661e-01,1.852149380202019e+00,-4.107537978431760e-08,-5.940428432455360e-07,-1.428842529864841e-07,-1.739942225730947e-06,1.507865194928620e-07,5.997545937497455e-10,2.729811710308936e-07,6.450274053165324e-07,1.549161029803134e-09,-4.463564876279924e-09,4.752644405739389e-08,1.415212786826158e-06,1.219251704796914e-07,4.213030624421351e-07,5.309142835586361e-07,1.130082462278161e-08,4.450610080890034e-07,9.721239681357193e-07,2.657678002580870e-11,1.868501987252258e-08,6.509173911096857e-11,-5.132823939151105e-14,-1.774036400914959e-15,-7.352711341443170e-04,-5.088990873576654e-03,1.248594875422909e-06,-4.543272011187143e-05,-2.850800151224972e-05,1.524875636595131e-09,8.582354565678816e-08,2.540291620376124e-07,1.939826286354629e-06,3.794362608078746e-06,2.871586225222825e-06,1.039040349987809e-06,1.109609626404051e-11,
3.876492133525203e-02,8.219966444264770e-02,7.169768148795033e-01,8.246100876176926e-04,4.389201920261265e-02,3.042597313668151e+00,4.208739595628361e-04,-8.482483527458281e-01,1.270338795727981e-06,2.083467922063520e-06,3.209634902959328e-07,1.539125922220404e-05,1.859599403016619e-06,4.244642403785108e-05,1.537266698312931e-05,3.882309453204793e-08,1.889478025434570e-07,1.374292369733321e-07,-8.044135269361448e-01,9.189185847693734e+00,1.253935533370418e-06,9.034026942293823e-05,2.965561209069058e-06,6.480477735340594e-05,4.583284634878025e-07,9.031753500460762e-08,2.171277739591006e-05,9.129940225523686e-06,5.429756199483091e-09,8.939568053208732e-08,1.890320880130147e-07,3.453347930914823e-06,7.855332383258476e-07,1.454710736804816e-06,2.973543221061315e-06,1.561538424444824e-07,3.376551905749667e-06,4.893543220799880e-07,8.686833325828182e-10,1.294079156195748e-06,4.879181057232373e-10,3.396743113539934e-11,3.002036128824555e-14,2.599730907200683e-03,1.909558743797334e-02,1.711352853955508e-04,1.197730392898393e-03,1.583164194953163e-03,1.661727011541970e-07,2.517707503421649e-06,1.307374825598940e-07,2.119190075415679e-05,2.368740910191190e-05,1.238555786102371e-05,6.670982059477803e-06,4.115463525522500e-11,
-2.010673014754005e-03,-1.235897602521428e-02,-3.639723890781706e-02,6.403024791290210e-06,-6.048313141775821e-03,1.836448428060281e-01,-2.047587845159841e-06,-1.567807549795559e-01,-4.328617371589861e-08,-1.844204354928028e-07,-1.670301826443815e-08,-5.286138356297265e-07,-8.122069978760990e-08,-2.240766478770393e-07,-1.049164408432946e-06,-2.211472661571604e-09,-8.078840426849222e-09,-7.336221870381157e-09,-1.717358878769672e-01,7.843987909948225e-01,-6.118994977663324e-08,-5.645555610037421e-06,-8.310526406350444e-08,-2.296827627610477e-06,7.834323439729582e-08,2.170010831277728e-10,-1.884093539933993e-06,-7.849008741915847e-07,5.942592819257985e-10,-2.085930131069926e-09,3.533990439301518e-08,8.791827644888025e-07,5.107073632819963e-08,2.486770980499309e-07,2.955732954117214e-07,3.228520350583013e-09,1.644476143631494e-07,5.246970742337234e-07,2.952050045659086e-12,2.389876480199519e-09,-9.510488305382665e-11,-2.357272780568427e-14,-1.549089544433205e-15,-4.561613286529086e-04,-3.112160186828379e-03,-1.062897585739507e-05,-1.279069794969602e-05,-7.867345808696834e-06,-2.544425700866556e-10,1.688070411648528e-08,2.498519226903930e-07,5.853642853857760e-07,1.129772954377810e-06,7.537221095295933e-07,3.055774924276857e-07,8.751555036212721e-12,

