1
0
56
1
(4 0
((0,0) (7,127) (0,0))
((0,256) (7,383) (0,0))
((0,128) (7,255) (0,0))
((0,384) (7,511) (0,0))
)
4
FabOnDisk: SD_5_Old_MF_D_0003 0
FabOnDisk: SD_5_Old_MF_D_0001 0
FabOnDisk: SD_5_Old_MF_D_0002 0
FabOnDisk: SD_5_Old_MF_D_0000 0

4,56
-7.839482975496133e+00,-1.693445560624228e+01,-2.720479370349117e+01,-5.934451268425217e+00,-1.044871560732713e+01,-7.616271361580149e+00,-9.841527872708700e-01,-6.515167430214573e+02,-2.355056093681816e-01,-7.209687032056895e-01,-7.873528578438624e-02,-1.388494626400355e+01,-1.339710550271765e+01,-1.445580670462068e+00,-1.024011988490866e+01,-5.620884265555109e-01,-7.209917232027756e-02,-3.171137333518252e+00,-1.347742020924566e+02,1.508363846990446e-21,-7.254964695138545e-02,-4.516191807792591e+01,-1.682597543652538e+00,-1.894717876045991e+02,-7.779022781579368e+00,-2.785460010084393e+01,-4.009614255665138e+00,-2.915119292237243e+00,-9.312699647872747e-03,-1.878346032834586e+00,-1.774176141630729e+00,-8.561069933580434e-01,-3.581105790009807e+00,-2.053118231645385e+00,-2.979646645748872e+00,-2.174814924370735e-01,-3.285783288261016e+01,-2.507804686885406e+00,-5.718721923555847e-01,-8.384713243294872e+00,-7.866863934374607e-01,-1.429992474190376e-02,-5.736459694258262e-04,-8.500048377827794e-02,-1.666230951122676e-01,-2.077263353916617e+00,-6.410221122885611e-02,-2.827376764140715e-01,-1.441652977554937e-01,-2.463749170382641e+01,-3.373591210938916e+00,-5.176112170652458e+02,-8.435572424926043e+01,-8.606716825831041e+00,-2.347700468808601e+01,-2.828528522513807e-10,
-1.291083182658398e-02,-9.553777956055418e-02,-2.065982780982528e-01,2.349012707860989e-06,-2.992066227079020e-02,1.849194856154749e-01,-2.360925084452150e-05,-8.414440578864547e-01,-1.144141376128682e-07,-2.517620516680424e-07,-2.928592034521362e-08,-8.931216856799618e-07,-1.195754838490325e-07,-2.337045293620193e-06,-1.856999118744001e-06,-3.973288911802150e-09,-1.723848362074814e-08,-1.370000150347054e-08,-1.157717657398467e+00,7.893872219266638e-01,-9.560543019882469e-08,-7.121117344229739e-06,-3.251845908667132e-07,-6.594953988149275e-06,-1.344233725509825e-07,-9.415117417647051e-10,-2.283930563534766e-06,-9.628618833076481e-07,-3.446845030409278e-09,-1.346003778120833e-08,-2.444483169742129e-07,-4.585557540061137e-07,-3.978238331717672e-08,-1.245418935233246e-07,-1.663727579860389e-07,-3.688737580683547e-09,-1.610705850523429e-07,-8.426906521621988e-07,-1.016744597909127e-11,-1.948563812922389e-08,-1.053447330677497e-10,-8.438625480659125e-14,-2.921430411255525e-15,-1.227584905030283e-03,-8.732966232305774e-03,-1.060265281955272e-05,-2.679079438752760e-04,-1.734841878329714e-04,-2.765217017044107e-09,-3.933978173419362e-08,-3.308903936286232e-07,-1.220394566991221e-06,-9.191326848966926e-07,-1.220362151556498e-06,-2.460772832782129e-07,-9.746786711062327e-12,
-1.856336286389430e-01,-9.221133298967316e-01,-1.841750313453405e+00,-1.421518528792211e-03,-2.459472951868783e-01,-1.282532049212470e-02,-3.902971231818848e-04,-4.648907236381177e+00,-3.106829829551606e-06,-5.656751192492053e-07,-5.317313382333516e-07,-7.781367935372696e-06,-7.093205417806041e-08,-5.509941674894081e-05,-5.631252897212457e-06,-1.902593920184165e-08,-1.230446687672209e-07,-6.675503203517921e-08,-5.816279691447367e+00,1.867298971978945e+00,-1.187680667172735e-06,-2.265914092150645e-05,-5.064674309537856e-06,-4.023547124312572e-05,-5.068192586551579e-07,-4.500042360905263e-09,-8.724141211318317e-06,-3.146224447934450e-06,-1.064942790128226e-08,-1.023027653718299e-07,-3.351585868612436e-07,-5.485232049091729e-06,-1.116854279317605e-06,-1.108711859653510e-06,-2.985592239056881e-06,-1.553087277090572e-07,-3.794773837066126e-06,-6.535521559681338e-07,-1.058366839527296e-09,-1.872753268177570e-06,-4.430975525539161e-08,-2.290330929369360e-11,-1.882522473390104e-12,-4.424350001959860e-03,-1.335667627668185e-02,-6.708541129927365e-05,-2.239403280419567e-02,-1.565212310244911e-02,-2.052396235844422e-07,-3.131269619383229e-06,-3.040014759756515e-07,-3.894641799057037e-05,-2.554817072926233e-05,-1.113229431904060e-05,-7.062619735213292e-06,-2.216937744492498e-11,
-3.625125975032025e-03,-3.040047888944323e-02,-8.941783970971290e-02,1.325394864504341e-06,-1.107132966185067e-02,1.056200212373474e-01,-6.806885241685452e-06,-3.410086184815530e-01,-8.625564109772428e-08,-3.062572795120784e-07,-2.658637420055291e-08,-1.276866222122159e-06,-2.598922106898857e-07,-6.887261247682104e-07,-1.495606450213615e-06,-3.446239529017625e-09,-1.313274770695664e-08,-1.147148138262882e-08,-4.869804882636034e-01,2.818992144206536e-01,-8.171058560396751e-08,-8.118320471907716e-06,-1.502936447938741e-07,-4.052675194696346e-06,-1.282696528488846e-07,-3.992124994269778e-10,-3.574042070598555e-06,-1.247797666089228e-06,-2.250104474748839e-09,-4.638802464160026e-09,-1.838020596288882e-07,-1.549246528586756e-07,-1.486489740278328e-08,-7.647855350556178e-08,-1.033995868365105e-07,-8.875500782241376e-10,-5.176748751148201e-08,-5.608702732888957e-07,-1.012709848853752e-12,-8.824520874429166e-10,-1.055977271027498e-10,-5.127079550291879e-14,-2.550003616745399e-15,-7.323974316097913e-04,-5.068489062543311e-03,-1.234966755655723e-05,-4.498037579014290e-05,-2.822030451027032e-05,-8.139943568342083e-10,-4.830668886374404e-09,-1.801199818074562e-07,-5.535780150145783e-07,-6.515904281001640e-07,-1.845412272677236e-07,-1.817106835169817e-07,-9.283837587581445e-12,

4,56
6.225319552672529e+00,3.162956887398962e+01,4.680452779437768e+01,7.012031879123986e+00,1.128029554744593e+01,3.345770543658068e+02,6.573592640431485e-01,5.036350854656130e-12,5.725189435788768e-01,1.329738859232230e+00,1.561189059699840e-01,2.487777352023765e+01,1.733485991795320e+01,1.869171676517869e+00,1.733897203456107e+01,1.154013840131104e+00,1.306999194687879e-01,2.998135917379009e+00,4.517699623415916e+02,2.801519936560971e+02,1.583659401110990e-01,5.227040049797054e+01,3.639044311028528e+00,2.696151242771272e+02,1.163720622787683e+01,2.827745812563845e+01,8.088753838217309e+00,3.434962791774296e+00,1.697823904681813e-02,3.433244836084359e+00,2.363015865543512e+00,8.743376349306200e-01,3.670658590620811e+00,1.965096088064680e+00,3.585792748798253e+00,2.048719481787397e-01,3.011339256256227e+01,3.695841259527063e+00,7.885939222064289e-01,7.797383875369007e+00,1.106705851430335e+00,3.832373566569795e-02,9.852657885901649e-04,6.889805305148801e-02,2.694284910511603e-01,2.274998804315631e+00,4.438776821664878e-01,6.362045069906448e-01,2.074687086162090e-01,1.738848758947234e+01,2.805204847368212e+00,1.151336359455709e+00,8.339917408501148e+01,1.341649108768393e+01,2.337478406139286e+01,2.076632199532469e-10,
-3.653877637019551e-03,-3.062530304419421e-02,-8.994367280345779e-02,7.551834595906441e-06,-1.114416594269593e-02,5.010892252302565e-01,-6.860266577801920e-06,-3.430983031928273e-01,-6.462907684284920e-08,-1.102319750205192e-07,-1.952479975293464e-08,3.510346969767904e-08,1.592416558810978e-07,-6.887081950416059e-07,-8.190323692515444e-07,-1.304191325916848e-09,-9.963340469992427e-09,-3.392913267735976e-09,-4.899163329855289e-01,1.853476808647957e+00,-4.053143216800719e-08,-5.458754989334259e-07,-1.445677187365940e-07,-1.918322882254042e-06,1.863118182862195e-07,4.294216232432851e-10,3.285541757519963e-07,6.687446357673427e-07,1.489944402946926e-09,-4.502049262108908e-09,3.792671266427255e-08,1.550004817834087e-06,1.065772587157475e-07,3.892682895187453e-07,4.600913921109509e-07,6.283449020506903e-09,2.520314017980313e-07,9.670445622437061e-07,1.680740120359334e-11,1.191520692858931e-08,6.584058388769501e-11,-5.128582611757476e-14,-1.760279790612649e-15,-7.353511289310137e-04,-5.089562515370804e-03,1.261245086829094e-06,-4.545510369049810e-05,-2.852231431737980e-05,1.887240701873004e-09,9.101186961740730e-08,2.338385240302052e-07,1.845185718544033e-06,3.211573061412635e-06,2.722266315004649e-06,8.642866699262536e-07,9.959838509487895e-12,
1.007932050795148e-01,2.036733691090499e-01,8.277318166614468e-01,1.041207032343506e-03,8.134291669562774e-02,3.037906601155585e+00,5.530970091544335e-04,-8.485170882962453e-01,2.022526970533324e-06,1.980407005567781e-06,3.757419611720793e-07,1.532733942764967e-05,1.565243790481054e-06,5.446245198097596e-05,1.382224450366114e-05,3.605261894263398e-08,1.812794085420424e-07,1.261922648549979e-07,-1.166411012784703e+00,9.190054401307151e+00,9.670609060845427e-07,4.132656683087147e-05,2.817399321423347e-06,6.612446993217246e-05,5.236932935992912e-07,6.163923963396876e-08,2.131096331639482e-05,9.643201252168572e-06,5.249745925033603e-09,1.198217090494820e-07,1.950946666467630e-07,2.964412329290779e-06,1.150702642113046e-06,1.598342629772177e-06,3.060205977887047e-06,1.230807457984308e-07,3.056212927794008e-06,5.257091005083434e-07,5.272659750288330e-10,8.676384247480848e-07,4.004545245324954e-10,2.883091859708970e-12,4.717051081254648e-14,2.600151660547451e-03,1.905112006848710e-02,1.037355659590463e-04,2.186491731879817e-03,2.267833057436684e-03,1.230752896212182e-07,2.260511538260662e-06,1.627574577886746e-07,2.260701730074601e-05,2.354772800712747e-05,1.314910634276961e-05,6.610338031398333e-06,2.570188506467730e-11,
-2.010845163874558e-03,-1.236827259991811e-02,-3.642989228156468e-02,6.404004533226476e-06,-6.053781288196776e-03,1.837119062301933e-01,-2.050144173104824e-06,-1.568373419214928e-01,-4.329955310244267e-08,-1.853734641924682e-07,-1.668432751793233e-08,-5.412809522838462e-07,-8.226999464478492e-08,-2.241940416059551e-07,-1.053783651623865e-06,-2.103404220831500e-09,-7.477698645050490e-09,-7.304096658124928e-09,-1.717803693495414e-01,7.846921399649274e-01,-6.119638991972081e-08,-5.374609863457688e-06,-8.409205996981868e-08,-2.031372902660138e-06,9.632833695531833e-08,1.574213582300441e-10,-1.865205295242117e-06,-7.863255315444267e-07,6.086843786623109e-10,-2.088666953421647e-09,2.092006605885491e-08,7.855473743092990e-07,4.247533247397809e-08,2.080637415855530e-07,1.873440949807705e-07,2.483868471366531e-09,1.301952508828548e-07,8.160335198360159e-07,2.430608871302004e-12,1.572805486551021e-09,-9.510866975292436e-11,-2.361745338499161e-14,-1.551945927108399e-15,-4.562540990772143e-04,-3.112821305712581e-03,-1.062624408499846e-05,-1.280099999261393e-05,-7.874595913941012e-06,-1.769848146782877e-10,1.462242087403152e-08,2.465783613581620e-07,8.467066823104271e-07,8.628074470179230e-07,5.551738995621547e-07,2.327357277741722e-07,9.142867019029666e-12,

