1
0
63
1
(4 0
((0,0) (7,127) (0,0))
((0,256) (7,383) (0,0))
((0,128) (7,255) (0,0))
((0,384) (7,511) (0,0))
)
4
FabOnDisk: SD_0_New_MF_D_0003 0
FabOnDisk: SD_0_New_MF_D_0001 0
FabOnDisk: SD_0_New_MF_D_0002 0
FabOnDisk: SD_0_New_MF_D_0000 0

4,63
-1.095434055018684e-06,2.150957315761413e+00,1.580638908463217e-01,2.922865130557929e-22,1.161074720398930e-20,2.400232249277040e-16,7.157434771619595e-11,1.395065600706605e-07,1.617513348169742e-08,2.897508228783495e-11,2.895382036939256e-03,0.000000000000000e+00,0.000000000000000e+00,0.000000000000000e+00,0.000000000000000e+00,0.000000000000000e+00,3.786416176274128e-22,0.000000000000000e+00,0.000000000000000e+00,0.000000000000000e+00,0.000000000000000e+00,4.416632545036485e-09,2.833681533593657e-10,7.776093005805229e-33,0.000000000000000e+00,0.000000000000000e+00,0.000000000000000e+00,0.000000000000000e+00,0.000000000000000e+00,0.000000000000000e+00,0.000000000000000e+00,0.000000000000000e+00,0.000000000000000e+00,0.000000000000000e+00,0.000000000000000e+00,0.000000000000000e+00,0.000000000000000e+00,0.000000000000000e+00,0.000000000000000e+00,0.000000000000000e+00,0.000000000000000e+00,0.000000000000000e+00,0.000000000000000e+00,4.387140681844908e-15,9.235681699046066e-17,2.255798974228189e-18,1.281965016483343e-15,4.150415154935648e-16,1.712968421303832e-14,3.976033525932100e-15,7.164205750695289e-15,0.000000000000000e+00,0.000000000000000e+00,0.000000000000000e+00,0.000000000000000e+00,0.000000000000000e+00,0.000000000000000e+00,0.000000000000000e+00,1.133928063719216e-01,3.756193093522349e+03,0.000000000000000e+00,4.430000913490173e+02,1.012431800334250e+05,
-1.484446960444710e-07,5.630681938314875e+00,1.469413128100482e-01,7.212334136364893e-06,6.954080390932582e-05,5.064059893668642e-04,1.327224843216379e-07,6.115480558214497e-05,1.235469589831236e-02,1.460981771070205e-08,1.325344898956093e-03,8.201125259238707e-11,3.947178938509402e-10,3.445329050316385e-11,1.516884470442774e-09,3.806146204809669e-10,1.131970729074769e-09,2.362614837102082e-09,5.169774362204497e-12,1.769762972752515e-11,1.789781900302751e-11,3.781990841281461e-03,2.304969804354475e-02,1.286694510514618e-10,1.265251468983372e-08,1.664687341069436e-10,5.040278737493131e-09,5.776105061452367e-14,1.396587017668210e-15,4.203846239224004e-09,2.201902315207084e-09,6.137078082831654e-15,4.008343443477521e-12,0.000000000000000e+00,1.409546586955000e-13,0.000000000000000e+00,0.000000000000000e+00,0.000000000000000e+00,0.000000000000000e+00,0.000000000000000e+00,0.000000000000000e+00,0.000000000000000e+00,0.000000000000000e+00,1.400132927429243e-13,3.897879494242633e-17,2.424753875575787e-18,9.357600359327280e-07,6.389934192750088e-06,2.493918057297687e-08,2.856539301798046e-08,1.763305399545738e-08,7.295804008028454e-13,0.000000000000000e+00,0.000000000000000e+00,0.000000000000000e+00,0.000000000000000e+00,0.000000000000000e+00,0.000000000000000e+00,1.053906062108046e-01,7.834096228910015e+03,0.000000000000000e+00,2.291333928925335e+03,1.013249878341578e+05,
-1.493141671438744e-06,5.376754491581766e+00,1.490867097119415e-01,1.047377229532607e-05,1.017816993897548e-04,5.946688808327146e-04,1.327370479436648e-07,7.178659090259556e-05,1.232104432397114e-02,2.234081046242016e-08,1.666903830299126e-03,1.380547379952120e-10,4.098728832429780e-10,5.061091065494614e-11,1.372205871426878e-09,1.950761849604447e-10,1.904782445555959e-09,2.831664616607337e-09,5.388032377369618e-12,2.628223914577685e-11,1.920170494936274e-11,4.292647953026058e-03,2.220206991777068e-02,1.295138103474899e-10,1.056097198963124e-08,3.020987787553938e-10,6.803700599665741e-09,0.000000000000000e+00,3.241237185918144e-15,2.935468017888422e-09,1.169655468340201e-09,2.671940391080813e-14,8.863675591229100e-12,1.754031218182843e-13,0.000000000000000e+00,0.000000000000000e+00,0.000000000000000e+00,0.000000000000000e+00,0.000000000000000e+00,0.000000000000000e+00,0.000000000000000e+00,0.000000000000000e+00,0.000000000000000e+00,4.281924687587440e-14,8.394026221055914e-17,2.665472657962076e-18,1.561433657544628e-06,1.076352605614555e-05,1.761323501711270e-08,9.642520402578254e-08,6.090848920558616e-08,1.441002756522138e-12,0.000000000000000e+00,0.000000000000000e+00,0.000000000000000e+00,0.000000000000000e+00,0.000000000000000e+00,0.000000000000000e+00,1.069337286530900e-01,5.590716061261252e+03,0.000000000000000e+00,2.143925227754348e+03,1.013248399617556e+05,
-4.817790632976879e-08,5.700027233384453e+00,1.460943444293433e-01,6.121711063670921e-06,5.845468197344781e-05,4.697902190696477e-04,1.349729551803857e-07,5.710585565784638e-05,1.235245812617461e-02,1.212805155168428e-08,1.185755826424907e-03,5.151707420699846e-11,2.728373944526890e-10,2.306043571669825e-11,1.091151342580043e-09,2.987379078249978e-10,8.749378247435470e-10,1.634539652767273e-09,3.561815318972277e-12,1.178143717729134e-11,1.254979138305618e-11,3.573130096616217e-03,2.343874830014761e-02,8.789047468217609e-11,9.066564107064580e-09,1.007993952018342e-10,3.382300363485041e-09,6.976574803093062e-14,1.261660054957236e-15,3.007365855926220e-09,1.628664030855953e-09,4.147142104080289e-15,2.195097756770558e-12,4.935511149044054e-14,8.200205449258838e-14,1.588362451706407e-15,3.191542013680401e-15,2.804555171141877e-15,0.000000000000000e+00,0.000000000000000e+00,0.000000000000000e+00,0.000000000000000e+00,2.153987445747539e-17,7.870645245557513e-14,1.754109637883014e-17,1.204628196236558e-18,5.908728510407152e-07,4.018768608772628e-06,1.804284130303603e-08,1.343640474457242e-08,8.216491352474793e-09,4.276100629455334e-13,7.044672450233809e-16,0.000000000000000e+00,0.000000000000000e+00,0.000000000000000e+00,2.961918367334856e-27,0.000000000000000e+00,1.047805351234120e-01,7.927352426202053e+03,0.000000000000000e+00,2.330902488988277e+03,1.013249912198930e+05,

4,63
1.256931573896493e-06,5.371936674041891e+00,8.373310641182518e-01,4.993477720954588e-05,4.363641767226516e-04,9.515997684480395e-04,1.152889538169849e-04,3.902539090994165e-04,1.297272109568960e-02,2.087153220209796e-05,1.827788631590263e-01,1.506534165443103e-06,6.525823607470280e-06,7.504590757150335e-07,2.371805367800566e-04,2.704998520896645e-04,1.983600264960580e-05,5.126422219474449e-04,1.422274555918749e-05,9.440989576673307e-07,6.840498204444764e-05,1.433288022622725e-02,2.219690739734979e-02,8.734931421477092e-07,6.404778475860925e-04,2.188936567812995e-05,4.549932202308891e-03,1.057521868587185e-04,4.685009800676015e-04,3.368731398098331e-05,1.120024042229786e-04,1.288767504286225e-07,3.099927619751424e-05,3.744356083650336e-05,1.278928387957753e-05,5.871936616005556e-05,3.143404862391170e-05,4.093663623180050e-05,3.111105990230848e-06,6.451044014127663e-04,1.089546114141695e-05,4.523575593140380e-06,1.143898041309855e-04,1.955494522656767e-05,6.951516026021393e-07,1.674084810284004e-08,2.500616502615706e-06,1.765773027821495e-05,2.941539216237681e-05,1.282947760005823e-05,1.653828679601052e-05,1.734894076359054e-06,4.351107839548884e-04,1.042288206962713e-05,5.259444134139125e-02,1.619108897274432e-03,1.397944228956976e-04,4.456231343182722e-04,6.019575984697170e-01,7.434953517096289e+04,0.000000000000000e+00,2.141101813434924e+03,1.013696914634405e+05,
1.162845660150385e-07,5.699694521120685e+00,1.490592494675964e-01,1.042855586226332e-05,1.013415688128591e-04,5.936075766189872e-04,1.349531326866247e-07,7.165233181155266e-05,1.235682500560996e-02,2.223010798274898e-08,1.662665835507767e-03,1.374913504211961e-10,5.345322356507841e-10,5.048011455673206e-11,1.905767808302647e-09,4.066518245431592e-10,1.893830745717969e-09,3.232929413888069e-09,7.017277763171429e-12,2.621152480078226e-11,2.356918916231339e-11,4.286411381465331e-03,2.343678459205001e-02,1.766339626968236e-10,1.585252903545296e-08,3.006063866587266e-10,7.241435239634055e-09,2.981844939783670e-13,5.410719778874070e-15,5.185636453940302e-09,2.502581954133236e-09,2.722489477935068e-14,8.801382230727241e-12,3.238387296238804e-13,2.716593492472651e-12,2.645657176066611e-13,6.645440048715286e-13,8.060354374120363e-13,1.495438854599830e-14,5.827573615279366e-13,2.263687766681838e-12,3.851994506573497e-17,2.517889230767526e-14,1.800557647647383e-13,8.349218048856673e-17,4.173032880770251e-18,1.554906273942589e-06,1.071731273404574e-05,3.021433397815948e-08,9.520402515318424e-08,6.011997758942797e-08,1.434202153644514e-12,7.269047051485328e-14,7.996770185857906e-14,3.693250403931388e-12,3.697213792841455e-12,3.097377987974567e-12,1.004383866389440e-12,1.069139664227181e-01,7.930743283527772e+03,0.000000000000000e+00,2.330713416512175e+03,1.013250098513694e+05,
1.451554870383994e-06,5.629826316292649e+00,1.578780170638045e-01,2.879747663813219e-05,2.671206939173849e-04,8.534918169832795e-04,1.920034293389504e-07,1.110088964597249e-04,1.235682509193067e-02,7.257800988823432e-08,2.873055551497387e-03,1.963511281028632e-10,5.625283611294285e-10,5.855404470442943e-11,1.939138036984842e-09,3.971612853609238e-10,6.941098725308296e-09,3.490224324244070e-09,7.373767788723859e-12,3.085306756998529e-11,2.454522251413882e-11,5.938804969779735e-03,2.304518972218703e-02,1.858983351563229e-10,1.604280555195440e-08,5.185509413442405e-10,8.110224642374888e-09,2.540131620140249e-12,2.229424745699242e-14,5.204697597690674e-09,2.488817523223191e-09,1.846909887995075e-13,2.227176081290209e-11,2.334550033712209e-12,1.355553028500816e-11,4.428755958808962e-12,4.883904271093042e-12,8.507475257248186e-12,1.902559838205214e-13,5.075844487231164e-12,4.710131453472618e-13,1.345036831863182e-15,2.233407161009110e-12,1.790286748164237e-13,1.175873926335405e-16,4.535871601870809e-18,2.500457645789069e-06,1.765464264832274e-05,3.028214318013833e-08,1.612061321151028e-06,1.096454539054746e-06,3.688398612237118e-12,5.024838236338646e-12,1.166483166407170e-13,1.187527841045686e-10,4.385109086300194e-11,4.614193191137905e-11,1.202839284164785e-11,1.132594423920798e-01,7.831682475541836e+03,0.000000000000000e+00,2.290833997677154e+03,1.013251093462885e+05,
3.206932252833439e-08,5.729694040198797e+00,1.469313246521638e-01,7.198664187408840e-06,6.940325731225911e-05,5.059751336973399e-04,1.366516171983468e-07,6.110562606027919e-05,1.235467520374284e-02,1.457848399596635e-08,1.323713429191603e-03,8.168620594388604e-11,3.935887435106024e-10,3.434145537024976e-11,1.513193673317839e-09,3.800695584389563e-10,1.128786161536686e-09,2.355832565464846e-09,5.154816941609694e-12,1.763906702384589e-11,1.784958807999090e-11,3.779538645956450e-03,2.360617313486110e-02,1.282879832235325e-10,1.262170320913320e-08,1.657643683782609e-10,5.025347294880045e-09,1.276002785124006e-13,2.302706784740659e-15,4.193624211076686e-09,2.197453931899162e-09,8.711011503849259e-15,3.986839810811101e-12,1.033213852093847e-13,2.170154939569879e-13,5.952581900004933e-15,1.345772801265920e-14,1.638399044929732e-14,3.602667380199143e-18,1.319910571775790e-16,9.284575140189276e-18,1.979702800084184e-21,1.528940449386844e-16,1.394783040901249e-13,3.872945686280777e-17,2.411978372025934e-18,9.321472696557114e-07,6.364968710262204e-06,2.488221793472607e-08,2.835736696538393e-08,1.750271038539072e-08,7.258438628474335e-13,1.555726912325444e-15,6.679893304462295e-18,3.489208304235152e-15,1.565666543574339e-13,1.787440186919935e-13,4.027502970909508e-14,1.053834183286322e-01,7.963805673471679e+03,0.000000000000000e+00,2.346808865223357e+03,1.013250082026073e+05,

