1
0
63
1
(4 0
((0,0) (7,127) (0,0))
((0,256) (7,383) (0,0))
((0,128) (7,255) (0,0))
((0,384) (7,511) (0,0))
)
4
FabOnDisk: SD_0_Old_MF_D_0003 0
FabOnDisk: SD_0_Old_MF_D_0001 0
FabOnDisk: SD_0_Old_MF_D_0002 0
FabOnDisk: SD_0_Old_MF_D_0000 0

4,63
-1.358433685723384e-06,2.140315588834224e+00,1.580344024024325e-01,3.573194429975492e-22,1.418575793365792e-20,2.739381900845962e-16,8.263637564745269e-11,1.487526393609137e-07,1.842838706810665e-08,3.347538329499826e-11,2.892604983380974e-03,0.000000000000000e+00,0.000000000000000e+00,0.000000000000000e+00,0.000000000000000e+00,0.000000000000000e+00,4.683069012592154e-22,0.000000000000000e+00,0.000000000000000e+00,0.000000000000000e+00,0.000000000000000e+00,5.099891104610582e-09,3.356910162033013e-10,1.046701246739814e-32,0.000000000000000e+00,0.000000000000000e+00,0.000000000000000e+00,0.000000000000000e+00,0.000000000000000e+00,0.000000000000000e+00,0.000000000000000e+00,0.000000000000000e+00,0.000000000000000e+00,0.000000000000000e+00,0.000000000000000e+00,0.000000000000000e+00,0.000000000000000e+00,0.000000000000000e+00,0.000000000000000e+00,0.000000000000000e+00,0.000000000000000e+00,0.000000000000000e+00,0.000000000000000e+00,5.491349439583730e-15,9.177557295515125e-17,2.230667092445656e-18,1.606969778576601e-15,5.203315716219310e-16,2.148315825629966e-14,4.987191196986034e-15,8.986157589991497e-15,0.000000000000000e+00,0.000000000000000e+00,0.000000000000000e+00,0.000000000000000e+00,0.000000000000000e+00,0.000000000000000e+00,0.000000000000000e+00,1.133719818062306e-01,3.742867430159047e+03,0.000000000000000e+00,4.430001035848465e+02,1.012475395355401e+05,
-2.120634285066360e-07,5.619444475355047e+00,1.469403279315599e-01,7.211021756642804e-06,6.952746523871400e-05,5.063644158866619e-04,1.327221853946050e-07,6.115016744943374e-05,1.235469640662666e-02,1.460677601846049e-08,1.325182267971059e-03,8.196984508593299e-11,3.945607988486084e-10,3.443812717262372e-11,1.516333398202538e-09,3.805236266753552e-10,1.131646611313925e-09,2.361695050106281e-09,5.167717662873230e-12,1.768976807354718e-11,1.789112895263255e-11,3.781748876162988e-03,2.305020997346601e-02,1.286168498705633e-10,1.264798141741425e-08,1.663958132396137e-10,5.039020274411348e-09,9.427247442851920e-14,2.080677482316076e-15,4.202315911240932e-09,2.201198760060728e-09,8.697358051911097e-15,4.005977521146743e-12,8.640262216225754e-14,1.303430503720343e-13,0.000000000000000e+00,0.000000000000000e+00,0.000000000000000e+00,0.000000000000000e+00,0.000000000000000e+00,0.000000000000000e+00,0.000000000000000e+00,0.000000000000000e+00,1.399315905616338e-13,3.894632273931983e-17,2.423004766510144e-18,9.353121471970252e-07,6.386846907170164e-06,2.493106481748844e-08,2.854220817625299e-08,1.761855286810207e-08,7.289384392176674e-13,0.000000000000000e+00,0.000000000000000e+00,0.000000000000000e+00,0.000000000000000e+00,0.000000000000000e+00,0.000000000000000e+00,1.053898990175189e-01,7.834380155407129e+03,0.000000000000000e+00,2.291393161834832e+03,1.013249880531356e+05,
-5.886232162269278e-07,5.366004139183695e+00,1.490833909930076e-01,1.046841618453277e-05,1.017291484070649e-04,5.945428962840719e-04,1.327361140356570e-07,7.177093060658836e-05,1.232292742903403e-02,2.232759830866583e-08,1.666389972865604e-03,1.379673602553871e-10,4.106271085758998e-10,5.058643351929489e-11,1.374507828523690e-09,1.954986267388949e-10,1.903428511953390e-09,2.835427923951139e-09,5.398158491302674e-12,2.626880169240009e-11,1.922773950509319e-11,4.291902403171109e-03,2.219961914560836e-02,1.297863413914096e-10,1.058164210574597e-08,3.018669006758405e-10,6.812019314960231e-09,5.538329961532789e-14,3.671218482489342e-15,2.942790365886636e-09,1.172594732255475e-09,1.976822431392310e-14,8.854426911622111e-12,0.000000000000000e+00,0.000000000000000e+00,0.000000000000000e+00,0.000000000000000e+00,0.000000000000000e+00,0.000000000000000e+00,0.000000000000000e+00,0.000000000000000e+00,0.000000000000000e+00,0.000000000000000e+00,4.304735780514133e-14,8.386821908620540e-17,2.674630347264230e-18,1.560491359852601e-06,1.075688472541247e-05,1.765350061119204e-08,9.626889621538836e-08,6.080768224443287e-08,1.441608380388375e-12,0.000000000000000e+00,0.000000000000000e+00,0.000000000000000e+00,0.000000000000000e+00,0.000000000000000e+00,0.000000000000000e+00,1.069313452693447e-01,5.610511467676400e+03,0.000000000000000e+00,2.144327673531993e+03,1.013248593312633e+05,
-3.804168222061959e-08,5.688736819412037e+00,1.460939078067319e-01,6.121059044820480e-06,5.844820547199436e-05,4.697672124641786e-04,1.349745664239588e-07,5.710320516244278e-05,1.235244689894510e-02,1.212664491803941e-08,1.185670543078311e-03,5.149372352500108e-11,2.727307348138081e-10,2.305094366454269e-11,1.090752824724433e-09,2.986451983422286e-10,8.747751256277568e-10,1.633905812331025e-09,3.560410285006695e-12,1.177654754689449e-11,1.254503085394119e-11,3.572976879439751e-03,2.343893691166735e-02,8.785539776883886e-11,9.063242727442259e-09,1.007517940846823e-10,3.380921193498998e-09,6.972812231462125e-14,1.260974456818323e-15,3.006256091259376e-09,1.628097169154020e-09,4.144519387385454e-15,2.193918483169355e-12,4.932415506853707e-14,8.196102431846355e-14,1.587293863878013e-15,3.189843959433976e-15,2.803069053418607e-15,9.740791985454753e-19,4.511956051219848e-17,0.000000000000000e+00,7.969822715694959e-22,2.152481085362342e-17,7.865465328477081e-14,1.752711350102196e-17,1.203742510140013e-18,5.906116337293791e-07,4.016982523725076e-06,1.803638640950625e-08,1.342805507578250e-08,8.211341284393201e-09,4.274005235131264e-13,7.040944557666324e-16,0.000000000000000e+00,0.000000000000000e+00,0.000000000000000e+00,0.000000000000000e+00,0.000000000000000e+00,1.047802246014338e-01,7.927252204683735e+03,0.000000000000000e+00,2.330920679196721e+03,1.013249925692034e+05,

4,63
1.127687417686115e-06,5.361216192694451e+00,8.373309112964930e-01,4.989527357800322e-05,4.368831749455282e-04,9.521193922432100e-04,1.151332247956295e-04,3.893218349383132e-04,1.297003742638451e-02,2.087261469901034e-05,1.827788265837214e-01,1.478995174177732e-06,6.617495985747878e-06,7.414528160646269e-07,2.358128900637999e-04,2.709870566238751e-04,1.971580640988889e-05,5.133107819697585e-04,1.436153872601882e-05,9.534347143412656e-07,6.828667152340092e-05,1.434245344581653e-02,2.219435744482577e-02,8.836373314630478e-07,6.445847976870202e-04,2.179585316107024e-05,4.576145866046885e-03,1.036259326067795e-04,4.725549916397799e-04,3.323787708959878e-05,1.118995985665287e-04,1.297361605366333e-07,3.162638098379754e-05,3.778487198071979e-05,1.277107364822327e-05,5.914243904958441e-05,3.155064251674671e-05,4.097939100594927e-05,3.108563501685735e-06,6.515485194909204e-04,1.045377397632193e-05,4.580115180329579e-06,1.139144628458789e-04,1.945790657459326e-05,6.994020725746800e-07,1.688788104052062e-08,2.500200857453602e-06,1.765437760179643e-05,2.993891521828431e-05,1.284690336944774e-05,1.652990042215117e-05,1.738503568825138e-06,4.371268222770684e-04,1.014471492021788e-05,5.259443165830276e-02,1.637271934449986e-03,1.428849739499921e-04,4.490248752843804e-04,6.019574795424127e-01,7.435353076775391e+04,0.000000000000000e+00,2.141511508463475e+03,1.013707377289878e+05,
1.592550593754944e-07,5.688404420449702e+00,1.490559695736179e-01,1.042327185977794e-05,1.012897082154467e-04,5.934828599295346e-04,1.349547720027944e-07,7.163684441973835e-05,1.235683988246377e-02,2.221708783538436e-08,1.662157698601477e-03,1.374062970591046e-10,5.343576807029735e-10,5.045786854666985e-11,1.905332397250125e-09,4.066004488461569e-10,1.892508148236343e-09,3.231804265033084e-09,7.015058246001680e-12,2.619976594958652e-11,2.356241959069062e-11,4.285673521676736e-03,2.343697523470277e-02,1.765767859658318e-10,1.584908080599310e-08,3.003995003477593e-10,7.238806450146311e-09,2.977720029177000e-13,5.415014711764991e-15,5.184709977572798e-09,2.502204367890142e-09,2.722931722326453e-14,8.793095804445635e-12,3.255838514104532e-13,2.117874947205565e-12,1.671253660464512e-13,5.117799108441587e-13,1.031380275159321e-12,1.194064509802092e-14,7.379619523883598e-13,2.311808534445659e-12,2.541395011442922e-17,1.567589329484517e-14,1.800208744133057e-13,8.342150285941999e-17,4.170775732212325e-18,1.553969897905049e-06,1.071071523492233e-05,3.020978838356355e-08,9.505084168541415e-08,6.002122444591046e-08,1.433003281866892e-12,1.439761762483792e-13,7.792860128423039e-14,3.274148516943495e-12,6.882735098412847e-12,5.131569028271079e-12,1.871796654116891e-12,1.069116109143289e-01,7.930760831020987e+03,0.000000000000000e+00,2.330731936131354e+03,1.013250106898049e+05,
4.196432904137612e-07,5.618590114596590e+00,1.578491109279887e-01,2.873997865528106e-05,2.666362952154410e-04,8.530797533028963e-04,1.917049441541222e-07,1.109256627268435e-04,1.235684020347121e-02,7.240902788967889e-08,2.870259435817403e-03,1.962706253023251e-10,5.624482024659985e-10,5.854632478998715e-11,1.936793101209601e-09,3.971610797851344e-10,6.922987577188187e-09,3.485699566186032e-09,7.372733883833669e-12,3.084929262263650e-11,2.454207486821785e-11,5.934808386224164e-03,2.304570498452933e-02,1.858723087070632e-10,1.604098619984682e-08,5.185234923522278e-10,8.133793570941718e-09,1.348102817668966e-12,1.994737611869667e-14,5.204163671199619e-09,2.488516752759810e-09,1.842367990183743e-13,2.226286255622508e-11,2.327774510983619e-12,8.899149151532828e-12,1.945862134468970e-12,3.480975754915381e-12,6.886212458518034e-12,1.377237665292561e-13,3.308782012600726e-12,1.407967719047989e-12,5.347163294482690e-16,7.047277292843969e-13,1.790030193509049e-13,1.175527373664513e-16,4.534667383516406e-18,2.499973849667176e-06,1.765075130159209e-05,3.027888190330575e-08,1.602229684424595e-06,1.089593621548064e-06,3.684448224747338e-12,2.441983295390362e-12,3.143964775348988e-13,2.339848768236176e-11,3.628220386368513e-11,2.775005604558523e-11,9.922527001466882e-12,1.132389556399904e-01,7.831978425070198e+03,0.000000000000000e+00,2.290893916244526e+03,1.013250454249068e+05,
3.782040987901938e-08,5.718395050777961e+00,1.469303569007763e-01,7.197375640001559e-06,6.939016278909164e-05,5.059342616701154e-04,1.366521807473632e-07,6.110106563873708e-05,1.235467546462788e-02,1.457549942288148e-08,1.323553553175514e-03,8.164681390866616e-11,3.934398851142203e-10,3.432721520444906e-11,1.512678894865298e-09,3.799763364281410e-10,1.128465260173807e-09,2.354936203685030e-09,5.152838080086850e-12,1.763161551285608e-11,1.784304777669487e-11,3.779300499018614e-03,2.360633168493086e-02,1.282384536516944e-10,1.261745996822075e-08,1.656784690510623e-10,5.023319102493139e-09,1.274280750988606e-13,2.311734966853245e-15,4.192213181577275e-09,2.196798724830157e-09,8.696352115105688e-15,3.984347213943854e-12,1.028239360131253e-13,2.216335683519360e-13,6.020797799082971e-15,1.275815634891925e-14,1.310514283783316e-14,6.096042066329916e-18,2.551212808983293e-16,1.747674995941274e-18,5.304765043223903e-21,1.252600441869973e-16,1.393979282706156e-13,3.869763855891161e-17,2.410257175808320e-18,9.317023218351753e-07,6.361902256983647e-06,2.487408614407393e-08,2.833454822302697e-08,1.748844152480781e-08,7.254317673154754e-13,1.297667123863608e-15,1.398253553567394e-18,3.219664337350495e-15,6.260762741111766e-14,1.228201429244575e-13,1.506328527043704e-14,1.053827232910830e-01,7.963563864511563e+03,0.000000000000000e+00,2.346817919727778e+03,1.013250110587345e+05,

