1
0
56
1
(4 0
((0,0) (7,127) (0,0))
((0,256) (7,383) (0,0))
((0,128) (7,255) (0,0))
((0,384) (7,511) (0,0))
)
4
FabOnDisk: SD_5_New_MF_D_0003 0
FabOnDisk: SD_5_New_MF_D_0001 0
FabOnDisk: SD_5_New_MF_D_0002 0
FabOnDisk: SD_5_New_MF_D_0000 0

4,56
-7.502075741332454e+00,-1.680488441835126e+01,-2.666529111733789e+01,-5.462420911257008e+00,-7.851145072531614e+00,-8.164269243636323e+00,-1.085830500777318e+00,-6.241247111727080e+02,-2.572251725022826e-01,-6.982980111496023e-01,-7.889413280668063e-02,-1.342359436436992e+01,-1.253518863099990e+01,-1.257263186466224e+00,-9.445852595518653e+00,-4.293097443630505e-01,-6.372684099331952e-02,-2.747674433019275e+00,-1.308338206191182e+02,7.240437633129759e-18,-8.371042541512100e-02,-4.563322682631208e+01,-1.716199064634155e+00,-2.027020317568801e+02,-6.975899051919638e+00,-2.304957364622867e+01,-3.985523287254014e+00,-2.859145953788118e+00,-8.162405593813881e-03,-1.817992467311110e+00,-1.519105626679926e+00,-8.740218816762588e-01,-3.693281010946474e+00,-2.131559585970386e+00,-3.013692413939801e+00,-1.995359523326548e-01,-3.103558293371237e+01,-5.325662354361442e-01,-2.705785156309280e-01,-7.880068795431900e+00,-9.880761714403385e-01,-1.642089665714525e-02,-6.589236808524806e-04,-7.496391166267286e-02,-1.490232528725788e-01,-1.900808390504170e+00,-7.125212494647987e-02,-3.861598768742610e-01,-1.161944923309261e-01,-2.318121945201726e+01,-4.417884795653191e-01,-5.911154257696968e+02,-8.702478197432396e+01,-9.276677401790902e+00,-2.380470720543509e+01,-1.832631824072450e-10,
-1.225679844816616e-02,-9.181991797700023e-02,-2.016515843782199e-01,3.141924166035848e-06,-2.878677359965382e-02,1.838688037117044e-01,-2.259347694320905e-05,-8.155593908116162e-01,-1.088632676924802e-07,-2.580231646211377e-07,-2.829262814945847e-08,-1.097584267963189e-06,-1.034191752238392e-07,-2.229191285611061e-06,-1.681553264071252e-06,-3.911586889498837e-09,-1.614946048995611e-08,-1.290236747845915e-08,-1.128300243147036e+00,7.733413788432238e-01,-8.013686288382950e-08,-6.199033371223487e-06,-3.035448181035449e-07,-5.658966582208587e-06,-7.123734132262573e-08,-7.951845940171961e-10,-1.996342569443595e-06,-8.096546190571498e-07,-3.107125802495297e-09,-1.270892417550832e-08,-1.808547763138725e-07,-2.023022689662357e-07,-3.926307170081757e-08,-1.432000253622878e-07,-1.755688500160824e-07,-5.432083601987079e-09,-2.174586677676400e-07,-6.391638537119604e-07,-9.662939828602005e-12,-7.190422666733838e-09,-9.900104545215774e-11,-8.132028621931282e-14,-2.715738449318393e-15,-1.196324996475552e-03,-8.499065772997513e-03,-1.061299346333720e-05,-2.472002744060908e-04,-1.598588060000149e-04,-2.207729169520980e-09,-2.526871288299062e-08,-2.695521043570296e-07,-5.429964068604535e-07,-1.253074975135183e-06,-1.184831748396372e-06,-3.376671590818674e-07,-1.181210684819689e-11,
-1.482981704818726e-01,-7.523613740138796e-01,-5.406975020227085e-01,-4.920375294650478e-04,-1.420653559798611e-01,4.867368804889815e-01,-2.628340315568769e-04,-3.856938570963933e+00,-2.218517266560406e-07,-2.376078748898884e-07,-9.907349980337334e-08,-8.182042076402608e-06,2.293546930851412e-09,-2.662137903587367e-05,-3.581072695676485e-06,-9.197027137428076e-09,-5.504292366062184e-08,-3.484981113123224e-08,-4.386261753406391e+00,1.820552951030086e+00,-5.027838316231597e-08,-1.453544191974856e-06,-1.710470672606502e-06,-4.548440362634787e-05,-1.173194260612346e-06,-5.660244112646193e-09,-8.405073097585280e-08,4.776312215263177e-07,-7.323551063544853e-09,-5.164860344392784e-08,-2.497604877038181e-07,-2.532940794176891e-06,-5.459906997777323e-07,-8.740705942037305e-07,-1.658350452265647e-06,-8.397456176196190e-08,-2.435345093011255e-06,-6.736669577663777e-07,-5.716493348758192e-10,-8.834718683329484e-07,5.347646559032069e-11,-8.287733284696946e-14,-1.888382836591255e-15,-1.408567759567348e-03,-1.038606898483089e-02,7.536432831596688e-07,-1.403095031725230e-02,-9.787704941271461e-03,-7.656200086754967e-08,-2.203627318629295e-06,-2.552026442650651e-07,-2.788201339256517e-05,-1.587098904079475e-05,-6.123652791424354e-06,-4.442048957413690e-06,-7.234968180114265e-11,
-4.072567509354232e-03,-2.997069742092998e-02,-8.833670901594101e-02,1.795551560986122e-07,-1.099834360371977e-02,1.036905931824464e-01,-6.678974564743111e-06,-3.356398377418953e-01,-8.990987865381599e-08,-3.084817028545028e-07,-2.633691929711365e-08,-1.138806812436622e-06,-2.640368797904305e-07,-6.722753636290865e-07,-1.375551651788262e-06,-2.940886513337594e-09,-1.150980635646801e-08,-1.048987477920148e-08,-4.770445037723449e-01,2.618333586716587e-01,-8.223905256361821e-08,-8.300874717519886e-06,-1.450779621578598e-07,-3.462134571079607e-06,-2.372750910683641e-10,-2.517872945583904e-12,-3.767738302304290e-06,-1.238013424036691e-06,-1.519329005071133e-11,-4.452590738730867e-09,-2.826366025395192e-10,-1.929900539872436e-09,-6.442765790548263e-11,-1.511208220542038e-10,-6.004540545841109e-10,-1.397659312966126e-13,-4.203562527383270e-12,-1.012538496544366e-11,-7.806765984814694e-17,-1.809759932453438e-13,-1.022264100948392e-10,-4.978679376682888e-14,-2.496475443517706e-15,-7.192979967578723e-04,-4.976094988144088e-03,-1.277424386480318e-05,-4.343531439714597e-05,-2.723975449612683e-05,-7.482984464104507e-10,-2.791607089557467e-09,-3.721698987071169e-12,-1.330159105962274e-07,-6.432601270658639e-08,-3.898321660598222e-09,-1.778550799797234e-08,-1.086652989812364e-11,

4,56
5.575330484694163e+00,2.721014460411618e+01,4.235999333396089e+01,6.916274497934448e+00,1.316720185764859e+01,3.089511019570172e+02,6.030131038560700e-01,-4.593886035464401e-11,5.321312095825367e-01,1.307325654127196e+00,1.448173902509040e-01,2.388293168347523e+01,1.570741637740937e+01,1.692935011600196e+00,1.566572171574088e+01,3.810243309422439e-01,1.205400198824907e-01,2.691200193310475e+00,4.611417895083983e+02,2.801236731721759e+02,1.943353080711288e-01,6.095065234607036e+01,3.484588825887475e+00,2.968155153589038e+02,1.385044158682308e+01,2.647320484711117e+01,7.565799069901229e+00,3.384749875946056e+00,1.439248818398669e-02,3.226423965870174e+00,2.410466593403463e+00,1.155447096836052e+00,3.951706835326122e+00,2.433752056305526e+00,3.845886437337245e+00,1.995817125744782e-01,3.503292891146960e+01,1.331038263701340e+00,5.996517793392611e-01,7.927473357945623e+00,1.591674655012831e+00,4.063839437800946e-02,1.046656523362586e-03,7.883548061563594e-02,3.755880338920615e-01,2.427058212718221e+00,4.746014794427582e-01,6.997481758711190e-01,1.825215598280276e-01,1.704085694575453e+01,1.148399396854654e+00,1.860541340486855e+00,8.206134663735871e+01,1.412351976335548e+01,2.316749092740228e+01,1.450644049327821e-10,
-3.686967060522195e-03,-3.018510121048047e-02,-8.884090377782408e-02,7.539249930094123e-06,-1.106925263028519e-02,4.822340909844787e-01,-6.728393256208920e-06,-3.376781322838035e-01,-6.645747960092802e-08,-1.201252724816819e-07,-2.088066504910830e-08,-7.811872163572899e-08,1.407861738116175e-07,-6.784916468169673e-07,-8.857505468270890e-07,-1.517326342280879e-09,-1.080140110382671e-08,-3.981105242847765e-09,-4.799341500363773e-01,1.806268919341254e+00,-4.407455495010761e-08,-9.565556531348517e-07,-1.452532919702198e-07,-2.334731313910581e-06,3.668195816415962e-08,2.943719018841915e-10,1.435668106842931e-07,5.761599880457650e-07,7.119001897514426e-10,-4.474534621369123e-09,2.906562931901404e-08,1.335416714904732e-06,1.402807286194693e-07,3.545147643654151e-07,3.622041736355524e-07,9.059675854718122e-09,2.912127483143473e-07,1.224545082431020e-06,2.357340099654024e-11,1.435246864872533e-08,5.569143283261944e-11,-4.991706444017683e-14,-1.827169469663696e-15,-7.221186365550787e-04,-4.996244847021843e-03,5.643810946025728e-07,-4.389023259774776e-05,-2.753000950505952e-05,-2.642324849831878e-10,4.623383180958628e-08,2.209144141779517e-07,1.912759123639778e-06,1.846880267162819e-06,1.461029504095044e-06,5.018215397408556e-07,1.225175516594845e-11,
-1.240319936541215e-02,-9.282938171552596e-02,-2.031414342760155e-01,2.940877518214892e-06,-2.905132154611479e-02,2.897073780163697e+00,-2.287126743484803e-05,-8.223950986720510e-01,3.912487102150115e-07,1.397404113691807e-06,1.600835858357674e-07,1.085225503695969e-05,7.433352510361279e-07,-2.222799485580031e-06,7.555852192653135e-06,2.605229000078186e-08,1.144905036482767e-07,8.008849434276641e-08,-1.137293163908118e+00,6.943385929555696e+00,4.511825821679708e-07,3.445026652226253e-05,1.114754603279939e-06,4.394357562222265e-05,6.849923396475000e-07,4.694289383597283e-09,1.187685203185807e-05,4.375173533395796e-06,6.066523591684750e-09,2.191164063561016e-08,1.878562880709985e-07,3.137655806877290e-06,9.638035801626916e-07,1.489703752797756e-06,2.628240418559614e-06,6.784671263450048e-08,2.292435848799002e-06,6.997944210889514e-07,7.126215442784265e-10,1.020539953392754e-06,4.417936951408667e-10,3.140427437920401e-12,6.744835279113734e-14,9.741691325374775e-04,6.683018627606686e-03,6.207678090189121e-05,-2.518258521048602e-04,-1.629015738349653e-04,1.161640399716861e-07,2.376382434687020e-06,2.361973211417306e-07,4.861747518562296e-05,1.702804597216765e-05,1.278797024939471e-05,4.681545386019648e-06,2.600075710290639e-11,
-1.911643548473475e-03,-1.158869958625709e-02,-3.208425645983486e-02,6.389478127044852e-06,-5.927710257761770e-03,1.827211708048761e-01,-1.727658261939595e-06,-1.549014181893261e-01,-4.203577623113778e-08,-1.815027943459608e-07,-1.639391103225547e-08,-6.564969318771807e-07,-9.041210742676574e-08,-1.922453916972665e-07,-1.085519780073211e-06,-2.391225994013842e-09,-8.443530931295312e-09,-8.163192315994887e-09,-1.590769615742613e-01,7.687224493719458e-01,-6.005028444118347e-08,-5.562595363050365e-06,-8.520100314977440e-08,-2.415779229942280e-06,5.596650833347930e-09,5.012198868836089e-11,-1.852836618730857e-06,-8.057787560890732e-07,-4.497128765183772e-12,-2.138165209465837e-09,3.533434624398858e-10,1.640866991456307e-09,4.004116524162233e-10,2.340186220093632e-09,8.886824225999625e-10,1.209274899606321e-10,5.819369638403382e-09,2.558676455476612e-08,1.608259408625449e-13,3.828711122418326e-11,-9.246911935449485e-11,-2.251248475972280e-14,-1.509377220754788e-15,-4.526504133981724e-04,-3.084930140598745e-03,-1.063659670103376e-05,-1.179062929975769e-05,-7.236625836994596e-06,-3.286143071602240e-10,9.419403195208601e-12,1.045528936931988e-08,1.925503627025979e-09,9.421352243717667e-09,7.206008033309438e-09,2.577180064310549e-09,1.142935746045737e-11,

