1
0
56
1
(4 0
((0,0) (7,127) (0,0))
((0,256) (7,383) (0,0))
((0,128) (7,255) (0,0))
((0,384) (7,511) (0,0))
)
4
FabOnDisk: SD_5_Old_MF_D_0003 0
FabOnDisk: SD_5_Old_MF_D_0001 0
FabOnDisk: SD_5_Old_MF_D_0002 0
FabOnDisk: SD_5_Old_MF_D_0000 0

4,56
-7.397336892180107e+00,-1.654781240203899e+01,-2.706474424189282e+01,-5.632988739739809e+00,-7.746894713534330e+00,-8.167044264350929e+00,-1.050101733322951e+00,-6.236690441178532e+02,-2.654729062058918e-01,-6.851450467867958e-01,-7.908865562689146e-02,-1.326606781753289e+01,-1.257188259096017e+01,-1.241903507071100e+00,-9.375735159215498e+00,-4.248249928919103e-01,-6.584888753243809e-02,-2.706795028217747e+00,-1.302738464687163e+02,9.530814722505387e-18,-8.455650947959543e-02,-4.737401525973030e+01,-1.703224174269084e+00,-2.027189961050297e+02,-7.276767067050702e+00,-2.408084045126494e+01,-3.948043501442700e+00,-2.876345932469402e+00,-8.107954323515115e-03,-1.822511680875200e+00,-1.545609625794102e+00,-9.034883069325337e-01,-3.771450112446378e+00,-2.180465922843229e+00,-2.914023029292185e+00,-1.943833296137458e-01,-3.209105988595104e+01,-5.882393195377037e-01,-2.933272890857050e-01,-8.254484694695696e+00,-1.005568767367621e+00,-1.637642768628248e-02,-6.418258947997441e-04,-7.824160962064468e-02,-1.494047826840423e-01,-2.012236507068317e+00,-7.130920073202981e-02,-3.768556670068038e-01,-1.094257866182102e-01,-2.187032377373831e+01,-4.521992649974042e-01,-5.876044179660361e+02,-8.825935653985279e+01,-9.278695067867620e+00,-2.427682740623565e+01,-1.564330887049437e-10,
-1.224580673223653e-02,-9.170383422854819e-02,-2.014769936543214e-01,3.168553092148924e-06,-2.875993758412871e-02,1.838240111564181e-01,-2.255919301237557e-05,-8.146921489449732e-01,-1.099141731428724e-07,-2.663761787360210e-07,-3.135492152841778e-08,-1.089162265587688e-06,-9.163206868031226e-08,-2.227684249665737e-06,-1.793124428372457e-06,-4.232980193866427e-09,-1.841009629400994e-08,-1.396604316348840e-08,-1.126995819719169e+00,7.726474938492038e-01,-8.483326035420913e-08,-6.426953923124158e-06,-3.043252526754541e-07,-5.958825224541238e-06,-8.186436076662760e-08,-7.351532417136432e-10,-2.055023658027254e-06,-8.382173317004792e-07,-1.106148073819489e-09,-1.280531640059113e-08,-4.934598082840103e-08,-2.299032393203882e-07,-2.925485126030017e-08,-9.234929447136015e-08,-1.256058214756621e-07,-3.100925983706652e-09,-1.524352326001359e-07,-6.106691220932739e-07,-6.014460254579408e-12,-4.804218161797510e-09,-9.980587181971671e-11,-8.134609966215667e-14,-2.714702436751538e-15,-1.195707151742733e-03,-8.494260361696787e-03,-1.061629655343349e-05,-2.466105003341294e-04,-1.594714957515223e-04,-2.023871680732694e-09,-2.041184400373868e-08,-2.139348289565441e-07,-6.024799175548877e-07,-7.354342781363542e-07,-6.201095423372566e-07,-1.998171605199975e-07,-1.150396444771218e-11,
-1.473523827984999e-01,-7.514562993461323e-01,-5.428110802256139e-01,-4.896611207552855e-04,-1.412991238076380e-01,4.862827423436117e-01,-2.621038996643021e-04,-3.845525742692031e+00,-1.777756033796333e-07,-1.491159285473014e-07,-4.889224062432843e-08,-2.511024060599778e-06,1.045943166454457e-07,-2.656447053349882e-05,-2.014742542820999e-06,-3.021181361288366e-09,-3.424926306781741e-08,-1.463411011588009e-08,-4.390791309306078e+00,1.818407714807317e+00,-5.187815979843561e-08,-1.697850496351683e-06,-9.492561864789907e-07,-1.696388976256704e-05,-4.429162375057041e-07,-3.056981134294898e-09,-1.724755405305728e-07,4.461207558546127e-07,-6.766515457676018e-09,-4.209928313938895e-08,-2.683083320986722e-07,-7.722466861531734e-07,-3.745734566929166e-07,-8.647525804523203e-07,-2.387741256902351e-06,-7.748216940240644e-08,-2.166830449238638e-06,-8.240854425251335e-07,-4.946173539850502e-10,-9.621497206461523e-07,5.319334388030130e-11,-8.306540456494650e-14,-1.884103958081461e-15,-1.408353435056558e-03,-1.038476359450091e-02,7.245454640782139e-07,-1.392761912211892e-02,-9.715543089967714e-03,-6.917404918823940e-08,-1.784460762994885e-06,-2.750736431257070e-07,-2.383015085231161e-05,-1.921541095596358e-05,-4.875781048320836e-06,-5.390459441408685e-06,-4.340949821823870e-11,
-4.077590828936680e-03,-2.995070457472573e-02,-8.828707788237419e-02,1.828283707110876e-07,-1.099481126977992e-02,1.035789440676237e-01,-6.673444345424664e-06,-3.353819838611684e-01,-8.979036793469961e-08,-3.082918957445072e-07,-2.632014528529082e-08,-1.138378081297294e-06,-2.640850910344044e-07,-6.721320295292392e-07,-1.375723003732317e-06,-2.941082036634183e-09,-1.150455817981198e-08,-1.049253344546035e-08,-4.765632396256123e-01,2.610021359809322e-01,-8.219746919065043e-08,-8.297883437816977e-06,-1.463872380959939e-07,-3.459413299824630e-06,-3.983727212150832e-10,-3.369035677506588e-12,-3.764819183999550e-06,-1.238397339798921e-06,-1.456457441167299e-11,-4.477257671677005e-09,-2.570552870146577e-10,-1.543475676255773e-09,-7.485059048928053e-11,-3.541120009800119e-10,-1.079231334014248e-09,-1.176396227959134e-12,-2.156506176849052e-10,-6.438876511355470e-10,-4.797792406439231e-16,-1.294786764650750e-11,-1.021663287579399e-10,-4.973306332863302e-14,-2.494411616990384e-15,-7.189514902898352e-04,-4.973607123117908e-03,-1.277436428037802e-05,-4.337951374678268e-05,-2.720536288852207e-05,-7.066368845184242e-10,-3.525792242568258e-10,-2.413739247931211e-10,-1.362981824973104e-08,-2.365465920975029e-08,-8.126441647688677e-09,-6.538239517267732e-09,-1.239602170910459e-11,

4,56
5.546401836672137e+00,2.773120585646218e+01,4.203851054791933e+01,7.194857680509081e+00,1.305084796668794e+01,3.055007111498198e+02,5.899289723745527e-01,-5.964527136081976e-11,5.528329972028633e-01,1.347838177433286e+00,1.463592596594749e-01,2.342336233896348e+01,1.523741166098339e+01,1.662998789895891e+00,1.560481768500447e+01,3.570448052914927e-01,1.217663287724569e-01,2.741654396842708e+00,4.610057119687851e+02,2.795944959315229e+02,1.888754999409838e-01,5.960013567387227e+01,3.611380046727888e+00,3.006917377734355e+02,1.277533340517849e+01,2.695799101005937e+01,8.004454552946926e+00,3.359391129327890e+00,1.442331221041371e-02,3.469981689785843e+00,2.363258665754800e+00,1.173339466631545e+00,3.814227775369751e+00,2.404177957104054e+00,3.564808706211811e+00,2.063403557577060e-01,3.466675261738271e+01,1.051538196375302e+00,6.085690464963639e-01,8.076757763996916e+00,1.545126815778748e+00,4.281176785866170e-02,1.094598677212942e-03,6.792199048653266e-02,3.667118269734113e-01,2.219553827245749e+00,4.755380604349214e-01,6.851316417476382e-01,1.873903581965552e-01,1.681106028582539e+01,9.867297846958648e-01,2.075359505170873e+00,8.469269141877470e+01,1.458162038790084e+01,2.363742928805684e+01,1.086846168618649e-10,
-3.688349688767249e-03,-3.016587306633356e-02,-8.879358547729749e-02,7.539610377027726e-06,-1.106593564234515e-02,4.817980279609702e-01,-6.722622496081867e-06,-3.374463395424372e-01,-6.724344830649420e-08,-1.212368954102342e-07,-2.053082223269347e-08,-7.520975532753457e-08,1.418959698492740e-07,-6.774183743715592e-07,-8.826754364733783e-07,-1.529245532080417e-09,-1.040804991404500e-08,-3.988749658950503e-09,-4.794983034298335e-01,1.804198407574324e+00,-4.363797684809811e-08,-9.609909235268394e-07,-1.470607164063941e-07,-2.340806899619919e-06,4.060604241346979e-08,3.042319801984712e-10,1.714070668447934e-07,5.800073600631711e-07,7.063281805486823e-10,-4.535978060531305e-09,2.819417690173909e-08,8.960710373864877e-07,9.925568914205545e-08,2.527423017354059e-07,5.155211622883985e-07,6.557994491546977e-09,4.023072208881121e-07,1.254312720582744e-06,1.613250026707335e-11,9.901299507931367e-09,5.508854584280932e-11,-5.008831970971550e-14,-1.836907670117526e-15,-7.218090800161664e-04,-4.994017076736126e-03,5.367743893047917e-07,-4.383629093263908e-05,-2.749560910302827e-05,8.406659207664608e-10,6.160575905385117e-08,2.545120167305146e-07,1.383912400632744e-06,2.929380152704625e-06,2.404617919412725e-06,7.937082814206111e-07,1.222999479466580e-11,
-1.239173053833539e-02,-9.270897391880879e-02,-2.029583545148623e-01,2.968628966494563e-06,-2.902338228586561e-02,2.883234984073952e+00,-2.283569027594892e-05,-8.214973227073483e-01,3.887106533776432e-07,1.337719589303506e-06,1.221349149553164e-07,7.441570993605264e-06,7.334119621544017e-07,-2.237551888297089e-06,7.634489840852776e-06,2.002408927089271e-08,7.876485409148046e-08,6.373987914702088e-08,-1.135940793104375e+00,6.950525226508315e+00,4.499460001989675e-07,3.439511559700357e-05,5.103497239656598e-07,3.339668989771208e-05,4.045149548590421e-07,4.035036911605999e-09,1.188508109932271e-05,4.382873115267423e-06,8.030093500119281e-09,9.165807010287105e-09,2.781554343906711e-07,2.437107350692342e-06,5.551954737758176e-07,9.819323616719824e-07,1.738830041341289e-06,4.748231538915899e-08,1.089719906505762e-06,7.436403171405576e-07,3.336076633380851e-10,8.273504923872998e-07,4.400410677365472e-10,2.958826445014337e-12,6.409388319640362e-14,9.507284208234434e-04,6.527596692066318e-03,6.208893962891566e-05,-2.512155710692403e-04,-1.624987359851509e-04,5.125659576207468e-08,9.135367546786854e-07,2.555822218254793e-07,1.784407431882746e-05,8.493968937394755e-06,9.476963724183667e-06,2.355370785605236e-06,2.081224081962318e-11,
-1.905097581243301e-03,-1.158052174306183e-02,-3.205674162207259e-02,6.388818309833076e-06,-5.934527391245227e-03,1.826731958439520e-01,-1.724480176776183e-06,-1.547110659524893e-01,-4.204373746728407e-08,-1.814880109961509e-07,-1.639445123761149e-08,-6.563480209544851e-07,-9.080852874413495e-08,-1.918618892857663e-07,-1.085385171453637e-06,-2.391047143528316e-09,-8.443207467356942e-09,-8.160836399448483e-09,-1.585514252441386e-01,7.679566604427985e-01,-6.004784465801348e-08,-5.560554556347935e-06,-8.518984033482291e-08,-2.415579022900957e-06,7.564425362748397e-10,3.660568891462615e-12,-1.852287354997372e-06,-8.052573435853918e-07,-4.493139149330047e-12,-2.137245953275022e-09,1.779415036796676e-10,5.016004894594361e-10,5.447273486365825e-11,3.637085132813197e-10,5.545539712870217e-10,1.501434852024677e-12,2.266625881832215e-11,1.302812775489975e-09,1.034470847822917e-14,4.865401502277796e-12,-9.239472271555918e-11,-2.251214172370671e-14,-1.509659315121058e-15,-4.524447643766794e-04,-3.083505738599913e-03,-1.064120984981036e-05,-1.177696973219646e-05,-7.228166189387060e-06,-3.283986757450098e-10,3.033186617266489e-11,5.139942146546508e-10,3.286512840951088e-09,8.837295399732122e-09,6.828603896711631e-09,2.410036121313677e-09,1.161127444193610e-11,

