1
0
63
1
(4 0
((0,0) (15,255) (0,0))
((0,768) (15,1023) (0,0))
((0,512) (15,767) (0,0))
((0,256) (15,511) (0,0))
)
4
FabOnDisk: SD_0_New_MF_D_0003 0
FabOnDisk: SD_0_New_MF_D_0000 0
FabOnDisk: SD_0_New_MF_D_0001 0
FabOnDisk: SD_0_New_MF_D_0002 0

4,63
-7.412769985230151e-09,1.633188170003484e+00,1.576277563473452e-01,2.068243614022798e-21,9.247650204675793e-20,8.426419555306155e-16,2.896263602276964e-10,1.985201590656970e-07,5.554314705209180e-08,1.181969414682862e-10,2.848783533037364e-03,0.000000000000000e+00,1.611636277474206e-25,1.057199484619102e-26,3.494314588751515e-12,1.406056704055708e-11,3.426570169276462e-21,2.965929519241094e-10,2.139118028563010e-15,3.497230558515663e-26,8.472222535487665e-12,1.789998146847911e-08,1.559160332606313e-09,1.403887010943859e-31,1.735939626272599e-10,6.308137107320993e-23,0.000000000000000e+00,0.000000000000000e+00,0.000000000000000e+00,4.717676911208552e-25,1.826885010529073e-11,0.000000000000000e+00,3.761649698357796e-21,0.000000000000000e+00,0.000000000000000e+00,0.000000000000000e+00,0.000000000000000e+00,0.000000000000000e+00,0.000000000000000e+00,0.000000000000000e+00,0.000000000000000e+00,0.000000000000000e+00,0.000000000000000e+00,4.472508988856385e-14,1.051148252819092e-16,2.891956037850990e-18,1.327666611180214e-14,4.304474795093191e-15,1.783628039924319e-13,4.145925988577076e-14,7.470326029445933e-14,0.000000000000000e+00,0.000000000000000e+00,0.000000000000000e+00,0.000000000000000e+00,0.000000000000000e+00,0.000000000000000e+00,0.000000000000000e+00,1.130801716417112e-01,3.545446969025958e+03,0.000000000000000e+00,4.430003722495517e+02,1.013073670244647e+05,
-5.137965570935190e-09,5.186581336242335e+00,1.460878985489774e-01,6.110731690099949e-06,5.834710428612978e-05,4.694037384747619e-04,1.349867300922407e-07,5.706021772491931e-05,1.235225063916742e-02,1.210495958710436e-08,1.184387020234473e-03,5.121064815763497e-11,2.715017454598334e-10,2.293944121164567e-11,1.086272331918451e-09,2.976707341627183e-10,8.723661487209426e-10,1.626623651238907e-09,3.544143198265346e-12,1.171900153815116e-11,1.249121968151076e-11,3.570466040561604e-03,2.344080380219841e-02,8.744879005788444e-11,9.026128289203493e-09,1.001751657964771e-10,3.364949892504366e-09,6.925691892810577e-14,1.252398368755764e-15,2.993791262285607e-09,1.621905787722499e-09,4.110518910226778e-15,2.179247749170998e-12,4.892474589248418e-14,8.152665679420803e-14,1.574648484028353e-15,3.170182151181344e-15,2.785197384096675e-15,9.646769935533811e-19,4.472537368204906e-17,1.678396030250310e-20,7.884082869702306e-22,2.133262504167785e-17,7.811716639912081e-14,1.736983480915594e-17,1.194092338886113e-18,5.875205469353815e-07,3.995820273293664e-06,1.796548366282532e-08,1.332124696715367e-08,8.145389643626220e-09,4.248442089798241e-13,6.994360119536619e-16,1.143354063838293e-24,0.000000000000000e+00,2.368700664261863e-29,1.829606441686416e-28,1.976780461944472e-28,1.047760323453899e-01,7.926216882819203e+03,0.000000000000000e+00,2.331090922265660e+03,1.013249962787688e+05,
-7.558593207385608e-10,5.117805751822694e+00,1.469261597149001e-01,7.192179727552957e-06,6.933608328143271e-05,5.057677617527790e-04,1.327165882261056e-07,6.108343725588876e-05,1.235467301213445e-02,1.456308334679612e-08,1.322826544367133e-03,8.140170266491577e-11,3.924212501478834e-10,3.423333947507930e-11,1.509019312407690e-09,3.792122728383715e-10,1.126954171264049e-09,2.348839552583608e-09,5.139448768256838e-12,1.758300646191835e-11,1.779773347753336e-11,3.778212853757507e-03,2.305555053458485e-02,1.278991298605818e-10,1.258654531254043e-08,1.651432154829586e-10,5.009437193791591e-09,1.269067630432255e-13,2.303427936465381e-15,4.181981884639181e-09,2.191779716722966e-09,8.668244626857566e-15,3.969492268701044e-12,1.029075627020115e-13,1.254856963634631e-13,3.211963653854994e-15,5.384581942046487e-15,4.825400310635370e-15,2.339325161595938e-18,9.959734422651606e-17,3.650026436984829e-20,2.157383000876404e-21,4.893849991366279e-17,1.387784116856435e-13,3.848675269068166e-17,2.398197299581126e-18,9.288448339233532e-07,6.342270872717935e-06,2.481324176284121e-08,2.820911720422554e-08,1.741024010151013e-08,7.229694154298769e-13,1.259710262111379e-15,2.031329330706169e-24,0.000000000000000e+00,0.000000000000000e+00,4.356522996945850e-27,5.159973276575527e-28,1.053797027277087e-01,7.836756053381573e+03,0.000000000000000e+00,2.291999120102636e+03,1.013249958540230e+05,
-6.423475544417729e-09,4.868247917126623e+00,1.490358480921708e-01,1.039153036784951e-05,1.009753728199545e-04,5.927297431769708e-04,1.327231986161417e-07,7.154516012692515e-05,1.233722990358438e-02,2.213826250945043e-08,1.658998433649569e-03,1.368232297268071e-10,4.181169900695734e-10,5.029708045158869e-11,1.397448167613107e-09,1.996602321891189e-10,1.884323756724031e-09,2.871146479992129e-09,5.497073046271223e-12,2.611384943106014e-11,1.944934062625250e-11,4.281102796342882e-03,2.217139579310561e-02,1.325807350464384e-10,1.078068922018526e-08,2.989138967320188e-10,6.890009246977119e-09,2.948863480788062e-13,5.327140319093794e-15,3.011991612550165e-09,1.199698809693119e-09,2.686492838738559e-14,8.735499363815635e-12,3.174030684069709e-13,2.962785036660245e-14,7.244996129068014e-15,8.041110794269419e-15,8.647165959213639e-15,9.234063906203673e-18,3.264836939400498e-16,0.000000000000000e+00,1.136312416096384e-20,1.732637150633685e-16,4.722403026430970e-14,8.288422158771938e-17,2.896804016269965e-18,1.547206202103956e-06,1.066323065304350e-05,1.801768697863461e-08,9.406078885864702e-08,5.938389362715788e-08,1.424726123299539e-12,2.822395332248644e-15,0.000000000000000e+00,0.000000000000000e+00,0.000000000000000e+00,0.000000000000000e+00,0.000000000000000e+00,1.068971918811870e-01,5.890804071824997e+03,0.000000000000000e+00,2.148551092269680e+03,1.013249922501963e+05,

4,63
8.190210822811170e-09,4.865958510486293e+00,8.373296696953146e-01,4.961501979963810e-05,4.492837961487958e-04,9.597212782525583e-04,1.181617061481149e-04,3.686984729763259e-04,1.294368490981711e-02,2.146960093782368e-05,1.827785177211397e-01,1.450739319570533e-06,6.593534722377751e-06,7.399350904090212e-07,2.354387226815109e-04,2.632528117483417e-04,2.012264733177225e-05,5.179900558686299e-04,1.474137077396320e-05,9.662723700757962e-07,6.792286636575009e-05,1.422476577581539e-02,2.216750974264369e-02,8.453637176178484e-07,6.380563197819623e-04,2.244084749336205e-05,4.620964038984830e-03,1.006291456229912e-04,4.618840416018380e-04,3.317890960015111e-05,1.155518126275703e-04,1.302628373046384e-07,3.230847994369112e-05,3.786167036429600e-05,1.275285105710310e-05,5.941231603428433e-05,3.209630058097109e-05,4.196972262381545e-05,3.102949386522251e-06,6.584056357003720e-04,1.045917739524043e-05,4.179331792320037e-06,1.171977300435645e-04,1.842994268738983e-05,6.618410083269974e-07,1.601354468486480e-08,2.494730067250471e-06,1.761316509090962e-05,3.067794377112947e-05,1.298234972699168e-05,1.674568456380399e-05,1.699300742836776e-06,4.538275143852786e-04,9.271349884081819e-06,5.259436705372867e-02,1.663100095824126e-03,1.452814850203429e-04,4.548789992383375e-04,6.019565077709962e-01,7.518581170791041e+04,0.000000000000000e+00,2.147211341718989e+03,1.013330730010205e+05,
5.204288217379702e-09,5.216231439878656e+00,1.469213276144008e-01,7.185548226568874e-06,6.926940752531175e-05,5.055584762946630e-04,1.366592560165952e-07,6.105951037269587e-05,1.235466188513771e-02,1.454790808027563e-08,1.322035576337125e-03,8.124391739416985e-11,3.918710993932842e-10,3.417899650995760e-11,1.507223896947074e-09,3.789423227632502e-10,1.125408145333386e-09,2.345533498587679e-09,5.132167285510793e-12,1.755458000269666e-11,1.777422377576780e-11,3.777021050001154e-03,2.360904775277192e-02,1.277127931490677e-10,1.257145788634864e-08,1.647918458250443e-10,5.001646634868317e-09,1.265600756849545e-13,2.297115957015383e-15,4.176992799320516e-09,2.189599140336854e-09,8.637918657766587e-15,3.958938556248380e-12,1.025491762721802e-13,1.253094103172636e-13,3.202287440344436e-15,5.373216513385367e-15,4.814358508175710e-15,2.329537106007483e-18,9.922782379487299e-17,3.637264652883047e-20,2.146897748616127e-21,4.874830996479388e-17,1.385160546192001e-13,3.836572031613102e-17,2.391972278773029e-18,9.270836666892742e-07,6.330102959426950e-06,2.478522203796907e-08,2.810864731668257e-08,1.734730399016665e-08,7.212963401944772e-13,1.256387233547687e-15,2.026199561263180e-24,2.391410392553840e-29,2.942241603142883e-24,2.384413373324512e-23,5.139968814692288e-28,1.053762252213666e-01,7.957929558583260e+03,0.000000000000000e+00,2.346948292916806e+03,1.013250044308358e+05,
8.171118802038982e-10,5.186419313922249e+00,1.490224442435884e-01,1.036946905107191e-05,1.007606155392950e-04,5.922090939291668e-04,1.349771067272028e-07,7.147934144427079e-05,1.235699754350439e-02,2.208436790600204e-08,1.656925534228659e-03,1.365408277266857e-10,5.325746515851142e-10,5.023057169360474e-11,1.900699025822394e-09,4.059142929597207e-10,1.878977508657088e-09,3.220149872786570e-09,6.991629143289395e-12,2.607779875371274e-11,2.349000427077995e-11,4.278045366641527e-03,2.343984389735085e-02,1.759727863476263e-10,1.581240086731230e-08,2.981682706330289e-10,7.208041937439291e-09,2.937107944564049e-13,5.306255711250447e-15,5.174622411152791e-09,2.499337299059588e-09,2.671644519233184e-14,8.704643753952985e-12,3.156510357548801e-13,1.483486011171785e-13,7.221538744295630e-15,8.889597103262302e-15,8.735023901816880e-15,9.170837622169697e-18,3.245896295803642e-16,1.100828657128509e-19,1.126559068811478e-20,1.721746424859814e-16,1.795818078187530e-13,8.266115436382580e-17,4.145596406493764e-18,1.543991031303624e-06,1.064047991911676e-05,3.015473790527589e-08,9.347273630262007e-08,5.900441233750205e-08,1.420378503676008e-12,2.811731299416115e-15,4.247714154785681e-24,1.018230181964825e-28,5.016385870289658e-25,4.378657978528507e-24,1.415857040102275e-27,1.068875454530963e-01,7.930704860048865e+03,0.000000000000000e+00,2.330999335732391e+03,1.013250058862471e+05,
6.213101197152466e-09,5.117387265836005e+00,1.575410251172398e-01,2.824162613664096e-05,2.620608326181768e-04,8.493354815664910e-04,1.886655670822950e-07,1.103269119297009e-04,1.235701671756879e-02,7.073054950898147e-08,2.838008945324412e-03,1.959515804864911e-10,5.614257712524973e-10,5.844691982803417e-11,1.933635858563014e-09,3.974335531186783e-10,6.765593439301224e-09,3.473818275418441e-09,7.359449428463336e-12,3.079877599565027e-11,2.450031450842386e-11,5.903717729943136e-03,2.305332514967699e-02,1.855311954426971e-10,1.601773022798733e-08,5.179673250285193e-10,8.074357166147013e-09,1.144116099255453e-12,2.000333734539923e-14,5.197118471337990e-09,2.487696277441896e-09,1.796996572760954e-13,2.210660992140624e-11,2.257443466685395e-12,1.456806329964003e-13,1.224869213839566e-14,1.079111145041443e-14,1.875559141407541e-14,2.838695560151450e-16,1.021742142516989e-14,3.638744962907274e-17,1.014896620432498e-18,2.112434737137312e-15,1.787810797231304e-13,1.171385224176142e-16,4.518699086265089e-18,2.493044883993942e-06,1.759594201167203e-05,3.023839397159434e-08,1.506902657245083e-06,1.022975972382057e-06,3.642646355097900e-12,1.600847447941022e-14,1.012717522584756e-17,1.433112160968605e-13,6.911225449892073e-14,7.877034532450389e-15,1.919230167625609e-14,1.130177770803230e-01,7.835674081529046e+03,0.000000000000000e+00,2.291754758243641e+03,1.013250191980960e+05,

