1
0
63
1
(4 0
((0,0) (15,255) (0,0))
((0,768) (15,1023) (0,0))
((0,512) (15,767) (0,0))
((0,256) (15,511) (0,0))
)
4
FabOnDisk: SD_0_Old_MF_D_0003 0
FabOnDisk: SD_0_Old_MF_D_0000 0
FabOnDisk: SD_0_Old_MF_D_0001 0
FabOnDisk: SD_0_Old_MF_D_0002 0

4,63
-2.487289351546754e-08,1.597555420097232e+00,1.576198380883150e-01,2.286601830186224e-21,1.030045758783695e-19,9.116771103334957e-16,3.153146837596266e-10,2.078545246430193e-07,6.009346174715322e-08,1.287200806125466e-10,2.847936531421346e-03,0.000000000000000e+00,1.890488732488165e-25,1.240458713317223e-26,3.788827865817139e-12,1.693229369929229e-11,3.862764114527688e-21,3.264817674257476e-10,2.392761540535738e-15,4.169717599584105e-26,8.553203746432236e-12,1.948878427883886e-08,1.717866609036258e-09,1.668916103721259e-31,1.907074695951031e-10,7.686277232027803e-23,0.000000000000000e+00,0.000000000000000e+00,0.000000000000000e+00,5.629859481694500e-25,2.027705545616778e-11,0.000000000000000e+00,4.523849786250091e-21,0.000000000000000e+00,0.000000000000000e+00,0.000000000000000e+00,0.000000000000000e+00,0.000000000000000e+00,0.000000000000000e+00,0.000000000000000e+00,0.000000000000000e+00,0.000000000000000e+00,0.000000000000000e+00,4.603632620226677e-14,1.053420906926614e-16,2.899466518170716e-18,1.501423939014594e-14,4.868116301677256e-15,2.017526789973592e-13,4.689894692367452e-14,8.450474631096913e-14,0.000000000000000e+00,0.000000000000000e+00,0.000000000000000e+00,0.000000000000000e+00,0.000000000000000e+00,0.000000000000000e+00,0.000000000000000e+00,1.130744867455039e-01,3.542566303597208e+03,0.000000000000000e+00,4.430004061674200e+02,1.013079151842989e+05,
-6.522355974826961e-09,5.150287039390485e+00,1.460877591883297e-01,6.110329021147490e-06,5.834330754465441e-05,4.693896102876220e-04,1.349866306500987e-07,5.705842469220396e-05,1.235223983971388e-02,1.210417210958079e-08,1.184344550431011e-03,5.120556419551096e-11,2.714855608403211e-10,2.293776677143426e-11,1.086224042303401e-09,2.976668687593714e-10,8.722837900672471e-10,1.626530743952804e-09,3.543921795665080e-12,1.171813037044993e-11,1.249062913158838e-11,3.570360884805486e-03,2.344084057968039e-02,8.744318709846845e-11,9.025753282525598e-09,1.001649768278652e-10,3.364733912228863e-09,6.924723676306605e-14,1.252223322685768e-15,2.993659044427072e-09,1.621858214147251e-09,4.109719752449356e-15,2.178958446920182e-12,4.891552173890842e-14,8.152437207842809e-14,1.574451162133222e-15,3.169913585406005e-15,2.784890633982658e-15,9.644557367709465e-19,4.471676156731266e-17,1.678094705520705e-20,7.881981689478728e-22,2.132838933497554e-17,7.811586486228594e-14,1.736816941822166e-17,1.194020449827696e-18,5.874726522496661e-07,3.995490184364338e-06,1.796489107144031e-08,1.331888182527647e-08,8.143924498477805e-09,4.247976779897100e-13,6.993404928437502e-16,1.143209499017364e-24,0.000000000000000e+00,3.208946447284892e-29,2.478316030371571e-28,1.976488654053670e-28,1.047759450066563e-01,7.926195060675489e+03,0.000000000000000e+00,2.331093613626160e+03,1.013249960679516e+05,
-9.664170152686034e-10,5.081521135310383e+00,1.469260085555575e-01,7.192011495050273e-06,6.933428997056936e-05,5.057623505101741e-04,1.327162630604619e-07,6.108289086551143e-05,1.235467145901295e-02,1.456266420361670e-08,1.322799266453600e-03,8.139247165479284e-11,3.923818680686507e-10,3.422974410072377e-11,1.508876599980915e-09,3.791819040766454e-10,1.126900486473949e-09,2.348604539992330e-09,5.138933030432770e-12,1.758114936991800e-11,1.779596692218482e-11,3.778170903208494e-03,2.305567861270779e-02,1.278859874935473e-10,1.258532431025540e-08,1.651227479550673e-10,5.008894671449074e-09,1.268890192581620e-13,2.303103655272191e-15,4.181579449430897e-09,2.191579693190191e-09,8.666831415066278e-15,3.968924516133605e-12,1.028909721932860e-13,1.254688374536898e-13,3.211385132714956e-15,5.383798479127188e-15,4.824725530495258e-15,2.338875913041031e-18,9.957942392969793e-17,3.649371329439039e-20,2.156926794302709e-21,4.892940965692709e-17,1.387537864126033e-13,3.847862284355620e-17,2.397726402883312e-18,9.287341752813773e-07,6.341511051632011e-06,2.481080231431281e-08,2.820444222549064e-08,1.740732715692269e-08,7.228755008307996e-13,1.259537528500730e-15,2.031033951590300e-24,0.000000000000000e+00,0.000000000000000e+00,6.018757202354044e-27,5.158739640769065e-28,1.053795932170112e-01,7.836778203805181e+03,0.000000000000000e+00,2.292013047922535e+03,1.013249953588096e+05,
-3.526606251328003e-09,4.832022691598340e+00,1.490350641515845e-01,1.039030333165233e-05,1.009631881925015e-04,5.927005806353040e-04,1.327227703774865e-07,7.154162794907594e-05,1.233748114281639e-02,2.213520432723183e-08,1.658873557177051e-03,1.368002587397899e-10,4.182693514101072e-10,5.029068956550140e-11,1.397901891397387e-09,1.997437232857230e-10,1.884004077231447e-09,2.871800319871394e-09,5.499047798577070e-12,2.611045190169735e-11,1.945246337795000e-11,4.280919616694889e-03,2.217061526601148e-02,1.326419189336446e-10,1.078458240496561e-08,2.988554265261964e-10,6.891324686472230e-09,2.948040039085755e-13,5.325672656466522e-15,3.013352536233718e-09,1.200212493605205e-09,2.685499603992205e-14,8.733232792439332e-12,3.172862305724699e-13,2.984400957284069e-14,7.243071529660766e-15,7.943022496549485e-15,8.753065613384796e-15,9.229906727251855e-18,2.975199808717046e-16,0.000000000000000e+00,1.135688337109888e-20,1.731905695304087e-16,4.734809864502599e-14,8.286295520468828e-17,2.903431173377377e-18,1.546937429986484e-06,1.066134464615243e-05,1.802428903350035e-08,9.402211392024509e-08,5.935900483110867e-08,1.424401826353858e-12,2.821643145251332e-15,0.000000000000000e+00,0.000000000000000e+00,0.000000000000000e+00,0.000000000000000e+00,0.000000000000000e+00,1.068966303420622e-01,5.899918128483197e+03,0.000000000000000e+00,2.148654581900012e+03,1.013249920377324e+05,

4,63
2.322842327203386e-08,4.829733275777876e+00,8.373294730497580e-01,4.961794082148864e-05,4.498959422395768e-04,9.600436095995484e-04,1.182795435337211e-04,3.676402902614412e-04,1.294405015280594e-02,2.146316244997527e-05,1.827784691838206e-01,1.451401568002806e-06,6.577238155328065e-06,7.407671906594611e-07,2.350421397688013e-04,2.627701861824997e-04,2.015141812342705e-05,5.181168191688400e-04,1.473254538684693e-05,9.650858802540812e-07,6.790056178542193e-05,1.422080120044841e-02,2.216667483065407e-02,8.465382826850844e-07,6.360814627072582e-04,2.244648849808424e-05,4.617566477991795e-03,1.006318935937563e-04,4.610768294954315e-04,3.322766167409046e-05,1.156394192992653e-04,1.300955552879942e-07,3.223199890383438e-05,3.785206384646685e-05,1.272570552015122e-05,5.938801446662798e-05,3.207513901393944e-05,4.196236582308483e-05,3.104368163293526e-06,6.578091041323615e-04,1.044518458168377e-05,4.204420189415475e-06,1.170843570746066e-04,1.832020273821570e-05,6.584261551915269e-07,1.592111121652661e-08,2.494475849775667e-06,1.761122513207450e-05,3.063388999976556e-05,1.297923088105636e-05,1.673596112762129e-05,1.703853415906401e-06,4.544510589178939e-04,9.310193208887288e-06,5.259435714496111e-02,1.664667345657195e-03,1.448301666359511e-04,4.563727282834560e-04,6.019563535906889e-01,7.519122378376979e+04,0.000000000000000e+00,2.147316827638652e+03,1.013328371174445e+05,
6.726308346262341e-09,5.179939916597838e+00,1.469211843479145e-01,7.185388412357094e-06,6.926770298788218e-05,5.055533306280645e-04,1.366594136460737e-07,6.105899121971599e-05,1.235466037138303e-02,1.454751000848959e-08,1.322009484186191e-03,8.123497663058846e-11,3.918328319136476e-10,3.417550692429939e-11,1.507084999261721e-09,3.789126303981522e-10,1.125356683302905e-09,2.345305167765496e-09,5.131666115033580e-12,1.755277798747430e-11,1.777250686673996e-11,3.776980661232463e-03,2.360917477544585e-02,1.277000271172190e-10,1.257026999006449e-08,1.647720483439614e-10,5.001120156205802e-09,1.265429634201400e-13,2.296803216587489e-15,4.176601203313444e-09,2.189404219054923e-09,8.636558923301737e-15,3.958390560268383e-12,1.025332202418917e-13,1.252929636794238e-13,3.201727983591544e-15,5.372456648565258e-15,4.813705269671689e-15,2.329105341644989e-18,9.921057890193154e-17,3.636633183247410e-20,2.146461295398603e-21,4.873956906946826e-17,1.384920694371150e-13,3.835784499127185e-17,2.391515106070043e-18,9.269765088496429e-07,6.329367280827415e-06,2.478284795884793e-08,2.810415426797297e-08,1.734450503770666e-08,7.212055971329315e-13,1.256220550730582e-15,2.025914125571028e-24,2.496218516524159e-29,4.142846234144794e-24,3.357444906290588e-23,5.138758390595694e-28,1.053761215785710e-01,7.957534592404276e+03,0.000000000000000e+00,2.346952034210386e+03,1.013250045608400e+05,
1.010551971914411e-09,5.150125279570861e+00,1.490216715737678e-01,1.036825792011881e-05,1.007485906852441e-04,5.921802606763914e-04,1.349770197016543e-07,7.147584834736886e-05,1.235700247137232e-02,2.208135266253908e-08,1.656802221720236e-03,1.365179869721875e-10,5.325212064422302e-10,5.022419862841823e-11,1.900548102472769e-09,4.058876346077165e-10,1.878661882074046e-09,3.219807723748439e-09,6.990930525133686e-12,2.607441209436752e-11,2.348778776716808e-11,4.277864212152745e-03,2.343988179310833e-02,1.759547765430313e-10,1.581117424217705e-08,2.981102339594408e-10,7.207168545618856e-09,2.936293587744334e-13,5.304803993722163e-15,5.174263182317053e-09,2.499212269630520e-09,2.670664460362594e-14,8.702399808326611e-12,3.155357785514142e-13,1.483305667266965e-13,7.219628399443319e-15,8.888102866396590e-15,8.733365450905031e-15,9.166742118140191e-18,3.244634808948489e-16,1.100417133754876e-19,1.125946152300175e-20,1.721025569613098e-16,1.795624901030696e-13,8.263999361690520e-17,4.144828519921908e-18,1.543724032922169e-06,1.063860673979846e-05,3.015269060272682e-08,9.343464954988819e-08,5.897990756281658e-08,1.420057177944948e-12,2.810986934558069e-15,4.246633682604816e-24,1.052020422927755e-28,7.528330358764380e-25,6.585796799662852e-24,1.418536156277809e-27,1.068869920248237e-01,7.930684279473670e+03,0.000000000000000e+00,2.331002171210268e+03,1.013250064412467e+05,
3.517506257083789e-09,5.081102968417303e+00,1.575332957462341e-01,2.823237007623604e-05,2.619656683182760e-04,8.492676654207315e-04,1.885955686250005e-07,1.103198034430589e-04,1.235702313361690e-02,7.069303109962513e-08,2.837175945873329e-03,1.959398242318059e-10,5.613825288193619e-10,5.844265974255233e-11,1.933515575762470e-09,3.974254493774279e-10,6.762435380742707e-09,3.473530551070072e-09,7.358889784341367e-12,3.079661378365113e-11,2.449849759151989e-11,5.903085474160424e-03,2.305345414212891e-02,1.855170599848088e-10,1.601678098090806e-08,5.179325246309542e-10,8.073744640300165e-09,1.143587962103585e-12,1.999356122456403e-14,5.196837655424088e-09,2.487599323977318e-09,1.795946020119887e-13,2.210062735259160e-11,2.255775414507712e-12,1.456746794713351e-13,1.206654581019450e-14,1.042521012491871e-14,1.266765046913413e-14,1.288605445199857e-16,2.795552101827574e-15,2.528300112451185e-16,4.112641379859288e-19,2.132191971640880e-15,1.787658468445784e-13,1.171215765185631e-16,4.518005873424160e-18,2.492736947267278e-06,1.759363274820621e-05,3.023674861504753e-08,1.504709654711586e-06,1.021444551561855e-06,3.641515831242048e-12,9.762825345100115e-15,9.739830147633583e-17,4.798666872065815e-15,4.884521831706908e-15,1.023356747383044e-15,1.399958892503936e-15,1.130122280559083e-01,7.835701810331183e+03,0.000000000000000e+00,2.291768876727366e+03,1.013250182212477e+05,

