1
0
56
1
(4 0
((0,0) (15,255) (0,0))
((0,768) (15,1023) (0,0))
((0,512) (15,767) (0,0))
((0,256) (15,511) (0,0))
)
4
FabOnDisk: SD_5_Old_MF_D_0003 0
FabOnDisk: SD_5_Old_MF_D_0000 0
FabOnDisk: SD_5_Old_MF_D_0001 0
FabOnDisk: SD_5_Old_MF_D_0002 0

4,56
-7.536062770760919e+00,-1.733161829063472e+01,-2.638876268176102e+01,-5.929985199806847e+00,-8.002811599879040e+00,-8.042660155096907e+00,-1.146301718292074e+00,-6.269903290328467e+02,-2.643844120910218e-01,-7.618165862231877e-01,-8.864001754672163e-02,-1.368632690001621e+01,-1.223100779294451e+01,-1.399161603536395e+00,-9.580542444308023e+00,-4.478039164592898e-01,-7.078669538761934e-02,-2.743673670851895e+00,-1.318264534008713e+02,1.382357769919018e-16,-9.368758425565700e-02,-4.847975874814746e+01,-1.840148234470750e+00,-2.027524980744832e+02,-7.364606034205701e+00,-2.410506738154648e+01,-4.511541179872976e+00,-2.876306493043061e+00,-8.890793341059307e-03,-2.004544401801512e+00,-1.580730400266499e+00,-9.485254746936691e-01,-3.784071531906311e+00,-2.213152233392953e+00,-3.194496864887098e+00,-2.160356585433063e-01,-3.267788330010411e+01,-4.850342793665955e-01,-3.075860266394001e-01,-8.607704130540133e+00,-9.122386775100469e-01,-1.519935776939194e-02,-6.166056491164698e-04,-8.162687539072741e-02,-1.697128943284641e-01,-2.124833933094514e+00,-7.137729810422527e-02,-3.993788960401612e-01,-1.337504982946006e-01,-2.432671118902544e+01,-4.650557974894800e-01,-5.990977935825993e+02,-9.055221667215513e+01,-9.658717276501044e+00,-2.481070072016128e+01,-8.083134162006900e-10,
-4.151769576090070e-03,-2.979708429149331e-02,-8.784963356129431e-02,1.830700747899112e-07,-1.099396644364010e-02,1.018670394869392e-01,-6.611314528230572e-06,-3.320686362419309e-01,-8.685747890424815e-08,-3.031977519237393e-07,-2.586199697024217e-08,-1.125885222521754e-06,-2.648451565180158e-07,-6.659363183234830e-07,-1.384021586018169e-06,-2.959223921152451e-09,-1.161004677902090e-08,-1.060008334650790e-08,-4.693468164471024e-01,2.470949010372894e-01,-8.128778443388202e-08,-8.230835986289706e-06,-1.472223891534349e-07,-3.398370108892971e-06,-1.477253542300030e-10,-2.686427424920594e-12,-3.681095535064383e-06,-1.250842857635120e-06,-1.309228535867651e-11,-4.463148714836333e-09,-1.547413620921580e-10,-8.136421919967017e-11,-4.029454397762718e-12,-4.609708321588660e-12,-4.535691366142699e-12,-4.207001907392714e-15,-1.575604916666015e-13,-5.403294495863202e-17,-1.291605951984850e-18,-8.089961086490765e-14,-1.011209358840620e-10,-4.943761908938160e-14,-2.488789508343467e-15,-7.154477740299004e-04,-4.948145780417554e-03,-1.280555007227915e-05,-4.273299794574345e-05,-2.679974593977022e-05,-6.911131510136201e-10,-1.386241489235479e-12,-6.252367089897203e-20,-1.027130224468346e-19,-1.060704129679847e-18,-8.598575767323249e-18,-8.535391228054467e-23,-4.829001087891527e-11,
-1.219272039007433e-02,-9.055030425345165e-02,-1.997370568313789e-01,3.505549989701611e-06,-2.852428983389445e-02,1.835988565726151e-01,-2.220503950529147e-05,-8.045702722418295e-01,-1.072456033356063e-07,-2.238551513285928e-07,-2.454610348248216e-08,-7.126520791280037e-07,-9.613619374744782e-08,-2.181782500868504e-06,-1.330549862363197e-06,-2.924828670376079e-09,-1.309579197778467e-08,-9.368340367299035e-09,-1.110218166158527e+00,7.587467804778469e-01,-7.506780856523023e-08,-5.918913986845988e-06,-2.848566492880119e-07,-3.323452296103769e-06,-4.721870315336592e-10,-8.365241725923321e-12,-1.987545250385978e-06,-8.233845913614207e-07,-6.102778649135601e-11,-1.215025339062665e-08,-7.206198164304833e-10,-6.650543766354859e-11,-8.917911498276417e-12,-5.453237558836148e-12,-7.263794072988220e-12,-2.605966585356699e-14,-7.705757134688694e-13,-2.487381980219658e-16,-2.991487510796133e-15,-4.428219703581863e-13,-1.003114671776949e-10,-8.107374619706194e-14,-2.667858669848149e-15,-1.188982421354474e-03,-8.441915504814598e-03,-1.070319579940834e-05,-2.402721755473116e-04,-1.552992064811868e-04,-1.677281289261836e-09,-4.191608151047589e-12,-1.040696314087681e-19,-3.406607360494995e-19,-2.500756199315194e-19,-2.075515040613946e-18,-9.553128754789063e-23,-4.745272230710640e-11,
-1.401206020288920e-01,-7.396929530869868e-01,-5.629195534546737e-01,-4.641925635375123e-04,-1.397787777118117e-01,4.804524026942863e-01,-2.543532686468141e-04,-3.729782977560416e+00,-1.102417949269310e-07,-1.290558714958123e-07,-2.267624141986495e-08,-1.662734409725568e-07,1.346179650573942e-07,-2.590655176956332e-05,-9.483917621045802e-07,-1.719212567402329e-09,-1.247148487293645e-08,-4.669642627006341e-09,-4.307611516139244e+00,1.784459696835910e+00,-4.577915472554976e-08,-1.156240162940572e-06,-3.598231666951624e-07,-2.826137067820718e-06,-5.311469566985692e-09,-4.932308490594887e-11,6.631424941335430e-08,5.322516854308531e-07,-5.923135535439943e-10,-2.363863223913111e-08,-8.659441968666880e-09,9.755056912355319e-12,-1.362762384627957e-10,-2.603441205886152e-10,-9.393471686061718e-10,-3.966730125430075e-11,-1.846476564468385e-09,-1.467893082179645e-09,-1.961017848601863e-13,-7.067269589906656e-11,-3.690308880753971e-11,-5.891270402414614e-13,-1.296656162186049e-14,-1.404948347400946e-03,-1.035964960432397e-02,3.205122559852787e-07,-1.296688636806999e-02,-9.033214360301587e-03,-4.545033409376423e-09,-1.439242710861387e-09,-5.516419469990871e-10,-3.732969217289184e-08,-6.057027081682258e-09,-1.788260604205499e-09,-1.731542557080052e-09,-1.084141665330662e-10,

4,56
5.536210802625214e+00,2.958204559323419e+01,4.350575791474615e+01,7.340415852852592e+00,1.350170255893925e+01,3.114917273469794e+02,6.272225379267415e-01,-2.418001632253919e-10,6.343350339530530e-01,1.393821667126166e+00,1.632497055338479e-01,2.568374972577650e+01,1.552071920033801e+01,1.876382163295239e+00,1.566500573452217e+01,4.000417528744120e-01,1.309668774129749e-01,2.693997986578307e+00,4.610004698943750e+02,2.786426282976661e+02,2.098188938681891e-01,6.094445018640369e+01,3.851424047250116e+00,3.024135119276103e+02,1.285675392036308e+01,2.536566725120830e+01,8.786294991189674e+00,3.533468533118063e+00,1.540075731605762e-02,3.798799088438173e+00,2.341270361970116e+00,1.132210119442359e+00,3.963994115936939e+00,2.378052427969945e+00,3.940741951242126e+00,1.974491093213826e-01,3.511961254424281e+01,9.986285642298549e-01,5.572724771679937e-01,7.974260001306958e+00,1.507665870948394e+00,3.961179420923464e-02,1.045697654143324e-03,7.728320114791870e-02,3.935392709916114e-01,2.451751387565384e+00,4.814143683730588e-01,7.003708204658555e-01,1.778101618425297e-01,1.659106897821074e+01,7.231668567207807e-01,4.670591239852752e-01,9.148047399050753e+01,1.439427979586634e+01,2.564747025904570e+01,7.212292985059321e-10,
-1.801078673235855e-03,-1.139647484962866e-02,-3.147266456577768e-02,6.429742316825386e-06,-6.109743562772825e-03,1.830278593573705e-01,-1.661063516161922e-06,-1.520540235612617e-01,-4.228104224400644e-08,-1.815750993017881e-07,-1.638941926344199e-08,-6.540317769154135e-07,-9.679962223238647e-08,-1.844458374389968e-07,-1.084721219383046e-06,-2.391784849137378e-09,-8.459930155946598e-09,-8.130490180431128e-09,-1.497423791207403e-01,7.565198247507580e-01,-6.008688211877362e-08,-5.532272966637895e-06,-8.530058984584109e-08,-2.416939475703626e-06,-6.638993470019266e-11,-1.213164333831928e-12,-1.845089934823705e-06,-8.257417637803129e-07,-4.430611859852123e-12,-2.127779658993487e-09,-5.228844824396708e-11,-6.668531551002969e-11,-1.804552443762567e-12,-3.005923614045645e-12,-2.540108662665194e-12,-1.012984932957627e-15,-4.598272273990413e-14,-1.757973880970599e-17,1.157214512394338e-18,-1.970438208393538e-14,-9.045964252645229e-11,-2.279141627739987e-14,-1.536556861011063e-15,-4.499296843933252e-04,-3.066388178514935e-03,-1.071470047836452e-05,-1.157950535300019e-05,-7.096893469438765e-06,-3.251887669283555e-10,-5.362829836124396e-13,6.850883898544249e-20,8.451891974892819e-20,-6.133437495077084e-24,-5.825630558261152e-23,7.803209965625722e-23,5.184583318218472e-11,
-3.745220717246294e-03,-2.989905992764625e-02,-8.808680636914934e-02,7.608368960782646e-06,-1.102978300866139e-02,4.782357978837439e-01,-6.626719919239935e-06,-3.330742452354140e-01,-6.863177984897601e-08,-1.303813862085240e-07,-2.223984884373346e-08,-1.716128968605493e-07,1.331180915038847e-07,-6.680833318046679e-07,-9.543621992609534e-07,-1.735912694315607e-09,-1.161559446246924e-08,-4.722907345521940e-09,-4.707395343500965e-01,1.777609228892920e+00,-4.621610430850538e-08,-1.202137051915486e-06,-1.474448262153361e-07,-2.837138891684341e-06,-1.481156971939781e-10,-2.695075595757352e-12,4.670162037418569e-08,5.218682647479198e-07,-1.315269065743374e-11,-4.476477732419218e-09,-1.554664452978937e-10,6.127332447931259e-11,-4.041869012188339e-12,-4.616038103815349e-12,-4.545414614109804e-12,-4.230350094575287e-15,-1.583347499007465e-13,-5.426851893278533e-17,8.268676679572715e-17,-8.126936722956862e-14,5.041906476287328e-11,-4.951625134251561e-14,-1.889115653979931e-15,-7.168406938961578e-04,-4.958083645001635e-03,2.251843001845657e-07,-4.295320659515764e-05,-2.693072878183337e-05,-6.930847455784148e-10,-1.390955234883308e-12,1.093443471814783e-19,3.363106501552215e-19,9.324709913945575e-21,-1.986451541712345e-21,9.224728936512376e-23,5.572733940972796e-11,
-1.226515123293618e-02,-9.103785156022266e-02,-2.004559006025131e-01,3.409842825951973e-06,-2.865505048439081e-02,2.816651871665304e+00,-2.232919326144093e-05,-8.078927830033776e-01,3.568549558802040e-07,1.306210823007509e-06,1.151914189463994e-07,3.947063938874669e-06,6.433616325794548e-07,-2.194578026774957e-06,6.763715318187030e-06,1.600667314858437e-08,5.470583157312536e-08,4.548695208176774e-08,-1.114530052665999e+00,6.820057980025431e+00,4.379509432361981e-07,3.379518602730857e-05,3.893873684436398e-07,1.560901030369881e-05,3.290512081808838e-10,-8.410479745385457e-12,1.177024729615876e-05,4.425881987931244e-06,-6.148390621177470e-11,-5.680807003102926e-10,-7.260844038379822e-10,4.973676675977147e-10,4.334234411642569e-10,8.750704968739511e-10,1.233106945469374e-09,2.436525718049476e-11,7.256885131255202e-10,6.461182768369208e-10,1.003406595681941e-13,7.859128358884623e-11,3.439887812447044e-10,1.672929938144618e-13,9.680095064178091e-15,7.544389663093113e-04,5.044863655814044e-03,6.211139862563283e-05,-2.424813071280591e-04,-1.567502407695950e-04,-1.684229169619543e-09,1.013557034767967e-09,2.495985776926474e-10,4.734361011652420e-08,2.035629112983232e-09,4.068505562416434e-09,5.788944665974280e-10,7.858180772757350e-11,

