1
0
56
1
(4 0
((0,0) (15,255) (0,0))
((0,768) (15,1023) (0,0))
((0,512) (15,767) (0,0))
((0,256) (15,511) (0,0))
)
4
FabOnDisk: SD_5_New_MF_D_0003 0
FabOnDisk: SD_5_New_MF_D_0000 0
FabOnDisk: SD_5_New_MF_D_0001 0
FabOnDisk: SD_5_New_MF_D_0002 0

4,56
-7.554714756062766e+00,-1.723139219775948e+01,-2.646779605826482e+01,-5.962687949952093e+00,-7.988876131206710e+00,-8.041129825353803e+00,-1.151919781070697e+00,-6.269685868521950e+02,-2.635246224024915e-01,-7.675126244106829e-01,-8.859277453933269e-02,-1.372277455554757e+01,-1.220115898122584e+01,-1.393752692773092e+00,-9.560224096254196e+00,-4.490530544402625e-01,-7.090743061394135e-02,-2.749323153968787e+00,-1.319322897929059e+02,1.175410680245847e-16,-9.361762263888622e-02,-4.867171713203553e+01,-1.839802665807778e+00,-2.025685364145502e+02,-7.408541401435879e+00,-2.417002025990853e+01,-4.526634900770226e+00,-2.881557506473435e+00,-8.884044845379838e-03,-2.007503030827440e+00,-1.580797678922924e+00,-9.487471886293743e-01,-3.812398218510531e+00,-2.231129848637699e+00,-3.223370658061556e+00,-2.169896523082992e-01,-3.279583933959491e+01,-4.854252689457215e-01,-3.103304147912203e-01,-8.636066227886108e+00,-9.220540935011484e-01,-1.526753000844157e-02,-6.193352425609604e-04,-8.245244352539632e-02,-1.686591467779483e-01,-2.133065033114480e+00,-7.136354390497111e-02,-3.997298456775402e-01,-1.317436542912747e-01,-2.463745649138340e+01,-4.599150069921897e-01,-5.970959182603887e+02,-8.944384209303712e+01,-9.613753961611406e+00,-2.456974587507140e+01,-8.301412890432402e-10,
-4.146970763376888e-03,-2.979709860467719e-02,-8.785652286079608e-02,1.978484809285456e-07,-1.099122655474894e-02,1.019395146510585e-01,-6.613285206830787e-06,-3.321992872885769e-01,-8.707914242235316e-08,-3.035213157006894e-07,-2.588990851833476e-08,-1.126551458259190e-06,-2.647276527307058e-07,-6.661315003316170e-07,-1.383148852822999e-06,-2.957360828620593e-09,-1.160150363374171e-08,-1.059004679190390e-08,-4.697022104138707e-01,2.476416220131533e-01,-8.133777372168129e-08,-8.233511764637516e-06,-1.471646632130185e-07,-3.402173741188543e-06,-1.477176644087146e-10,-2.686361986745176e-12,-3.686568313443983e-06,-1.249456602484303e-06,-1.309524122348231e-11,-4.463394863526067e-09,-1.547756368719965e-10,-8.128105325624279e-11,-4.029862951588034e-12,-4.608512176373456e-12,-4.535501621307744e-12,-4.208679224382759e-15,-1.576152425835766e-13,-5.404765016542841e-17,-1.228648458299253e-18,-8.093814495973981e-14,-1.011772984342466e-10,-4.944658416641372e-14,-2.488907273534102e-15,-7.155177386813044e-04,-4.948688469063657e-03,-1.279820270089561e-05,-4.275501050628865e-05,-2.681344471926334e-05,-6.912710985435936e-10,-1.386628004830627e-12,-6.041109322378764e-20,-9.839850480729203e-20,-7.520774042206719e-19,-6.096667148983139e-18,-6.191715663650538e-23,-4.783284879295024e-11,
-1.218888234940154e-02,-9.057158165277179e-02,-1.997669631958595e-01,3.492829527146056e-06,-2.852568368892970e-02,1.835224870211435e-01,-2.221365453216738e-05,-8.048870353280987e-01,-1.072167938105709e-07,-2.234946797810274e-07,-2.453546119403544e-08,-7.112711209971150e-07,-9.577285110748335e-08,-2.182757106792425e-06,-1.329194369173254e-06,-2.921967288931686e-09,-1.309149545966031e-08,-9.358119019493721e-09,-1.110858750748308e+00,7.593197332660733e-01,-7.499396215442223e-08,-5.911077086378748e-06,-2.848848625797694e-07,-3.322536493853957e-06,-4.723621841764437e-10,-8.368274818456133e-12,-1.982892775350250e-06,-8.221992659759668e-07,-6.106095049824204e-11,-1.215465632389490e-08,-7.210075148905664e-10,-6.644937449016905e-11,-8.919064436629284e-12,-5.453104010981540e-12,-7.263734653591432e-12,-2.607670734014416e-14,-7.710230706389242e-13,-2.488735860079017e-16,-2.705631250766088e-15,-4.431177722091415e-13,-1.002736657089045e-10,-8.106745428155200e-14,-2.669597416849675e-15,-1.189150915886291e-03,-8.443253938388802e-03,-1.069817342049397e-05,-2.404404089865458e-04,-1.554097369318386e-04,-1.677837786914280e-09,-4.193274972740883e-12,-1.010786556586473e-19,-3.264941172110275e-19,-1.671235323221365e-19,-1.379290847650649e-18,-6.949555623326970e-23,-5.409461767413859e-11,
-1.401357637033585e-01,-7.401455536705984e-01,-5.628369087366605e-01,-4.649160582419541e-04,-1.396343958777449e-01,4.804478661049475e-01,-2.546001157492165e-04,-3.733303820414653e+00,-1.102389697579747e-07,-1.288926739768320e-07,-2.266545378897772e-08,-1.656554073859486e-07,1.347783744704160e-07,-2.593378052263261e-05,-9.476082013171105e-07,-1.717264471659676e-09,-1.246702553741453e-08,-4.663447894393792e-09,-4.316292209634338e+00,1.785486180732352e+00,-4.572774058263891e-08,-1.151122239845814e-06,-3.598416042839223e-07,-2.824756412770749e-06,-5.110696870554822e-09,-4.934615104151794e-11,6.834113386128644e-08,5.333225408763411e-07,-5.924513197456186e-10,-2.364247522579942e-08,-8.664906306432393e-09,-1.045948623092936e-09,-6.651954705133329e-10,-8.422987693224954e-10,-8.179807878007360e-10,-3.229968235007476e-11,-1.491476347343723e-09,-1.365111083445898e-09,-1.597236734871674e-13,-6.470525590510861e-11,-1.667780504849308e-11,-5.403719708155866e-13,-1.154291630563465e-14,-1.405094844105278e-03,-1.036083936252126e-02,3.300887634569866e-07,-1.299055894169990e-02,-9.049682791108552e-03,-4.541329868390180e-09,-1.210512519609314e-09,-5.102494463341965e-10,-3.476307104523440e-08,-3.847893476883446e-09,-6.072593490079319e-09,-1.103598590074786e-09,-7.926592715534753e-11,

4,56
5.532409931941091e+00,2.955310931574540e+01,4.342919171416861e+01,7.434712693779926e+00,1.352954303717875e+01,3.111432402323981e+02,6.297530821165997e-01,-2.234857784944033e-10,6.358311611992470e-01,1.400757568735519e+00,1.618779320359304e-01,2.577912638163863e+01,1.563075251960662e+01,1.856598727047714e+00,1.564819064427530e+01,4.005813244401207e-01,1.306282222024155e-01,2.704069107643784e+00,4.609438563199146e+02,2.787252753583388e+02,2.099861779716120e-01,6.120081925563207e+01,3.883448545137564e+00,2.994675954923982e+02,1.301167612123067e+01,2.533601629010215e+01,8.714910367999597e+00,3.536178302080189e+00,1.526045588687825e-02,3.814775456040985e+00,2.339021827036708e+00,1.124010490361774e+00,3.984762258326429e+00,2.377195801562145e+00,3.878935116630859e+00,1.973791425429468e-01,3.504154225006751e+01,9.963804403433910e-01,5.458145583731860e-01,7.908461886024895e+00,1.523675461918518e+00,4.025699835687355e-02,1.054362059476911e-03,7.626908100929694e-02,3.924390375030542e-01,2.435290410620455e+00,4.802452948471333e-01,7.016492191309697e-01,1.747021548132439e-01,1.653625345920211e+01,7.219836758848208e-01,4.822043609547915e-01,9.090524535478517e+01,1.441020249623432e+01,2.546443183808375e+01,7.835296855773777e-10,
-1.805609719142844e-03,-1.141733246182325e-02,-3.155175564241731e-02,6.426066504497858e-06,-6.102297551028241e-03,1.829519891286534e-01,-1.665852812611121e-06,-1.520982301897965e-01,-4.226816781195990e-08,-1.815678917026306e-07,-1.638635572329294e-08,-6.541971536750022e-07,-9.645131177785019e-08,-1.848436211431188e-07,-1.084734744067907e-06,-2.391691013245091e-09,-8.458321309496944e-09,-8.132385312052425e-09,-1.500896194972152e-01,7.570802977695621e-01,-6.008059052328544e-08,-5.534029545180435e-06,-8.528069495107073e-08,-2.416601053225138e-06,-6.639813078093715e-11,-1.213302509804676e-12,-1.845554015741641e-06,-8.245962419314139e-07,-4.434083337172431e-12,-2.127694563400366e-09,-5.234361330956762e-11,-6.663225372822590e-11,-1.803646580752349e-12,-3.005552812098363e-12,-2.540301918947123e-12,-1.013981876681490e-15,-4.601143302100752e-14,-1.758066455311392e-17,1.145220059465064e-18,-1.970194291541271e-14,-9.062073826260157e-11,-2.276118378967044e-14,-1.534257959350151e-15,-4.499722397550536e-04,-3.066674830441884e-03,-1.070979337985163e-05,-1.158652074565654e-05,-7.101030146786345e-06,-3.252214724861565e-10,-5.365569279026408e-13,6.693004299269219e-20,8.002341401648557e-20,-4.206257697124587e-24,-4.282758011155969e-23,5.689708709321974e-23,5.591550833461412e-11,
-3.738880806793932e-03,-2.989929648895505e-02,-8.809468039214438e-02,7.600645303919483e-06,-1.102705059965671e-02,4.782313438353294e-01,-6.629068259631605e-06,-3.332078471566842e-01,-6.857964894330625e-08,-1.302122748775053e-07,-2.223966039910404e-08,-1.709763881226060e-07,1.332811067074147e-07,-6.682922755849957e-07,-9.535620419583581e-07,-1.733930537399048e-09,-1.160672746926141e-08,-4.716666487676603e-09,-4.711028229603837e-01,1.778621555209944e+00,-4.616370146817416e-08,-1.196961730615053e-06,-1.473873935865484e-07,-2.835721121322095e-06,-1.481119256734312e-10,-2.695018985691855e-12,4.879328712705416e-08,5.229360298497492e-07,-1.315570729434653e-11,-4.476754751262747e-09,-1.555011518026975e-10,6.139001820745759e-11,-4.042247768127733e-12,-4.614791615424480e-12,-4.545217850851492e-12,-4.232071101317640e-15,-1.583907163477191e-13,-5.428324117681893e-17,1.138054963628897e-16,-8.131162081916919e-14,5.056415992434054e-11,-4.952703591088248e-14,-1.887365418973557e-15,-7.169133869452879e-04,-4.958646675187713e-03,2.345870094416129e-07,-4.297577919590686e-05,-2.694528591815935e-05,-6.932486385955984e-10,-1.391365170876228e-12,1.068715132296496e-19,3.224914289072898e-19,6.396599402431723e-21,-1.439212368806209e-21,6.800073688432940e-23,5.040609596385082e-11,
-1.226124307873427e-02,-9.105977381376748e-02,-2.004872413889731e-01,3.397022409945437e-06,-2.865641925854856e-02,2.815459389537756e+00,-2.233829775700310e-05,-8.082126359905683e-01,3.575399736336348e-07,1.307108911635501e-06,1.153155776647712e-07,3.949447529188804e-06,6.434621473023991e-07,-2.195585325190446e-06,6.768897715764430e-06,1.601368914155838e-08,5.475625799576231e-08,4.551739850360788e-08,-1.115179625228949e+00,6.833693350488056e+00,4.381992579818663e-07,3.381496599392192e-05,3.907260380874079e-07,1.562385967996840e-05,1.916633523509097e-10,-8.413589642911430e-12,1.177595476065479e-05,4.426842148844415e-06,-6.151783845478534e-11,-5.214196722867305e-10,-7.264794942044717e-10,4.515476637543715e-10,2.417777762198847e-10,6.165824710397152e-10,4.006732453615912e-09,1.314517637786025e-10,5.492884460194016e-09,6.659159095829032e-10,5.505970098395473e-13,2.586039303983799e-10,3.442871995933153e-10,1.702077138459070e-13,9.753508813950922e-15,7.587534635908600e-04,5.080984577050674e-03,6.213762879395274e-05,-2.426522643814685e-04,-1.568628346567508e-04,-1.684793654071879e-09,5.655035006687161e-09,2.572664009972043e-10,9.690336245747213e-08,4.270996146966303e-08,5.062137908398077e-09,1.185477357488382e-08,8.579981169987150e-11,

