0.000000000000000000e+00 9.999999979388463078e-01
6.688963210702340845e-02 9.999999988609374890e-01
1.337792642140468169e-01 9.999999976793297884e-01
2.006688963210702115e-01 9.999999964173568179e-01
2.675585284280936338e-01 9.999999950341023069e-01
3.344481605351170561e-01 9.999999934840768656e-01
4.013377926421404229e-01 9.999999917155154572e-01
4.682274247491638453e-01 9.999999896685157763e-01
5.351170568561872676e-01 9.999999872727778349e-01
6.020066889632106344e-01 9.999999844448993480e-01
6.688963210702341122e-01 9.999999810852406856e-01
7.357859531772574790e-01 9.999999770740024552e-01
8.026755852842808459e-01 9.999999722665654511e-01
8.695652173913043237e-01 9.999999664877754491e-01
9.364548494983276905e-01 9.999999595249577933e-01
1.003344481605351168e+00 9.999999511193766732e-01
1.070234113712374535e+00 9.999999409558244512e-01
1.137123745819397902e+00 9.999999286497530671e-01
1.204013377926421269e+00 9.999999137315331854e-01
1.270903010033444858e+00 9.999998956271447526e-01
1.337792642140468224e+00 9.999998736343617134e-01
1.404682274247491591e+00 9.999998468935271667e-01
1.471571906354514958e+00 9.999998143515506088e-01
1.538461538461538325e+00 9.999997747175912721e-01
1.605351170568561692e+00 9.999997264084826698e-01
1.672240802675585281e+00 9.999996674815030406e-01
1.739130434782608647e+00 9.999995955515115220e-01
1.806020066889632014e+00 9.999995076887322476e-01
1.872909698996655381e+00 9.999994002928732639e-01
1.939799331103678748e+00 9.999992689376016042e-01
2.006688963210702337e+00 9.999991081789124658e-01
2.073578595317725703e+00 9.999989113184289957e-01
2.140468227424749070e+00 9.999986701113665610e-01
2.207357859531772437e+00 9.999983744058129620e-01
2.274247491638795804e+00 9.999980116974989119e-01
2.341137123745819171e+00 9.999975665795661772e-01
2.408026755852842538e+00 9.999970200631407291e-01
2.474916387959865904e+00 9.999963487376121174e-01
2.541806020066889715e+00 9.999955237329939406e-01
2.608695652173913082e+00 9.999945094375076726e-01
2.675585284280936449e+00 9.999932619121930655e-01
2.742474916387959816e+00 9.999917269309721579e-01
2.809364548494983183e+00 9.999898375572335851e-01
2.876254180602006549e+00 9.999875111470208910e-01
2.943143812709029916e+00 9.999846456427926578e-01
3.010033444816053283e+00 9.999811149893452766e-01
3.076923076923076650e+00 9.999767634634804114e-01
3.143812709030100017e+00 9.999713986595520909e-01
3.210702341137123383e+00 9.999647828116052795e-01
3.277591973244147194e+00 9.999566220571848296e-01
3.344481605351170561e+00 9.999465531539689644e-01
3.411371237458193928e+00 9.999341270445226693e-01
3.478260869565217295e+00 9.999187885212185156e-01
3.545150501672240662e+00 9.998998510660669359e-01
3.612040133779264028e+00 9.998764657218143226e-01
3.678929765886287395e+00 9.998475825806873996e-01
3.745819397993310762e+00 9.998119031446651706e-01
3.812709030100334129e+00 9.997678214013747677e-01
3.879598662207357496e+00 9.997133509563926879e-01
3.946488294314381307e+00 9.996460349441238513e-01
4.013377926421404673e+00 9.995628346826722632e-01
4.080267558528428040e+00 9.994599921132281128e-01
4.147157190635451407e+00 9.993328599395451262e-01
4.214046822742474774e+00 9.991756920202604642e-01
4.280936454849498141e+00 9.989813849256710121e-01
4.347826086956521507e+00 9.987411596096197330e-01
4.414715719063544874e+00 9.984441698266611764e-01
4.481605351170568241e+00 9.980770212155991583e-01
4.548494983277591608e+00 9.976231818641299043e-01
4.615384615384614975e+00 9.970622616970453711e-01
4.682274247491638342e+00 9.963691342929921202e-01
4.749163879598661708e+00 9.955128709430279832e-01
4.816053511705685075e+00 9.944554533105758320e-01
4.882943143812708442e+00 9.931502285916902206e-01
4.949832775919731809e+00 9.915400706641273043e-01
5.016722408026756064e+00 9.895552139655535706e-01
5.083612040133779431e+00 9.871107361359033883e-01
5.150501672240802797e+00 9.841036841536424662e-01
5.217391304347826164e+00 9.804098713203210913e-01
5.284280936454849531e+00 9.758804247378921604e-01
5.351170568561872898e+00 9.703382415483458034e-01
5.418060200668896265e+00 9.635746238632375560e-01
5.484949832775919631e+00 9.553465118225378250e-01
5.551839464882942998e+00 9.453749211940327690e-01
5.618729096989966365e+00 9.333454057033636619e-01
5.685618729096989732e+00 9.189115773846209256e-01
5.752508361204013099e+00 9.017028791970421731e-01
5.819397993311036466e+00 8.813378315228423965e-01
5.886287625418059832e+00 8.574437531175974625e-01
5.953177257525083199e+00 8.296833363366490355e-01
6.020066889632106566e+00 7.977872318413491426e-01
6.086956521739129933e+00 7.615896448304870781e-01
6.153846153846153300e+00 7.210602513787389700e-01
6.220735785953176666e+00 6.763197554155010449e-01
6.287625418060200033e+00 6.276236368948003852e-01
6.354515050167223400e+00 5.753740842182140103e-01
6.421404682274246767e+00 5.207741122176162696e-01
6.488294314381271022e+00 4.676494290605571758e-01
6.555183946488294389e+00 4.179965980199549791e-01
6.622073578595317755e+00 3.695797786916750205e-01
6.688963210702341122e+00 3.227980769396318617e-01
6.755852842809364489e+00 2.788564064149413602e-01
6.822742474916387856e+00 2.385792323430708239e-01
6.889632107023411223e+00 2.024043515632536483e-01
6.956521739130434590e+00 1.704682897185182400e-01
7.023411371237457956e+00 1.426822968449569240e-01
7.090301003344481323e+00 1.188014854527364161e-01
7.157190635451504690e+00 9.848546794721822761e-02
7.224080267558528057e+00 8.134735517650949765e-02
7.290969899665551424e+00 6.698995742317316593e-02
7.357859531772574790e+00 5.503015658017188644e-02
7.424749163879598157e+00 4.511360421703681373e-02
7.491638795986621524e+00 3.692220284416505155e-02
7.558528428093644891e+00 3.017660338316730667e-02
7.625418060200668258e+00 2.463551155639140400e-02
7.692307692307691624e+00 2.009312867313825871e-02
7.759197324414714991e+00 1.637564665626193086e-02
7.826086956521738358e+00 1.333740043244244569e-02
7.892976588628762613e+00 1.085704990711088350e-02
7.959866220735785980e+00 8.834003816781397719e-03
8.026755852842809347e+00 7.185191751621031533e-03
8.093645484949831825e+00 5.842223409638650812e-03
8.160535117056856080e+00 4.748933657186084518e-03
8.227424749163878559e+00 3.859289303378884203e-03
8.294314381270902814e+00 3.135622310779280584e-03
8.361204013377925293e+00 2.547150107854434780e-03
8.428093645484949548e+00 2.068743832178058725e-03
8.494983277591972026e+00 1.679907824693004873e-03
8.561872909698996281e+00 1.363937317130140686e-03
8.628762541806020536e+00 1.107225274218248245e-03
8.695652173913043015e+00 8.986933413593122325e-04
8.762541806020067270e+00 7.293255738795910523e-04
8.829431438127089748e+00 5.917869745113317264e-04
8.896321070234114003e+00 4.801118040911938278e-04
8.963210702341136482e+00 3.894491618057435451e-04
9.030100334448160737e+00 3.158554839411932482e-04
9.096989966555183216e+00 2.561254229677640084e-04
9.163879598662207471e+00 2.076540842785623065e-04
9.230769230769229949e+00 1.683248575676201298e-04
9.297658862876254204e+00 1.364181221913037543e-04
9.364548494983276683e+00 1.105369653698049691e-04
9.431438127090300938e+00 8.954675885101442869e-05
9.498327759197323417e+00 7.252601953148214774e-05
9.565217391304347672e+00 5.872645444416945613e-05
9.632107023411370150e+00 4.754047892091167905e-05
9.698996655518394405e+00 3.847481401310119204e-05
9.765886287625416884e+00 3.112902818863405732e-05
9.832775919732441139e+00 2.517809948413160415e-05
9.899665551839463618e+00 2.035824638660233411e-05
9.966555183946487873e+00 1.645541590465954911e-05
1.003344481605351213e+01 1.329593143526979846e-05
1.010033444816053461e+01 1.073889594312294429e-05
1.016722408026755886e+01 8.670021575034732604e-06
1.023411371237458134e+01 6.996618340215917268e-06
1.030100334448160559e+01 5.643524517282115487e-06
1.036789297658862807e+01 4.549802135742457260e-06
1.043478260869565233e+01 3.666053963480467910e-06
1.050167224080267481e+01 2.952245329848131422e-06
1.056856187290969906e+01 2.375935980568108447e-06
1.063545150501672154e+01 1.910844935127096484e-06
1.070234113712374580e+01 1.535685764250106590e-06
1.076923076923076827e+01 1.233221446358886356e-06
1.083612040133779253e+01 9.894975036072467685e-07
1.090301003344481501e+01 7.932198716469608669e-07
1.096989966555183926e+01 6.352502573661752612e-07
1.103678929765886174e+01 5.081968575542926351e-07
1.110367892976588600e+01 4.060824700242320845e-07
1.117056856187290848e+01 3.240754070179178596e-07
1.123745819397993273e+01 2.582713649426751635e-07
1.130434782608695521e+01 2.055166334789760538e-07
1.137123745819397946e+01 1.632648374601308666e-07
1.143812709030100372e+01 1.294608751599238110e-07
1.150501672240802620e+01 1.024469105383163133e-07
1.157190635451505045e+01 8.088624643746855497e-08
1.163879598662207293e+01 6.370169282333897868e-08
1.170568561872909719e+01 5.002568316730523533e-08
1.177257525083611966e+01 3.915991077367391751e-08
1.183946488294314392e+01 3.054267788213465156e-08
1.190635451505016640e+01 2.372249206905948650e-08
1.197324414715719065e+01 1.833672175248516538e-08
1.204013377926421313e+01 1.409434592803609879e-08
1.210702341137123739e+01 1.076202782815467664e-08
1.217391304347825987e+01 8.152852761301456525e-09
1.224080267558528412e+01 6.117255497735205788e-09
1.230769230769230660e+01 4.535692098329126106e-09
1.237458193979933085e+01 3.312732651117375850e-09
1.244147157190635333e+01 2.372300463693637867e-09
1.250836120401337759e+01 1.653837387655177783e-09
1.257525083612040007e+01 1.109216991178597598e-09
1.264214046822742432e+01 7.002613563034250495e-10
1.270903010033444680e+01 3.967448671724671220e-10
1.277591973244147106e+01 1.747906985408846142e-10
1.284280936454849353e+01 1.558380365911536514e-11
1.290969899665551779e+01 -9.566115697144967837e-11
1.297658862876254204e+01 -1.705266557349866992e-10
1.304347826086956452e+01 -2.180540314096591237e-10
1.311036789297658878e+01 -2.452724887067780233e-10
1.317725752508361126e+01 -2.576214695086722098e-10
1.324414715719063551e+01 -2.592874366775780035e-10
1.331103678929765799e+01 -2.534720196227258769e-10
1.337792642140468224e+01 -2.426051665936142412e-10
1.344481605351170472e+01 -2.285142814958839760e-10
1.351170568561872898e+01 -2.125581710649224576e-10
1.357859531772575146e+01 -1.957328928014231336e-10
1.364548494983277571e+01 -1.787551952807513654e-10
1.371237458193979819e+01 -1.621281156218861112e-10
1.377926421404682245e+01 -1.461923917074399167e-10
1.384615384615384492e+01 -1.311666168447638447e-10
1.391304347826086918e+01 -1.171784777072468385e-10
1.397993311036789166e+01 -1.042889449102556479e-10
1.404682274247491591e+01 -9.251090708249514814e-11
1.411371237458193839e+01 -8.182343571408805966e-11
1.418060200668896265e+01 -7.218262479842695410e-11
1.424749163879598512e+01 -6.352975455052452438e-11
1.431438127090300938e+01 -5.579737277151691385e-11
1.438127090301003363e+01 -4.891376306746603003e-11
1.444816053511705611e+01 -4.280616993904695852e-11
1.451505016722408037e+01 -3.740307175640497488e-11
1.458193979933110285e+01 -3.263572981046968985e-11
1.464882943143812710e+01 -2.843919176167827595e-11
1.471571906354514958e+01 -2.475288829458833097e-11
1.478260869565217384e+01 -2.152093054783865418e-11
1.484949832775919631e+01 -1.869219124919406321e-11
1.491638795986622057e+01 -1.622023310261682668e-11
1.498327759197324305e+01 -1.406313277219506373e-11
1.505016722408026730e+01 -1.218323692487034624e-11
1.511705685618728978e+01 -1.054687754124268307e-11
1.518394648829431404e+01 -9.124066530867116889e-12
1.525083612040133652e+01 -7.888184156352887651e-12
1.531772575250836077e+01 -6.815671529434030032e-12
1.538461538461538325e+01 -5.885734213778305261e-12
1.545150501672240750e+01 -5.080061532730288921e-12
1.551839464882942998e+01 -4.382564360370654090e-12
1.558528428093645424e+01 -3.779132832728527681e-12
1.565217391304347672e+01 -3.257414443475143686e-12
1.571906354515050097e+01 -2.806612298954721999e-12
1.578595317725752523e+01 -2.417302833523839560e-12
1.585284280936454770e+01 -2.081271975087477182e-12
1.591973244147157196e+01 -1.791368561356798677e-12
1.598662207357859444e+01 -1.541373707793038834e-12
1.605351170568561869e+01 -1.325884793848448772e-12
1.612040133779264295e+01 -1.140212746067326911e-12
1.618729096989966365e+01 -9.802913404805482568e-13
1.625418060200668791e+01 -8.425973116323613777e-13
1.632107023411371216e+01 -7.240801333817750542e-13
1.638795986622073642e+01 -6.221004213099989738e-13
1.645484949832775712e+01 -5.343759937688056368e-13
1.652173913043478137e+01 -4.589347152129896776e-13
1.658862876254180563e+01 -3.940733293239633696e-13
1.665551839464882988e+01 -3.383215691292312241e-13
1.672240802675585059e+01 -2.904109059755757026e-13
1.678929765886287484e+01 -2.492473683478541787e-13
1.685618729096989910e+01 -2.138879249567798878e-13
1.692307692307692335e+01 -1.835199842753800959e-13
1.698996655518394405e+01 -1.574436149551416029e-13
1.705685618729096831e+01 -1.350561385671536386e-13
1.712374581939799256e+01 -1.158387882170039021e-13
1.719063545150501682e+01 -9.934516413477660851e-14
1.725752508361204107e+01 -8.519125071600296473e-14
1.732441471571906177e+01 -7.304678905754241039e-14
1.739130434782608603e+01 -6.262782515548602505e-14
1.745819397993311028e+01 -5.369027695450024181e-14
1.752508361204013454e+01 -4.602438368238597170e-14
1.759197324414715524e+01 -3.944991866971454806e-14
1.765886287625417950e+01 -3.381206241736271906e-14
1.772575250836120375e+01 -2.897784628543317179e-14
1.779264214046822801e+01 -2.483308906252933020e-14
1.785953177257524871e+01 -2.127975903921105495e-14
1.792642140468227296e+01 -1.823370323687478618e-14
1.799331103678929722e+01 -1.562269329693412211e-14
1.806020066889632147e+01 -1.338474436031492101e-14
1.812709030100334218e+01 -1.146666919295091483e-14
1.819397993311036643e+01 -9.822834952955896726e-15
1.826086956521739069e+01 -8.414094449997663599e-15
1.832775919732441494e+01 -7.206867605333636035e-15
1.839464882943143564e+01 -6.172352159615736198e-15
1.846153846153845990e+01 -5.285845562786438653e-15
1.852842809364548415e+01 -4.526162475649838881e-15
1.859531772575250841e+01 -3.875134467856079885e-15
1.866220735785953266e+01 -3.317180357359042714e-15
1.872909698996655337e+01 -2.838937241301388610e-15
1.879598662207357762e+01 -2.428943652017376195e-15
1.886287625418060188e+01 -2.077367464203578389e-15
1.892976588628762613e+01 -1.775772206136327370e-15
1.899665551839464683e+01 -1.516916311490790402e-15
1.906354515050167109e+01 -1.294580608237908689e-15
1.913043478260869534e+01 -1.103419994011391518e-15
1.919732441471571960e+01 -9.388358077148411917e-16
1.926421404682274030e+01 -7.968658874415240291e-16
1.933110367892976456e+01 -6.740897157239996042e-16
1.939799331103678881e+01 -5.675464039109394370e-16
1.946488294314381307e+01 -4.746635659308894489e-16
1.953177257525083377e+01 -3.931953845333769437e-16
1.959866220735785802e+01 -3.211683859310162982e-16
1.966555183946488228e+01 -2.568336163230301433e-16
1.973244147157190653e+01 -1.986240599533340158e-16
1.979933110367892724e+01 -1.451162562826746068e-16
1.986622073578595149e+01 -9.499516598444262076e-17
1.993311036789297575e+01 -4.702140360202975248e-17
2.000000000000000000e+01 0.000000000000000000e+00
