0.000000000000000000e+00 9.999999979388463078e-01
4.008016032064128098e-02 9.999999999184191468e-01
8.016032064128256196e-02 9.999999998353413799e-01
1.202404809619238429e-01 9.999999997494719572e-01
1.603206412825651239e-01 9.999999996595607676e-01
2.004008016032063910e-01 9.999999995642427919e-01
2.404809619238476859e-01 9.999999994621092680e-01
2.805611222444889807e-01 9.999999993516119901e-01
3.206412825651302478e-01 9.999999992310596442e-01
3.607214428857715149e-01 9.999999990986536691e-01
4.008016032064127820e-01 9.999999989523421506e-01
4.408817635270541047e-01 9.999999987899530485e-01
4.809619238476953718e-01 9.999999986089301851e-01
5.210420841683366389e-01 9.999999984065794933e-01
5.611222444889779615e-01 9.999999981797573767e-01
6.012024048096191731e-01 9.999999979250039361e-01
6.412825651302604957e-01 9.999999976383897593e-01
6.813627254509018183e-01 9.999999973155486721e-01
7.214428857715430299e-01 9.999999969514793419e-01
7.615230460921843525e-01 9.999999965406147773e-01
8.016032064128255641e-01 9.999999960765888485e-01
8.416833667334668867e-01 9.999999955522922424e-01
8.817635270541082093e-01 9.999999949596066751e-01
9.218436873747494209e-01 9.999999942894156613e-01
9.619238476953907435e-01 9.999999935313402810e-01
1.002004008016031955e+00 9.999999926736968803e-01
1.042084168336673278e+00 9.999999917032209584e-01
1.082164328657314600e+00 9.999999906049072962e-01
1.122244488977955923e+00 9.999999893617534941e-01
1.162324649298597246e+00 9.999999879544987369e-01
1.202404809619238346e+00 9.999999863613838746e-01
1.242484969939879669e+00 9.999999845576825752e-01
1.282565130260520991e+00 9.999999825154404220e-01
1.322645290581162314e+00 9.999999802029706508e-01
1.362725450901803637e+00 9.999999775843645411e-01
1.402805611222444737e+00 9.999999746189753846e-01
1.442885771543086060e+00 9.999999712606982838e-01
1.482965931863727382e+00 9.999999674573460950e-01
1.523046092184368705e+00 9.999999631497422659e-01
1.563126252505010028e+00 9.999999582708650747e-01
1.603206412825651128e+00 9.999999527447415160e-01
1.643286573146292451e+00 9.999999464852689091e-01
1.683366733466933773e+00 9.999999393949186022e-01
1.723446893787575096e+00 9.999999313631295905e-01
1.763527054108216419e+00 9.999999222645441499e-01
1.803607214428857741e+00 9.999999119572174910e-01
1.843687374749498842e+00 9.999999002801465142e-01
1.883767535070140164e+00 9.999998870509000382e-01
1.923847695390781487e+00 9.999998720626667170e-01
1.963927855711422810e+00 9.999998550810839104e-01
2.004008016032063910e+00 9.999998358404149634e-01
2.044088176352705233e+00 9.999998140394803503e-01
2.084168336673346555e+00 9.999997893368555157e-01
2.124248496993987878e+00 9.999997613454609802e-01
2.164328657314629201e+00 9.999997296265011881e-01
2.204408817635270523e+00 9.999996936825324978e-01
2.244488977955911846e+00 9.999996529495278619e-01
2.284569138276553169e+00 9.999996067880608797e-01
2.324649298597194491e+00 9.999995544731569153e-01
2.364729458917835370e+00 9.999994951827965162e-01
2.404809619238476692e+00 9.999994279849235834e-01
2.444889779559118015e+00 9.999993518227238143e-01
2.484969939879759337e+00 9.999992654978350215e-01
2.525050100200400660e+00 9.999991676513763084e-01
2.565130260521041983e+00 9.999990567424045240e-01
2.605210420841683305e+00 9.999989310235014583e-01
2.645290581162324628e+00 9.999987885130081633e-01
2.685370741482965951e+00 9.999986269635653402e-01
2.725450901803607273e+00 9.999984438265289155e-01
2.765531062124248596e+00 9.999982362113296608e-01
2.805611222444889474e+00 9.999980008396511799e-01
2.845691382765530797e+00 9.999977339932942799e-01
2.885771543086172120e+00 9.999974314550180710e-01
2.925851703406813442e+00 9.999970884414279837e-01
2.965931863727454765e+00 9.999966995269039538e-01
3.006012024048096087e+00 9.999962585572002016e-01
3.046092184368737410e+00 9.999957585513199465e-01
3.086172344689378733e+00 9.999951915904512489e-01
3.126252505010020055e+00 9.999945486915868820e-01
3.166332665330661378e+00 9.999938196643370913e-01
3.206412825651302256e+00 9.999929929484477897e-01
3.246492985971943579e+00 9.999920554292194286e-01
3.286573146292584902e+00 9.999909922281939867e-01
3.326653306613226224e+00 9.999897864656108748e-01
3.366733466933867547e+00 9.999884189907338738e-01
3.406813627254508869e+00 9.999868680758040584e-01
3.446893787575150192e+00 9.999851090688538502e-01
3.486973947895791515e+00 9.999831139993322626e-01
3.527054108216432837e+00 9.999808511309378201e-01
3.567134268537074160e+00 9.999782844536871940e-01
3.607214428857715482e+00 9.999753731076886920e-01
3.647294589178356361e+00 9.999720707289243560e-01
3.687374749498997684e+00 9.999683247069968139e-01
3.727454909819639006e+00 9.999640753421454864e-01
3.767535070140280329e+00 9.999592548890541277e-01
3.807615230460921651e+00 9.999537864709381330e-01
3.847695390781562974e+00 9.999475828475475891e-01
3.887775551102204297e+00 9.999405450162833775e-01
3.927855711422845619e+00 9.999325606248375964e-01
3.967935871743486942e+00 9.999235021692876035e-01
4.008016032064127820e+00 9.999132249489567359e-01
4.048096192384769587e+00 9.999015647452852429e-01
4.088176352705410466e+00 9.998883351872785985e-01
4.128256513026052232e+00 9.998733247617064279e-01
4.168336673346693111e+00 9.998562934196846275e-01
4.208416833667334878e+00 9.998369687259790473e-01
4.248496993987975756e+00 9.998150414890294435e-01
4.288577154308616635e+00 9.997901608023453957e-01
4.328657314629258401e+00 9.997619284181636923e-01
4.368737474949899280e+00 9.997298923640942636e-01
4.408817635270541047e+00 9.996935397014982128e-01
4.448897795591181925e+00 9.996522883110240398e-01
4.488977955911823692e+00 9.996054775761807898e-01
4.529058116232464570e+00 9.995523578178481250e-01
4.569138276553106337e+00 9.994920783154135346e-01
4.609218436873747216e+00 9.994236737270110194e-01
4.649298597194388982e+00 9.993460486990406455e-01
4.689378757515029861e+00 9.992579604278205574e-01
4.729458917835670739e+00 9.991579989065123568e-01
4.769539078156312506e+00 9.990445645578265310e-01
4.809619238476953385e+00 9.989158429161768549e-01
4.849699398797595151e+00 9.987697759828531030e-01
4.889779559118236030e+00 9.986040298330479681e-01
4.929859719438877796e+00 9.984159580059799310e-01
4.969939879759518675e+00 9.982025601560730044e-01
5.010020040080160442e+00 9.979604353873658962e-01
5.050100200400801320e+00 9.976857296329936231e-01
5.090180360721443087e+00 9.973740763790867048e-01
5.130260521042083965e+00 9.970205299666287102e-01
5.170340681362724844e+00 9.966194906408716303e-01
5.210420841683366611e+00 9.961646204524712278e-01
5.250501002004007489e+00 9.956487490577220489e-01
5.290581162324649256e+00 9.950637684132723759e-01
5.330661322645290134e+00 9.944005153268984376e-01
5.370741482965931901e+00 9.936486408110907220e-01
5.410821643286572780e+00 9.927964652043287375e-01
5.450901803607214546e+00 9.918308180853349088e-01
5.490981963927855425e+00 9.907368621254877272e-01
5.531062124248497192e+00 9.894979002220521958e-01
5.571142284569138070e+00 9.880951655537740796e-01
5.611222444889778949e+00 9.865075946296369969e-01
5.651302605210420715e+00 9.847115839955475902e-01
5.691382765531061594e+00 9.826807320605843721e-01
5.731462925851703361e+00 9.803855685524304198e-01
5.771543086172344239e+00 9.777932754573362972e-01
5.811623246492986006e+00 9.748674049987600121e-01
5.851703406813626884e+00 9.715676023105087600e-01
5.891783567134268651e+00 9.678493430117074414e-01
5.931863727454909530e+00 9.636636989237833406e-01
5.971943887775551296e+00 9.589571486905756892e-01
6.012024048096192175e+00 9.536714540405770713e-01
6.052104208416833053e+00 9.477436267736768505e-01
6.092184368737474820e+00 9.411060160995045054e-01
6.132264529058115698e+00 9.336865504257434445e-01
6.172344689378757465e+00 9.254091717041287302e-01
6.212424849699398344e+00 9.161945034494378692e-01
6.252505010020040110e+00 9.059607948684131884e-01
6.292585170340680989e+00 8.946251823495898758e-01
6.332665330661322756e+00 8.821053049490691356e-01
6.372745490981963634e+00 8.683213015251494138e-01
6.412825651302604513e+00 8.531982029993712136e-01
6.452905811623246279e+00 8.366687133242615149e-01
6.492985971943887158e+00 8.186763471294465910e-01
6.533066132264528925e+00 7.991788615253281325e-01
6.573146292585169803e+00 7.781518860521874359e-01
6.613226452905811570e+00 7.555926212260901664e-01
6.653306613226452448e+00 7.315234459133259648e-01
6.693386773547094215e+00 7.059952483427458514e-01
6.733466933867735094e+00 6.790902693105964616e-01
6.773547094188376860e+00 6.509241977617178376e-01
6.813627254509017739e+00 6.216471466019335423e-01
6.853707414829658617e+00 5.914429230411660798e-01
6.893787575150300384e+00 5.605257615801445548e-01
6.933867735470941263e+00 5.291337417648205310e-01
6.973947895791583029e+00 4.975189937372496707e-01
7.014028056112223908e+00 4.659364904984301115e-01
7.054108216432865675e+00 4.346343641425355897e-01
7.094188376753506553e+00 4.038476186617060981e-01
7.134268537074148320e+00 3.737945492449623042e-01
7.174348697394789198e+00 3.446738074491402237e-01
7.214428857715430965e+00 3.166608982029431862e-01
7.254509018036071843e+00 2.899044068581608236e-01
7.294589178356712722e+00 2.645229281886539163e-01
7.334669338677354489e+00 2.406034527683710567e-01
7.374749498997995367e+00 2.182014595531649725e-01
7.414829659318637134e+00 1.973425642002987201e-01
7.454909819639278012e+00 1.780253668838699954e-01
7.494989979959919779e+00 1.602250835093450287e-01
7.535070140280560658e+00 1.438975684334388994e-01
7.575150300601202424e+00 1.289834018302911667e-01
7.615230460921843303e+00 1.154117946174203907e-01
7.655310621242485070e+00 1.031041430361934880e-01
7.695390781563125948e+00 9.197713492291566262e-02
7.735470941883766827e+00 8.194536626307465099e-02
7.775551102204408593e+00 7.292346876535024669e-02
7.815631262525049472e+00 6.482777790893363978e-02
7.855711422845691239e+00 5.757758829343970208e-02
7.895791583166332117e+00 5.109605164637454067e-02
7.935871743486973884e+00 4.531077495336903460e-02
7.975951903807614762e+00 4.015417399039596102e-02
8.016032064128255641e+00 3.556363275223237835e-02
8.056112224448897408e+00 3.148151315809902956e-02
8.096192384769539174e+00 2.785505286438954078e-02
8.136272545090179165e+00 2.463618260836974994e-02
8.176352705410820931e+00 2.178128859348805665e-02
8.216432865731462698e+00 1.925094018538670709e-02
8.256513026052104465e+00 1.700959868218423349e-02
8.296593186372744455e+00 1.502531914387341891e-02
8.336673346693386222e+00 1.326945416180380644e-02
8.376753507014027988e+00 1.171636594600591712e-02
8.416833667334669755e+00 1.034315112353858049e-02
8.456913827655309746e+00 9.129381093638311295e-03
8.496993987975951512e+00 8.056859599484196208e-03
8.537074148296593279e+00 7.109398284332661862e-03
8.577154308617233269e+00 6.272610343233231411e-03
8.617234468937875036e+00 5.533721911145423125e-03
8.657314629258516803e+00 4.881400503103676923e-03
8.697394789579158569e+00 4.305599608670861340e-03
8.737474949899798560e+00 3.797418414294608489e-03
8.777555110220440326e+00 3.348975561866444992e-03
8.817635270541082093e+00 2.953295832815075461e-03
8.857715430861723860e+00 2.604208661253528279e-03
8.897795591182363850e+00 2.296257416841941072e-03
8.937875751503005617e+00 2.024618450359953487e-03
8.977955911823647384e+00 1.785028956629386735e-03
9.018036072144287374e+00 1.573722776081176375e-03
9.058116232464929141e+00 1.387373324683633183e-03
9.098196392785570907e+00 1.223042909942724608e-03
9.138276553106212674e+00 1.078137756625874646e-03
9.178356713426852664e+00 9.503681287322452874e-04
9.218436873747494431e+00 8.377129933721681656e-04
9.258517034068136198e+00 7.383887272746021734e-04
9.298597194388777964e+00 6.508214174640594100e-04
9.338677354709417955e+00 5.736223542491953849e-04
9.378757515030059722e+00 5.055663571519508539e-04
9.418837675350701488e+00 4.455726129647093539e-04
9.458917835671341479e+00 3.926877399775432326e-04
9.498997995991983245e+00 3.460708238211900024e-04
9.539078156312625012e+00 3.049801985859857604e-04
9.579158316633266779e+00 2.687617721645064995e-04
9.619238476953906769e+00 2.368387173845268757e-04
9.659318637274548536e+00 2.087023706932366132e-04
9.699398797595190302e+00 1.839041981567773702e-04
9.739478957915832069e+00 1.620487045668213397e-04
9.779559118236472059e+00 1.427871756983250433e-04
9.819639278557113826e+00 1.258121564241712446e-04
9.859719438877755593e+00 1.108525786298172937e-04
9.899799599198395583e+00 9.766946283803993743e-05
9.939879759519037350e+00 8.605212628685072313e-05
9.979959919839679117e+00 7.581483802800991780e-05
1.002004008016032088e+01 6.679386854026253355e-05
1.006012024048096087e+01 5.884488748091672595e-05
1.010020040080160264e+01 5.184066862118649830e-05
1.014028056112224441e+01 4.566906580481114373e-05
1.018036072144288617e+01 4.023122800722420703e-05
1.022044088176352616e+01 3.544002531748907149e-05
1.026052104208416793e+01 3.121866097382341553e-05
1.030060120240480970e+01 2.749944750606615819e-05
1.034068136272544969e+01 2.422272761936751796e-05
1.038076152304609145e+01 2.133592273232174887e-05
1.042084168336673322e+01 1.879269409469793190e-05
1.046092184368737499e+01 1.655220318591521625e-05
1.050100200400801498e+01 1.457845966291360111e-05
1.054108216432865675e+01 1.283974650945972556e-05
1.058116232464929851e+01 1.130811325964307601e-05
1.062124248496994028e+01 9.958929245458216609e-06
1.066132264529058027e+01 8.770489768690863233e-06
1.070140280561122204e+01 7.723668935749724025e-06
1.074148296593186380e+01 6.801613633696525389e-06
1.078156312625250379e+01 5.989473778158354885e-06
1.082164328657314556e+01 5.274164539302694477e-06
1.086172344689378733e+01 4.644156759639660534e-06
1.090180360721442909e+01 4.089292225119908555e-06
1.094188376753506908e+01 3.600620845828999198e-06
1.098196392785571085e+01 3.170257150800461963e-06
1.102204408817635262e+01 2.791253808552425577e-06
1.106212424849699438e+01 2.457490155757790559e-06
1.110220440881763437e+01 2.163573955258414073e-06
1.114228456913827614e+01 1.904754815208133415e-06
1.118236472945891791e+01 1.676847886807829554e-06
1.122244488977955790e+01 1.476166621816997888e-06
1.126252505010019966e+01 1.299463515383589361e-06
1.130260521042084143e+01 1.143877887013539724e-06
1.134268537074148320e+01 1.006889864722375659e-06
1.138276553106212319e+01 8.862798363508630761e-07
1.142284569138276495e+01 7.800927192570019813e-07
1.146292585170340672e+01 6.866064764993004124e-07
1.150300601202404849e+01 6.043043754253559841e-07
1.154308617234468848e+01 5.318505443485391314e-07
1.158316633266533024e+01 4.680684356870580391e-07
1.162324649298597201e+01 4.119218503884566014e-07
1.166332665330661200e+01 3.624982194091004177e-07
1.170340681362725377e+01 3.189938735044866759e-07
1.174348697394789554e+01 2.807010687861255892e-07
1.178356713426853730e+01 2.469965500055095327e-07
1.182364729458917729e+01 2.173314815036267853e-07
1.186372745490981906e+01 1.912225731617527243e-07
1.190380761523046083e+01 1.682442656915995057e-07
1.194388777555110259e+01 1.480218423266492658e-07
1.198396793587174258e+01 1.302253652735470837e-07
1.202404809619238435e+01 1.145643323003279385e-07
1.206412825651302612e+01 1.007829704426596236e-07
1.210420841683366611e+01 8.865609056385824466e-08
1.214428857715430787e+01 7.798543602051750689e-08
1.218436873747494964e+01 6.859646661939829274e-08
1.222444889779559141e+01 6.033552604313763393e-08
1.226452905811623140e+01 5.306734708408782877e-08
1.230460921843687316e+01 4.667285445548801368e-08
1.234468937875751493e+01 4.104722973428435237e-08
1.238476953907815670e+01 3.609820720636870499e-08
1.242484969939879669e+01 3.174457310073345636e-08
1.246492985971943845e+01 2.791484397302120858e-08
1.250501002004008022e+01 2.454610288392052039e-08
1.254509018036072021e+01 2.158297455989909846e-08
1.258517034068136198e+01 1.897672296353455284e-08
1.262525050100200374e+01 1.668445667419389127e-08
1.266533066132264551e+01 1.466842921858697887e-08
1.270541082164328550e+01 1.289542302267262834e-08
1.274549098196392727e+01 1.133620700610760671e-08
1.278557114228456904e+01 9.965059029529622440e-09
1.282565130260520903e+01 8.759345452580776367e-09
1.286573146292585079e+01 7.699150983476136004e-09
1.290581162324649256e+01 6.766952813971486018e-09
1.294589178356713433e+01 5.947333749817664508e-09
1.298597194388777432e+01 5.226729677733144230e-09
1.302605210420841608e+01 4.593207265718024845e-09
1.306613226452905785e+01 4.036268283116384295e-09
1.310621242484969962e+01 3.546677358080681477e-09
1.314629258517033961e+01 3.116310369952522066e-09
1.318637274549098137e+01 2.738021008649248153e-09
1.322645290581162314e+01 2.405523327845775525e-09
1.326653306613226313e+01 2.113288378293794061e-09
1.330661322645290490e+01 1.856453236223063435e-09
1.334669338677354666e+01 1.630740943104766331e-09
1.338677354709418843e+01 1.432390050370783160e-09
1.342685370741482842e+01 1.258092618840022534e-09
1.346693386773547019e+01 1.104939660121480414e-09
1.350701402805611195e+01 9.703731283686156966e-10
1.354709418837675372e+01 8.521436774031605283e-10
1.358717434869739371e+01 7.482734921364580899e-10
1.362725450901803548e+01 6.570235859085399438e-10
1.366733466933867724e+01 5.768650281788455407e-10
1.370741482965931723e+01 5.064536311157931128e-10
1.374749498997995900e+01 4.446076800826979327e-10
1.378757515030060077e+01 3.902883427204299460e-10
1.382765531062124253e+01 3.425824350867867151e-10
1.386773547094188253e+01 3.006872618394576400e-10
1.390781563126252429e+01 2.638972813676981857e-10
1.394789579158316606e+01 2.315923766380058024e-10
1.398797595190380783e+01 2.032275388062952257e-10
1.402805611222444782e+01 1.783237937894746409e-10
1.406813627254508958e+01 1.564602223598724031e-10
1.410821643286573135e+01 1.372669422565677353e-10
1.414829659318637134e+01 1.204189365914377722e-10
1.418837675350701311e+01 1.056306267198676548e-10
1.422845691382765487e+01 9.265109997405802594e-11
1.426853707414829664e+01 8.125991341899096259e-11
1.430861723446893663e+01 7.126340426307263990e-11
1.434869739478957840e+01 6.249144589171603811e-11
1.438877755511022016e+01 5.479459582835012511e-11
1.442885771543086193e+01 4.804158838363161651e-11
1.446893787575150192e+01 4.211713043494320789e-11
1.450901803607214369e+01 3.691996377786407681e-11
1.454909819639278545e+01 3.236116189048278349e-11
1.458917835671342544e+01 2.836263282241183900e-11
1.462925851703406721e+01 2.485580332629537965e-11
1.466933867735470898e+01 2.178046234636417125e-11
1.470941883767535074e+01 1.908374461514240733e-11
1.474949899799599073e+01 1.671923742904639619e-11
1.478957915831663250e+01 1.464619571429742943e-11
1.482965931863727427e+01 1.282885228980685761e-11
1.486973947895791603e+01 1.123581181294414288e-11
1.490981963927855602e+01 9.839518283288558831e-12
1.494989979959919779e+01 8.615787201421283281e-12
1.498997995991983956e+01 7.543394554642810118e-12
1.503006012024047955e+01 6.603715746855202722e-12
1.507014028056112132e+01 5.780408421313997467e-12
1.511022044088176308e+01 5.059133856204744654e-12
1.515030060120240485e+01 4.427312256104129783e-12
1.519038076152304484e+01 3.873907827928771047e-12
1.523046092184368661e+01 3.389240027306583263e-12
1.527054108216432837e+01 2.964817798621601883e-12
1.531062124248497014e+01 2.593194016519502912e-12
1.535070140280561013e+01 2.267837674766662799e-12
1.539078156312625190e+01 1.983021665623458142e-12
1.543086172344689366e+01 1.733724254252374008e-12
1.547094188376753365e+01 1.515542582447030006e-12
1.551102204408817542e+01 1.324616737961061304e-12
1.555110220440881719e+01 1.157563103278659342e-12
1.559118236472945895e+01 1.011415853751305047e-12
1.563126252505009894e+01 8.835756122180123410e-13
1.567134268537074071e+01 7.717643878116974911e-13
1.571142284569138248e+01 6.739860326359854136e-13
1.575150300601202424e+01 5.884915431389953788e-13
1.579158316633266423e+01 5.137486148654216273e-13
1.583166332665330600e+01 4.484149311993470256e-13
1.587174348697394777e+01 3.913147299172071369e-13
1.591182364729458776e+01 3.414182469095580863e-13
1.595190380761522952e+01 2.978236852279106487e-13
1.599198396793587129e+01 2.597414004862338310e-13
1.603206412825651128e+01 2.264800313121367718e-13
1.607214428857715305e+01 1.974343366314262302e-13
1.611222444889779482e+01 1.720745306361708541e-13
1.615230460921843658e+01 1.499369318179157946e-13
1.619238476953907835e+01 1.306157648730354264e-13
1.623246492985972012e+01 1.137559739832943416e-13
1.627254509018035833e+01 9.904692327207350352e-14
1.631262525050100010e+01 8.621687542755675272e-14
1.635270541082164186e+01 7.502815282317707544e-14
1.639278557114228363e+01 6.527289717863548027e-14
1.643286573146292540e+01 5.676935408891344373e-14
1.647294589178356716e+01 4.935861777783827200e-14
1.651302605210420893e+01 4.290177935949519889e-14
1.655310621242485070e+01 3.727742884933040912e-14
1.659318637274548891e+01 3.237946727484062688e-14
1.663326653306613068e+01 2.811519059711979222e-14
1.667334669338677244e+01 2.440361185997652845e-14
1.671342685370741421e+01 2.117399211288652287e-14
1.675350701402805598e+01 1.836455427801234565e-14
1.679358717434869774e+01 1.592135731138166475e-14
1.683366733466933951e+01 1.379731079850920121e-14
1.687374749498997772e+01 1.195131257265775844e-14
1.691382765531061949e+01 1.034749409150223068e-14
1.695390781563126126e+01 8.954560191841674738e-15
1.699398797595190302e+01 7.745211494458174055e-15
1.703406813627254479e+01 6.695639180563000780e-15
1.707414829659318656e+01 5.785083132349326336e-15
1.711422845691382832e+01 4.995445544851002676e-15
1.715430861723446654e+01 4.310953093703118001e-15
1.719438877755510831e+01 3.717861600400145491e-15
1.723446893787575007e+01 3.204197887965182862e-15
1.727454909819639184e+01 2.759534178597436207e-15
1.731462925851703361e+01 2.374790962195813957e-15
1.735470941883767537e+01 2.042064770681615880e-15
1.739478957915831714e+01 1.754477736517747356e-15
1.743486973947895891e+01 1.506046202440830680e-15
1.747494989979959712e+01 1.291565989942925256e-15
1.751503006012023889e+01 1.106512232377062241e-15
1.755511022044088065e+01 9.469519399240206454e-16
1.759519038076152242e+01 8.094676925953136637e-16
1.763527054108216419e+01 6.910910579686365876e-16
1.767535070140280595e+01 5.892445059611313276e-16
1.771543086172344772e+01 5.016907467220418790e-16
1.775551102204408593e+01 4.264885523689429567e-16
1.779559118236472770e+01 3.619542411677530860e-16
1.783567134268536947e+01 3.066281059416012491e-16
1.787575150300601123e+01 2.592451588086067999e-16
1.791583166332665300e+01 2.187096433878370874e-16
1.795591182364729477e+01 1.840728347763003304e-16
1.799599198396793653e+01 1.545137081135672540e-16
1.803607214428857475e+01 1.293221094894978493e-16
1.807615230460921651e+01 1.078841092564004717e-16
1.811623246492985828e+01 8.966925830539665866e-17
1.815631262525050005e+01 7.421950328142746092e-17
1.819639278557114181e+01 6.113954767538975113e-17
1.823647294589178358e+01 5.008847280124625357e-17
1.827655310621242535e+01 4.077245632658387035e-17
1.831663326653306711e+01 3.293844670314294897e-17
1.835671342685370533e+01 2.636866991253366947e-17
1.839679358717434710e+01 2.087586072814823426e-17
1.843687374749498886e+01 1.629912448374195363e-17
1.847695390781563063e+01 1.250034738215050278e-17
1.851703406813627240e+01 9.361083894032197822e-18
1.855711422845691416e+01 6.779858977863997949e-18
1.859719438877755593e+01 4.669830866788114107e-18
1.863727454909819414e+01 2.956767162464549370e-18
1.867735470941883591e+01 1.577293079097764499e-18
1.871743486973947768e+01 4.773760051591530407e-19
1.875751503006011944e+01 -3.889848057972266613e-19
1.879759519038076121e+01 -1.060890554251378364e-18
1.883767535070140298e+01 -1.571520832227463378e-18
1.887775551102204474e+01 -1.948977710313117246e-18
1.891783567134268296e+01 -2.217013823603636446e-18
1.895791583166332472e+01 -2.395659969657993476e-18
1.899799599198396649e+01 -2.501765696607107703e-18
1.903807615230460826e+01 -2.549464587604867622e-18
1.907815631262525002e+01 -2.550574405266317371e-18
1.911823647294589179e+01 -2.514940917331084561e-18
1.915831663326653356e+01 -2.450733056866271387e-18
1.919839679358717532e+01 -2.364696054568220378e-18
1.923847695390781354e+01 -2.262368297631109544e-18
1.927855711422845530e+01 -2.148266902155580779e-18
1.931863727454909707e+01 -2.026046319369453982e-18
1.935871743486973884e+01 -1.898633717039190950e-18
1.939879759519038060e+01 -1.768344375080880357e-18
1.943887775551102237e+01 -1.636979898702437002e-18
1.947895791583166414e+01 -1.505911674849278587e-18
1.951903807615230235e+01 -1.376151670831113344e-18
1.955911823647294412e+01 -1.248412391295572099e-18
1.959919839679358589e+01 -1.123157565564939681e-18
1.963927855711422765e+01 -1.000644926869025609e-18
1.967935871743486942e+01 -8.809622639846806774e-19
1.971943887775551119e+01 -7.640577705721115752e-19
1.975951903807615295e+01 -6.497655849454381125e-19
1.979959919839679117e+01 -5.378273004450844710e-19
1.983967935871743293e+01 -4.279101316991612846e-19
1.987975951903807470e+01 -3.196223429380906634e-19
1.991983967935871647e+01 -2.125264795485177972e-19
1.995991983967935823e+01 -1.061508918910454576e-19
2.000000000000000000e+01 0.000000000000000000e+00
