1
0
63
1
(4 0
((0,0) (7,127) (0,0))
((0,256) (7,383) (0,0))
((0,128) (7,255) (0,0))
((0,384) (7,511) (0,0))
)
4
FabOnDisk: SD_0_New_MF_D_0003 0
FabOnDisk: SD_0_New_MF_D_0001 0
FabOnDisk: SD_0_New_MF_D_0002 0
FabOnDisk: SD_0_New_MF_D_0000 0

4,63
-1.819288286098554e-06,1.578186107732812e+00,1.587881832360789e-01,1.634710728049706e-24,5.805006838612242e-23,6.896720146620217e-18,1.738642438873901e-12,3.195603613384360e-08,5.804144895403822e-10,6.902560773699360e-13,2.826131794413897e-03,0.000000000000000e+00,0.000000000000000e+00,0.000000000000000e+00,0.000000000000000e+00,0.000000000000000e+00,1.287570734646217e-24,0.000000000000000e+00,0.000000000000000e+00,0.000000000000000e+00,0.000000000000000e+00,1.068783193175244e-10,3.218001616527798e-12,2.908063912479670e-36,0.000000000000000e+00,0.000000000000000e+00,0.000000000000000e+00,0.000000000000000e+00,0.000000000000000e+00,0.000000000000000e+00,0.000000000000000e+00,0.000000000000000e+00,0.000000000000000e+00,0.000000000000000e+00,0.000000000000000e+00,0.000000000000000e+00,0.000000000000000e+00,0.000000000000000e+00,0.000000000000000e+00,0.000000000000000e+00,0.000000000000000e+00,0.000000000000000e+00,0.000000000000000e+00,9.977373167932030e-18,1.008369362939685e-18,1.484165517752288e-20,2.796280154093128e-18,9.019135690635069e-19,3.683409868805682e-17,8.517607809503794e-18,1.534742970531156e-17,0.000000000000000e+00,0.000000000000000e+00,0.000000000000000e+00,0.000000000000000e+00,0.000000000000000e+00,0.000000000000000e+00,0.000000000000000e+00,1.137826688064575e-01,3.501354637183553e+03,0.000000000000000e+00,4.430000042892019e+02,1.012714574597150e+05,
-9.819905986290303e-08,5.060312777624556e+00,1.469754976695366e-01,7.257350051608177e-06,6.999962615618387e-05,5.078310173714534e-04,1.327328037366303e-07,6.131267406721220e-05,1.235458088045043e-02,1.471452365986439e-08,1.330917994904542e-03,8.341799203753265e-11,4.000372126624005e-10,3.496150579807699e-11,1.535088426228378e-09,3.839188903696663e-10,1.143232628149213e-09,2.394574911559851e-09,5.239906375159317e-12,1.796218996042358e-11,1.812957004109059e-11,3.790113528030260e-03,2.303276043789803e-02,1.304505654011071e-10,1.280529088071581e-08,1.695779626334592e-10,5.114685435773826e-09,0.000000000000000e+00,1.508979779549084e-15,4.254542539799047e-09,2.225442266542276e-09,4.591343845134826e-15,4.098385945320172e-12,0.000000000000000e+00,0.000000000000000e+00,0.000000000000000e+00,0.000000000000000e+00,0.000000000000000e+00,0.000000000000000e+00,0.000000000000000e+00,0.000000000000000e+00,0.000000000000000e+00,0.000000000000000e+00,1.429318719371775e-13,4.013333204292081e-17,2.487159306762553e-18,9.517111302479667e-07,6.499866285960484e-06,2.523135520181598e-08,2.938641245271120e-08,1.814658455368144e-08,7.437927936860030e-13,0.000000000000000e+00,0.000000000000000e+00,0.000000000000000e+00,0.000000000000000e+00,0.000000000000000e+00,0.000000000000000e+00,1.054151454704108e-01,7.825593760365766e+03,0.000000000000000e+00,2.289317099825622e+03,1.013249918341762e+05,
-7.951195405474294e-07,4.783862807649152e+00,1.491998130006000e-01,1.065769704800906e-05,1.035870305492227e-04,5.989683593261532e-04,1.327788874058900e-07,7.232049953527858e-05,1.221434048189011e-02,2.279454198376375e-08,1.684425739744264e-03,1.409849453348318e-10,4.068582249275303e-10,5.137396449957682e-11,1.368664467059239e-09,1.932140617360597e-10,1.950996679230991e-09,2.836479735570311e-09,5.269186606348244e-12,2.668970815508876e-11,1.888702993348650e-11,4.317957486967468e-03,2.223620995425664e-02,1.286886195175647e-10,1.045567995307171e-08,3.096571428803432e-10,6.816191452823775e-09,0.000000000000000e+00,2.181082522250861e-15,2.780797730466170e-09,1.090517152174536e-09,2.288909899421822e-14,9.165584472907649e-12,5.732420732435100e-14,0.000000000000000e+00,0.000000000000000e+00,0.000000000000000e+00,0.000000000000000e+00,0.000000000000000e+00,0.000000000000000e+00,0.000000000000000e+00,0.000000000000000e+00,0.000000000000000e+00,4.124982557910530e-14,8.653310325323647e-17,2.624750569771451e-18,1.595304677460515e-06,1.100205845097276e-05,1.643297616640172e-08,1.019893500354007e-07,6.449765875409853e-08,1.482646231730099e-12,0.000000000000000e+00,0.000000000000000e+00,0.000000000000000e+00,0.000000000000000e+00,0.000000000000000e+00,0.000000000000000e+00,1.070148272920995e-01,5.017599687003856e+03,0.000000000000000e+00,2.132587480330992e+03,1.013249529069634e+05,
-5.495435631996559e-08,5.131564324321749e+00,1.461043013431882e-01,6.138348763488332e-06,5.861820549337440e-05,4.703776308277855e-04,1.349146321513981e-07,5.717553065528570e-05,1.235272284483848e-02,1.216316185043394e-08,1.187796547944755e-03,5.220333874613013e-11,2.760322842428770e-10,2.334281598872126e-11,1.103194137841710e-09,3.016107512575982e-10,8.792320909760372e-10,1.653524453917529e-09,3.603836245783055e-12,1.192659581241340e-11,1.269216428874302e-11,3.576913918017190e-03,2.343266239832090e-02,8.894436228746716e-11,9.167272047309790e-09,1.021974856796261e-10,3.423488164466472e-09,0.000000000000000e+00,2.795132795401646e-16,3.040804496970436e-09,1.645947018162027e-09,1.920325836350693e-15,2.228958984680361e-12,0.000000000000000e+00,0.000000000000000e+00,0.000000000000000e+00,0.000000000000000e+00,0.000000000000000e+00,0.000000000000000e+00,0.000000000000000e+00,0.000000000000000e+00,0.000000000000000e+00,0.000000000000000e+00,8.033716194124839e-14,1.796685242131013e-17,1.231969440448717e-18,5.986308733690197e-07,4.071762593524346e-06,1.824088537473749e-08,1.367311426997872e-08,8.362289046913254e-09,4.337398516834627e-13,0.000000000000000e+00,0.000000000000000e+00,0.000000000000000e+00,0.000000000000000e+00,0.000000000000000e+00,0.000000000000000e+00,1.047874516315860e-01,7.929115817633232e+03,0.000000000000000e+00,2.330271987034033e+03,1.013249946626314e+05,

4,63
1.545840062774663e-06,4.778454060908723e+00,8.373327176550234e-01,5.089313019203309e-05,4.360259952956990e-04,9.459910242213945e-04,1.159470356871043e-04,4.244073775655058e-04,1.307664471615164e-02,1.964002209876202e-05,1.827792543574123e-01,1.418234571221231e-06,6.466977729274695e-06,7.230595970903480e-07,2.350409233413061e-04,2.781934632350683e-04,2.009569611482309e-05,4.994886764015606e-04,1.483828698338315e-05,9.682058852406340e-07,7.022430500686114e-05,1.427572150443095e-02,2.222898052434654e-02,8.235613034210100e-07,6.140371968092109e-04,2.127745640346275e-05,4.399013946659777e-03,1.056737864544176e-04,4.768114513321619e-04,3.188001682944439e-05,1.067054109823251e-04,1.360023264556251e-07,3.083873213760478e-05,3.842620048319557e-05,1.189593574403430e-05,5.613321107656469e-05,2.989698158645318e-05,3.884907585038385e-05,3.142582014535647e-06,6.250585716000390e-04,1.129199091056751e-05,4.663701511589462e-06,1.111158441610898e-04,1.764847013874602e-05,6.799918380369212e-07,1.585411894158092e-08,2.582527997101704e-06,1.823264366127288e-05,2.801962025772140e-05,1.223022617829998e-05,1.554989370195056e-05,1.749361495630926e-06,4.165993128009722e-04,1.077405437324168e-05,5.259454842472030e-02,1.563367517540091e-03,1.366790577689248e-04,4.301922891541587e-04,6.019588822118076e-01,7.341945116756413e+04,0.000000000000000e+00,2.129566870919239e+03,1.013591330768456e+05,
9.784759596645985e-08,5.131220639928767e+00,1.491713350509389e-01,1.061029041100552e-05,1.031263693116976e-04,5.978712516066766e-04,1.348941486142061e-07,7.218102642317984e-05,1.235613022073445e-02,2.267819957777870e-08,1.680035518828925e-03,1.404114755594040e-10,5.404775545623078e-10,5.124293685886384e-11,1.921065210386222e-09,4.083127947730646e-10,1.939502910788582e-09,3.271788796104223e-09,7.094751069601482e-12,2.661890491944648e-11,2.380714418697521e-11,4.311497353790415e-03,2.343063484781398e-02,1.786512137657973e-10,1.597411908575004e-08,3.081178667440390e-10,7.342697812681202e-09,3.098842488138125e-13,5.632540433539482e-15,5.218808661084884e-09,2.513307497825488e-09,2.888607352187667e-14,9.099938566228719e-12,3.527612180341617e-13,2.864049457563395e-12,1.374260615986028e-13,4.778405053487548e-13,9.454807386618500e-13,1.247077246286445e-14,6.509794605859366e-13,2.549243637251112e-12,1.194538236311095e-17,1.322520235282034e-14,1.816561692857396e-13,8.607644617181193e-17,4.257869389906315e-18,1.588601663619620e-06,1.095454808179854e-05,3.039611746455135e-08,1.006665933291347e-07,6.364240582254505e-08,1.476851241288520e-12,1.108148053677802e-13,5.767668262757938e-13,4.589066970485063e-12,4.402028905303332e-12,3.338237943993273e-12,1.191415491203696e-12,1.069943396398342e-01,7.928753951999459e+03,0.000000000000000e+00,2.330075369461734e+03,1.013250052871799e+05,
4.786574772628118e-07,5.059419943387099e+00,1.585924042873322e-01,3.191571140204736e-05,2.808684037485499e-04,8.627058083500498e-04,1.966205407449197e-07,1.185238925227396e-04,1.235596211920570e-02,7.703122640495255e-08,2.809801489039445e-03,2.030632531792780e-10,5.656106218135226e-10,5.891821139411740e-11,1.948576811008723e-09,3.969799870690044e-10,8.165373900256647e-09,3.501613760214380e-09,7.414648487145292e-12,3.104067085181871e-11,2.467083301214236e-11,6.365470916784752e-03,2.302811877151868e-02,1.869541228473372e-10,1.612420896559260e-08,5.363992764484214e-10,8.171947691753822e-09,1.332177322984189e-12,2.060555186590577e-14,5.231239353136734e-09,2.493364897838376e-09,2.061275909700378e-13,2.192777161177535e-11,2.677496314204026e-12,1.205150948029407e-11,4.106214635918426e-12,6.890050094319453e-12,1.271170452243833e-11,1.719394103996604e-13,3.819250781232230e-12,9.223688940401463e-13,4.271879910729660e-16,1.386862143007604e-12,1.799857582888845e-13,1.191563369495171e-16,4.583331005426407e-18,2.582295881572889e-06,1.823132566716508e-05,3.043066498126147e-08,2.062654648213681e-06,1.407846931205339e-06,3.963446986084116e-12,2.483607540649197e-12,1.618582319544071e-13,3.503711998151454e-11,6.924423262762798e-11,5.691244530685748e-11,1.900659702035989e-11,1.136479583073607e-01,7.823254495666685e+03,0.000000000000000e+00,2.288799665922040e+03,1.013250283424134e+05,
4.533011654269472e-08,5.161530793529494e+00,1.469650974493451e-01,7.243087102250039e-06,6.985611090887271e-05,5.073834749623721e-04,1.366356418742324e-07,6.126156457695174e-05,1.235456333862820e-02,1.468178205145311e-08,1.329221796951176e-03,8.308619546206473e-11,3.989023709223847e-10,3.484839575156013e-11,1.531424689085348e-09,3.834034589603120e-10,1.139910022719946e-09,2.387740665878875e-09,5.224896275124149e-12,1.790295872533234e-11,1.808141716576188e-11,3.787567544936238e-03,2.360222547795407e-02,1.300684701158545e-10,1.277479961300258e-08,1.688369996912838e-10,5.098744683927276e-09,1.941639133740321e-13,2.373218421641731e-15,4.244450370082361e-09,2.221099582951918e-09,9.032889858453893e-15,4.075878094638057e-12,2.352836832002545e-13,2.319526463198534e-12,1.251279090499171e-13,5.973682696566314e-13,8.339088901698567e-13,8.495317204055825e-15,4.194100198511362e-13,4.440357123671175e-12,7.557365636815948e-18,6.692264860159826e-15,1.423965981464451e-13,3.987573526648201e-17,2.474099502848819e-18,9.479950604970401e-07,6.474174803659468e-06,2.517413619823786e-08,2.916725614761041e-08,1.800918545378347e-08,7.402363832581438e-13,3.421189773598043e-14,7.175657861310450e-13,1.716253056456510e-12,2.372087684290274e-12,1.097198599885152e-12,6.457822771409799e-13,1.054076633051897e-01,7.971290821529380e+03,0.000000000000000e+00,2.346597411909887e+03,1.013250040493193e+05,

