1
0
63
1
(4 0
((0,0) (7,127) (0,0))
((0,256) (7,383) (0,0))
((0,128) (7,255) (0,0))
((0,384) (7,511) (0,0))
)
4
FabOnDisk: SD_0_Old_MF_D_0003 0
FabOnDisk: SD_0_Old_MF_D_0001 0
FabOnDisk: SD_0_Old_MF_D_0002 0
FabOnDisk: SD_0_Old_MF_D_0000 0

4,63
-1.726873768664711e-06,1.600897285122898e+00,1.587767694307566e-01,1.757054877210709e-24,6.527961207974050e-23,7.231596810384990e-18,1.820421147407377e-12,3.245020896019490e-08,6.042572335450286e-10,7.229321082193936e-13,2.829921883137381e-03,0.000000000000000e+00,0.000000000000000e+00,0.000000000000000e+00,0.000000000000000e+00,0.000000000000000e+00,1.445621529950465e-24,0.000000000000000e+00,0.000000000000000e+00,0.000000000000000e+00,0.000000000000000e+00,1.119118597763477e-10,3.408178136386736e-12,3.221912358954762e-36,0.000000000000000e+00,0.000000000000000e+00,0.000000000000000e+00,0.000000000000000e+00,0.000000000000000e+00,0.000000000000000e+00,0.000000000000000e+00,0.000000000000000e+00,0.000000000000000e+00,0.000000000000000e+00,0.000000000000000e+00,0.000000000000000e+00,0.000000000000000e+00,0.000000000000000e+00,0.000000000000000e+00,0.000000000000000e+00,0.000000000000000e+00,0.000000000000000e+00,0.000000000000000e+00,1.083930691688715e-17,1.095763357894436e-18,1.613199525941873e-20,3.039939691199574e-18,9.805644499364455e-19,4.005316269184629e-17,9.262567757928317e-18,1.668973386999851e-17,0.000000000000000e+00,0.000000000000000e+00,0.000000000000000e+00,0.000000000000000e+00,0.000000000000000e+00,0.000000000000000e+00,0.000000000000000e+00,1.137787380876686e-01,3.513808034285233e+03,0.000000000000000e+00,4.430000044391928e+02,1.012715201972269e+05,
-9.676597064593695e-08,5.083380629586453e+00,1.469750727399026e-01,7.256810869921165e-06,6.999404932167859e-05,5.078138333192375e-04,1.327325181820878e-07,6.131083754058462e-05,1.235458612088447e-02,1.471325204043719e-08,1.330849107256790e-03,8.339628599317582e-11,3.999504874717856e-10,3.495332789484560e-11,1.534772106508666e-09,3.838642526623701e-10,1.143085968108136e-09,2.394036926649451e-09,5.238723314459162e-12,1.795778101243509e-11,1.812568409086035e-11,3.790017675917098e-03,2.303299373071508e-02,1.304239605289153e-10,1.280296524625906e-08,1.695323651698671e-10,5.113662859795179e-09,0.000000000000000e+00,1.801961601856745e-15,4.253757970662656e-09,2.225065884849408e-09,7.033273507107215e-15,4.097109991058764e-12,0.000000000000000e+00,0.000000000000000e+00,0.000000000000000e+00,0.000000000000000e+00,0.000000000000000e+00,0.000000000000000e+00,0.000000000000000e+00,0.000000000000000e+00,0.000000000000000e+00,0.000000000000000e+00,1.428808237406746e-13,4.011486792914825e-17,2.486127831188606e-18,9.514570183211583e-07,6.498118575411211e-06,2.522622406162622e-08,2.937451126886341e-08,1.813915347773309e-08,7.435682139125109e-13,0.000000000000000e+00,0.000000000000000e+00,0.000000000000000e+00,0.000000000000000e+00,0.000000000000000e+00,0.000000000000000e+00,1.054148416586107e-01,7.825528076578807e+03,0.000000000000000e+00,2.289345206947016e+03,1.013249911514318e+05,
-7.386245795424042e-07,4.807201006813734e+00,1.491982286635615e-01,1.065505239294031e-05,1.035609539908508e-04,5.989065840939841e-04,1.327778991843297e-07,7.231292108694381e-05,1.221649580995417e-02,2.278805088678392e-08,1.684174344236306e-03,1.409252022812953e-10,4.064810922562036e-10,5.135595464661596e-11,1.367267619233334e-09,1.930001521898083e-10,1.950310499197979e-09,2.833785964413918e-09,5.266973502919599e-12,2.667939303626332e-11,1.887764272076732e-11,4.317592907186714e-03,2.223568654209932e-02,1.285554939658315e-10,1.044529309772938e-08,3.095189824146559e-10,6.809790632175052e-09,7.481917552143984e-14,4.217582176632059e-15,2.781563280088857e-09,1.091386612108501e-09,2.271946552141362e-14,9.159518655435471e-12,1.045565636959001e-13,0.000000000000000e+00,0.000000000000000e+00,0.000000000000000e+00,0.000000000000000e+00,0.000000000000000e+00,0.000000000000000e+00,0.000000000000000e+00,0.000000000000000e+00,0.000000000000000e+00,4.102004875959086e-14,8.648537145722876e-17,2.602987436958438e-18,1.594713627376600e-06,1.099791202205402e-05,1.644796824250984e-08,1.019018420375664e-07,6.444128786034294e-08,1.481356829142053e-12,0.000000000000000e+00,0.000000000000000e+00,0.000000000000000e+00,0.000000000000000e+00,0.000000000000000e+00,0.000000000000000e+00,1.070136978278217e-01,5.041268296877589e+03,0.000000000000000e+00,2.132777244260062e+03,1.013249345270509e+05,
-5.568758342546174e-08,5.154605123788953e+00,1.461042817976314e-01,6.138202550049230e-06,5.861684939018510e-05,4.703724548788538e-04,1.349152846136519e-07,5.717483924396735e-05,1.235271964841802e-02,1.216289185099775e-08,1.187782383268022e-03,5.219710234735121e-11,2.760032136840331e-10,2.334024048052184e-11,1.103085171411536e-09,3.015843768891180e-10,8.791932435180295e-10,1.653354790507183e-09,3.603453280364595e-12,1.192528096243837e-11,1.269090503175084e-11,3.576873735695894e-03,2.343272704085541e-02,8.893460000824998e-11,9.166342054504769e-09,1.021846939034898e-10,3.423103187157207e-09,0.000000000000000e+00,0.000000000000000e+00,3.040498232078564e-09,1.645788584245964e-09,0.000000000000000e+00,2.228657850694533e-12,0.000000000000000e+00,3.672339328201894e-15,0.000000000000000e+00,0.000000000000000e+00,0.000000000000000e+00,0.000000000000000e+00,0.000000000000000e+00,0.000000000000000e+00,0.000000000000000e+00,0.000000000000000e+00,8.032200276875525e-14,1.796297817339210e-17,1.231718461982073e-18,5.985604562004671e-07,4.071282405160626e-06,1.823905366754623e-08,1.367108157709911e-08,8.361041436218725e-09,4.336851539687797e-13,0.000000000000000e+00,0.000000000000000e+00,0.000000000000000e+00,0.000000000000000e+00,0.000000000000000e+00,0.000000000000000e+00,1.047874468873724e-01,7.929157048018910e+03,0.000000000000000e+00,2.330279721560358e+03,1.013249946179881e+05,

4,63
1.605513903701983e-06,4.801789426885680e+00,8.373327105575177e-01,5.090204021288550e-05,4.355719972619934e-04,9.458120037242602e-04,1.157077934251147e-04,4.238969233613226e-04,1.307423631652061e-02,1.962942813176503e-05,1.827792526965546e-01,1.421321760357871e-06,6.511449224494057e-06,7.216103757705017e-07,2.337405777086225e-04,2.786230949616856e-04,2.006345793705263e-05,5.001305678029966e-04,1.490880531307125e-05,9.731725206113957e-07,7.008862526373462e-05,1.428920903847101e-02,2.222857147085829e-02,8.272870332167203e-07,6.167064468225399e-04,2.160468487337432e-05,4.426590756166026e-03,1.041267089454846e-04,4.798899396362732e-04,3.181786480904177e-05,1.064349085971974e-04,1.362539858647805e-07,3.118928230832708e-05,3.867640202591749e-05,1.185761315886058e-05,5.635420954156517e-05,3.009625380192231e-05,3.926445387590037e-05,3.133825793667012e-06,6.288967711569020e-04,1.095380437435403e-05,4.695979316389081e-06,1.105721528873014e-04,1.762115490580222e-05,6.848516465327718e-07,1.600431824645775e-08,2.579973422101713e-06,1.821484337457584e-05,2.831948531510250e-05,1.225173146244550e-05,1.554695176938101e-05,1.745595060253843e-06,4.175248839852732e-04,1.056478593366087e-05,5.259454796042615e-02,1.574044950114534e-03,1.381503335355954e-04,4.321307340212979e-04,6.019588767154942e-01,7.340046399597128e+04,0.000000000000000e+00,2.129770012283078e+03,1.013583541746908e+05,
8.954873358135206e-08,5.154261566229689e+00,1.491697693999921e-01,1.060767608607823e-05,1.031005737245012e-04,5.978100024244355e-04,1.348948079153184e-07,7.217352507726719e-05,1.235615038293106e-02,2.267178399617628e-08,1.679786060037924e-03,1.403613953170306e-10,5.403611121743072e-10,5.122889593387110e-11,1.920763574187486e-09,4.082858957210596e-10,1.938824537397956e-09,3.271051120005647e-09,7.093227739820377e-12,2.661146429509727e-11,2.380255838846524e-11,4.311136390161155e-03,2.343070058781115e-02,1.786105947868320e-10,1.597144476219661e-08,3.079978736468781e-10,7.341171028804145e-09,3.097434148588062e-13,5.657671340128177e-15,5.218060969848091e-09,2.513019438049303e-09,2.897664581282688e-14,9.095268954931693e-12,3.576642136042756e-13,2.721983672348043e-12,1.754177348325150e-13,5.688209173844897e-13,6.244997077037999e-13,1.026970649148290e-14,5.329110183325295e-13,2.004781667735393e-12,1.048022413406429e-17,6.540749220013905e-15,1.816109627732512e-13,8.602990719035812e-17,4.256196576502503e-18,1.588013609426432e-06,1.095042366164624e-05,3.039156988456665e-08,1.005805691124332e-07,6.358700537888660e-08,1.476138386098429e-12,6.162426764461772e-14,4.559141283834977e-13,3.778816145673904e-12,5.135984414947885e-12,3.883957716724499e-12,1.401132683581457e-12,1.069932234143723e-01,7.928793860648474e+03,0.000000000000000e+00,2.330083168359136e+03,1.013250038083353e+05,
6.094133262690158e-07,5.082488181871948e+00,1.585818790504967e-01,3.184510564202559e-05,2.807286429498254e-04,8.627167605269746e-04,1.966484549250852e-07,1.183191196084174e-04,1.235599176176073e-02,7.698011782292707e-08,2.813729705374152e-03,2.024690088617479e-10,5.655329552700859e-10,5.885175301665689e-11,1.948140891260209e-09,3.969429912662988e-10,8.133183115055597e-09,3.505421711776987e-09,7.413413540051956e-12,3.098655798463282e-11,2.467023321670247e-11,6.353058949841056e-03,2.302835489718706e-02,1.869256276920805e-10,1.612201010613372e-08,5.355681457376735e-10,8.178031382736701e-09,1.327510319004252e-12,2.057837748817300e-14,5.229722527424154e-09,2.493157158314580e-09,2.056695580197874e-13,2.194234548282214e-11,2.669335332083934e-12,1.094696016772858e-11,2.571527942313426e-12,4.201934114808438e-12,8.768309064690145e-12,1.340013445802204e-13,2.948567351434748e-12,1.898998742013841e-12,4.807977690190928e-16,1.034978996656980e-12,1.799499008233067e-13,1.190762132915038e-16,4.582201952442399e-18,2.579551240554676e-06,1.821218438391556e-05,3.042644040788554e-08,2.052044216925106e-06,1.400542856058449e-06,3.955722815795505e-12,2.130523903973317e-12,3.856813646392024e-13,3.104886147977490e-11,4.864141296067865e-11,3.615624424777627e-11,1.335290700501314e-11,1.136447289373967e-01,7.823172693883414e+03,0.000000000000000e+00,2.288827934599263e+03,1.013250291647634e+05,
9.214451076456614e-08,5.184569379077329e+00,1.469646752549655e-01,7.242554093755489e-06,6.985059441522789e-05,5.073664569244203e-04,1.366355433786131e-07,6.125974890013611e-05,1.235456848781354e-02,1.468052427905560e-08,1.329153485045132e-03,8.306468552448699e-11,3.988163509337778e-10,3.484035485249986e-11,1.531111749680500e-09,3.833375567803772e-10,1.139766311750217e-09,2.387215197226718e-09,5.223727915103245e-12,1.789868691928733e-11,1.807746135820220e-11,3.787472641505607e-03,2.360227613583564e-02,1.300398517939772e-10,1.277227280116240e-08,1.687893825381159e-10,5.097565230946013e-09,1.620477624191211e-13,2.370484845977380e-15,4.243622181357785e-09,2.220705220532380e-09,8.956326522258098e-15,4.074540560491696e-12,2.035782780491267e-13,2.335189393542976e-12,1.224262564050388e-13,5.518909824073629e-13,7.811773882414849e-13,8.272822493193360e-15,4.074021363823587e-13,1.778757006211473e-12,7.525333241265229e-18,6.400198435907834e-15,1.423448872170683e-13,3.985719122348464e-17,2.473060657089022e-18,9.477420799015325e-07,6.472435048998844e-06,2.516900484986930e-08,2.915548441639291e-08,1.800183644562613e-08,7.400163198851684e-13,7.240663488772410e-14,4.437069517753327e-13,2.192983087265416e-12,3.201396524419436e-12,1.605048467306256e-12,8.717288625874884e-13,1.054073613828885e-01,7.971076184555171e+03,0.000000000000000e+00,2.346598296657555e+03,1.013250043108880e+05,

