1
0
56
1
(4 0
((0,0) (7,127) (0,0))
((0,256) (7,383) (0,0))
((0,128) (7,255) (0,0))
((0,384) (7,511) (0,0))
)
4
FabOnDisk: SD_5_Old_MF_D_0003 0
FabOnDisk: SD_5_Old_MF_D_0001 0
FabOnDisk: SD_5_Old_MF_D_0002 0
FabOnDisk: SD_5_Old_MF_D_0000 0

4,56
-7.594419197113971e+00,-1.631280737273087e+01,-2.728212250192609e+01,-5.796438410716791e+00,-8.477329451523833e+00,-8.807228753703038e+00,-1.022001249109462e+00,-6.344777432385774e+02,-2.615643402002502e-01,-6.676391594824623e-01,-7.903386791967126e-02,-1.323456196432361e+01,-1.308169566522625e+01,-1.330495637595081e+00,-9.584717426679260e+00,-4.388661462083837e-01,-6.916031553391738e-02,-2.829007559112971e+00,-1.327592343825740e+02,6.855672916839493e-21,-8.127219563492077e-02,-4.686335738105456e+01,-1.706227614403414e+00,-2.000229720166952e+02,-7.549719433533927e+00,-2.531810775577470e+01,-3.856100258780689e+00,-2.910038764790890e+00,-8.676210612244122e-03,-1.863193893467954e+00,-1.635068526032569e+00,-8.815865981724983e-01,-3.690767541481247e+00,-2.126618491766676e+00,-2.754792000730434e+00,-1.951023235053553e-01,-3.196975091525731e+01,-6.644992885645390e-01,-3.130091267054021e-01,-8.175842619148677e+00,-9.372513702910203e-01,-1.621043525046504e-02,-6.184511880557929e-04,-7.870510170441249e-02,-1.408076400777990e-01,-1.974948101427943e+00,-6.814815251255012e-02,-3.327146703596505e-01,-1.161014272766546e-01,-2.107950449265597e+01,-4.702407163059120e-01,-5.878447186549511e+02,-8.716862415405831e+01,-9.057363204578241e+00,-2.401846333658283e+01,-9.420375590707408e-11,
-1.275241139930521e-02,-9.592040075523614e-02,-2.078001014517712e-01,2.264100457728796e-06,-2.981019255365708e-02,1.865333898761856e-01,-2.375105661068936e-05,-8.444274145994036e-01,-1.122183787163446e-07,-2.521938170238648e-07,-2.909472067936833e-08,-1.141932718528157e-06,-1.144310567857615e-07,-2.346704410122234e-06,-1.650297378084761e-06,-3.743534113207826e-09,-1.628223586339929e-08,-1.243320084029357e-08,-1.168688924275028e+00,7.949732541782035e-01,-9.127664250576254e-08,-7.375109639692902e-06,-3.085789566301644e-07,-5.162529124175634e-06,-9.083926434116837e-08,-6.271647126942576e-10,-2.292944887672829e-06,-9.513355548877439e-07,-1.736450879173830e-09,-1.329135823521252e-08,-1.068502179814947e-07,-2.521806643539490e-07,-4.784213757610138e-08,-1.537112885291482e-07,-2.126420288423156e-07,-3.670074337834019e-09,-2.278157550969503e-07,-8.246982216235699e-07,-8.765370585467882e-12,-9.083236279696543e-09,-1.014298772445898e-10,-8.223606050510951e-14,-2.768447764059762e-15,-1.219225566984347e-03,-8.675017529880402e-03,-1.051089613896876e-05,-2.678476285562546e-04,-1.734589933954544e-04,-2.607406868188209e-09,-2.634189528144968e-08,-2.821890063931947e-07,-9.644836238994823e-07,-1.120063799975887e-06,-1.137912220544616e-06,-3.037952537284079e-07,-1.028770124644751e-11,
-1.774726937798417e-01,-8.261206544788731e-01,-5.203082418497648e-01,-5.817978221997465e-04,-1.477409613587533e-01,5.040165263497325e-01,-2.963000304012449e-04,-4.319218843691004e+00,-3.152593270176121e-07,-3.345062431470681e-07,-7.717068296873585e-08,-3.846960733586572e-06,4.390132460189404e-08,-3.310586286677937e-05,-4.589074319358322e-06,-1.220141298783983e-08,-7.638963966365588e-08,-4.437884856652939e-08,-4.860015123384395e+00,1.885171604668149e+00,-6.444696165253375e-08,-2.766542272296365e-06,-9.977142030352386e-07,-2.369133683336245e-05,-3.062233907408208e-07,-3.191661413234327e-09,-2.536719223915220e-07,4.615409413979811e-07,-7.669341988373616e-09,-5.100013434815806e-08,-3.233861719356787e-07,-2.475934603188625e-06,-9.182811441013394e-07,-1.574384648334577e-06,-3.606743851450042e-06,-9.862258607830533e-08,-2.353030748537163e-06,-3.105852858345718e-06,-6.360973752330624e-10,-1.408575171436621e-06,-1.593502624862240e-10,-8.701824879714853e-14,-1.754439759794809e-15,-1.416686726944607e-03,-1.044537628013633e-02,1.626987229974951e-06,-1.904844042654396e-02,-1.330010921447356e-02,-8.658869883318163e-08,-2.061623794755099e-06,-4.268085801584426e-07,-2.380764696183465e-05,-2.002711217830684e-05,-1.231232875583729e-05,-5.534330981384391e-06,-1.543043470775274e-11,
-3.911537450853965e-03,-3.068714480402932e-02,-9.008771813610653e-02,6.633976496828244e-07,-1.116682397313815e-02,1.059876759796927e-01,-6.872434453838072e-06,-3.434875985265882e-01,-8.743651542527730e-08,-3.030513758378406e-07,-2.599006490764814e-08,-1.130555496485144e-06,-2.587122954839319e-07,-6.933585194948721e-07,-1.465908418515780e-06,-3.500821280773608e-09,-1.235853265200575e-08,-1.213906117218574e-08,-4.904399345831797e-01,2.759514590230982e-01,-8.157632196084662e-08,-8.161771870183229e-06,-1.499035651656135e-07,-4.262458848038175e-06,-5.192540336831042e-07,-8.704874821435109e-10,-3.649496204838063e-06,-1.229695476871502e-06,-3.143677748680831e-09,-4.627960005541151e-09,-2.318589649353141e-07,-1.619582465146151e-07,-1.061655105655010e-08,-6.389963636511184e-08,-1.178723258138544e-07,-1.837114623553398e-09,-1.123206934148918e-07,-5.538428314163550e-07,-2.021191306856363e-12,-1.167628793694153e-09,-1.055971484226082e-10,-5.107061992137209e-14,-2.534295511107923e-15,-7.315175378010145e-04,-5.063124907226670e-03,-1.266435619176479e-05,-4.527253881490547e-05,-2.840925799434108e-05,-7.603382603413399e-10,-1.512144168999656e-08,-2.592934218277262e-07,-4.556462363179432e-07,-2.203998465385638e-07,-1.991244097446925e-07,-5.971445294208420e-08,-9.174536130807098e-12,

4,56
5.643356080539302e+00,2.945200126946338e+01,4.380989906416168e+01,7.373422444188785e+00,1.259865817265601e+01,3.134396362684599e+02,5.957867708238398e-01,4.398130881710927e-08,5.587195359216526e-01,1.344641523645928e+00,1.498893140693970e-01,2.347874244313227e+01,1.539673323124709e+01,1.770630707801403e+00,1.573770385638938e+01,4.138131202199016e-01,1.270658819595749e-01,2.920623587789237e+00,4.597567491536701e+02,2.835455857313441e+02,1.752009085407118e-01,5.623967036949603e+01,3.677928946823761e+00,2.977607538241105e+02,1.335445752424769e+01,2.764435287651184e+01,8.080288516034821e+00,3.342860062329516e+00,1.557878569947859e-02,3.486891879458665e+00,2.530207190378672e+00,1.107585312282959e+00,3.679921548795930e+00,2.315004925095587e+00,3.535779539750451e+00,2.150843949480091e-01,3.462356245559174e+01,1.121225710915873e+00,6.342269523125595e-01,8.118127715835790e+00,1.336066612932822e+00,4.083194802104911e-02,1.018456849938103e-03,6.795031783106024e-02,3.186738294642430e-01,2.142954765111692e+00,4.617735846997706e-01,6.461531314799250e-01,1.925802847554116e-01,1.713213825646687e+01,1.018712244775488e+00,1.249949058409258e+00,8.492980638320044e+01,1.444482414764408e+01,2.368956038713928e+01,1.490150225436082e-10,
-3.698917067892717e-03,-3.091556521638783e-02,-9.062237889650918e-02,7.545017851065046e-06,-1.124003281424005e-02,4.992675251648304e-01,-6.926871787978337e-06,-3.456264614563394e-01,-6.652391665295769e-08,-1.012683998453969e-07,-1.983240988852223e-08,1.424005398212985e-08,1.656953034047129e-07,-6.961441703627294e-07,-7.169710124925170e-07,-1.082174156259796e-09,-9.690774361913524e-09,-2.269012588510352e-09,-4.934841181194670e-01,1.870493618004767e+00,-3.832750679810198e-08,-3.688837965763811e-07,-1.469906629882992e-07,-2.089284009594275e-06,4.589103475147125e-08,3.637863830437170e-10,3.083093498554023e-07,6.671246674647689e-07,6.849466015291555e-10,-4.588933364128295e-09,2.922127561624171e-08,1.115227235172039e-06,8.770017206307120e-08,3.172201574808709e-07,3.072758374862436e-07,6.311951921213275e-09,2.881986837447060e-07,1.150760805816781e-06,8.602604809723162e-12,6.207472798949999e-09,6.718748422670548e-11,-5.102369800357995e-14,-1.703716857895603e-15,-7.344686596922296e-04,-5.084206687974193e-03,1.447948344374302e-06,-4.575767264766831e-05,-2.871856758759972e-05,-3.488226844101943e-10,3.025216871253118e-08,2.860093301102692e-07,1.420327748179463e-06,2.315687273360846e-06,1.716101143821964e-06,6.307110096788025e-07,9.720307891925017e-12,
-1.291111395297820e-02,-9.699017978903865e-02,-2.093376283418142e-01,2.034485129951932e-06,-3.008681592291809e-02,3.173209375548627e+00,-2.404648220182933e-05,-8.515215693696032e-01,6.051603122489379e-07,1.697371808537097e-06,1.657839126626245e-07,8.476558420006953e-06,1.332493976700452e-06,-2.340618996390901e-06,1.085785927609936e-05,2.688669391066338e-08,9.883967575302591e-08,9.009241785437232e-08,-1.177928648660731e+00,7.689134409658963e+00,5.575360148059807e-07,4.229290843208753e-05,8.110927952468224e-07,3.357799772674193e-05,4.263975629391869e-07,3.593418621151852e-08,1.362586470706579e-05,5.016072460966857e-06,3.699370257859626e-09,1.547581234798562e-08,1.381613129269903e-07,2.488333179850443e-06,8.080227164920818e-07,1.210256115399362e-06,2.995028353950003e-06,7.186599260942381e-08,1.700548992924912e-06,9.285826831169864e-07,3.182073846879154e-10,2.151163704082372e-06,5.689034085337932e-10,4.585214687187336e-11,8.730065804444131e-13,1.902188166391324e-03,1.368539539177405e-02,6.750200191367151e-05,-2.729285065158473e-04,-1.768150914302436e-04,9.461332326046416e-08,1.358023238347214e-06,2.876324046665526e-07,1.580416465869050e-05,1.873439438008600e-05,9.440635594962156e-06,5.198981837590667e-06,1.515076952784966e-11,
-1.991253990767279e-03,-1.207663260700907e-02,-3.433798977784405e-02,6.441915358662564e-06,-6.034983391579074e-03,1.853269529751472e-01,-1.897851753635491e-06,-1.581549582527417e-01,-4.227014639007617e-08,-1.700903157750268e-07,-1.519624978588446e-08,-4.075071046279035e-07,-8.501717394216197e-08,-2.098286742231664e-07,-9.824371888970159e-07,-1.862227491469534e-09,-6.770917095223735e-09,-6.374760096119307e-09,-1.679599956910057e-01,7.901076522891612e-01,-6.010861725705846e-08,-5.518145414250584e-06,-8.302181729123779e-08,-1.861696242839106e-06,1.805312130555798e-07,3.819974964206272e-10,-1.865088291405267e-06,-7.843318067046922e-07,8.869310392298133e-10,-2.101537600050814e-09,5.209767697204162e-08,6.068632865649033e-07,4.561757670474447e-08,2.210387083694725e-07,3.147693668604445e-07,3.368545816782991e-09,1.625007328782513e-07,9.078902440335825e-07,3.101806629251801e-12,2.712592605205247e-09,-9.400455071509795e-11,-2.333642008100452e-14,-1.547280330829095e-15,-4.585397564535945e-04,-3.126959121429811e-03,-1.053731305833499e-05,-1.244327119558278e-05,-7.646962894516568e-06,2.491613833717355e-10,3.682445510397608e-08,5.737258602249572e-07,7.096992697341973e-07,1.309922484734200e-06,6.516620683783634e-07,3.583260738075076e-07,9.768318098846152e-12,

