1
0
63
1
(4 0
((0,0) (15,255) (0,0))
((0,768) (15,1023) (0,0))
((0,512) (15,767) (0,0))
((0,256) (15,511) (0,0))
)
4
FabOnDisk: SD_0_New_MF_D_0003 0
FabOnDisk: SD_0_New_MF_D_0000 0
FabOnDisk: SD_0_New_MF_D_0001 0
FabOnDisk: SD_0_New_MF_D_0002 0

4,63
-1.174787105202754e-06,2.077156895903057e+00,1.579134318797545e-01,2.191102420889634e-22,7.776607934003172e-21,1.612677743180471e-16,4.862384267612352e-11,8.296505317872614e-08,1.083677074931558e-08,1.969585847196017e-11,2.879068553814905e-03,0.000000000000000e+00,5.581158637427142e-27,3.700752045040052e-28,6.470446662810515e-13,1.191005718245158e-10,2.502452100003304e-22,3.806643976332968e-11,1.827143285439215e-16,8.236424267711058e-28,4.138925537127456e-12,3.000771970000274e-09,1.956425200419696e-10,3.559447624757595e-33,2.339217293258988e-11,8.572564737062103e-25,2.284130334651458e-10,0.000000000000000e+00,0.000000000000000e+00,9.856824791027617e-27,1.913193185988025e-12,5.866284835543466e-20,9.524114776340490e-23,3.988906809271561e-13,0.000000000000000e+00,0.000000000000000e+00,0.000000000000000e+00,0.000000000000000e+00,0.000000000000000e+00,0.000000000000000e+00,0.000000000000000e+00,0.000000000000000e+00,0.000000000000000e+00,2.996151431045183e-15,1.081916480295459e-16,2.950128033186291e-18,8.745426146823322e-16,2.831082433319212e-16,1.168117898044710e-14,2.711083679887144e-15,4.884959133079833e-15,1.534581532090254e-31,0.000000000000000e+00,0.000000000000000e+00,0.000000000000000e+00,0.000000000000000e+00,0.000000000000000e+00,0.000000000000000e+00,1.132853170233649e-01,3.710077847521450e+03,0.000000000000000e+00,4.430000613231437e+02,1.013176890753962e+05,
-1.505713814059065e-07,5.644321567792243e+00,1.460925136202023e-01,6.119207085439280e-06,5.842951920145486e-05,4.697014860605549e-04,1.349747871204954e-07,5.709587756106519e-05,1.235242676377744e-02,1.212255454132008e-08,1.185419619960886e-03,5.142723765427810e-11,2.724228871706505e-10,2.302303568355976e-11,1.088608986527472e-09,2.984416656348971e-10,8.743188047187076e-10,1.632219471245300e-09,3.556516062551377e-12,1.176256930563137e-11,1.253207381246635e-11,3.572564643118133e-03,2.343901446412628e-02,8.775120616868431e-11,9.053118596972605e-09,1.006071324343270e-10,3.374566597541714e-09,0.000000000000000e+00,0.000000000000000e+00,3.002889379739449e-09,1.626361533421128e-09,2.343967538849601e-15,2.190329620284813e-12,0.000000000000000e+00,3.375106085107706e-13,2.902568461950601e-15,0.000000000000000e+00,0.000000000000000e+00,0.000000000000000e+00,0.000000000000000e+00,0.000000000000000e+00,0.000000000000000e+00,0.000000000000000e+00,7.849406278189559e-14,1.748428876556585e-17,1.201016264249115e-18,5.898257065743426e-07,4.011608658782877e-06,1.801681152350775e-08,1.340313373997643e-08,8.195970393910543e-09,4.267682915731131e-13,0.000000000000000e+00,0.000000000000000e+00,0.000000000000000e+00,0.000000000000000e+00,7.012880115369327e-14,0.000000000000000e+00,1.047792208815468e-01,7.927091824019415e+03,0.000000000000000e+00,2.330927912990014e+03,1.013249975779065e+05,
-1.978417142763153e-07,5.575058163594242e+00,1.469349342116139e-01,7.203690304648374e-06,6.945348201275512e-05,5.061330236016997e-04,1.327215358180990e-07,6.112393022492983e-05,1.235468935323573e-02,1.458991755058217e-08,1.324296951384629e-03,8.178144376246583e-11,3.938879142010242e-10,3.437229109634828e-11,1.514066852336668e-09,3.801549978613162e-10,1.129903749292187e-09,2.357675786796140e-09,5.158556867050159e-12,1.765462191848679e-11,1.786091494786400e-11,3.780421736581785e-03,2.305052279452276e-02,1.283983387929600e-10,1.262956545987344e-08,1.659765803603070e-10,5.029259387828007e-09,0.000000000000000e+00,0.000000000000000e+00,4.196216111286596e-09,2.198494865669059e-09,4.458932876874776e-15,3.993539691634041e-12,0.000000000000000e+00,6.895669611210829e-13,0.000000000000000e+00,0.000000000000000e+00,0.000000000000000e+00,0.000000000000000e+00,0.000000000000000e+00,0.000000000000000e+00,0.000000000000000e+00,0.000000000000000e+00,1.396082649535357e-13,3.880234457974064e-17,2.415520134345094e-18,9.331993638925239e-07,6.372260388959593e-06,2.489590494664831e-08,2.842509800929311e-08,1.754521910860333e-08,7.267680283122065e-13,0.000000000000000e+00,0.000000000000000e+00,0.000000000000000e+00,0.000000000000000e+00,7.701532505422914e-14,0.000000000000000e+00,1.053860195560841e-01,7.834545920397111e+03,0.000000000000000e+00,2.291431388131430e+03,1.013249978021568e+05,
-1.043525819561389e-06,5.321907917274762e+00,1.490674992806137e-01,1.044240424923667e-05,1.014752686981159e-04,5.939318232617398e-04,1.327327109543499e-07,7.169408556205044e-05,1.232579716386623e-02,2.226376123874528e-08,1.663931935855126e-03,1.375990845763830e-10,4.112639840390713e-10,5.049194362249452e-11,1.376425630154355e-09,1.959134727959045e-10,1.897005265878409e-09,2.838589148859045e-09,5.407202526224397e-12,2.621319488884739e-11,1.924892216065678e-11,4.288301548415903e-03,2.219446299122062e-02,1.300186277434045e-10,1.059816541054753e-08,3.009291838358300e-10,6.817750193863781e-09,0.000000000000000e+00,0.000000000000000e+00,2.948482758569821e-09,1.174853182297121e-09,1.842305347151422e-14,8.816433917803849e-12,0.000000000000000e+00,0.000000000000000e+00,0.000000000000000e+00,0.000000000000000e+00,0.000000000000000e+00,0.000000000000000e+00,0.000000000000000e+00,0.000000000000000e+00,0.000000000000000e+00,0.000000000000000e+00,4.659059226324829e-14,8.359086929267629e-17,2.907389927367600e-18,1.556455813602134e-06,1.072836394037519e-05,1.768225857517448e-08,9.554764384506786e-08,6.034217680142646e-08,1.433406092353607e-12,0.000000000000000e+00,0.000000000000000e+00,0.000000000000000e+00,0.000000000000000e+00,0.000000000000000e+00,0.000000000000000e+00,1.069199166325872e-01,5.637230137650312e+03,0.000000000000000e+00,2.144673732766850e+03,1.013249653591405e+05,

4,63
1.844734297844620e-06,5.319545272675481e+00,8.373318853044411e-01,4.990848765762367e-05,4.387440862865421e-04,9.534306541248406e-04,1.180708497741442e-04,3.882283489649940e-04,1.295844909450779e-02,2.136698300112974e-05,1.827790567018036e-01,1.501205019700889e-06,6.665673967583127e-06,7.513760016373955e-07,2.364146765049706e-04,2.686044411867278e-04,2.011488050014444e-05,5.149080388450035e-04,1.483578807348250e-05,9.735323095186777e-07,6.804475183808692e-05,1.436461658222626e-02,2.219171271836082e-02,8.778567432183059e-07,6.513089820391553e-04,2.228624115395784e-05,4.608118958649174e-03,1.016714955293141e-04,4.656767503609577e-04,3.348777399181474e-05,1.138382933080383e-04,1.309298585297334e-07,3.221264751828798e-05,3.758342258537109e-05,1.272087287277264e-05,5.934088765166313e-05,3.184428438189754e-05,4.134488716992054e-05,3.087387808527655e-06,6.520295231512472e-04,1.066490025561066e-05,4.228874582704425e-06,1.157782000530391e-04,1.946872823463065e-05,7.025297271444613e-07,1.716284403240576e-08,2.499525677871123e-06,1.764928901988714e-05,3.037297390707460e-05,1.290111963643662e-05,1.663712503625670e-05,1.685987469809736e-06,4.440858397451419e-04,9.314607942911488e-06,5.259449453153335e-02,1.640083410739323e-03,1.443210996051173e-04,4.479421605319678e-04,6.019582365487010e-01,7.457151859345401e+04,0.000000000000000e+00,2.143276995626991e+03,1.013277930680485e+05,
1.397968464754150e-07,5.674028000883260e+00,1.469299712759927e-01,7.196896294424341e-06,6.938512690916742e-05,5.059187847334863e-04,1.366543379518217e-07,6.109947269416970e-05,1.235467880106213e-02,1.457434927772522e-08,1.323485953442655e-03,8.162368760721985e-11,3.933438179350434e-10,3.431834023288968e-11,1.512332557321444e-09,3.798962124948132e-10,1.128329063313034e-09,2.354449896361114e-09,5.151527520430603e-12,1.762692763407535e-11,1.783852601907334e-11,3.779202262803032e-03,2.360672436217470e-02,1.282117888001047e-10,1.261459481472751e-08,1.656229264759677e-10,5.021839845880465e-09,8.632388077602313e-13,2.891622040112192e-15,4.191255008054251e-09,2.196327474944801e-09,1.139001658489262e-14,3.982854494483438e-12,3.163540114791418e-13,2.873926043474400e-12,9.013525882346367e-14,3.571167735796469e-13,7.487088409548356e-13,1.243631360636843e-14,6.673009175259462e-13,5.384091286153541e-12,1.374056632961910e-17,7.622078199541239e-15,1.393418553851409e-13,3.867847038598049e-17,2.409161891713444e-18,9.313985488713384e-07,6.359817000147653e-06,2.486741163292790e-08,2.832175133948450e-08,1.748046993756740e-08,7.252150118508600e-13,1.644606032507731e-13,1.337242247794426e-12,6.864236766141164e-12,2.611961830945068e-12,1.437454931576450e-12,7.158897774804567e-13,1.053824477847463e-01,7.963211004085472e+03,0.000000000000000e+00,2.346845605654004e+03,1.013250023232184e+05,
1.815425089166727e-07,5.644155872436050e+00,1.490538393580975e-01,1.041992800460552e-05,1.012564635768644e-04,5.934034490871361e-04,1.349649268083150e-07,7.162726956394371e-05,1.235686504614298e-02,2.220875912529368e-08,1.661823232289035e-03,1.373457394852487e-10,5.342214958911003e-10,5.044145561196765e-11,1.904969847507782e-09,4.065395310168624e-10,1.891650283885645e-09,3.230968380678149e-09,7.013197234754638e-12,2.619078206883942e-11,2.355641188869641e-11,4.285197108629223e-03,2.343803653851644e-02,1.765335578565937e-10,1.584603300011729e-08,3.002384442090509e-10,7.236346134410025e-09,6.427311820839222e-13,6.523655476347040e-15,5.183781129647944e-09,2.501936780863385e-09,3.500526178973301e-14,8.786842562890393e-12,9.609783378432051e-13,4.216645656919044e-12,1.840797126091799e-13,5.906375916178280e-13,1.502125118613087e-12,3.982043198494382e-14,1.751972182747981e-12,5.187895766682372e-12,6.046854091558630e-17,3.270960815502118e-14,1.799728455010256e-13,8.336578080821268e-17,4.168796295342117e-18,1.553202196771351e-06,1.070533204838733e-05,3.020360546131745e-08,9.494271940816931e-08,5.995164366739431e-08,1.432144204925406e-12,4.599750513491697e-13,6.602371549572873e-12,8.545901184863990e-12,6.811547330163703e-12,1.461291496045300e-12,1.880766372831926e-12,1.069100859432019e-01,7.930889499506958e+03,0.000000000000000e+00,2.330833938839743e+03,1.013250022497544e+05,
8.755021773815576e-07,5.574632524168595e+00,1.578217636337108e-01,2.870228412502614e-05,2.662876817287470e-04,8.528747431608248e-04,1.914864308378804e-07,1.108904819045038e-04,1.235686586960425e-02,7.228527723280881e-08,2.867944529938717e-03,1.971683572003140e-10,5.623193144526482e-10,5.855268581295521e-11,1.940562818321788e-09,3.973885625361157e-10,6.910657342979171e-09,3.487406721364273e-09,7.371888535630744e-12,3.085142703491211e-11,2.454312871432359e-11,5.932186619543453e-03,2.304827513378413e-02,1.858345642622648e-10,1.603807794050042e-08,5.185849471340852e-10,8.147093380600027e-09,4.404476644212162e-12,3.644492080230858e-14,5.203349640168645e-09,2.489043540023724e-09,2.092658085699915e-13,2.225339435123986e-11,4.264636280961892e-12,3.170970835923979e-12,1.728706892140380e-12,2.169142576409359e-12,5.520145511337826e-12,4.079538996541146e-13,9.944005922126412e-12,1.296264078476026e-11,1.979182565095135e-15,8.371327888747044e-13,1.790404807931056e-13,1.175072925454439e-16,4.532792247016771e-18,2.499235642534034e-06,1.764492761395794e-05,3.027348449793272e-08,1.594286994739171e-06,1.084022256935434e-06,3.682747269117684e-12,7.496631312793397e-12,4.922942643888207e-12,8.532061043498670e-11,3.963333377027105e-11,1.012359036133656e-11,1.104512193073040e-11,1.132194612187501e-01,7.833360412988200e+03,0.000000000000000e+00,2.291182664887092e+03,1.013250234763167e+05,

