1
0
63
1
(4 0
((0,0) (15,255) (0,0))
((0,768) (15,1023) (0,0))
((0,512) (15,767) (0,0))
((0,256) (15,511) (0,0))
)
4
FabOnDisk: SD_0_Old_MF_D_0003 0
FabOnDisk: SD_0_Old_MF_D_0000 0
FabOnDisk: SD_0_Old_MF_D_0001 0
FabOnDisk: SD_0_Old_MF_D_0002 0

4,63
-1.803153595944305e-06,2.072320370196204e+00,1.579063050564426e-01,2.297873379614759e-22,8.362437422430135e-21,1.668861148766686e-16,5.046531113783514e-11,8.438041590987385e-08,1.120885226912621e-08,2.044525513288027e-11,2.878358984192083e-03,0.000000000000000e+00,5.980827616639804e-27,3.965932188619026e-28,6.700532017470008e-13,1.189790880667140e-10,2.645397119577145e-22,3.975187454379893e-11,1.924906759977622e-16,8.905975572284008e-28,4.324669022133494e-12,3.114519474737528e-09,2.044110690852970e-10,3.842389719931996e-33,2.440054048091356e-11,9.387422354032207e-25,2.384552728461500e-10,5.454635974107069e-22,0.000000000000000e+00,1.069006800150663e-26,2.007303348455130e-12,6.206195085043199e-20,1.032146903157820e-22,4.186430628324747e-13,1.128449564278012e-18,0.000000000000000e+00,0.000000000000000e+00,0.000000000000000e+00,0.000000000000000e+00,0.000000000000000e+00,0.000000000000000e+00,0.000000000000000e+00,0.000000000000000e+00,3.176345418200263e-15,1.080170843673860e-16,2.945905984922061e-18,9.275037080883194e-16,3.002635229294954e-16,1.239024472851012e-14,2.875752761894726e-15,5.181667693410509e-15,1.677587411568908e-31,0.000000000000000e+00,0.000000000000000e+00,0.000000000000000e+00,0.000000000000000e+00,0.000000000000000e+00,0.000000000000000e+00,1.132802396148457e-01,3.705964833265685e+03,0.000000000000000e+00,4.430000636153882e+02,1.013177450883840e+05,
-1.571294063749716e-07,5.639272965108814e+00,1.460924073641899e-01,6.119042292459256e-06,5.842789041845442e-05,4.696956781238421e-04,1.349751460311072e-07,5.709520242259790e-05,1.235242360615828e-02,1.212220200069856e-08,1.185398262867068e-03,5.142437797516368e-11,2.724146907054524e-10,2.302279312909369e-11,1.089662122446188e-09,2.984265374175516e-10,8.742878618167864e-10,1.632189213820352e-09,3.556598950479036e-12,1.176291220305950e-11,1.253240469858688e-11,3.572524908160265e-03,2.343905870318806e-02,8.774213173842764e-11,9.052256936847769e-09,1.005938068410182e-10,3.375112434755923e-09,0.000000000000000e+00,0.000000000000000e+00,3.002626744787286e-09,1.626229110566902e-09,2.640221185882720e-15,2.190007633802335e-12,0.000000000000000e+00,3.926522969394828e-13,3.231406075415281e-15,0.000000000000000e+00,0.000000000000000e+00,0.000000000000000e+00,0.000000000000000e+00,0.000000000000000e+00,0.000000000000000e+00,0.000000000000000e+00,7.848222140371102e-14,1.748104053659843e-17,1.200811331340638e-18,5.897646487704100e-07,4.011191050897489e-06,1.801532689542890e-08,1.340114541547382e-08,8.194743654806826e-09,4.266199358154803e-13,0.000000000000000e+00,0.000000000000000e+00,0.000000000000000e+00,0.000000000000000e+00,0.000000000000000e+00,0.000000000000000e+00,1.047791456957500e-01,7.927066446800726e+03,0.000000000000000e+00,2.330932124168730e+03,1.013249977417217e+05,
-1.753732619997268e-07,5.570021766121056e+00,1.469347080978415e-01,7.203389443316909e-06,6.945042224091703e-05,5.061234840731416e-04,1.327214506995291e-07,6.112286740410627e-05,1.235468938699332e-02,1.458921991577154e-08,1.324259451106756e-03,8.175974673572745e-11,3.937817244178237e-10,3.435937334568292e-11,1.513469819698193e-09,3.801261878503980e-10,1.129795650328299e-09,2.357041105403252e-09,5.156375788280681e-12,1.764575608059634e-11,1.785383903723037e-11,3.780365784949624e-03,2.305064466776303e-02,1.283863501280745e-10,1.262851954524226e-08,1.659511495631943e-10,5.027347780806042e-09,0.000000000000000e+00,0.000000000000000e+00,4.195914098040304e-09,2.198356637573570e-09,4.056156146987475e-15,3.992715478805819e-12,0.000000000000000e+00,6.921238934500454e-13,0.000000000000000e+00,0.000000000000000e+00,0.000000000000000e+00,0.000000000000000e+00,0.000000000000000e+00,0.000000000000000e+00,0.000000000000000e+00,0.000000000000000e+00,1.395892981148183e-13,3.879484753025720e-17,2.415112641335875e-18,9.330930022564177e-07,6.371527503221089e-06,2.489393873367432e-08,2.841968375271105e-08,1.754183379740778e-08,7.262059549995065e-13,0.000000000000000e+00,0.000000000000000e+00,0.000000000000000e+00,0.000000000000000e+00,1.217249240821856e-13,0.000000000000000e+00,1.053858571371652e-01,7.834610462172979e+03,0.000000000000000e+00,2.291445430229749e+03,1.013249977909328e+05,
-1.147124600818157e-06,5.316977256239900e+00,1.490667164914437e-01,1.044114390742609e-05,1.014628946291418e-04,5.939021059670303e-04,1.327324993474128e-07,7.169039709600846e-05,1.232620329799112e-02,2.226065325949182e-08,1.663810588302457e-03,1.376040547229470e-10,4.114403195371859e-10,5.050110324021018e-11,1.377141530837484e-09,1.959968631532940e-10,1.896773480242152e-09,2.839309798027789e-09,5.409482873163345e-12,2.622198011473540e-11,1.925408971122814e-11,4.288125275212233e-03,2.219383728644850e-02,1.300842453480725e-10,1.060296870866780e-08,3.009211347957791e-10,6.820385593020171e-09,0.000000000000000e+00,0.000000000000000e+00,2.950182312264324e-09,1.175550664490024e-09,1.837636177505485e-14,8.815793284133184e-12,0.000000000000000e+00,0.000000000000000e+00,0.000000000000000e+00,0.000000000000000e+00,0.000000000000000e+00,0.000000000000000e+00,0.000000000000000e+00,0.000000000000000e+00,0.000000000000000e+00,0.000000000000000e+00,4.657457469816683e-14,8.357411808728343e-17,2.906301036881411e-18,1.556230888859873e-06,1.072677934010550e-05,1.769155181270747e-08,9.551088510344086e-08,6.031847971469668e-08,1.434386150326608e-12,0.000000000000000e+00,0.000000000000000e+00,0.000000000000000e+00,0.000000000000000e+00,0.000000000000000e+00,0.000000000000000e+00,1.069193545232938e-01,5.642633540841732e+03,0.000000000000000e+00,2.144770836658884e+03,1.013249738612071e+05,

4,63
1.596954300936482e-06,5.314618054689022e+00,8.373318608372743e-01,4.989697926602807e-05,4.389170237110465e-04,9.535686228509749e-04,1.180408250654864e-04,3.878868715900665e-04,1.295766421370304e-02,2.137063971168355e-05,1.827790508519381e-01,1.498551502136093e-06,6.670573176088275e-06,7.504616581891486e-07,2.364650851411678e-04,2.685307237000267e-04,2.010123865485728e-05,5.153668630070290e-04,1.483445911550130e-05,9.740837938073025e-07,6.806936337160287e-05,1.436203111472976e-02,2.219106392253063e-02,8.769328992826148e-07,6.511556047293397e-04,2.234327723941958e-05,4.612190410823210e-03,1.014985317188766e-04,4.658306552552022e-04,3.344479677463246e-05,1.139014868757407e-04,1.308481582953255e-07,3.222164999896502e-05,3.761261696778387e-05,1.272949938010878e-05,5.932935505805706e-05,3.187787716466983e-05,4.141950995444716e-05,3.091032795595813e-06,6.525038486115650e-04,1.068263955706388e-05,4.213904664596712e-06,1.158228305643038e-04,1.946668616028428e-05,7.017735010490487e-07,1.715663549377380e-08,2.499427117973795e-06,1.764856316004716e-05,3.041285926570967e-05,1.290751235728848e-05,1.664763095848223e-05,1.680591462297519e-06,4.448047260594909e-04,9.352519117202120e-06,5.259449297432955e-02,1.639376625686635e-03,1.443452830497395e-04,4.474780023711278e-04,6.019582175571042e-01,7.462026129351911e+04,0.000000000000000e+00,2.143375206060081e+03,1.013278221455606e+05,
1.281887229645093e-07,5.668977517231136e+00,1.469297476739807e-01,7.196598587062753e-06,6.938209969092558e-05,5.059093394282155e-04,1.366544563040844e-07,6.109842013465592e-05,1.235467882333896e-02,1.457365920940354e-08,1.323448825176023e-03,8.161504812010706e-11,3.933112404961478e-10,3.431528924134808e-11,1.512242004777489e-09,3.798775401698209e-10,1.128256651918479e-09,2.354263822956196e-09,5.151137431577279e-12,1.762541804016907e-11,1.783723334462050e-11,3.779146835780710e-03,2.360676634848229e-02,1.282000639530414e-10,1.261357403922782e-08,1.656057306694593e-10,5.021574285118381e-09,8.482694188317536e-13,2.950639842565274e-15,4.190912693352365e-09,2.196170023337871e-09,1.117063260785996e-14,3.982296845019899e-12,2.954488049129331e-13,2.921604203829294e-12,9.471156495034480e-14,3.627058740779073e-13,7.606273901370733e-13,1.236393628112446e-14,6.544751495540307e-13,5.209958896127925e-12,1.346447819473791e-17,7.779928576853682e-15,1.393223613407541e-13,3.867086332478625e-17,2.408748147689580e-18,9.312926130600432e-07,6.359087114144343e-06,2.486544903947289e-08,2.831638490688919e-08,1.747711496611887e-08,7.251245395310491e-13,1.329961102714941e-13,2.188607409078193e-12,6.607444732075836e-12,2.871705873219193e-12,1.406330393314173e-12,7.873110851745325e-13,1.053822871476102e-01,7.963136938067777e+03,0.000000000000000e+00,2.346847828748167e+03,1.013250025068646e+05,
1.878824044667716e-07,5.639107320663903e+00,1.490530617807254e-01,1.041867653916542e-05,1.012441757835362e-04,5.933738903851925e-04,1.349652898567101e-07,7.162360230515618e-05,1.235686858820334e-02,2.220567477094551e-08,1.661702604655889e-03,1.373284794993032e-10,5.341913346968080e-10,5.043719602128885e-11,1.904913410193836e-09,4.065267629194417e-10,1.891342590913065e-09,3.230773985662141e-09,7.012877909544521e-12,2.618872333742743e-11,2.355556326241696e-11,4.285021792869879e-03,2.343808115377125e-02,1.765224835707007e-10,1.584543834661392e-08,3.001870734192528e-10,7.235632015450173e-09,1.029008220432767e-12,6.324899787075904e-15,5.183647693676943e-09,2.501870064129192e-09,3.674328101785173e-14,8.784841129292435e-12,1.021294527355437e-12,4.228643817837542e-12,1.837864144540464e-13,6.122141800350326e-13,1.435654416699721e-12,3.391819449239760e-14,1.486221189728494e-12,6.249186749329249e-12,5.085926972427995e-17,2.852143764163770e-14,1.799641265001670e-13,8.334919714442817e-17,4.168262168817535e-18,1.552978027096092e-06,1.070375300140295e-05,3.020248091368308e-08,9.490634129305209e-08,5.992819479173876e-08,1.431884835308185e-12,4.217712497815419e-13,6.360001428265945e-12,8.947544097933392e-12,7.414236451677005e-12,1.459384437413421e-12,2.046429017443414e-12,1.069095275724151e-01,7.930890240052829e+03,0.000000000000000e+00,2.330838193837881e+03,1.013250024102149e+05,
1.035402496382414e-06,5.569596238863990e+00,1.578147363125877e-01,2.868929912602707e-05,2.661745796075286e-04,8.527792973522975e-04,1.914146933613689e-07,1.108728155486508e-04,1.235686947473143e-02,7.224511753711995e-08,2.867237684974379e-03,1.971483627895897e-10,5.622990505180036e-10,5.856455683978093e-11,1.942879624582324e-09,3.974398371990297e-10,6.906782050071112e-09,3.487052917594728e-09,7.371789665746485e-12,3.085283311378045e-11,2.454194279100067e-11,5.931345258896958e-03,2.304839759492915e-02,1.858279739418516e-10,1.603760278132216e-08,5.186068590360512e-10,8.143245941473593e-09,5.918559046168904e-12,3.779039881060110e-14,5.203145413491743e-09,2.489006904198758e-09,1.842511912935273e-13,2.225391050826145e-11,3.621045870546513e-12,4.180971586214531e-12,1.501888980190958e-12,1.892525758366201e-12,5.482784100740544e-12,4.629881281702828e-13,1.112078816369803e-11,1.680771765740539e-11,2.323393156862527e-15,8.103598989930420e-13,1.790360017971913e-13,1.174988414935574e-16,4.532491863590986e-18,2.499115639126494e-06,1.764395980161125e-05,3.027267995820957e-08,1.591982197941795e-06,1.082412638973163e-06,3.682849505469786e-12,6.879250378227952e-12,5.182562910507590e-12,1.533266134375374e-10,2.862385845415090e-11,8.767697929213962e-12,8.195482667300451e-12,1.132144486944886e-01,7.833426699793277e+03,0.000000000000000e+00,2.291196794748957e+03,1.013250232178261e+05,

