1
0
56
1
(4 0
((0,0) (15,255) (0,0))
((0,768) (15,1023) (0,0))
((0,512) (15,767) (0,0))
((0,256) (15,511) (0,0))
)
4
FabOnDisk: SD_5_New_MF_D_0003 0
FabOnDisk: SD_5_New_MF_D_0000 0
FabOnDisk: SD_5_New_MF_D_0001 0
FabOnDisk: SD_5_New_MF_D_0002 0

4,56
-7.638130016494486e+00,-1.595448000553558e+01,-2.596918195940120e+01,-6.046779977585532e+00,-8.107114964044234e+00,-8.311170259845142e+00,-1.143277442166849e+00,-6.281425289810978e+02,-2.695214062879347e-01,-7.902305029935305e-01,-8.996709640053589e-02,-1.376098502933269e+01,-1.256377630520624e+01,-1.384251444196692e+00,-9.415320918667835e+00,-4.532233068207734e-01,-7.084230518964039e-02,-2.762571994594657e+00,-1.325200617952099e+02,4.324950228680458e-18,-9.781751210033063e-02,-4.932265898352390e+01,-1.825439819055571e+00,-2.017989403387611e+02,-7.754507179477105e+00,-2.433592750093598e+01,-4.566233438943389e+00,-2.842124427724357e+00,-8.900655527201762e-03,-2.000729437509092e+00,-1.575231208798017e+00,-9.414389407298358e-01,-3.863980523536052e+00,-2.261909498332757e+00,-3.263583320809418e+00,-2.190231333051073e-01,-3.276462663740280e+01,-4.656134678526666e-01,-3.179423201688404e-01,-8.576415225770461e+00,-1.007395538356703e+00,-1.656934289074936e-02,-6.804212995585769e-04,-8.464730154933921e-02,-1.815576500031198e-01,-2.123958934814270e+00,-7.045377434024351e-02,-4.170606246855310e-01,-1.368266064718612e-01,-2.508230816408884e+01,-4.695649723995816e-01,-5.860334190141170e+02,-9.094115224320728e+01,-9.560499927731492e+00,-2.515521794678826e+01,-8.766392056713812e-10,
-4.088017282181998e-03,-2.995167703569430e-02,-8.828664267498944e-02,1.323551088946965e-07,-1.099917103917793e-02,1.033682807074079e-01,-6.669959644963136e-06,-3.352926311778302e-01,-9.931317314721633e-08,-3.988720114674332e-07,-5.564806878139704e-08,-5.588178685429625e-06,-2.862539846009210e-07,-6.738563137570442e-07,-2.462072392740295e-06,-7.476440279229093e-09,-3.020973877299709e-08,-2.379604383616574e-08,-4.762793149757967e-01,2.593930303186716e-01,-8.950192498475428e-08,-8.579801553549016e-06,-2.858746817852104e-07,-1.249504043546361e-05,-3.510018081757823e-06,-4.969072323115567e-09,-3.781312333321036e-06,-1.253398552321220e-06,-1.364797987625939e-08,-6.924073848105256e-09,-1.054518731308435e-06,-4.326319060807922e-07,-2.479696217244216e-08,-2.073793629468019e-07,-3.956862109172867e-07,-7.987300596400678e-09,-4.952583363025375e-07,-7.401412965689573e-06,-1.119349222110505e-11,-4.591753517865784e-09,-1.035408766571257e-10,-4.978802532084207e-14,-2.496266830426019e-15,-7.188507999061515e-04,-4.972877191054500e-03,-1.278330518971571e-05,-4.336352521100156e-05,-2.719460709371114e-05,-1.785858213983495e-09,-8.023560240142768e-08,-3.872113909651615e-06,-4.672768055593561e-06,-7.826139748926441e-07,-4.169660826353981e-07,-2.182039719346463e-07,-4.545148979406832e-11,
-1.224967700226888e-02,-9.167520670968433e-02,-2.014302290449535e-01,3.180147286955485e-06,-2.875708381924073e-02,1.833299596498283e-01,-2.254875901955671e-05,-8.143832611452686e-01,-1.930047102948169e-07,-6.106085043760127e-07,-8.030889404441712e-08,-5.548596037191548e-06,-1.504706300229039e-07,-2.223467266274101e-06,-4.617443339346219e-06,-1.324419269556969e-08,-5.785008273741948e-08,-4.575208807413850e-08,-1.126364160439111e+00,7.697960332841456e-01,-1.133104833649676e-07,-8.140054386979439e-06,-7.050910336726259e-07,-2.757797321927586e-05,-1.303398354174401e-05,-8.835381804069502e-09,-2.076567094660466e-06,-8.725863255273659e-07,-5.029528267985479e-08,-2.051128510536229e-08,-3.218062977478145e-06,-5.685797350934658e-07,-1.102760865852513e-07,-4.311912138847121e-07,-7.870227320217092e-07,-4.125332743292174e-08,-1.250408930903960e-06,-9.682612840966921e-06,-1.014395110892602e-10,-4.878776340637228e-08,-1.001330457083328e-10,-8.124576214288395e-14,-2.697259868434781e-15,-1.195446136430299e-03,-8.492248722769203e-03,-1.063396529787879e-05,-2.464022402017677e-04,-1.593309897664019e-04,-9.025084325398553e-09,-2.987623533724441e-07,-6.041343492302716e-06,-7.641514832743814e-06,-3.902959487549889e-06,-1.189270976063229e-06,-1.083645569738436e-06,-4.965117206268133e-11,
-1.468230731555101e-01,-7.522140711047951e-01,-5.448843180482335e-01,-4.892214152766636e-04,-1.409107438507617e-01,4.839968900844887e-01,-2.621567688192511e-04,-3.842806005427585e+00,-6.653648081828406e-07,-1.389778275953592e-06,-3.874925603976802e-07,-3.699954694431263e-05,-2.820617658559002e-07,-2.682965900154128e-05,-1.128677502505277e-05,-4.165008001761321e-08,-2.741029434982996e-07,-1.516248019747675e-07,-4.402173219570379e+00,1.810179582704473e+00,-9.075800497084359e-08,-5.271304771660184e-06,-6.008650437187776e-06,-2.039441848852721e-04,-1.598327707682807e-05,-4.420688954405620e-08,-4.276860419657804e-07,3.657550434651446e-07,-1.262556753074670e-07,-1.463793041183636e-07,-5.432684024833206e-06,-8.198590693698764e-07,-1.384875304856087e-06,-5.085146326880253e-06,-2.036637147867892e-05,-6.022330429768397e-07,-2.257595331853966e-05,-2.564934609809620e-05,-3.717330578529174e-09,-1.632956476273652e-06,-3.064396872444817e-10,-1.279546338476456e-12,-3.224546281352863e-14,-1.408067196610280e-03,-1.038173205161086e-02,5.829529818548917e-07,-1.389822059308998e-02,-9.694487950262943e-03,-8.046375607138922e-07,-2.338568029981649e-05,-1.062664834030165e-05,-3.698949177551933e-04,-1.435387573787216e-04,-2.520552895046467e-05,-4.000251336942632e-05,-1.228839252576108e-10,

4,56
5.662776045182921e+00,2.889340017224064e+01,4.339429579985563e+01,7.560568853190999e+00,1.354170675086234e+01,3.123985285480079e+02,6.266849127260412e-01,5.410382200921049e-06,6.398066312539570e-01,1.392992982495446e+00,1.659961980656544e-01,2.595299174030297e+01,1.600033197921000e+01,1.930430966298175e+00,1.547159403902334e+01,4.128127812211875e-01,1.308528652335856e-01,2.727266976550103e+00,4.597994920081337e+02,2.798544852020611e+02,2.099434181219867e-01,6.078992205896282e+01,3.905231487944965e+00,3.026724255541566e+02,1.263712726349615e+01,2.606352416705191e+01,8.769813350834898e+00,3.504152773852080e+00,1.590023909835505e-02,3.741690328864042e+00,2.306706048402468e+00,1.111019170860312e+00,3.969376945005495e+00,2.311420119785289e+00,3.980761460889843e+00,1.991179370598909e-01,3.397982741358248e+01,9.971427552578407e-01,5.869245227077434e-01,7.997190861606789e+00,1.566991599826353e+00,4.314790631691563e-02,1.112891232703651e-03,7.749344179679017e-02,4.066328921628523e-01,2.502053721122171e+00,4.770527076998169e-01,7.054695674744845e-01,1.899666558053581e-01,1.613718283462720e+01,7.328390849739534e-01,1.172942985692067e-01,8.953732205006217e+01,1.472092314346217e+01,2.520080972429233e+01,3.412878868402913e-10,
-1.895001165465534e-03,-1.156628732904219e-02,-3.195872163315777e-02,6.392332698723415e-06,-5.935763396877539e-03,1.827574839354074e-01,-1.701523381289011e-06,-1.542756737780498e-01,-3.599522061702692e-08,-1.143989959828847e-07,-4.089354223515578e-09,8.463779463014807e-07,-7.987744795606261e-08,-1.861561381471555e-07,-8.820599384448201e-07,-7.212839390934657e-10,-2.119227571182443e-09,-4.205721547502314e-09,-1.575362195111430e-01,7.675084007427787e-01,-5.559331570881734e-08,-5.047749182252380e-06,-2.638752582405267e-08,5.083849864713215e-07,1.716349828334159e-06,1.563229836652073e-09,-1.735844593932306e-06,-7.652390547584016e-07,3.243420091195334e-09,-1.464708738249018e-09,6.826389471552705e-08,5.855419007805651e-07,1.048048811275388e-07,5.308045475498478e-07,1.313457566465627e-06,2.518324788288702e-08,1.599054142253050e-06,1.385093536805033e-05,3.255714605446260e-11,1.415617545441732e-08,-9.171472883124672e-11,-2.230276245090797e-14,-1.502166208483200e-15,-4.518855120979802e-04,-3.079769499724006e-03,-1.064313816088158e-05,-1.166598779758484e-05,-7.147216264068315e-06,4.766800114504428e-09,3.170952399421107e-07,4.892184354572758e-06,1.227674827475175e-05,5.064920156117302e-06,7.422852654353134e-07,1.405644340783967e-06,4.504688289053149e-11,
-3.680822778252935e-03,-3.005776519947506e-02,-8.853603196180129e-02,7.545809758096949e-06,-1.103457779687297e-02,4.817802005265185e-01,-6.695724911382660e-06,-3.363062874060153e-01,-5.061969613277862e-08,-1.139410771731294e-09,1.499350470950939e-08,2.222074999825898e-06,1.439471170002950e-07,-6.307781011218360e-07,-4.700294273571329e-07,1.325696501256923e-09,2.087669234713489e-09,3.405469855005620e-09,-4.777102272321622e-01,1.803198787307045e+00,-3.674172305819932e-08,-5.906916421786444e-07,5.780783184761795e-08,4.834860688255505e-06,2.380156085180486e-06,3.421655192933393e-09,1.408896790705723e-07,5.561409018611136e-07,1.110690757833844e-08,-2.709680872930270e-09,2.393427866647050e-07,7.317751103114795e-07,3.466308796838702e-07,1.125916180202927e-06,3.230843856274202e-06,8.393582453097847e-08,3.519383190356439e-06,1.353479651130904e-05,1.154607301811149e-10,6.728319246490920e-08,5.483322563457173e-11,-4.972008470998127e-14,-1.837014923044942e-15,-7.202547261496692e-04,-4.982918165569076e-03,5.263339493854408e-07,-4.358993438931147e-05,-2.733906378365633e-05,1.684046303647393e-08,8.346997728347808e-07,2.069576268328045e-05,1.904835591305634e-05,1.442048842912682e-05,2.833465936678437e-06,4.001143092113495e-06,3.432232276168179e-11,
-1.232172152803968e-02,-9.217101423795654e-02,-2.021611638862851e-01,3.085288039988783e-06,-2.888730721370029e-02,2.876286429890658e+00,-2.268591897197922e-05,-8.177346895779545e-01,1.710716287903125e-06,6.070185822002243e-06,1.199637316771942e-06,9.000177778565380e-05,2.239855042839315e-06,-2.096018138746172e-06,3.945243497108903e-05,1.401019475110103e-07,7.841856243272377e-07,4.711536502930898e-07,-1.130757429529840e+00,6.968429872992151e+00,6.712914235017215e-07,5.298513100957643e-05,1.170223934738627e-05,4.171770154718344e-04,1.176296173690063e-05,4.463688641436706e-08,1.521855420061900e-05,5.476768129663296e-06,6.607415305292207e-08,3.033708659811405e-07,2.898440956593764e-06,2.193582720055108e-06,1.724556712959192e-06,2.540975826321910e-06,7.863282679652631e-06,6.859203813124205e-07,1.653531354686578e-05,2.862327067740526e-05,3.745727504453928e-09,1.164648029339287e-06,3.745370394146932e-10,1.945328216029539e-13,1.033535014165550e-14,9.435333951762113e-04,6.481214944558025e-03,6.214459182121327e-05,-2.486748173841615e-04,-1.608339540465173e-04,3.547348641033203e-07,7.519740712183505e-06,1.556103264273337e-05,2.168574403024208e-04,5.739909156261098e-05,9.854653130342054e-06,1.596959099895861e-05,1.595368281925857e-10,

