1
0
56
1
(4 0
((0,0) (15,255) (0,0))
((0,768) (15,1023) (0,0))
((0,512) (15,767) (0,0))
((0,256) (15,511) (0,0))
)
4
FabOnDisk: SD_5_Old_MF_D_0003 0
FabOnDisk: SD_5_Old_MF_D_0000 0
FabOnDisk: SD_5_Old_MF_D_0001 0
FabOnDisk: SD_5_Old_MF_D_0002 0

4,56
-7.638474770480708e+00,-1.590277001439623e+01,-2.595258972618094e+01,-6.045854578287787e+00,-8.092240563955372e+00,-8.303625657977841e+00,-1.148636349230158e+00,-6.287570108192858e+02,-2.692572022380057e-01,-7.914464306496773e-01,-8.947376137099469e-02,-1.378053554618216e+01,-1.253554044234950e+01,-1.379720908226631e+00,-9.392576740658249e+00,-4.543804625730349e-01,-7.108481137812442e-02,-2.768774124309056e+00,-1.325055834910421e+02,4.643434616848074e-18,-9.728811820078639e-02,-4.949398072458390e+01,-1.834883699068060e+00,-2.013126261302949e+02,-7.731681189133637e+00,-2.442674454419543e+01,-4.589482674153538e+00,-2.844643064516561e+00,-8.933043431745937e-03,-2.010209392896297e+00,-1.579262946495179e+00,-9.390285873833057e-01,-3.864725854328694e+00,-2.262446519622597e+00,-3.263664182723299e+00,-2.196581282094979e-01,-3.282938685128531e+01,-4.653585813058066e-01,-3.189812245544230e-01,-8.612563545151250e+00,-1.007199345360602e+00,-1.657526690424856e-02,-6.808479097268208e-04,-8.475797035978679e-02,-1.791987514425149e-01,-2.133485198122763e+00,-7.047238184231211e-02,-4.164955954194073e-01,-1.361908918009629e-01,-2.504240080539855e+01,-4.665779073362573e-01,-5.835516846192407e+02,-9.053221292960681e+01,-9.499995955313981e+00,-2.507184333929533e+01,-4.069420356245246e-10,
-4.089395092140188e-03,-2.994712420169775e-02,-8.827523579764290e-02,1.345084410764801e-07,-1.099849472686583e-02,1.033386266166409e-01,-6.668535079005654e-06,-3.352298029416068e-01,-9.511797607077271e-08,-3.812616777502783e-07,-5.443453266474845e-08,-4.650746417582608e-06,-2.751045068556032e-07,-6.739273906646865e-07,-2.459772398510746e-06,-7.060130689013282e-09,-2.885348835410130e-08,-2.334707495113454e-08,-4.761581305221878e-01,2.591666475959341e-01,-8.827040793765567e-08,-8.936111085845087e-06,-2.615509054118715e-07,-1.110630726908751e-05,-4.180946046254132e-06,-3.866455506119781e-09,-3.797273382563514e-06,-1.263885860082482e-06,-1.108464136041220e-08,-6.407040640975138e-09,-8.762188441072239e-07,-4.200180818902265e-07,-1.959116652941501e-08,-1.858563761846827e-07,-4.103442155312842e-07,-1.006159738979623e-08,-7.269727958417952e-07,-9.180177230515871e-06,-1.482882549689917e-11,-4.393350904605804e-09,-1.041184784497679e-10,-4.972284634318416e-14,-2.492646674736787e-15,-7.187686717303011e-04,-4.972287570329345e-03,-1.278371051729105e-05,-4.335017717183065e-05,-2.718613947523364e-05,-1.757183564090921e-09,-7.147379774879756e-08,-3.879125073649671e-06,-4.991883911276849e-06,-8.234584766087210e-07,-4.064242123672481e-07,-2.284950660862401e-07,-4.654675256343666e-11,
-1.224723589514543e-02,-9.164710112830124e-02,-2.013874944865864e-01,3.187044226023771e-06,-2.875064928916376e-02,1.833211233114652e-01,-2.254058405793402e-05,-8.141682944560111e-01,-1.903627599490274e-07,-6.150880403324329e-07,-1.159939221984639e-07,-6.891922537932875e-06,-1.557409109004922e-07,-2.226021916932724e-06,-4.233812410361426e-06,-1.279131064351801e-08,-6.167145079052479e-08,-4.150212762973459e-08,-1.126034621833066e+00,7.695927871040258e-01,-1.183197152309715e-07,-8.358843905146729e-06,-7.439885488902036e-07,-3.001882600543611e-05,-7.997913863042887e-06,-1.051364661071432e-08,-2.127484793026757e-06,-8.931717558333162e-07,-4.081804647643475e-08,-2.141710459419926e-08,-2.496899351042772e-06,-1.096776783847782e-06,-1.082389902801711e-07,-3.114612100030458e-07,-6.421016060326737e-07,-4.160159594542381e-08,-1.354155272246413e-06,-9.631550138677885e-06,-1.047674443144012e-10,-4.369733373173161e-08,-1.001783138996504e-10,-8.122138712219273e-14,-2.702473967998689e-15,-1.195293923361836e-03,-8.491067362735912e-03,-1.063703553182769e-05,-2.462596015425892e-04,-1.592374548295290e-04,-1.170221209737731e-08,-2.733988813458781e-07,-6.839144681795913e-06,-8.392915747777887e-06,-3.632673423911103e-06,-8.884738469669921e-07,-1.011301024392823e-06,-4.076705639732836e-11,
-1.465979895953129e-01,-7.520018100422046e-01,-5.454179219065036e-01,-4.886583554458135e-04,-1.407587864272566e-01,4.838964526523706e-01,-2.619916041858001e-04,-3.840191852914286e+00,-7.854811214285187e-07,-1.310087947717777e-06,-5.924236208412500e-07,-5.367805759752560e-05,-2.649065987074345e-07,-2.678963036553498e-05,-1.146976974971632e-05,-4.133548410785579e-08,-2.598478076993337e-07,-1.340076393449620e-07,-4.403017034101099e+00,1.809670671673673e+00,-8.495608287599217e-08,-4.832736601958950e-06,-9.591395696745691e-06,-2.686419426132213e-04,-1.619116913396867e-05,-6.246772638859522e-08,-3.486892188887893e-07,3.891780071698426e-07,-2.523139693791846e-07,-1.594774203987570e-07,-9.305648820885636e-06,-1.564953775835035e-06,-2.637734529805269e-06,-6.448461594899776e-06,-1.538967418156004e-05,-5.031524796531484e-07,-1.536948899032856e-05,-2.665661904473234e-05,-3.654360127916929e-09,-1.692529372048440e-06,-2.906516224906402e-10,-1.247461157232831e-12,-3.120562675523834e-14,-1.408008426101378e-03,-1.038134554233173e-02,5.888960597533059e-07,-1.387457336838321e-02,-9.677484031394533e-03,-5.441733523320370e-07,-1.445853852509626e-05,-9.798206005657814e-06,-4.064714105716898e-04,-1.203077108274219e-04,-3.252564364591623e-05,-3.354105603348605e-05,-1.264455207206083e-10,

4,56
5.658966638057874e+00,2.896432783311816e+01,4.333762132769283e+01,7.555923233376384e+00,1.354803317506848e+01,3.120137558686535e+02,6.274323545231657e-01,5.173054439921998e-06,6.343446463876826e-01,1.401371421207531e+00,1.655834598984283e-01,2.599441609927418e+01,1.598381575016116e+01,1.923975481307855e+00,1.551061426849735e+01,4.150694738989689e-01,1.310796206881006e-01,2.730399986995931e+00,4.604558988509447e+02,2.799099745372333e+02,2.081322222015684e-01,6.098930508094451e+01,3.912837059942913e+00,3.014791434290450e+02,1.277120753026374e+01,2.600730216145523e+01,8.744043555680763e+00,3.513659908454086e+00,1.591190562043089e-02,3.771156548717292e+00,2.323692903240302e+00,1.106482330690429e+00,3.968092754832151e+00,2.324802175144056e+00,3.955639243989793e+00,1.991688371396916e-01,3.425407167796548e+01,1.011411182756838e+00,5.858475812320577e-01,7.975158810896478e+00,1.568877145461414e+00,4.333766254568155e-02,1.116150840892446e-03,7.705748864209663e-02,4.059104205669579e-01,2.493315588405102e+00,4.758359183333364e-01,7.054351642486750e-01,1.883119186318982e-01,1.608971030763878e+01,7.415691217483301e-01,1.128065394887905e-01,8.861559390258728e+01,1.469455718657768e+01,2.496256228072769e+01,4.824869392905384e-10,
-1.893271717054542e-03,-1.156441759228339e-02,-3.195314503299344e-02,6.392577371135101e-06,-5.938174425636262e-03,1.827492659480298e-01,-1.700885711387905e-06,-1.542265512188963e-01,-3.661804296466877e-08,-1.192556307683553e-07,-3.714326286161674e-09,9.880002181682744e-07,-7.872471079010736e-08,-1.795277156290188e-07,-9.200180690304422e-07,-3.618294709199963e-10,4.677942563081958e-10,-3.973525921121894e-09,-1.573926272225390e-01,7.673156741042757e-01,-5.696208682845896e-08,-4.868056671942550e-06,-2.911495212637600e-08,1.328866787103666e-06,1.530864321109247e-06,1.894120348189959e-09,-1.653085896015216e-06,-7.614033871965045e-07,4.008668307796490e-09,-1.471993881883966e-09,6.927969694223112e-08,4.609981318501728e-07,1.052663641237053e-07,5.702108306558757e-07,1.378823771185180e-06,2.278190887187863e-08,1.481425367882476e-06,1.124129457257515e-05,3.004412258241083e-11,1.392675112555145e-08,-9.178899860086820e-11,-2.226817659668197e-14,-1.501303078940601e-15,-4.518511818767475e-04,-3.079437025314399e-03,-1.064400250379633e-05,-1.166329568223177e-05,-7.145627999492137e-06,3.874306338313431e-09,2.621146837089029e-07,5.778425434292218e-06,1.449768051814233e-05,4.347710725181045e-06,8.678982570401193e-07,1.205613943649273e-06,4.265240938217119e-11,
-3.681288802962472e-03,-3.005248250300294e-02,-8.852372067971119e-02,7.546109084676749e-06,-1.103382009891823e-02,4.816772487831266e-01,-6.694133032172199e-06,-3.362399749498571e-01,-4.811341268994424e-08,-2.788685995406826e-08,1.755906216321665e-08,1.984594899025591e-06,1.419944160833165e-07,-6.252669400734042e-07,-3.344199832745239e-07,1.061265982176975e-09,2.511127554871726e-09,3.592646838611435e-09,-4.775825155543409e-01,1.802675964607249e+00,-3.856817398242554e-08,-9.642964802819368e-07,5.253218995856303e-08,5.025101635979410e-06,2.098625675607000e-06,2.935897440409157e-09,1.427652185531554e-07,5.585312091635787e-07,1.222720754116332e-08,-2.758972017605725e-09,2.609883016329288e-07,6.855037187869718e-07,3.217566448662745e-07,1.019800355099891e-06,2.710874400495878e-06,7.173393959317798e-08,3.136185133179308e-06,1.757703439333684e-05,1.228853857486807e-10,6.620126473955609e-08,5.500333453434875e-11,-4.941417362499377e-14,-1.831077566700483e-15,-7.201679347616900e-04,-4.982298009485880e-03,5.195342511764612e-07,-4.357609940902329e-05,-2.733035610481093e-05,1.991236380265222e-08,9.559801897449736e-07,1.315682531343518e-05,1.918438904822887e-05,1.570704621646058e-05,3.127178219003825e-06,4.357506189056503e-06,4.025163535814613e-11,
-1.231935911021859e-02,-9.214373847414745e-02,-2.021189579185854e-01,3.090359770594399e-06,-2.888108542661431e-02,2.873272458857425e+00,-2.267797990267878e-05,-8.175254293262062e-01,1.612872108435076e-06,5.254120074143867e-06,7.602060576659436e-07,5.235005121849469e-05,2.221802885412410e-06,-2.053372559360752e-06,3.806822133839174e-05,1.171910340193740e-07,6.080328787471239e-07,4.138422503080502e-07,-1.130436880828142e+00,6.969762433791415e+00,6.200439172160253e-07,5.296108437534911e-05,6.810077732771694e-06,2.999444395653013e-04,1.278119602628840e-05,5.459053443832637e-08,1.548392837149953e-05,6.891335208908954e-06,5.021869111059156e-08,2.439907647129096e-07,1.733578060929369e-06,2.353524518770568e-06,1.906914955957947e-06,3.668944158938867e-06,1.410714541045454e-05,6.577125521398587e-07,1.422285434516906e-05,4.352436344780440e-05,4.590279434409277e-09,1.093815136356685e-06,3.735571747924896e-10,1.946305766954305e-13,1.033153294087166e-14,9.387606277781997e-04,6.444469096611231e-03,6.215094396828885e-05,-2.485376489367893e-04,-1.607425413158092e-04,6.132118885514762e-07,1.578131201935479e-05,1.859703131454137e-05,2.868315611661407e-04,4.885569713526703e-05,1.393314373095007e-05,1.358244430186594e-05,1.247086878208847e-10,

