0.000000000000000000e+00 9.999999979388463078e-01
6.688963210702340845e-02 9.999999988833079279e-01
1.337792642140468169e-01 9.999999977377526106e-01
2.006688963210702115e-01 9.999999965388595147e-01
2.675585284280936338e-01 9.999999952607947495e-01
3.344481605351170561e-01 9.999999938755796958e-01
4.013377926421404229e-01 9.999999923525337842e-01
4.682274247491638453e-01 9.999999906574671416e-01
5.351170568561872676e-01 9.999999887518444819e-01
6.020066889632106344e-01 9.999999865918022257e-01
6.688963210702341122e-01 9.999999841269606726e-01
7.357859531772574790e-01 9.999999812991403614e-01
8.026755852842808459e-01 9.999999780407553551e-01
8.695652173913043237e-01 9.999999742729447361e-01
9.364548494983276905e-01 9.999999699033543799e-01
1.003344481605351168e+00 9.999999648235055050e-01
1.070234113712374535e+00 9.999999589056759453e-01
1.137123745819397902e+00 9.999999519990120378e-01
1.204013377926421269e+00 9.999999439251803235e-01
1.270903010033444858e+00 9.999999344727696915e-01
1.337792642140468224e+00 9.999999233908296592e-01
1.404682274247491591e+00 9.999999103809505963e-01
1.471571906354514958e+00 9.999998950877199144e-01
1.538461538461538325e+00 9.999998770872218223e-01
1.605351170568561692e+00 9.999998558730421871e-01
1.672240802675585281e+00 9.999998308394116853e-01
1.739130434782608647e+00 9.999998012605825215e-01
1.806020066889632014e+00 9.999997662659629860e-01
1.872909698996655381e+00 9.999997248097405311e-01
1.939799331103678748e+00 9.999996756339295523e-01
2.006688963210702337e+00 9.999996172233704961e-01
2.073578595317725703e+00 9.999995477507854780e-01
2.140468227424749070e+00 9.999994650097190352e-01
2.207357859531772437e+00 9.999993663326226523e-01
2.274247491638795804e+00 9.999992484905858570e-01
2.341137123745819171e+00 9.999991075707003185e-01
2.408026755852842538e+00 9.999989388257976008e-01
2.474916387959865904e+00 9.999987364902894749e-01
2.541806020066889715e+00 9.999984935542819420e-01
2.608695652173913082e+00 9.999982014863447732e-01
2.675585284280936449e+00 9.999978498930482962e-01
2.742474916387959816e+00 9.999974261006676635e-01
2.809364548494983183e+00 9.999969146408665965e-01
2.876254180602006549e+00 9.999962966181231705e-01
2.943143812709029916e+00 9.999955489313208101e-01
3.010033444816053283e+00 9.999946433153078518e-01
3.076923076923076650e+00 9.999935451605580505e-01
3.143812709030100017e+00 9.999922120587720897e-01
3.210702341137123383e+00 9.999905920101612722e-01
3.277591973244147194e+00 9.999886212130946195e-01
3.344481605351170561e+00 9.999862213377739284e-01
3.411371237458193928e+00 9.999832961626322625e-01
3.478260869565217295e+00 9.999797274232374855e-01
3.545150501672240662e+00 9.999753696881874543e-01
3.612040133779264028e+00 9.999700440322729644e-01
3.678929765886287395e+00 9.999635302232335876e-01
3.745819397993310762e+00 9.999555570707443497e-01
3.812709030100334129e+00 9.999457905038123817e-01
3.879598662207357496e+00 9.999338188394440996e-01
3.946488294314381307e+00 9.999191345790265917e-01
4.013377926421404673e+00 9.999011119119703972e-01
4.080267558528428040e+00 9.998789789122670690e-01
4.147157190635451407e+00 9.998517831757047780e-01
4.214046822742474774e+00 9.998183493499384067e-01
4.280936454849498141e+00 9.997772266480376979e-01
4.347826086956521507e+00 9.997266239898503493e-01
4.414715719063544874e+00 9.996643298675632616e-01
4.481605351170568241e+00 9.995876133616705683e-01
4.548494983277591608e+00 9.994931019124765337e-01
4.615384615384614975e+00 9.993766304537122780e-01
4.682274247491638342e+00 9.992330553020771777e-01
4.749163879598661708e+00 9.990560247333071242e-01
4.816053511705685075e+00 9.988376964217637877e-01
4.882943143812708442e+00 9.985683898355086630e-01
4.949832775919731809e+00 9.982361592313954146e-01
5.016722408026756064e+00 9.978262700637761107e-01
5.083612040133779431e+00 9.973205584158796322e-01
5.150501672240802797e+00 9.966966495475019228e-01
5.217391304347826164e+00 9.959270079692162936e-01
5.284280936454849531e+00 9.949777878852678059e-01
5.351170568561872898e+00 9.938074498804452261e-01
5.418060200668896265e+00 9.923651081545482588e-01
5.484949832775919631e+00 9.905885736624450155e-01
5.551839464882942998e+00 9.884020640265460678e-01
5.618729096989966365e+00 9.857135636684990487e-01
5.685618729096989732e+00 9.824118408278843528e-01
5.752508361204013099e+00 9.783631666403980187e-01
5.819397993311036466e+00 9.734078408722469655e-01
5.886287625418059832e+00 9.673567154970773574e-01
5.953177257525083199e+00 9.599880270101385227e-01
6.020066889632106566e+00 9.510450052886993966e-01
6.086956521739129933e+00 9.402349208341131970e-01
6.153846153846153300e+00 9.272304561201357709e-01
6.220735785953176666e+00 9.116745225414421006e-01
6.287625418060200033e+00 8.931898587732487460e-01
6.354515050167223400e+00 8.713948829610221880e-01
6.421404682274246767e+00 8.459272370428336796e-01
6.488294314381271022e+00 8.164761059430711843e-01
6.555183946488294389e+00 7.828234926581053577e-01
6.622073578595317755e+00 7.448929044575652858e-01
6.688963210702341122e+00 7.028011062391815722e-01
6.755852842809364489e+00 6.569045926538971125e-01
6.822742474916387856e+00 6.078273391802095915e-01
6.889632107023411223e+00 5.564518284084177813e-01
6.956521739130434590e+00 5.038582762728596176e-01
7.023411371237457956e+00 4.512181603286191667e-01
7.090301003344481323e+00 3.996782695377233963e-01
7.157190635451504690e+00 3.502720657863279685e-01
7.224080267558528057e+00 3.038624640966300916e-01
7.290969899665551424e+00 2.611031684541073594e-01
7.357859531772574790e+00 2.224165819268560662e-01
7.424749163879598157e+00 1.879943648545241153e-01
7.491638795986621524e+00 1.578217194166831039e-01
7.558528428093644891e+00 1.317188760523094748e-01
7.625418060200668258e+00 1.093899095049102321e-01
7.692307692307691624e+00 9.046993715875589759e-02
7.759197324414714991e+00 7.456484807040361651e-02
7.826086956521738358e+00 6.128109714822715937e-02
7.892976588628762613e+00 5.024567386948812497e-02
7.959866220735785980e+00 4.111779581555365798e-02
8.026755852842809347e+00 3.359436975534135783e-02
8.093645484949831825e+00 2.741116976623963336e-02
8.160535117056856080e+00 2.234132494007434744e-02
8.227424749163878559e+00 1.819229525572591682e-02
8.294314381270902814e+00 1.480214542312888876e-02
8.361204013377925293e+00 1.203563763191624336e-02
8.428093645484949548e+00 9.780455249135067142e-03
8.494983277591972026e+00 7.943726998432151104e-03
8.561872909698996281e+00 6.448928610697934535e-03
8.628762541806020536e+00 5.233181767027765031e-03
8.695652173913043015e+00 4.244936932379051071e-03
8.762541806020067270e+00 3.442009073274660425e-03
8.829431438127089748e+00 2.789927468984369774e-03
8.896321070234114003e+00 2.260558964098834805e-03
8.963210702341136482e+00 1.830965522475015662e-03
9.030100334448160737e+00 1.482460206693301911e-03
9.096989966555183216e+00 1.199829722644398444e-03
9.163879598662207471e+00 9.706958413913354452e-04
9.230769230769229949e+00 7.849920064572192893e-04
9.297658862876254204e+00 6.345350840858887329e-04
9.364548494983276683e+00 5.126754464271971639e-04
9.431438127090300938e+00 4.140113811894642073e-04
9.498327759197323417e+00 3.341562167205932980e-04
9.565217391304347672e+00 2.695485756235456703e-04
9.632107023411370150e+00 2.172978662233996262e-04
9.698996655518394405e+00 1.750585335640812538e-04
9.765886287625416884e+00 1.409277618166624617e-04
9.832775919732441139e+00 1.133622857944754908e-04
9.899665551839463618e+00 9.111076395839715352e-05
9.966555183946487873e+00 7.315881759111155923e-05
1.003344481605351213e+01 5.868437519814629711e-05
1.010033444816053461e+01 4.702139829082165208e-05
1.016722408026755886e+01 3.763042178327275443e-05
1.023411371237458134e+01 3.007463364593527936e-05
1.030100334448160559e+01 2.400045608131652969e-05
1.036789297658862807e+01 1.912178412162216426e-05
1.043478260869565233e+01 1.520719524817567673e-05
1.050167224080267481e+01 1.206957200911410384e-05
1.056856187290969906e+01 9.557684077543619536e-06
1.063545150501672154e+01 7.549361173487515489e-06
1.070234113712374580e+01 5.945957385046791169e-06
1.076923076923076827e+01 4.667863617376260792e-06
1.083612040133779253e+01 3.650870577972195568e-06
1.090301003344481501e+01 2.843221833582273791e-06
1.096989966555183926e+01 2.203226644331063269e-06
1.103678929765886174e+01 1.697326794163210156e-06
1.110367892976588600e+01 1.298531551237414795e-06
1.117056856187290848e+01 9.851510680695304598e-07
1.123745819397993273e+01 7.397716690504513260e-07
1.130434782608695521e+01 5.484271417350788026e-07
1.137123745819397946e+01 3.999288108870793213e-07
1.143812709030100372e+01 2.853242069692827515e-07
1.150501672240802620e+01 1.974598494640389310e-07
1.157190635451505045e+01 1.306282986869846086e-07
1.163879598662207293e+01 8.028338964331760581e-08
1.170568561872909719e+01 4.281061212221608843e-08
1.177257525083611966e+01 1.534207600292428570e-08
1.183946488294314392e+01 -4.392491994194189901e-09
1.190635451505016640e+01 -1.818564612466228363e-08
1.197324414715719065e+01 -2.744862028330830543e-08
1.204013377926421313e+01 -3.328876402057688408e-08
1.210702341137123739e+01 -3.657168546435422201e-08
1.217391304347825987e+01 -3.797106828372813637e-08
1.224080267558528412e+01 -3.800856087587987696e-08
1.230769230769230660e+01 -3.708567523424789891e-08
1.237458193979933085e+01 -3.550925998987311300e-08
1.244147157190635333e+01 -3.351181029067972590e-08
1.250836120401337759e+01 -3.126763301195142109e-08
1.257525083612040007e+01 -2.890568833632074544e-08
1.264214046822742432e+01 -2.651976912963517093e-08
1.270903010033444680e+01 -2.417655057390847459e-08
1.277591973244147106e+01 -2.192193836473461662e-08
1.284280936454849353e+01 -1.978605970755655310e-08
1.290969899665551779e+01 -1.778717352081186068e-08
1.297658862876254204e+01 -1.593472156719086768e-08
1.304347826086956452e+01 -1.423169817015530801e-08
1.311036789297658878e+01 -1.267648069283312174e-08
1.317725752508361126e+01 -1.126423441001473135e-08
1.324414715719063551e+01 -9.987982455191866976e-09
1.331103678929765799e+01 -8.839413092465210081e-09
1.337792642140468224e+01 -7.809481773369249766e-09
1.344481605351170472e+01 -6.888853584221639166e-09
1.351170568561872898e+01 -6.068222199225457685e-09
1.357859531772575146e+01 -5.338533866616538310e-09
1.364548494983277571e+01 -4.691138897016166028e-09
1.371237458193979819e+01 -4.117888294051797165e-09
1.377926421404682245e+01 -3.611189324660300092e-09
1.384615384615384492e+01 -3.164030774776924817e-09
1.391304347826086918e+01 -2.769986217811964985e-09
1.397993311036789166e+01 -2.423201711662284824e-09
1.404682274247491591e+01 -2.118372833016375303e-09
1.411371237458193839e+01 -1.850714773449824845e-09
1.418060200668896265e+01 -1.615928294478746943e-09
1.424749163879598512e+01 -1.410163615583722636e-09
1.431438127090300938e+01 -1.229983747956330027e-09
1.438127090301003363e+01 -1.072328353534032644e-09
1.444816053511705611e+01 -9.344788767517697206e-10
1.451505016722408037e+01 -8.140254437792776707e-10
1.458193979933110285e+01 -7.088358336616911079e-10
1.464882943143812710e+01 -6.170266840755580499e-10
1.471571906354514958e+01 -5.369369905177711616e-10
1.478260869565217384e+01 -4.671038830838982610e-10
1.484949832775919631e+01 -4.062406127890662516e-10
1.491638795986622057e+01 -3.532166443073739543e-10
1.498327759197324305e+01 -3.070397298704676968e-10
1.505016722408026730e+01 -2.668398265990464963e-10
1.511705685618728978e+01 -2.318547141992974071e-10
1.518394648829431404e+01 -2.014171697652430359e-10
1.525083612040133652e+01 -1.749435598722509037e-10
1.531772575250836077e+01 -1.519237160648457935e-10
1.538461538461538325e+01 -1.319119673555955795e-10
1.545150501672240750e+01 -1.145192118015458193e-10
1.551839464882942998e+01 -9.940591812299414912e-11
1.558528428093645424e+01 -8.627595732139357970e-11
1.565217391304347672e+01 -7.487117308667011783e-11
1.571906354515050097e+01 -6.496660828545210942e-11
1.578595317725752523e+01 -5.636631287641604275e-11
1.585284280936454770e+01 -4.889966613799927335e-11
1.591973244147157196e+01 -4.241815308124753513e-11
1.598662207357859444e+01 -3.679254134483621984e-11
1.605351170568561869e+01 -3.191041073655665661e-11
1.612040133779264295e+01 -2.767399291366545443e-11
1.618729096989966365e+01 -2.399828350978521283e-11
1.625418060200668791e+01 -2.080939334980570703e-11
1.632107023411371216e+01 -1.804310928047523998e-11
1.638795986622073642e+01 -1.564363861830572725e-11
1.645484949832775712e+01 -1.356251431310891459e-11
1.652173913043478137e+01 -1.175764067907904001e-11
1.658862876254180563e+01 -1.019246198842245573e-11
1.665551839464882988e+01 -8.835238385895164702e-12
1.672240802675585059e+01 -7.658415494827321989e-12
1.678929765886287484e+01 -6.638075772772336279e-12
1.685618729096989910e+01 -5.753461162052726588e-12
1.692307692307692335e+01 -4.986557889260573257e-12
1.698996655518394405e+01 -4.321735418228602878e-12
1.705685618729096831e+01 -3.745432571178827041e-12
1.712374581939799256e+01 -3.245884718878680300e-12
1.719063545150501682e+01 -2.812886717246915152e-12
1.725752508361204107e+01 -2.437586947891938461e-12
1.732441471571906177e+01 -2.112308415108322014e-12
1.739130434782608603e+01 -1.830393372142163855e-12
1.745819397993311028e+01 -1.586068404169638957e-12
1.752508361204013454e+01 -1.374327292456106268e-12
1.759197324414715524e+01 -1.190829330684532289e-12
1.765886287625417950e+01 -1.031811066731086621e-12
1.772575250836120375e+01 -8.940097067416609054e-13
1.779264214046822801e+01 -7.745966480838238286e-13
1.785953177257524871e+01 -6.711198078799435049e-13
1.792642140468227296e+01 -5.814535881132438194e-13
1.799331103678929722e+01 -5.037554700243762174e-13
1.806020066889632147e+01 -4.364283625566609664e-13
1.812709030100334218e+01 -3.780879444830378582e-13
1.819397993311036643e+01 -3.275343397576275684e-13
1.826086956521739069e+01 -2.837275525070793660e-13
1.832775919732441494e+01 -2.457661635909309455e-13
1.839464882943143564e+01 -2.128688562860029572e-13
1.846153846153845990e+01 -1.843583956670070394e-13
1.852842809364548415e+01 -1.596477357818550544e-13
1.859531772575250841e+01 -1.382279717286517347e-13
1.866220735785953266e+01 -1.196578910802885457e-13
1.872909698996655337e+01 -1.035549115102800823e-13
1.879598662207357762e+01 -8.958721959249936733e-14
1.886287625418060188e+01 -7.746695013652906908e-14
1.892976588628762613e+01 -6.694426656527393756e-14
1.899665551839464683e+01 -5.780222116398912576e-14
1.906354515050167109e+01 -4.985228989603860379e-14
1.913043478260869534e+01 -4.293049020779540980e-14
1.919732441471571960e+01 -3.689400210773397652e-14
1.926421404682274030e+01 -3.161822304014687318e-14
1.933110367892976456e+01 -2.699419588649359282e-14
1.939799331103678881e+01 -2.292635699263622899e-14
1.946488294314381307e+01 -1.933055758814055104e-14
1.953177257525083377e+01 -1.613231746153339954e-14
1.959866220735785802e+01 -1.326527438983731666e-14
1.966555183946488228e+01 -1.066979668003436017e-14
1.973244147157190653e+01 -8.291729335706737784e-15
1.979933110367892724e+01 -6.081246869316509349e-15
1.986622073578595149e+01 -3.991787679520190096e-15
1.993311036789297575e+01 -1.979046228838412543e-15
2.000000000000000000e+01 0.000000000000000000e+00
