0.000000000000000000e+00 9.999999979388463078e-01
6.688963210702340845e-02 9.999999999302177089e-01
1.337792642140468169e-01 9.999999998463011686e-01
2.006688963210702115e-01 9.999999997439767974e-01
2.675585284280936338e-01 9.999999996178338124e-01
3.344481605351170561e-01 9.999999994610242471e-01
4.013377926421404229e-01 9.999999992648891389e-01
4.682274247491638453e-01 9.999999990184857968e-01
5.351170568561872676e-01 9.999999987079953856e-01
6.020066889632106344e-01 9.999999983159805206e-01
6.688963210702341122e-01 9.999999978204546780e-01
7.357859531772574790e-01 9.999999971937221233e-01
8.026755852842808459e-01 9.999999964009295139e-01
8.695652173913043237e-01 9.999999953982573464e-01
9.364548494983276905e-01 9.999999941306668694e-01
1.003344481605351168e+00 9.999999925291043201e-01
1.070234113712374535e+00 9.999999905070129369e-01
1.137123745819397902e+00 9.999999879560141913e-01
1.204013377926421269e+00 9.999999847405435238e-01
1.270903010033444858e+00 9.999999806912037714e-01
1.337792642140468224e+00 9.999999755965388593e-01
1.404682274247491591e+00 9.999999691928537215e-01
1.471571906354514958e+00 9.999999611516384723e-01
1.538461538461538325e+00 9.999999510640368294e-01
1.605351170568561692e+00 9.999999384216857745e-01
1.672240802675585281e+00 9.999999225930958913e-01
1.739130434782608647e+00 9.999999027945599694e-01
1.806020066889632014e+00 9.999998780543402077e-01
1.872909698996655381e+00 9.999998471686275536e-01
1.939799331103678748e+00 9.999998086474065628e-01
2.006688963210702337e+00 9.999997606479598122e-01
2.073578595317725703e+00 9.999997008932467457e-01
2.140468227424749070e+00 9.999996265717595589e-01
2.207357859531772437e+00 9.999995342147454114e-01
2.274247491638795804e+00 9.999994195457295731e-01
2.341137123745819171e+00 9.999992772962044141e-01
2.408026755852842538e+00 9.999991009799755748e-01
2.474916387959865904e+00 9.999988826169986522e-01
2.541806020066889715e+00 9.999986123955576511e-01
2.608695652173913082e+00 9.999982782591599895e-01
2.675585284280936449e+00 9.999978654015488910e-01
2.742474916387959816e+00 9.999973556496043470e-01
2.809364548494983183e+00 9.999967267094548307e-01
2.876254180602006549e+00 9.999959512457405886e-01
2.943143812709029916e+00 9.999949957573830428e-01
3.010033444816053283e+00 9.999938192051963659e-01
3.076923076923076650e+00 9.999923713369252010e-01
3.143812709030100017e+00 9.999905906433941283e-01
3.210702341137123383e+00 9.999884018649612960e-01
3.277591973244147194e+00 9.999857129498240793e-01
3.344481605351170561e+00 9.999824113442526974e-01
3.411371237458193928e+00 9.999783594686022514e-01
3.478260869565217295e+00 9.999733892011397618e-01
3.545150501672240662e+00 9.999672951528690845e-01
3.612040133779264028e+00 9.999598264693074778e-01
3.678929765886287395e+00 9.999506768376914545e-01
3.745819397993310762e+00 9.999394723080846648e-01
3.812709030100334129e+00 9.999257564518034824e-01
3.879598662207357496e+00 9.999089722770793109e-01
3.946488294314381307e+00 9.998884401961155577e-01
4.013377926421404673e+00 9.998633311849679517e-01
4.080267558528428040e+00 9.998326340922346622e-01
4.147157190635451407e+00 9.997951158277040840e-01
4.214046822742474774e+00 9.997492728896993919e-01
4.280936454849498141e+00 9.996932723602358628e-01
4.347826086956521507e+00 9.996248800989906425e-01
4.414715719063544874e+00 9.995413733870766038e-01
4.481605351170568241e+00 9.994394346943518137e-01
4.548494983277591608e+00 9.993150225518603325e-01
4.615384615384614975e+00 9.991632146843604234e-01
4.682274247491638342e+00 9.989780175752316360e-01
4.749163879598661708e+00 9.987521354751703884e-01
4.816053511705685075e+00 9.984766905052694375e-01
4.882943143812708442e+00 9.981408839261436405e-01
4.949832775919731809e+00 9.977315868374065921e-01
5.016722408026756064e+00 9.972328465405156939e-01
5.083612040133779431e+00 9.966252925734361279e-01
5.150501672240802797e+00 9.958854240804696500e-01
5.217391304347826164e+00 9.949847578545831794e-01
5.284280936454849531e+00 9.938888143243540529e-01
5.351170568561872898e+00 9.925559173469212793e-01
5.418060200668896265e+00 9.909357835274966719e-01
5.484949832775919631e+00 9.889678788448078572e-01
5.551839464882942998e+00 9.865795259842886633e-01
5.618729096989966365e+00 9.836837569098850764e-01
5.685618729096989732e+00 9.801769245209732695e-01
5.752508361204013099e+00 9.759361183000058171e-01
5.819397993311036466e+00 9.708164761466129278e-01
5.886287625418059832e+00 9.646485533751653074e-01
5.953177257525083199e+00 9.572360055743428520e-01
6.020066889632106566e+00 9.483539689912277026e-01
6.086956521739129933e+00 9.377486809327879591e-01
6.153846153846153300e+00 9.251390661089260448e-01
6.220735785953176666e+00 9.102212015271606838e-01
6.287625418060200033e+00 8.926767192852861355e-01
6.354515050167223400e+00 8.721862409185966447e-01
6.421404682274246767e+00 8.484487546792857104e-01
6.488294314381271022e+00 8.212073230879266550e-01
6.555183946488294389e+00 7.902805304109483675e-01
6.622073578595317755e+00 7.555976154113875909e-01
6.688963210702341122e+00 7.172334207047497134e-01
6.755852842809364489e+00 6.754375154087970401e-01
6.822742474916387856e+00 6.306507595737909089e-01
6.889632107023411223e+00 5.835029326946900019e-01
6.956521739130434590e+00 5.347873776219246311e-01
7.023411371237457956e+00 4.854128188526051768e-01
7.090301003344481323e+00 4.363376394005916148e-01
7.157190635451504690e+00 3.884963158964586105e-01
7.224080267558528057e+00 3.427297901882121467e-01
7.290969899665551424e+00 2.997304803354785552e-01
7.357859531772574790e+00 2.600088364822321085e-01
7.424749163879598157e+00 2.238832729945500477e-01
7.491638795986621524e+00 1.914906706945921078e-01
7.558528428093644891e+00 1.628116603876980095e-01
7.625418060200668258e+00 1.377039348972791954e-01
7.692307692307691624e+00 1.159375205447384233e-01
7.759197324414714991e+00 9.722754840501232620e-02
7.826086956521738358e+00 8.126189998714132556e-02
7.892976588628762613e+00 6.772268879136936204e-02
7.959866220735785980e+00 5.630166919506549711e-02
8.026755852842809347e+00 4.671032500033254348e-02
8.093645484949831825e+00 3.868567417635389305e-02
8.160535117056856080e+00 3.199285696811173668e-02
8.227424749163878559e+00 2.642546239234446967e-02
8.294314381270902814e+00 2.180437478451017694e-02
8.361204013377925293e+00 1.797573899611553186e-02
8.428093645484949548e+00 1.480847765923331075e-02
8.494983277591972026e+00 1.219165801332754498e-02
8.561872909698996281e+00 1.003190090191149846e-02
8.628762541806020536e+00 8.250947591751397678e-03
8.695652173913043015e+00 6.783446050755260505e-03
8.762541806020067270e+00 5.574982020396218596e-03
8.829431438127089748e+00 4.580356984282875528e-03
8.896321070234114003e+00 3.762101174036087091e-03
8.963210702341136482e+00 3.089202147434935881e-03
9.030100334448160737e+00 2.536026067107981750e-03
9.096989966555183216e+00 2.081408063564465626e-03
9.163879598662207471e+00 1.707888919431741316e-03
9.230769230769229949e+00 1.401077045910548722e-03
9.297658862876254204e+00 1.149116870048405657e-03
9.364548494983276683e+00 9.422470181853489580e-04
9.431438127090300938e+00 7.724338904973590070e-04
9.498327759197323417e+00 6.330682759315902708e-04
9.565217391304347672e+00 5.187145086326846706e-04
9.632107023411370150e+00 4.249033005502978323e-04
9.698996655518394405e+00 3.479608036284490198e-04
9.765886287625416884e+00 2.848676727541572958e-04
9.832775919732441139e+00 2.331429366658498473e-04
9.899665551839463618e+00 1.907483593493414318e-04
9.966555183946487873e+00 1.560097100088292128e-04
1.003344481605351213e+01 1.275519751645294748e-04
1.010033444816053461e+01 1.042460596452915856e-04
1.016722408026755886e+01 8.516495002873818653e-05
1.023411371237458134e+01 6.954766820484866113e-05
1.030100334448160559e+01 5.676963604741511329e-05
1.036789297658862807e+01 4.631831476321435302e-05
1.043478260869565233e+01 3.777318288605949247e-05
1.050167224080267481e+01 3.078928227051194288e-05
1.056856187290969906e+01 2.508369782675345743e-05
1.063545150501672154e+01 2.042444913722226262e-05
1.070234113712374580e+01 1.662136467804022961e-05
1.076923076923076827e+01 1.351858559450297800e-05
1.083612040133779253e+01 1.098840871786968417e-05
1.090301003344481501e+01 8.926230132184586916e-06
1.096989966555183926e+01 7.246393064615860738e-06
1.103678929765886174e+01 5.878778798312749026e-06
1.110367892976588600e+01 4.766008027047895672e-06
1.117056856187290848e+01 3.861143685362597166e-06
1.123745819397993273e+01 3.125805702208258650e-06
1.130434782608695521e+01 2.528624085849017375e-06
1.137123745819397946e+01 2.043969866796626435e-06
1.143812709030100372e+01 1.650914208789091257e-06
1.150501672240802620e+01 1.332374860722676030e-06
1.157190635451505045e+01 1.074416406666146991e-06
1.163879598662207293e+01 8.656767576593925925e-07
1.170568561872909719e+01 6.968972486673714586e-07
1.177257525083611966e+01 5.605377473931383733e-07
1.183946488294314392e+01 4.504615038089374528e-07
1.190635451505016640e+01 3.616771995548877870e-07
1.197324414715719065e+01 2.901278997045352379e-07
1.204013377926421313e+01 2.325184524214630439e-07
1.210702341137123739e+01 1.861743968589735348e-07
1.217391304347825987e+01 1.489266833401606849e-07
1.224080267558528412e+01 1.190175323310630760e-07
1.230769230769230660e+01 9.502359799021195393e-08
1.237458193979933085e+01 7.579329172847068101e-08
1.244147157190635333e+01 6.039568740938736498e-08
1.250836120401337759e+01 4.807889476116486564e-08
1.257525083612040007e+01 3.823616925472285479e-08
1.264214046822742432e+01 3.037833998098884012e-08
1.270903010033444680e+01 2.411139413597414923e-08
1.277591973244147106e+01 1.911826762374073421e-08
1.284280936454849353e+01 1.514406425907106239e-08
1.290969899665551779e+01 1.198406786992608209e-08
1.297658862876254204e+01 9.474027834567664313e-09
1.304347826086956452e+01 7.482293817668822512e-09
1.311036789297658878e+01 5.903453456571182118e-09
1.317725752508361126e+01 4.653190585414699718e-09
1.324414715719063551e+01 3.664133812302027986e-09
1.331103678929765799e+01 2.882507970907947831e-09
1.337792642140468224e+01 2.265435868301851134e-09
1.344481605351170472e+01 1.778766254122218284e-09
1.351170568561872898e+01 1.395327199607949597e-09
1.357859531772575146e+01 1.093523048209283535e-09
1.364548494983277571e+01 8.562085621487311771e-10
1.371237458193979819e+01 6.697864809819354085e-10
1.377926421404682245e+01 5.234849534754246365e-10
1.384615384615384492e+01 4.087796329861255937e-10
1.391304347826086918e+01 3.189319913360023382e-10
1.397993311036789166e+01 2.486208954654067316e-10
1.404682274247491591e+01 1.936489410765881367e-10
1.411371237458193839e+01 1.507086412023387690e-10
1.418060200668896265e+01 1.171964830340106541e-10
1.424749163879598512e+01 9.106522236777841694e-11
1.431438127090300938e+01 7.070668691542753005e-11
1.438127090301003363e+01 5.485889328950465100e-11
1.444816053511705611e+01 4.253251762484527446e-11
1.451505016722408037e+01 3.295275344402644865e-11
1.458193979933110285e+01 2.551338878502252410e-11
1.464882943143812710e+01 1.974057537258647240e-11
1.471571906354514958e+01 1.526427623093427440e-11
1.478260869565217384e+01 1.179578932643689086e-11
1.484949832775919631e+01 9.110073611269885333e-12
1.491638795986622057e+01 7.031866399070523184e-12
1.498327759197324305e+01 5.424790415896182852e-12
1.505016722408026730e+01 4.182815681486254853e-12
1.511705685618728978e+01 3.223574085076097568e-12
1.518394648829431404e+01 2.483129965013875109e-12
1.525083612040133652e+01 1.911893677613801420e-12
1.531772575250836077e+01 1.471431458537986577e-12
1.538461538461538325e+01 1.131977374584096060e-12
1.545150501672240750e+01 8.704946646370404240e-13
1.551839464882942998e+01 6.691665375410792167e-13
1.558528428093645424e+01 5.142223372996925807e-13
1.565217391304347672e+01 3.950253416520666773e-13
1.571906354515050097e+01 3.033644745558878097e-13
1.578595317725752523e+01 2.329047973893773359e-13
1.585284280936454770e+01 1.787615210150587213e-13
1.591973244147157196e+01 1.371700246555480125e-13
1.598662207357859444e+01 1.052304318597862294e-13
1.605351170568561869e+01 8.071003771748907814e-14
1.612040133779264295e+01 6.189058843753611921e-14
1.618729096989966365e+01 4.745030805287593647e-14
1.625418060200668791e+01 3.637282347888805659e-14
1.632107023411371216e+01 2.787689698746421805e-14
1.638795986622073642e+01 2.136224322400498056e-14
1.645484949832775712e+01 1.636777161245602951e-14
1.652173913043478137e+01 1.253942131722134741e-14
1.658862876254180563e+01 9.605397274640302248e-15
1.665551839464882988e+01 7.357113156422396256e-15
1.672240802675585059e+01 5.634532496129172361e-15
1.678929765886287484e+01 4.314897575019190232e-15
1.685618729096989910e+01 3.304066492824769603e-15
1.692307692307692335e+01 2.529857299657445579e-15
1.698996655518394405e+01 1.936935926944402718e-15
1.705685618729096831e+01 1.482891089511075768e-15
1.712374581939799256e+01 1.135221450092262480e-15
1.719063545150501682e+01 8.690236584460234946e-16
1.725752508361204107e+01 6.652186752520532195e-16
1.732441471571906177e+01 5.091913766997519323e-16
1.739130434782608603e+01 3.897473706027356362e-16
1.745819397993311028e+01 2.983132194006403184e-16
1.752508361204013454e+01 2.283233895261269761e-16
1.759197324414715524e+01 1.747504115540166929e-16
1.765886287625417950e+01 1.337448526748424348e-16
1.772575250836120375e+01 1.023594750635168088e-16
1.779264214046822801e+01 7.833792216361128150e-17
1.785953177257524871e+01 5.995285684530866470e-17
1.792642140468227296e+01 4.588199186858650968e-17
1.799331103678929722e+01 3.511315110682499207e-17
1.806020066889632147e+01 2.687156952485874493e-17
1.812709030100334218e+01 2.056422698828754896e-17
1.819397993311036643e+01 1.573722781685906445e-17
1.826086956521739069e+01 1.204317077381949403e-17
1.832775919732441494e+01 9.216169086250882103e-18
1.839464882943143564e+01 7.052727919298723242e-18
1.846153846153845990e+01 5.397106463054284472e-18
1.852842809364548415e+01 4.130113341218241508e-18
1.859531772575250841e+01 3.160530352970426994e-18
1.866220735785953266e+01 2.418548201955252228e-18
1.872909698996655337e+01 1.850742332631626639e-18
1.879598662207357762e+01 1.416227619368751882e-18
1.886287625418060188e+01 1.083715357658648354e-18
1.892976588628762613e+01 8.292608580605742943e-19
1.899665551839464683e+01 6.345395908339664688e-19
1.906354515050167109e+01 4.855278333495008348e-19
1.913043478260869534e+01 3.714928599140463676e-19
1.919732441471571960e+01 2.842199718381621000e-19
1.926421404682274030e+01 2.174206913159443353e-19
1.933110367892976456e+01 1.662794565106866917e-19
1.939799331103678881e+01 1.271060882244043542e-19
1.946488294314381307e+01 9.706885826055456828e-20
1.953177257525083377e+01 7.398870976849895739e-20
1.959866220735785802e+01 5.617945699451114891e-20
1.966555183946488228e+01 4.232191171544609826e-20
1.973244147157190653e+01 3.136204013206354783e-20
1.979933110367892724e+01 2.242456609492927670e-20
1.986622073578595149e+01 1.473397364071650494e-20
1.993311036789297575e+01 7.534634306071122085e-21
2.000000000000000000e+01 0.000000000000000000e+00
