1
0
63
1
(4 0
((0,168) (15,199) (0,0))
((0,264) (15,327) (0,0))
((0,200) (15,263) (0,0))
((0,328) (15,391) (0,0))
)
4
FabOnDisk: SD_0_Old_MF_D_0003 0
FabOnDisk: SD_0_Old_MF_D_0001 0
FabOnDisk: SD_0_Old_MF_D_0002 0
FabOnDisk: SD_0_Old_MF_D_0000 0

4,63
-6.315441183668583e-03,3.383616704841695e+00,1.667027443305701e-01,2.665955270714603e-06,3.650132197724536e-06,4.081333081114536e-05,3.718204264155414e-07,1.415817781845174e-04,1.191815065511720e-02,1.352030019683875e-07,4.050456533294460e-03,1.472029107564110e-09,2.148291454977377e-09,3.116431099159526e-10,8.975404599004944e-09,1.187089417406589e-08,2.307737428080144e-08,2.734493259837757e-08,3.687414871585787e-11,2.286493452156431e-10,1.689196081633805e-10,9.149319216032023e-03,5.135825358975009e-03,9.455962655932530e-10,4.150163861967888e-08,1.709863846811860e-10,0.000000000000000e+00,0.000000000000000e+00,0.000000000000000e+00,1.108070896568800e-08,2.792607310717549e-09,1.381721667456857e-13,4.776815467748753e-12,5.971950991479073e-13,1.708958687852522e-10,0.000000000000000e+00,0.000000000000000e+00,0.000000000000000e+00,0.000000000000000e+00,0.000000000000000e+00,0.000000000000000e+00,0.000000000000000e+00,0.000000000000000e+00,1.112553691334673e-07,8.140865692305583e-10,1.750319367507463e-11,7.041978259958060e-07,1.378029368467859e-06,4.433690055828315e-09,6.050427396734621e-06,5.955382250520391e-06,0.000000000000000e+00,0.000000000000000e+00,0.000000000000000e+00,0.000000000000000e+00,0.000000000000000e+00,0.000000000000000e+00,0.000000000000000e+00,1.195651186966513e-01,7.228804095945732e+03,0.000000000000000e+00,1.185184085875828e+03,1.004079071197541e+05,
-6.152927753824097e-07,5.228610365023568e+00,1.537254471954521e-01,1.933540113154017e-05,1.846738485946777e-04,7.511827954647737e-04,1.497126609939197e-07,9.366933690512363e-05,1.228532288419302e-02,4.542148195043589e-08,2.339944081478700e-03,1.919224340676003e-10,4.200314677088662e-10,5.219032153045314e-11,1.403417888436076e-09,2.003561628387720e-10,4.203732647908797e-09,2.886707873615827e-09,5.497915566916203e-12,2.789249558648511e-11,1.947859142919332e-11,5.247313934009711e-03,2.224613139933195e-02,1.332346492267960e-10,1.082798283329391e-08,4.829718586221542e-10,6.927642220471751e-09,7.640527870009988e-13,1.340347055523256e-14,3.007147623001478e-09,1.194183947449302e-09,1.023568536443872e-13,1.835353147140765e-11,1.232181282924210e-12,3.675624060994271e-14,7.901284036473420e-15,5.392940972325605e-15,3.595518489454090e-15,0.000000000000000e+00,0.000000000000000e+00,0.000000000000000e+00,0.000000000000000e+00,8.845062719627917e-16,4.815687653243888e-14,1.073439571287058e-16,2.984275349045091e-18,2.309543574218609e-06,1.618209461381686e-05,1.794186392141958e-08,5.351264547325268e-07,3.532697326319974e-07,2.829745433043289e-12,0.000000000000000e+00,0.000000000000000e+00,0.000000000000000e+00,0.000000000000000e+00,0.000000000000000e+00,0.000000000000000e+00,1.102726872312004e-01,5.665716774747240e+03,0.000000000000000e+00,2.147113370369802e+03,1.013249452562975e+05,
-1.037214122924422e-05,4.992258229315089e+00,1.577704502522721e-01,2.876351788317779e-05,2.646197308400103e-04,8.496317895270787e-04,1.892894918510104e-07,1.113867250507277e-04,1.222361155018918e-02,7.148873425839377e-08,2.828024702808400e-03,1.399105759444742e-10,2.300598789230140e-10,3.352399305273837e-11,6.759220941390422e-10,1.803711174520705e-11,6.973174550602225e-09,1.683442817207831e-09,2.394843615352506e-12,1.597433237410295e-11,9.598691273936911e-12,5.980406916049347e-03,2.001778256531431e-02,7.915009673428320e-11,6.276028615679420e-09,1.586142347752435e-10,0.000000000000000e+00,0.000000000000000e+00,0.000000000000000e+00,1.480724012896985e-09,5.749535845435693e-10,0.000000000000000e+00,4.808433681799356e-12,0.000000000000000e+00,0.000000000000000e+00,0.000000000000000e+00,0.000000000000000e+00,0.000000000000000e+00,0.000000000000000e+00,0.000000000000000e+00,0.000000000000000e+00,0.000000000000000e+00,0.000000000000000e+00,4.795510269043297e-14,1.097446938031281e-16,3.009639255747977e-18,1.831340525272369e-06,1.282234505426090e-05,6.317359193059394e-09,1.591010461706658e-06,1.081376079228116e-06,3.497139201186388e-12,0.000000000000000e+00,0.000000000000000e+00,0.000000000000000e+00,0.000000000000000e+00,0.000000000000000e+00,0.000000000000000e+00,1.131574123311431e-01,3.763585133085955e+03,0.000000000000000e+00,2.011474595493203e+03,1.013234206663108e+05,
-1.914245560089656e-03,5.339709644075055e+00,1.512950965578238e-01,1.476179842904985e-05,1.426968764904434e-04,6.807157943992004e-04,1.372077421041237e-07,8.328544467063962e-05,1.233792888092981e-02,3.314775628690255e-08,2.023922412505191e-03,1.764607818468296e-10,5.301203144717537e-10,5.770073107640284e-11,1.761616387949587e-09,2.819540106848620e-10,2.980438140649410e-09,3.392508894874792e-09,6.936294395761525e-12,3.023241956164249e-11,2.333514139606670e-11,4.808253354745257e-03,2.245808381238440e-02,1.732130300089600e-10,1.419183941091024e-08,4.147817552997875e-10,7.995667136899216e-09,5.288944587575057e-13,9.406227906705755e-15,4.295444276405771e-09,1.785157771596232e-09,6.109273158945060e-14,1.420450367743839e-11,7.248266095538626e-13,7.536550606153640e-14,1.068033048134578e-14,1.037089748845142e-14,1.133795894738755e-14,2.604026277378012e-17,7.777343843046581e-16,0.000000000000000e+00,4.355464932634233e-20,4.541312866151066e-16,1.006356627100403e-13,1.111534091259110e-16,4.107107942284376e-18,2.029681386081698e-06,1.411823700663998e-05,2.510202263358761e-08,2.551705246545146e-07,1.650177630250457e-07,2.193883478234958e-12,4.885816726465141e-15,0.000000000000000e+00,0.000000000000000e+00,0.000000000000000e+00,4.175641371332264e-19,0.000000000000000e+00,1.085230620102711e-01,7.109652262968299e+03,0.000000000000000e+00,2.210873162062058e+03,1.012033241284993e+05,

4,63
6.821504960074632e-03,4.986855351541339e+00,2.902783651624837e-01,5.069854273839923e-05,4.310646450418911e-04,9.419431032954183e-04,1.106125504152553e-04,3.273699173484549e-04,1.310420951539244e-02,1.240783905495262e-05,4.136313062475594e-02,1.501352823635684e-06,6.621826406192000e-06,7.476816910200470e-07,2.361334505544151e-04,2.760418851903028e-04,2.020753369414771e-05,4.697559622124524e-04,8.594302217146443e-06,9.813534577746924e-07,6.166059188656735e-05,1.440406038758711e-02,1.981262998576765e-02,8.550178665929305e-07,6.383183614082448e-04,2.221153629459811e-05,4.515606079306858e-03,9.189209532889511e-05,4.338046224344472e-04,3.298221753188830e-05,1.065928892633588e-04,1.327238702643410e-07,3.163047442620722e-05,3.826279751656302e-05,1.226790627713455e-05,5.765792726069928e-05,3.107183068496203e-05,4.039512604694060e-05,3.109067483917702e-06,6.421850531386315e-04,3.804920706311948e-06,4.342056674738778e-06,1.131310560949679e-04,1.896133749093273e-05,7.131961843765873e-07,1.726069144379312e-08,1.792864516641046e-06,1.256452205548952e-05,2.953598103157484e-05,1.257717730910661e-05,1.607366461042727e-05,1.705545951072567e-06,3.687802941337963e-04,4.700832158851596e-06,5.869404087869798e-03,1.582323034482497e-03,1.396254895776182e-04,4.326151420957265e-04,2.039232698655872e-01,7.401340729176135e+04,0.000000000000000e+00,2.007579300927363e+03,1.022610533269311e+05,
6.859907996635425e-07,5.338444654100765e+00,1.576848343953836e-01,2.854037149891435e-05,2.628716888410806e-04,8.478634075096968e-04,1.882425408598788e-07,1.109966773021813e-04,1.234271311227534e-02,7.088351814612643e-08,2.819147375496542e-03,1.965272536890171e-10,5.291296434732200e-10,5.841619938320166e-11,1.757953986495297e-09,2.808590085562599e-10,6.902654197663659e-09,3.388588220644827e-09,6.923265285894411e-12,3.084997068295737e-11,2.330038183930003e-11,5.963430837161714e-03,2.245429070274400e-02,1.728423377783179e-10,1.415635051062926e-08,5.215687288387330e-10,7.988815273394512e-09,1.176302509063775e-12,2.052663091973681e-14,4.280954965001677e-09,1.777502657152332e-09,1.823339501433537e-13,2.208651231674333e-11,2.306977084294860e-12,8.521364419485238e-14,3.673977183837787e-14,4.274695760620201e-14,1.183648785010156e-13,9.313393029134096e-16,2.450000816049306e-14,2.127945195175107e-15,3.191816812646173e-18,1.695729690838876e-14,9.983734990208384e-14,1.182448297044405e-16,4.094683165693180e-18,2.514892861746546e-06,1.775335677130634e-05,2.502218419904238e-08,1.557678535994076e-06,1.058203702013809e-06,3.685361844875605e-12,3.633521700128007e-14,7.096505898378195e-16,5.516432366822660e-14,8.006116662151055e-13,4.792087705577405e-13,2.175575895135768e-13,1.130973266028419e-01,7.097297994973640e+03,0.000000000000000e+00,2.210127147323491e+03,1.013250598178385e+05,
1.094749306645242e-05,5.226175272435709e+00,1.664668280578294e-01,5.022060574490229e-05,4.251660601813734e-04,9.454642625463920e-04,3.632657771430480e-07,1.412203237723225e-04,1.250558959882880e-02,1.420211801935448e-07,3.980816881619414e-03,9.270454858905946e-10,1.350630330259262e-09,1.952355354765549e-10,5.277577506608259e-09,6.958558504109994e-09,2.076071923928305e-08,1.631172385142927e-08,2.140109089967417e-11,1.352991265844581e-10,9.569783224636113e-11,8.990469593296540e-03,2.224348565521575e-02,6.746341106335101e-10,2.751474336560214e-08,5.213881524198162e-10,6.899289483663101e-09,1.537912448028931e-12,2.553847038968424e-14,7.227686330456606e-09,1.789920386716143e-09,2.542318850346258e-13,2.222636155535209e-11,3.500084284157346e-12,5.979167810687462e-11,5.208558217326084e-14,6.471598025370282e-14,2.170521422571408e-13,5.375104466580311e-15,1.510510081507587e-13,8.865529971525839e-16,2.375572374300085e-17,3.211088284874766e-14,8.294715137268682e-08,5.937988265612970e-10,1.281491682288947e-11,2.522282491838117e-06,1.781262342795719e-05,1.779508210888754e-08,8.223555565553362e-06,5.788199674115084e-06,4.159920162761029e-12,2.436751688918144e-13,5.245441922223947e-16,3.348087483222471e-12,2.529485301162628e-12,7.027385669011169e-13,6.913789124076695e-13,1.193824544591023e-01,6.741199825825513e+03,0.000000000000000e+00,2.145791293178409e+03,1.013250007123253e+05,
2.744915321324060e-03,5.404760735693546e+00,1.536803746459942e-01,1.924024313369824e-05,1.838149634073884e-04,7.499010371868105e-04,1.493931499103545e-07,9.347075635593514e-05,1.236521248233527e-02,4.516023978551455e-08,2.333871388425476e-03,1.934332757025118e-10,5.632578781663397e-10,5.868983785067519e-11,1.909852068322766e-09,3.395441467396451e-10,4.177594148234477e-09,3.492891061253339e-09,7.381592502497626e-12,3.091910794771493e-11,2.455270925399924e-11,5.239131258263597e-03,2.271405150921876e-02,1.859969542711202e-10,1.567042887546609e-08,4.819724108413819e-10,8.111258231610522e-09,7.593808623453322e-13,1.332427791143761e-14,4.940341959394009e-09,2.173456951639225e-09,1.014760488825194e-13,1.828315026652779e-11,1.221135464335224e-12,1.100398652917650e-13,1.234819547366677e-14,1.067976777785611e-14,1.250867753692400e-14,5.286276670422438e-17,1.383503228218610e-15,1.827074299622180e-17,1.134110191109751e-19,8.924429405721198e-16,1.431465401020273e-13,1.182528833831100e-16,4.541364420857984e-18,2.305263111821327e-06,1.615006735575615e-05,2.868328149274707e-08,5.278997350201079e-07,3.483655065142938e-07,2.818079964923031e-12,6.805369573040264e-15,6.740165381395853e-18,4.700254108763352e-16,3.005872670126003e-15,2.768746874653324e-15,8.165659913249940e-16,1.102402312634881e-01,7.636254166305329e+03,0.000000000000000e+00,2.248360067615859e+03,1.014352315923347e+05,

