1
0
63
1
(4 0
((0,168) (15,199) (0,0))
((0,264) (15,327) (0,0))
((0,200) (15,263) (0,0))
((0,328) (15,391) (0,0))
)
4
FabOnDisk: SD_0_New_MF_D_0003 0
FabOnDisk: SD_0_New_MF_D_0001 0
FabOnDisk: SD_0_New_MF_D_0002 0
FabOnDisk: SD_0_New_MF_D_0000 0

4,63
-7.670313015635815e-03,3.379293614516898e+00,1.667350554525977e-01,2.561168411593885e-06,3.407529278917771e-06,3.967928296108401e-05,3.731272870787378e-07,1.416844759403430e-04,1.189226229445098e-02,1.351378289073977e-07,4.060144417838210e-03,1.597393665534853e-09,2.332602382574929e-09,3.386642684186074e-10,9.884499094675862e-09,1.296551455090615e-08,2.357882127082292e-08,2.979517095113128e-08,4.043735220347135e-11,2.502461267879621e-10,1.859765548335758e-10,9.176467114816194e-03,5.077083286514031e-03,1.000373396135612e-09,4.474032600593439e-08,1.938730752139040e-10,4.740477614891136e-11,-1.208383802915083e-12,-1.064834778392051e-11,1.197496721828141e-08,3.027651469674675e-09,3.797590376169052e-13,5.493785180419791e-12,6.539699902846953e-12,2.010810471877513e-10,1.367628991542856e-13,3.294918032700609e-15,-4.821724471715071e-13,-1.907614237433997e-14,-2.083171127826357e-11,-4.355682946034404e-13,-1.689338244004647e-13,-5.089420325871357e-12,1.161779776974590e-07,8.531817999490361e-10,1.833694755761381e-11,7.018454294618217e-07,1.334099508251189e-06,4.445949161253633e-09,5.915940202736781e-06,5.980323347123454e-06,-3.563134514749104e-14,-3.015069963760662e-11,-3.763791457985053e-13,-7.420925743725268e-09,-7.725505332370693e-11,-1.995986626873148e-12,-2.045140557349951e-11,1.195899563465443e-01,7.303267585422401e+03,0.000000000000000e+00,1.174356549231501e+03,1.003666314067880e+05,
-6.841671477170997e-07,5.249786440737553e+00,1.537316389599464e-01,1.934707084366568e-05,1.847808562115101e-04,7.513331486923604e-04,1.497508414276761e-07,9.369207328108362e-05,1.228396096572304e-02,4.545376201198522e-08,2.340706196441282e-03,1.920703625746869e-10,4.199729917044225e-10,5.220265036798002e-11,1.403287480224880e-09,2.003102155715218e-10,4.206983932511768e-09,2.886657958120845e-09,5.496383352446787e-12,2.789731249111380e-11,1.947392986047272e-11,5.248307536835683e-03,2.224635439393113e-02,1.332154986120534e-10,1.082548222806886e-08,4.831234753446837e-10,6.927453399734101e-09,7.646411487585098e-13,1.341431464506282e-14,3.004921915228527e-09,1.193050968972859e-09,1.024747183434401e-13,1.836348502295714e-11,1.233716763921270e-12,3.986106857221600e-14,3.858410543058534e-15,6.171795180476677e-16,3.613032739528463e-17,-2.100521986960528e-16,-6.138671768113810e-15,-5.912862644723260e-16,-2.752815991167853e-18,-4.672631034889606e-15,4.816528714994130e-14,1.074401108830091e-16,2.986946121497881e-18,2.310241636945759e-06,1.618725321481499e-05,1.792530763687236e-08,5.360850706492963e-07,3.539203045776286e-07,2.831357843194128e-12,-1.199561601739199e-15,-1.463781880904405e-16,-1.318679516090294e-13,-5.135994208553234e-14,-2.865490099907894e-14,-1.396066986673021e-14,1.102771568852167e-01,5.662127088308701e+03,0.000000000000000e+00,2.146981960066188e+03,1.013251601874158e+05,
-7.693054521129853e-06,5.013271822012927e+00,1.577791176099592e-01,2.880212755724226e-05,2.648075682192935e-04,8.497827351704907e-04,1.893508948774709e-07,1.114800201982737e-04,1.222266085158830e-02,7.154643823617854e-08,2.827416271290741e-03,1.408630567943797e-10,2.311091249579051e-10,3.369465103379981e-11,6.900874669588687e-10,2.353224970779538e-11,6.987618590668048e-09,1.696021349950107e-09,2.424186157342037e-12,1.619653088283676e-11,9.586312277385722e-12,5.985537232864284e-03,1.998649822934545e-02,7.931536135720882e-11,6.288822828914674e-09,1.687222951761927e-10,-2.336492256349448e-11,-6.393470006789352e-13,-4.158329726989256e-12,1.484673662529319e-09,5.761844922253079e-10,4.694435353049431e-15,4.917943019965946e-12,-1.190141143239838e-13,-2.790771229249711e-14,-7.318526613497839e-13,-4.370018645958435e-13,-4.176697377759557e-13,-1.785963835755263e-14,-6.685386589224201e-12,-1.787233609591067e-14,-2.168826388736165e-14,-2.588747518183230e-12,4.800157480374974e-14,1.100246665532963e-16,3.016245961737609e-18,1.824915380636108e-06,1.277924316031829e-05,6.284166246910185e-09,1.595912561679224e-06,1.084758264446525e-06,3.471121136706238e-12,-1.438431422339092e-12,-1.493382935976550e-14,-4.489091565885334e-12,-5.459685920287179e-12,-4.101379730035879e-13,-1.843135533109070e-12,1.131622203224331e-01,3.758879531811177e+03,0.000000000000000e+00,2.010895407111525e+03,1.013239060262507e+05,
-9.300316761149336e-04,5.361106023756255e+00,1.514590386440607e-01,1.478902440746508e-05,1.429602962033417e-04,6.817298237735178e-04,1.374583758585566e-07,8.341790766376933e-05,1.234277659727387e-02,3.321955963412063e-08,2.026381017759312e-03,1.767948538724470e-10,5.300254081153738e-10,5.778843144426032e-11,1.761246406755416e-09,2.818294276421830e-10,2.988908743397482e-09,3.392213405504571e-09,6.934961148890971e-12,3.027976246592269e-11,2.333204348989712e-11,4.813941614774557e-03,2.245800665586950e-02,1.731760070258558e-10,1.418820119853174e-08,4.153887786789830e-10,7.995297880508998e-09,5.303750762417429e-13,9.433390947415752e-15,4.293891885309778e-09,1.784305578313620e-09,6.129474493320414e-14,1.423430749051169e-11,7.265867369296962e-13,7.511461032305367e-14,1.070328511062298e-14,1.033756214647429e-14,1.139466470622914e-14,2.042405943838463e-17,6.137624477052424e-16,-1.845998560123993e-17,8.467627227939033e-21,4.587722991707114e-16,1.005502377109988e-13,1.113737004102790e-16,4.106087267596385e-18,2.032344765865282e-06,1.413674222629337e-05,2.509368379960535e-08,2.556265338250037e-07,1.652571388728839e-07,2.199387434759294e-12,4.917197303624066e-15,-4.903952585158237e-18,-2.967052214687615e-15,-8.373694068787763e-16,0.000000000000000e+00,-2.336341599658932e-16,1.086405521831769e-01,7.107448250571751e+03,0.000000000000000e+00,2.210781662415415e+03,1.013149675508814e+05,

4,63
8.553746517561132e-03,5.007880736535093e+00,2.936543147476801e-01,5.070547309830260e-05,4.310853107004465e-04,9.416505627600871e-04,1.112724524296480e-04,3.292888912309574e-04,1.311310362490941e-02,1.277703965428283e-05,4.217914782562484e-02,1.494692216661313e-06,6.628982034945547e-06,7.453236456725334e-07,2.364352578069522e-04,2.764457790550222e-04,2.020937272160186e-05,4.745097344488440e-04,8.835560519189470e-06,9.833239037898660e-07,6.256674261486704e-05,1.440600763053257e-02,1.977869382991123e-02,8.550760205019125e-07,6.387681983503342e-04,2.219901458884983e-05,4.525638162573334e-03,9.563267314060694e-05,4.402162334147561e-04,3.285893278909488e-05,1.071974500023266e-04,1.334583065723244e-07,3.164461487336685e-05,3.838184058242820e-05,1.227319909932064e-05,5.771543828129701e-05,3.104825711164525e-05,4.032867304535358e-05,3.119637894432925e-06,6.437116412879699e-04,4.173629229426342e-06,4.475793626732422e-06,1.132701618098172e-04,1.896435033694177e-05,7.151026559391004e-07,1.726087015613744e-08,1.786193343286395e-06,1.251994907788128e-05,2.955490645764028e-05,1.256969247380242e-05,1.606455039506063e-05,1.726940231801205e-06,3.776595286545802e-04,5.092388276721299e-06,6.303414821092137e-03,1.587874687693419e-03,1.400497899915604e-04,4.342110981734912e-04,2.061797978694375e-01,7.399675177967643e+04,0.000000000000000e+00,2.006977947671885e+03,1.023141403676974e+05,
7.161733868425597e-07,5.359839739243453e+00,1.576934672737038e-01,2.857821577002906e-05,2.630593382847696e-04,8.480167949603488e-04,1.883045903566176e-07,1.110877776015628e-04,1.234245228598166e-02,7.094111467893897e-08,2.818604198011137e-03,1.965616981060449e-10,5.290320750024841e-10,5.841534064982508e-11,1.757576583981007e-09,2.807331932907407e-10,6.916634353395768e-09,3.388278626442559e-09,6.921895509923376e-12,3.084989406263335e-11,2.329718050130882e-11,5.968418664566416e-03,2.245423508073829e-02,1.728043694237835e-10,1.415263919492585e-08,5.217722571041442e-10,7.988415833676244e-09,1.178608488687223e-12,2.056505184289869e-14,4.279374580688663e-09,1.776639648741074e-09,1.825802786648989e-13,2.208364772353067e-11,2.310310244819254e-12,8.152347321829311e-14,3.964804257048574e-14,4.008464387332489e-14,8.914174235043596e-14,1.253871636401044e-15,2.667164975429556e-14,8.528928088126684e-16,4.421343405022422e-18,1.409220924327902e-14,9.975107164935096e-14,1.182597024324085e-16,4.093631859501048e-18,2.515818173224069e-06,1.775994385144719e-05,2.501368203408655e-08,1.562429603732816e-06,1.061481399925947e-06,3.688520430592274e-12,3.584708539185087e-14,2.975072671200922e-16,1.056577477098966e-13,6.395101824296824e-13,4.292657779001151e-13,1.714231982658365e-13,1.131021648769879e-01,7.095072125177751e+03,0.000000000000000e+00,2.210034701896758e+03,1.013253548120193e+05,
8.388482176480592e-06,5.247346317457763e+00,1.664996255121972e-01,5.026531402069316e-05,4.254543083404312e-04,9.453993870149851e-04,3.644521038117207e-07,1.413223716540001e-04,1.251055479185207e-02,1.422924343764794e-07,3.989316278099861e-03,1.001490066138654e-09,1.458611306422280e-09,2.111227803522254e-10,5.803100150935571e-09,7.612304753111565e-09,2.108161954121135e-08,1.772890614133531e-08,2.345212457985314e-11,1.479031298732379e-10,1.052254885838419e-10,9.016201543964085e-03,2.224370986205855e-02,7.108717082881569e-10,2.942196577677658e-08,5.216049781999360e-10,6.898918618311724e-09,1.531126524329554e-12,2.417165628557196e-14,7.751510816500167e-09,1.921603014582567e-09,2.545739183098302e-13,2.221912362891297e-11,3.500645421498480e-12,7.473142190471266e-11,3.891643472420392e-14,3.743763493591930e-14,1.384329673164563e-13,1.502690166775009e-15,7.728393120461230e-14,8.693534805954964e-16,9.443664955268008e-18,1.563469365385895e-14,8.658521683471627e-08,6.220410089248341e-10,1.341873517605712e-11,2.523476282078758e-06,1.782092711539951e-05,1.777859857954026e-08,8.254744908502959e-06,5.812598541955236e-06,4.162647771608728e-12,1.993825843487964e-13,5.132227879950022e-16,3.040446450034554e-12,1.859394616959582e-12,4.845004438199928e-13,4.947822034536401e-13,1.194073359874373e-01,6.806882038141884e+03,0.000000000000000e+00,2.145659895346638e+03,1.013254648735955e+05,
1.466781855114604e-03,5.427007360150855e+00,1.536864947322124e-01,1.925172924205001e-05,1.839205558494634e-04,7.500502248368703e-04,1.494305841430227e-07,9.349316817714392e-05,1.235420790809061e-02,4.519205699619063e-08,2.334627978853567e-03,1.934649080129761e-10,5.627356584432356e-10,5.869292061871289e-11,1.908022433101178e-09,3.392071276836023e-10,4.180790335346743e-09,3.489808362898374e-09,7.373800353523945e-12,3.092055046437879e-11,2.451986983184546e-11,5.240110907660932e-03,2.269354756223389e-02,1.858833435617305e-10,1.565764703213829e-08,4.821244187151070e-10,8.111824646900240e-09,7.600384694881484e-13,1.333488162301610e-14,4.936868830770556e-09,2.171738149731503e-09,1.015908196493092e-13,1.829309107806085e-11,1.222596839161701e-12,1.098800189249008e-13,1.237442988119691e-14,1.060432677210460e-14,1.254261180584130e-14,5.337009916422206e-17,1.386784697628222e-15,3.134219148035188e-17,1.213121410827789e-19,9.092612334202170e-16,1.429889432829308e-13,1.182689370616368e-16,4.532054462538496e-18,2.305961745327853e-06,1.615522629589777e-05,2.867863195266241e-08,5.288363616116590e-07,3.490009157581785e-07,2.819690932277636e-12,6.823653704198104e-15,1.230903565291922e-17,4.111587543385220e-15,3.071730437502447e-15,2.953723139190305e-15,8.444737319898898e-16,1.102446509394592e-01,7.643892567817255e+03,0.000000000000000e+00,2.248415723777185e+03,1.013388392500688e+05,

