1
0
56
1
(4 0
((0,168) (15,199) (0,0))
((0,264) (15,327) (0,0))
((0,200) (15,263) (0,0))
((0,328) (15,391) (0,0))
)
4
FabOnDisk: SD_5_Old_MF_D_0003 0
FabOnDisk: SD_5_Old_MF_D_0001 0
FabOnDisk: SD_5_Old_MF_D_0002 0
FabOnDisk: SD_5_Old_MF_D_0000 0

4,56
-7.602015515631588e+00,-1.608006861062541e+01,-2.624478330804153e+01,-5.964712379662211e+00,-8.439941263250743e+00,-8.797974727965833e+00,-1.132993613963726e+00,-6.356755467015061e+02,-2.769044753127228e-01,-7.679313527959893e-01,-8.937164724542697e-02,-1.377560009616245e+01,-1.300844187653089e+01,-1.403766268535126e+00,-9.612606160304196e+00,-4.611830199354351e-01,-7.224473431311382e-02,-2.868109977745915e+00,-1.340953009423825e+02,1.264659838176772e+01,-9.506212717394243e-02,-4.914079540814024e+01,-1.838234516018565e+00,-2.024866335695193e+02,-8.046882005344948e+00,-2.540975339030706e+01,-4.452234053020560e+00,-2.836612994024032e+00,-9.178935453521733e-03,-2.004875508145844e+00,-1.637720666536196e+00,-9.336708133568330e-01,-3.741544108916874e+00,-2.177574763127171e+00,-3.111910979621696e+00,-2.179735088218265e-01,-3.255892169467594e+01,-8.623920255278892e-01,-3.410306925721663e-01,-8.490590811268426e+00,-9.949472457074384e-01,-1.705311106276635e-02,-7.049516199094954e-04,-8.278470571109615e-02,-1.774568517321727e-01,-2.087230396406620e+00,-6.640226504944709e-02,-3.901023551835143e-01,-1.379271370596155e-01,-2.395799266520338e+01,-5.831784999057857e-01,-5.844948623456662e+02,-8.860522577549148e+01,-9.522356127982414e+00,-2.433786818962520e+01,-2.826539002853679e-10,
-1.490241683837779e-01,-7.100033075394128e-01,-5.079609593271460e-01,-4.594927766936191e-04,-1.521385088938023e-01,1.551960883269514e+00,-2.483813961368474e-04,-3.772211886756978e+00,-2.302874525680741e-09,5.520900778048013e-07,2.801741518101197e-08,1.901620537648510e-06,4.814549719859311e-07,-2.534011317478119e-05,2.393676122995071e-06,6.840401703568462e-09,1.153222408188624e-08,1.906968300236987e-08,-3.987352236869951e+00,4.317817636367383e+00,1.921059360072880e-07,1.730056489085948e-05,-2.768913137247877e-07,4.751451719625902e-06,-5.713925971185484e-08,-4.262825047169182e-10,7.010563015004803e-06,3.311904134777971e-06,-8.821182871442628e-10,-2.359584936781162e-08,-2.035447088906198e-08,-1.593274048511003e-08,-1.916776136027400e-08,-3.156791296005465e-08,-8.581620947708602e-08,-2.506085139176630e-09,-7.122436089104495e-08,-1.369156425708988e-07,-2.388011783041329e-11,-1.662074872819934e-08,-1.850097988983829e-10,-9.494314449279841e-13,-2.332953466083387e-14,-1.193850064363877e-03,-9.156223792631807e-03,3.606585327043375e-05,-1.329246197172940e-02,-9.274419058152704e-03,-1.357184278247519e-08,-2.147898170663148e-07,-4.021509819011002e-08,-4.633372249715705e-06,-1.249600887320279e-06,-1.536635729408049e-07,-3.420532508513896e-07,-2.759215078640409e-11,
-2.107449860987136e-01,-1.141190024449491e+00,-5.058403915012939e-01,-4.441042214322693e-03,-2.422805725170638e-01,-8.854227988359320e+00,-6.450469525316113e-04,-4.281077303713884e+01,-1.583567139202271e-03,-1.496456836381703e-03,-2.275537622271665e-04,-5.481213603562999e-03,-7.586498493399339e-03,-3.092935373854493e-03,-1.620157185933931e-02,-1.792101871211004e-05,-1.462338394835068e-04,-4.411256901966196e-05,-7.966592775531845e+01,6.388565274349707e+00,-3.543554854982760e-04,-1.580888916237963e-02,-2.335026890376889e-05,-1.225027913490603e-07,-2.208394812013380e-07,-1.426578633604750e-09,-7.641356134766551e-03,-1.202521875594985e-03,-1.590043471033172e-06,-1.318717596227485e-08,-9.616163328295749e-06,-1.094195474824233e-04,-3.370588526791023e-08,-2.828940834372674e-08,-1.076397679639178e-07,-4.849878685073550e-07,-1.410368276091972e-07,-2.067419753815139e-06,-8.142357540145323e-11,-1.329208410254662e-08,-2.224434079679298e-02,-1.780759244011230e-04,-3.751180766265675e-06,8.940909265301482e-04,6.039869659237626e-03,6.092182408429698e-05,-6.888843659220911e-02,-5.720832873066764e-02,-1.386155114959822e-08,-3.583116590805747e-07,-6.251174242279542e-07,-7.345518174537887e-06,-1.040805520774493e-06,-5.136184765857400e-07,-2.862008593210460e-07,-4.833999867059902e-11,
-5.929527002939261e-02,-3.545338789346248e-01,-4.373842452999682e-01,-1.275746272205194e-04,-8.540678081810578e-02,8.606105124610908e-01,-1.263268499375411e-04,-2.180051415407327e+00,-1.640377701277721e-07,1.935482452479145e-07,-2.643833262078013e-08,9.249488391757164e-07,3.520423383986306e-07,-1.046610013456489e-05,1.873772440803569e-07,1.566851850832737e-09,-9.459447849320372e-09,-9.117823582563224e-10,-2.701886409468650e+00,3.020540028424648e+00,6.313122335809586e-08,7.052297286620261e-06,-7.229869292223806e-07,-4.013897469661715e-07,-2.223658906062771e-09,-3.090938357524483e-11,3.978011678595238e-06,2.270308882863144e-06,-3.444967323047087e-10,-2.378922962213525e-08,-4.372524312728325e-09,-4.202911880112751e-10,-2.648465965320840e-10,-2.903142611669226e-10,-2.413227349160842e-10,-5.463901825965278e-12,-1.717151336183563e-10,-1.231939670579918e-09,-2.455127920893812e-14,-3.785404680770255e-11,2.448126643384036e-10,-1.169802605605806e-13,-1.706316440565456e-15,-1.427782527464159e-03,-1.040806416739906e-02,2.031006591725900e-05,-2.922612556815525e-03,-1.988546455834031e-03,-4.079861336311958e-09,-1.715796199239587e-10,-4.059921238711180e-10,-4.341113467649162e-09,-1.111047756170959e-09,-1.502338689737160e-09,-3.034314297902856e-10,-4.891997917866320e-11,

4,56
5.730051548077386e+00,2.935960983982664e+01,4.419218575813306e+01,7.388153810714458e+00,1.316602381790064e+01,3.164818524558349e+02,5.245648899440165e-01,-4.771606310941550e+01,6.400005983062661e-01,1.385082718556025e+00,1.618350122815604e-01,2.484173136810336e+01,1.598134689938780e+01,1.852329393452570e+00,1.513541355230837e+01,1.495812329868754e-01,1.325206539040036e-01,2.855087878523861e+00,4.617550752805657e+02,2.848116726699013e+02,2.065837087376345e-01,5.928799768053376e+01,3.794184196898924e+00,2.935382329090211e+02,6.572979945679567e+00,2.601199699030085e+01,8.619272225512633e+00,3.249431807919053e+00,1.548267419799979e-02,3.796833500651492e+00,2.453348061553222e+00,1.089026027322493e+00,3.885226633937140e+00,2.317350438751478e+00,3.863073545265292e+00,1.817089725785444e-01,3.425994322209676e+01,1.057425212334755e-04,4.230049331455171e-01,7.928349724975886e+00,1.466631042614414e+00,4.116480743187919e-02,1.102626890734981e-03,7.545228802691634e-02,3.802455381140764e-01,2.411565335810517e+00,4.713213538746284e-01,6.762074090628342e-01,1.385681935879654e-01,1.448874610750812e+01,3.467798851229767e-05,6.299576518658674e-01,8.994929025835795e+01,1.392846358366746e+01,2.515551611074011e+01,2.588649294921197e-10,
-6.002426823848467e-02,-3.579495869796719e-01,-4.390900028311926e-01,-1.300845322543075e-04,-8.607256478400158e-02,2.976932075585204e+00,-1.066215244287056e-04,-2.195079583497043e+00,3.808934914580054e-07,1.372800237133156e-06,1.278046302109964e-07,4.774268549392747e-06,6.685143168782744e-07,-1.058689770833013e-05,7.402837823292150e-06,1.806014183678656e-08,6.629095712153800e-08,5.071937345163230e-08,-2.716030176127215e+00,6.317157240025564e+00,4.583871176299658e-07,3.472525920443276e-05,5.386286524660110e-07,2.015687147621111e-05,1.134113586474844e-07,4.477135463723323e-10,1.161378560255129e-05,4.338197010815394e-06,-9.997031966961829e-11,2.036874533267664e-09,7.790852342510806e-09,3.505648700074410e-08,3.853041657091101e-08,5.275029844329148e-08,1.007627611464879e-07,5.446798490051877e-09,7.533344824633980e-08,8.494452781762029e-07,4.769132252079169e-11,1.471422081218858e-08,3.409233658091594e-10,1.852516893432407e-13,1.009654836448700e-14,8.155420731219395e-04,5.454009275525383e-03,6.045579735643846e-05,-2.979747685447941e-03,-2.028397886326208e-03,-1.441215827240212e-09,1.096192987684006e-07,2.728420579909027e-07,2.765532536938391e-06,1.280246787155258e-07,4.161954440500100e-07,3.500860268532359e-08,2.448619085271275e-11,
1.009691848823000e+00,1.318747391987818e+00,3.928111639974912e+00,-4.697305729040037e-04,2.849683235859608e-01,3.389953801600675e+00,-2.523778618695004e-04,-3.816461493353089e+00,2.628842642145999e-06,3.453606319986505e-06,3.117490245314383e-07,1.931748018549368e-04,1.055742231246329e-04,-2.572102314378842e-05,3.009479777437054e-05,3.341504706101954e-07,1.221450044226675e-07,9.979216065689902e-06,-4.032831553113414e+00,1.254099810107272e+02,6.567247222929201e-07,5.082650155758899e-05,5.671345791874871e-05,5.828886152158172e-03,2.536652891163376e-05,1.592972988577103e-04,2.504552827259097e-05,4.854133497481876e-06,2.147040228388835e-08,3.628755890467899e-05,4.735725951419827e-06,1.184607560649031e-06,5.852409875769303e-05,3.447341364883261e-05,1.724036276462495e-05,4.941004617760398e-09,2.038716581978086e-04,6.032021995113207e-07,5.094895794631103e-07,1.161172745505557e-04,-3.290538280054662e-10,-1.311977520905871e-12,-3.370761394813576e-14,1.501551505564494e-02,9.794047484892522e-02,7.760316709826239e-05,-1.368156096846189e-02,-9.548648904000071e-03,1.150739360137239e-07,1.828679727190253e-05,1.923812979292374e-07,1.192412573676313e-05,4.822970615020071e-05,2.525462550975902e-06,2.097177479554308e-05,4.571987233248365e-11,
-2.616316622237122e-02,-2.049116917597223e-01,-1.721540028519604e-01,6.150877974563833e-05,-4.615048812877762e-02,1.538531575937315e+00,-1.677899660094820e-05,-1.478161189813119e+00,2.127402512220377e-08,5.442173390875343e-07,4.375695841395507e-08,1.881070307500686e-06,4.796757177949113e-07,-3.516679179492598e-06,2.354631887978744e-06,6.751296233138134e-09,1.118112269772030e-08,1.884367290138879e-08,-1.894002894466707e+00,4.295518196567592e+00,1.893855247790251e-07,1.712124867624440e-05,-1.160078479336556e-07,4.653762938496163e-06,-9.196377310651441e-10,-1.683289903612731e-11,6.951488004901437e-06,3.296555428038417e-06,-1.236493485662196e-10,-2.036178554682447e-08,-2.271580271403502e-09,4.623019138803177e-10,5.806937235244488e-11,1.447738917790334e-10,2.792269780553844e-10,5.096905775769899e-12,1.049529683543003e-10,6.464654551314216e-10,2.232467292966137e-14,2.231110580539290e-11,3.277867333765745e-10,3.801910672326960e-14,5.949326785685889e-15,-1.203350139339442e-03,-9.218028589373789e-03,3.575920068858793e-05,-1.082303770740837e-03,-7.001690607140274e-04,-2.301811077384444e-09,1.435497978993069e-10,2.280018284883763e-10,5.894782341767323e-09,1.766762582862670e-09,1.757434798286950e-09,4.831565836398171e-10,5.068412356479257e-11,

