1
0
63
1
(4 0
((0,0) (7,127) (0,0))
((0,256) (7,383) (0,0))
((0,128) (7,255) (0,0))
((0,384) (7,511) (0,0))
)
4
FabOnDisk: SD_0_New_MF_D_0003 0
FabOnDisk: SD_0_New_MF_D_0001 0
FabOnDisk: SD_0_New_MF_D_0002 0
FabOnDisk: SD_0_New_MF_D_0000 0

4,63
-2.537357225932082e-06,1.359498295776838e+00,1.589086702336606e-01,0.000000000000000e+00,1.853013977397982e-23,4.731795623942637e-18,1.218927522802449e-12,2.858693799343779e-08,4.263706332423007e-10,4.827715501446006e-13,2.797289074631914e-03,0.000000000000000e+00,0.000000000000000e+00,0.000000000000000e+00,0.000000000000000e+00,0.000000000000000e+00,6.439619938746488e-25,0.000000000000000e+00,0.000000000000000e+00,0.000000000000000e+00,0.000000000000000e+00,7.489458745697895e-11,2.051174542855294e-12,1.297880683596925e-36,3.033602959995152e-13,0.000000000000000e+00,0.000000000000000e+00,0.000000000000000e+00,0.000000000000000e+00,9.600114996829052e-31,0.000000000000000e+00,0.000000000000000e+00,0.000000000000000e+00,0.000000000000000e+00,0.000000000000000e+00,0.000000000000000e+00,0.000000000000000e+00,0.000000000000000e+00,0.000000000000000e+00,0.000000000000000e+00,0.000000000000000e+00,0.000000000000000e+00,0.000000000000000e+00,5.118211478773811e-18,5.161166423986910e-19,7.969153219887135e-21,1.425864977726647e-18,4.596506634163741e-19,1.874366516988170e-17,4.331983464574883e-18,7.805573257121046e-18,0.000000000000000e+00,0.000000000000000e+00,0.000000000000000e+00,0.000000000000000e+00,0.000000000000000e+00,0.000000000000000e+00,0.000000000000000e+00,1.138341462131453e-01,3.402011875509042e+03,0.000000000000000e+00,4.430000032602799e+02,1.012828382067161e+05,
-1.573977823691095e-07,4.836119640962393e+00,1.469780049598508e-01,7.260392164915521e-06,7.003169751546522e-05,5.079291708724996e-04,1.327364146896592e-07,6.132266440656782e-05,1.235452357077281e-02,1.472181699060554e-08,1.331324536667074e-03,8.358764013900594e-11,4.007525108309958e-10,3.502710158067531e-11,1.537699339140630e-09,3.844840867234636e-10,1.144150779649941e-09,2.398905012486478e-09,5.249405171634422e-12,1.799638377894466e-11,1.816171219832104e-11,3.790651046365410e-03,2.303114846104708e-02,1.306864631066419e-10,1.282691628295055e-08,1.699433824312407e-10,5.124437192839671e-09,0.000000000000000e+00,0.000000000000000e+00,4.261709484688009e-09,2.228965094675749e-09,2.614145899035409e-15,4.108383795675244e-12,0.000000000000000e+00,0.000000000000000e+00,0.000000000000000e+00,0.000000000000000e+00,0.000000000000000e+00,0.000000000000000e+00,0.000000000000000e+00,0.000000000000000e+00,0.000000000000000e+00,0.000000000000000e+00,1.433822847077161e-13,4.028331693442247e-17,2.495793398903616e-18,9.536684451237756e-07,6.513304178235303e-06,2.527401528204775e-08,2.947003968797532e-08,1.819869825719070e-08,7.451895236245460e-13,0.000000000000000e+00,0.000000000000000e+00,0.000000000000000e+00,0.000000000000000e+00,0.000000000000000e+00,0.000000000000000e+00,1.054169264621063e-01,7.827531217614864e+03,0.000000000000000e+00,2.289122048631264e+03,1.013249941123585e+05,
-8.785983985471428e-07,4.558049788974798e+00,1.492108134749016e-01,1.067652935430138e-05,1.037739438590670e-04,5.994105975897566e-04,1.327879874380253e-07,7.237381953140345e-05,1.219744644117031e-02,2.284050696206535e-08,1.686227973280211e-03,1.414134435769248e-10,4.090035698580869e-10,5.149664625857885e-11,1.377244358118590e-09,1.945934837636834e-10,1.956056637015493e-09,2.853035897423679e-09,5.274599209111659e-12,2.675479911986717e-11,1.893461634865857e-11,4.320577287357014e-03,2.224246805116568e-02,1.294349046959632e-10,1.051915915196050e-08,3.107222616983115e-10,6.856258398972315e-09,0.000000000000000e+00,3.541654259526251e-15,2.767032770929477e-09,1.080559561515006e-09,2.265212182589653e-14,9.204771833000787e-12,4.992339827629179e-14,0.000000000000000e+00,0.000000000000000e+00,0.000000000000000e+00,0.000000000000000e+00,0.000000000000000e+00,0.000000000000000e+00,0.000000000000000e+00,0.000000000000000e+00,0.000000000000000e+00,4.450692659558638e-14,8.694944741354613e-17,2.872753365875944e-18,1.600214346032147e-06,1.103640598143457e-05,1.626794726442252e-08,1.026545181276735e-07,6.492545722787441e-08,1.482382763692058e-12,0.000000000000000e+00,0.000000000000000e+00,0.000000000000000e+00,0.000000000000000e+00,0.000000000000000e+00,0.000000000000000e+00,1.070226367384765e-01,4.769399113964309e+03,0.000000000000000e+00,2.130696077772718e+03,1.013249434072955e+05,
-6.572466375659395e-08,4.907551340814898e+00,1.461038241164896e-01,6.138843605478278e-06,5.862216240576904e-05,4.703952918734727e-04,1.349114946905827e-07,5.717851460810105e-05,1.235275045850001e-02,1.216378394917693e-08,1.187820400822177e-03,5.223577320680817e-11,2.761900797326092e-10,2.335661134916526e-11,1.103803443084413e-09,3.017671738630168e-10,8.793964199966284e-10,1.654440915709816e-09,3.605915544211303e-12,1.193359091296470e-11,1.269885890064767e-11,3.577124885012759e-03,2.343234931837822e-02,8.899680412124075e-11,9.172335384882075e-09,1.022614987971916e-10,3.425473962947451e-09,0.000000000000000e+00,3.480166525060812e-16,3.042463914033893e-09,1.646823789516354e-09,3.029153856861246e-15,2.230379657539907e-12,0.000000000000000e+00,1.331271075443113e-13,0.000000000000000e+00,0.000000000000000e+00,0.000000000000000e+00,0.000000000000000e+00,0.000000000000000e+00,0.000000000000000e+00,0.000000000000000e+00,0.000000000000000e+00,8.042183116116377e-14,1.798693669845151e-17,1.233313892602632e-18,5.989953505992595e-07,4.074239899916293e-06,1.825113141494101e-08,1.368206285278525e-08,8.367739774913183e-09,4.340129346739704e-13,0.000000000000000e+00,0.000000000000000e+00,0.000000000000000e+00,0.000000000000000e+00,0.000000000000000e+00,0.000000000000000e+00,1.047870198303995e-01,7.928815739601804e+03,0.000000000000000e+00,2.330227266856943e+03,1.013249941456383e+05,

4,63
2.673497158912536e-06,4.552661904023601e+00,8.373327660756316e-01,5.085976145554413e-05,4.402370134285521e-04,9.486109091748801e-04,1.166065599693463e-04,4.274597094317845e-04,1.309491056795695e-02,1.954165376805012e-05,1.827792656819729e-01,1.383827825357058e-06,6.430825478006794e-06,7.120087812417561e-07,2.334458269601771e-04,2.778308103070236e-04,2.012585822614446e-05,4.981425120440274e-04,1.514221484062783e-05,9.724341698624133e-07,7.070707483503566e-05,1.421353665838707e-02,2.223391702542055e-02,8.040594847439559e-07,6.055466251505707e-04,2.133252425663531e-05,4.369538663419785e-03,1.045733948668714e-04,4.755710644613755e-04,3.130019770004964e-05,1.059576384326752e-04,1.374460921679745e-07,3.094862811330091e-05,3.870002221961508e-05,1.169606619954543e-05,5.571162949682206e-05,2.972716405780170e-05,3.876343678424542e-05,3.145859713793838e-06,6.233865382429023e-04,1.113867869369740e-05,4.663963089550339e-06,1.108057049438707e-04,1.696730995863620e-05,6.623279766871583e-07,1.531979359541812e-08,2.598914883725904e-06,1.834639743995307e-05,2.791542164791062e-05,1.213909027317541e-05,1.539485397595955e-05,1.751813639914092e-06,4.180621682667260e-04,1.062154297447202e-05,5.259455159086010e-02,1.560518735625080e-03,1.365501911313819e-04,4.289856654927616e-04,6.019589197025326e-01,7.322919234365707e+04,0.000000000000000e+00,2.127526821563673e+03,1.013540383804077e+05,
1.675468929394879e-07,4.907206813587635e+00,1.491822822273590e-01,1.062890376951431e-05,1.033112359815926e-04,5.983098712511834e-04,1.348909899617172e-07,7.223382370387801e-05,1.235592420109931e-02,2.272365395893815e-08,1.681824623535476e-03,1.408392056425382e-10,5.415682824426374e-10,5.136748023898913e-11,1.924320410399010e-09,4.087492660054256e-10,1.944470699804413e-09,3.278633406383671e-09,7.108989583216266e-12,2.668430333774361e-11,2.385155955779678e-11,4.314092545301874e-03,2.343031578540256e-02,1.790191634962359e-10,1.600045651397339e-08,3.091631095870856e-10,7.359556797529872e-09,3.103847175655060e-13,5.633737563232142e-15,5.226902332453608e-09,2.516834017014849e-09,2.915490272428176e-14,9.138909472245506e-12,7.070708946858755e-13,4.984828833067426e-12,4.304747029137275e-13,1.282983467473056e-12,1.971351187671401e-12,3.073308150269897e-14,1.316076560850178e-12,2.050856634324698e-12,3.559570138372794e-17,2.731162245729090e-14,1.821296685572694e-13,8.649231940594798e-17,4.273888778515135e-18,1.593486348008137e-06,1.098871505740658e-05,3.044166102871137e-08,1.013206211899840e-07,6.406298897679537e-08,1.482507714697700e-12,1.906513062081781e-13,6.594336749639315e-13,5.348717147881110e-12,1.164111262524228e-11,7.387493280131662e-12,3.181265859001597e-12,1.070021114104725e-01,7.928474810701741e+03,0.000000000000000e+00,2.330030318982626e+03,1.013250075648972e+05,
7.945462387283256e-07,4.835223554083014e+00,1.587026184032968e-01,3.252876987494323e-05,2.821717502603478e-04,8.626138155635309e-04,1.965658009127016e-07,1.202613061787965e-04,1.235562153858944e-02,7.755237926846414e-08,2.778508453252397e-03,2.091334039159249e-10,5.663673661431849e-10,5.904551342086291e-11,1.949603954520523e-09,3.973710368594226e-10,8.445992678597277e-09,3.532512619499199e-09,7.424179243126657e-12,3.110619924904115e-11,2.474952674530739e-11,6.471056441039163e-03,2.302648667608157e-02,1.872244988279793e-10,1.614774366409503e-08,5.439030270862505e-10,8.210874733900396e-09,1.371164784632844e-12,2.217414518572007e-14,5.238314933612377e-09,2.496402251606779e-09,2.098287849438061e-13,2.178369586066735e-11,2.746204142185584e-12,7.825488308744261e-12,1.510574028081421e-12,3.133015018476213e-12,5.574678551062571e-12,1.476882013405783e-13,3.280186718426556e-12,2.138967175751547e-12,5.837035816276821e-16,1.701427352317016e-12,1.804127616268661e-13,1.419861895715341e-16,4.595108187314394e-18,2.602831517248761e-06,1.837487403397222e-05,3.047384697438503e-08,2.158014160671452e-06,1.473667448286592e-06,4.024945246055108e-12,2.526147551032194e-12,5.346617556766184e-13,3.735106248905279e-11,3.097077665438514e-11,2.149576429688661e-11,8.476244815896245e-12,1.136906383866177e-01,7.825376167997593e+03,0.000000000000000e+00,2.288603601169123e+03,1.013250504217396e+05,
8.981339397145619e-08,4.937510548202063e+00,1.469675910298024e-01,7.246089413048823e-06,6.988780402373645e-05,5.074805396683816e-04,1.366383334245554e-07,6.127141010858688e-05,1.235450651236068e-02,1.468899062865797e-08,1.329624973704763e-03,8.325597257469450e-11,3.996210615201146e-10,3.491421164246221e-11,1.534065231727257e-09,3.839730226824616e-10,1.140818230268797e-09,2.392054479636459e-09,5.234398709441740e-12,1.793712919207209e-11,1.811360225068554e-11,3.788098597012992e-03,2.360188964945323e-02,1.303068014332492e-10,1.279663617116137e-08,1.692006368719469e-10,5.108358945312360e-09,1.315736500817563e-13,2.477447852522279e-15,4.251745114168943e-09,2.224698731702045e-09,9.979866892975982e-15,4.085770861636925e-12,2.424572133545274e-13,2.817417072733117e-12,2.149003674211617e-13,9.197567886362104e-13,1.348918254094603e-12,1.546830793467329e-14,7.243082987777378e-13,1.981838321589370e-12,1.505090860874545e-17,1.274423085534960e-14,1.428505435660730e-13,4.002599571159131e-17,2.482767958592069e-18,9.499438484675850e-07,6.487552950172702e-06,2.521677659152238e-08,2.925001454216278e-08,1.806074952061208e-08,7.419098762214495e-13,5.624283510152337e-14,7.058793000137693e-13,1.982808797627747e-12,3.950557417567776e-12,1.976029127600127e-12,1.078464001905703e-12,1.054094353715599e-01,7.973287746715073e+03,0.000000000000000e+00,2.346601884123499e+03,1.013250032529489e+05,

