1
0
63
1
(4 0
((0,0) (7,127) (0,0))
((0,256) (7,383) (0,0))
((0,128) (7,255) (0,0))
((0,384) (7,511) (0,0))
)
4
FabOnDisk: SD_0_Old_MF_D_0003 0
FabOnDisk: SD_0_Old_MF_D_0001 0
FabOnDisk: SD_0_Old_MF_D_0002 0
FabOnDisk: SD_0_Old_MF_D_0000 0

4,63
-2.996944148252532e-06,1.380372077976977e+00,1.588959896466980e-01,0.000000000000000e+00,2.071128544575037e-23,4.877245166681118e-18,1.253125571346952e-12,2.881795681865888e-08,4.366385396628672e-10,4.964150985569477e-13,2.799289551713798e-03,0.000000000000000e+00,0.000000000000000e+00,0.000000000000000e+00,0.000000000000000e+00,0.000000000000000e+00,6.373119869263779e-25,0.000000000000000e+00,0.000000000000000e+00,0.000000000000000e+00,0.000000000000000e+00,7.699890778735307e-11,2.125715851426974e-12,1.383923230878557e-36,3.137500013162350e-13,0.000000000000000e+00,0.000000000000000e+00,0.000000000000000e+00,0.000000000000000e+00,1.034280377936745e-30,0.000000000000000e+00,0.000000000000000e+00,0.000000000000000e+00,0.000000000000000e+00,0.000000000000000e+00,0.000000000000000e+00,0.000000000000000e+00,0.000000000000000e+00,0.000000000000000e+00,0.000000000000000e+00,0.000000000000000e+00,0.000000000000000e+00,0.000000000000000e+00,5.404924596732932e-18,5.451364803742253e-19,1.001690658744309e-20,1.506536994341342e-18,4.856797897960389e-19,1.980773654788394e-17,4.578127913778033e-18,8.249087999157036e-18,0.000000000000000e+00,0.000000000000000e+00,0.000000000000000e+00,0.000000000000000e+00,0.000000000000000e+00,0.000000000000000e+00,0.000000000000000e+00,1.138278156883968e-01,3.410674875694568e+03,0.000000000000000e+00,4.430000033341178e+02,1.012834928317129e+05,
-1.691467775394741e-07,4.857550662831412e+00,1.469779017541372e-01,7.260282149226839e-06,7.003045158445208e-05,5.079254546147926e-04,1.327359889517104e-07,6.132235717058299e-05,1.235452989629550e-02,1.472153704635712e-08,1.331307288346450e-03,8.357131115863233e-11,4.006747436064151e-10,3.501957810398108e-11,1.537330374994878e-09,3.844303269916588e-10,1.144088205784516e-09,2.398323815598813e-09,5.248029297430753e-12,1.799153817232565e-11,1.815675655079502e-11,3.790632082802725e-03,2.303124983741347e-02,1.306350908230561e-10,1.282176145011418e-08,1.698399100174940e-10,5.118421796972594e-09,0.000000000000000e+00,0.000000000000000e+00,4.260378163343491e-09,2.228367170302917e-09,0.000000000000000e+00,4.105871779973060e-12,0.000000000000000e+00,0.000000000000000e+00,0.000000000000000e+00,0.000000000000000e+00,0.000000000000000e+00,0.000000000000000e+00,0.000000000000000e+00,0.000000000000000e+00,0.000000000000000e+00,0.000000000000000e+00,1.433398218638857e-13,4.027048159114939e-17,2.495063207402760e-18,9.535209312176475e-07,6.512294029716852e-06,2.527046363658048e-08,2.946460784190875e-08,1.819532519114740e-08,7.451953010582700e-13,0.000000000000000e+00,0.000000000000000e+00,0.000000000000000e+00,0.000000000000000e+00,0.000000000000000e+00,0.000000000000000e+00,1.054168548536990e-01,7.827230656530816e+03,0.000000000000000e+00,2.289134484822483e+03,1.013249946892160e+05,
-1.387432622675069e-06,4.579566313620476e+00,1.492101048996758e-01,1.067527308033449e-05,1.037613226429392e-04,5.993807803995298e-04,1.327871427816529e-07,7.237033907706313e-05,1.219874369963733e-02,2.283746748494767e-08,1.686106022047242e-03,1.413680001556866e-10,4.089555079454331e-10,5.148227647931737e-11,1.376942809620155e-09,1.945391212642190e-10,1.955672911799787e-09,2.852437176282018e-09,5.275782949586260e-12,2.674651426633962e-11,1.893492835400349e-11,4.320399688047527e-03,2.224176968798085e-02,1.294193470375584e-10,1.051705804963565e-08,3.105964958463141e-10,6.854716223275051e-09,2.034857307302450e-14,3.742291311315539e-15,2.769074665892742e-09,1.081708567947716e-09,2.372364512536596e-14,9.200297907986767e-12,0.000000000000000e+00,0.000000000000000e+00,0.000000000000000e+00,0.000000000000000e+00,0.000000000000000e+00,0.000000000000000e+00,0.000000000000000e+00,0.000000000000000e+00,0.000000000000000e+00,0.000000000000000e+00,4.411607154897037e-14,8.690908161415699e-17,2.843511284753982e-18,1.599805962404982e-06,1.103355828020250e-05,1.628635552198707e-08,1.026053814828183e-07,6.489392850284769e-08,1.491287915645289e-12,0.000000000000000e+00,0.000000000000000e+00,0.000000000000000e+00,0.000000000000000e+00,0.000000000000000e+00,0.000000000000000e+00,1.070221372183061e-01,4.794281684471685e+03,0.000000000000000e+00,2.130885933700430e+03,1.013249461216150e+05,
-1.012157376989963e-07,4.928971030042648e+00,1.461039276338000e-01,6.138875846433049e-06,5.862257985569417e-05,4.703964117339727e-04,1.349115262786727e-07,5.717854726940621e-05,1.235274785427283e-02,1.216389717529152e-08,1.187827983131025e-03,5.223485725112486e-11,2.761844380566125e-10,2.335615570834584e-11,1.103781024892802e-09,3.017595719564058e-10,8.793984420050481e-10,1.654408149035538e-09,3.605843830632354e-12,1.193337931863651e-11,1.269863880266933e-11,3.577120023462757e-03,2.343235329329249e-02,8.899479789750990e-11,9.172126628817652e-09,1.022596993111172e-10,3.425391439810155e-09,0.000000000000000e+00,0.000000000000000e+00,3.042397627132546e-09,1.646787078661738e-09,3.462291785065958e-15,2.230354454406594e-12,0.000000000000000e+00,7.048640830599637e-14,0.000000000000000e+00,0.000000000000000e+00,0.000000000000000e+00,0.000000000000000e+00,0.000000000000000e+00,0.000000000000000e+00,0.000000000000000e+00,0.000000000000000e+00,8.041831095311290e-14,1.798634609909237e-17,1.233267114658949e-18,5.989849238678244e-07,4.074170337148848e-06,1.825070671020011e-08,1.368206746908171e-08,8.367750380403806e-09,4.340072610065471e-13,0.000000000000000e+00,0.000000000000000e+00,0.000000000000000e+00,0.000000000000000e+00,0.000000000000000e+00,0.000000000000000e+00,1.047871026782094e-01,7.928834841948191e+03,0.000000000000000e+00,2.330229031172944e+03,1.013249938721900e+05,

4,63
2.919888070627704e-06,4.574177333778092e+00,8.373327627175272e-01,5.087633057144362e-05,4.396940307438199e-04,9.483506081254182e-04,1.167068378555544e-04,4.270564617380545e-04,1.309298237259005e-02,1.952831864078167e-05,1.827792648974870e-01,1.402821970682477e-06,6.458172646972845e-06,7.186370534090574e-07,2.323557218060340e-04,2.781759856178151e-04,2.017226873605432e-05,4.985240974889300e-04,1.518250810411651e-05,9.753989972579051e-07,7.057237655180650e-05,1.422439713546685e-02,2.223336106767266e-02,8.059187725306083e-07,6.074574249423244e-04,2.156189320524149e-05,4.390414703273208e-03,1.032951155580819e-04,4.779401063426449e-04,3.163333454110681e-05,1.057279818407302e-04,1.375488874888642e-07,3.118985854611621e-05,3.888462522686892e-05,1.165769988479239e-05,5.585779830702771e-05,2.986685437590269e-05,3.904837107526577e-05,3.137198742160462e-06,6.261153040995744e-04,1.086687472159519e-05,4.684520830074786e-06,1.103031028191891e-04,1.694677196397946e-05,6.662357844788051e-07,1.543867390442776e-08,2.598113466511429e-06,1.834088276880426e-05,2.812835366683790e-05,1.216335057354373e-05,1.538862786614662e-05,1.746905940577490e-06,4.183697451886718e-04,1.045046759309765e-05,5.259455137152558e-02,1.567927396389684e-03,1.375156132061002e-04,4.302740041226873e-04,6.019589171044888e-01,7.320316348398678e+04,0.000000000000000e+00,2.127732210927988e+03,1.013520353997033e+05,
1.323924076140030e-07,4.928626666508270e+00,1.491815762758597e-01,1.062766319009553e-05,1.032987667634284e-04,5.982803331685528e-04,1.348910236793466e-07,7.223038000398445e-05,1.235594567999304e-02,2.272064993040667e-08,1.681703656348880e-03,1.408034272736483e-10,5.414683842234828e-10,5.135645954160524e-11,1.924001810020378e-09,4.087164314573940e-10,1.944123753845617e-09,3.278025360291999e-09,7.107663756621844e-12,2.667854069943354e-11,2.384738876805573e-11,4.313916806671736e-03,2.343032054379324e-02,1.789860358803058e-10,1.599784032785671e-08,3.090794176353881e-10,7.358109697635972e-09,3.865286981190685e-13,5.621900539645444e-15,5.226060086395442e-09,2.516624011078178e-09,2.881615407139021e-14,9.135879806336472e-12,5.283490778360308e-13,4.268677940076436e-12,4.917913996339758e-13,1.248109862387751e-12,1.756970145313520e-12,3.410625485058436e-14,9.212866313297459e-13,3.877047264940096e-12,6.180799557710435e-17,4.800906695252024e-14,1.820773713274449e-13,8.645575385408740e-17,4.272386902999706e-18,1.593080234930009e-06,1.098588357562892e-05,3.043710291017511e-08,1.012723027957900e-07,6.403198508200087e-08,1.482059586625449e-12,2.817443988204483e-13,1.618025444625436e-12,5.179575027360864e-12,1.184071996775620e-11,7.377388059767728e-12,3.237565890751125e-12,1.070016137879301e-01,7.928491521188228e+03,0.000000000000000e+00,2.330032092683884e+03,1.013250060687900e+05,
9.743989819558493e-07,4.856654754120873e+00,1.586910412917066e-01,3.247566215620383e-05,2.820408980420675e-04,8.626093170341065e-04,1.965453422788884e-07,1.201166582807518e-04,1.235566006823215e-02,7.749720387401136e-08,2.780826604494835e-03,2.084550879742080e-10,5.663189650190230e-10,5.901162491943789e-11,1.951451512229108e-09,3.972058409945166e-10,8.421836245353461e-09,3.512728348199960e-09,7.423353016826949e-12,3.108805548858750e-11,2.470190204204774e-11,6.462261555859031e-03,2.302658947063545e-02,1.871892280776679e-10,1.614489994225621e-08,5.432446297696856e-10,8.189975422687478e-09,2.560232854617159e-12,2.718563898087662e-14,5.237037338883874e-09,2.495606587386024e-09,2.095372132979573e-13,2.179773492087374e-11,2.740548098887230e-12,1.472206554462085e-11,5.430170877923709e-12,6.984066222414474e-12,1.547710497922587e-11,4.235423123185643e-13,8.884578283460700e-12,1.589695870717854e-12,2.203088614559732e-15,5.860921324459341e-12,1.803501763513616e-13,1.376642613041757e-16,4.593933819369526e-18,2.601374409563758e-06,1.836465249494517e-05,3.046945293881234e-08,2.149500920835414e-06,1.467776941070541e-06,4.020309200512174e-12,5.809898363505043e-12,9.538113650495136e-13,5.755963136879362e-11,7.260517285973008e-11,6.091798991658387e-11,1.991328464473772e-11,1.136852957587683e-01,7.825056425735961e+03,0.000000000000000e+00,2.288616094360473e+03,1.013250451949963e+05,
8.649477265554139e-08,4.958933063837749e+00,1.469674859377015e-01,7.245981689738414e-06,6.988657780184401e-05,5.074768815481692e-04,1.366379235503411e-07,6.127111163881868e-05,1.235451263997945e-02,1.468871454829420e-08,1.329607855936794e-03,8.324331484961061e-11,3.995634128511864e-10,3.490898202189992e-11,1.533822060252776e-09,3.839161352475567e-10,1.140771206966204e-09,2.391694833478529e-09,5.233570707518376e-12,1.793427138337351e-11,1.811073021713566e-11,3.788079991992402e-03,2.360190875755070e-02,1.302880612825059e-10,1.279488639410153e-08,1.691741603421200e-10,5.107645824614811e-09,1.344816034025030e-13,2.494798252267050e-15,4.251152896207145e-09,2.224402613463848e-09,9.778510144856047e-15,4.085092075341589e-12,2.377044230234468e-13,2.665998282754491e-12,2.023639420584272e-13,8.677758385881411e-13,1.267517187901363e-12,1.491476017433768e-14,6.979183212065944e-13,3.617757988045764e-12,1.440441322003195e-17,1.200169781344984e-14,1.428129591700908e-13,4.001461100235085e-17,2.482087628032068e-18,9.497969697573947e-07,6.486547234300856e-06,2.521322533640689e-08,2.924463588134755e-08,1.805741039895175e-08,7.417792599526246e-13,8.972724267872599e-14,2.720611194939007e-12,2.937213666519560e-12,5.904582840395685e-12,2.878680013995734e-12,1.613319637889735e-12,1.054093623033102e-01,7.973102652252263e+03,0.000000000000000e+00,2.346600319962231e+03,1.013250040540309e+05,

