1
0
56
1
(4 0
((0,0) (7,127) (0,0))
((0,256) (7,383) (0,0))
((0,128) (7,255) (0,0))
((0,384) (7,511) (0,0))
)
4
FabOnDisk: SD_5_New_MF_D_0003 0
FabOnDisk: SD_5_New_MF_D_0001 0
FabOnDisk: SD_5_New_MF_D_0002 0
FabOnDisk: SD_5_New_MF_D_0000 0

4,56
-7.676482875564330e+00,-1.681735101132215e+01,-2.727913280835476e+01,-5.799655483793964e+00,-8.565534091034541e+00,-8.733201982451142e+00,-1.047396630026641e+00,-6.330132206041119e+02,-2.536090369911996e-01,-6.736912704140317e-01,-7.967911722995430e-02,-1.334488122989867e+01,-1.311872823700049e+01,-1.343354981663573e+00,-9.731354516025247e+00,-4.453421213705093e-01,-6.963623348367484e-02,-2.885280885062332e+00,-1.333509174336933e+02,3.163138662402778e-21,-8.055786085449611e-02,-4.612631053396844e+01,-1.727335737356270e+00,-1.994017300846866e+02,-7.499505339750379e+00,-2.498111998759062e+01,-3.904175221012093e+00,-2.929470096770412e+00,-8.916923716823864e-03,-1.837880493477965e+00,-1.629703599264359e+00,-8.649963250539506e-01,-3.666431855389931e+00,-2.113061337705077e+00,-2.788877199185488e+00,-1.997597756977427e-01,-3.164440023352117e+01,-6.352951189738186e-01,-3.089807970383974e-01,-8.057132063192403e+00,-8.946542266175103e-01,-1.593008431476279e-02,-5.913312879534273e-04,-7.816425421091981e-02,-1.289981711417976e-01,-1.941626261622258e+00,-6.732548984626752e-02,-3.257081171252784e-01,-1.137463612857165e-01,-2.181540180980958e+01,-4.470455846793304e-01,-5.912949120265013e+02,-8.730992367986654e+01,-9.107050013910337e+00,-2.399946475496655e+01,-1.098783286579419e-10,
-1.282550232596830e-02,-9.641943415780176e-02,-2.085183961443347e-01,2.164983657313770e-06,-2.993023708547114e-02,1.867545459846216e-01,-2.388639397550058e-05,-8.477222423351747e-01,-1.261595049209948e-07,-3.409082448443754e-07,-3.875580215469121e-08,-1.452956483875487e-06,-1.118449387291780e-07,-2.368838720530054e-06,-2.375688063589381e-06,-6.182113815549576e-09,-2.497305729102639e-08,-2.088593973178156e-08,-1.173028726242540e+00,7.968699669096557e-01,-1.050248405203393e-07,-8.217800025340059e-06,-3.339464505922673e-07,-8.264991176176116e-06,-3.703331267458755e-07,-1.901476417470787e-09,-2.405554356055890e-06,-9.482123251180019e-07,-7.470310741660096e-09,-1.390596557149686e-08,-4.501552962042081e-07,-4.446089190808382e-07,-4.601404873950257e-08,-1.402922681139613e-07,-2.022853207504065e-07,-5.966967894276164e-09,-2.422464322984731e-07,-9.926384741169643e-07,-1.111277497862089e-11,-9.312885949158175e-09,-1.032561666360468e-10,-8.350671942631263e-14,-2.881188342460011e-15,-1.223169095959023e-03,-8.704627526050432e-03,-1.051347150671446e-05,-2.705909630724353e-04,-1.752641840968931e-04,-2.462262634910068e-09,-5.071350056364946e-08,-4.481029563431078e-07,-7.727372775408083e-07,-9.770878165022348e-07,-1.260724022556175e-06,-2.704183190248271e-07,-1.057257059677852e-11,
-1.808912677679950e-01,-8.582286476875230e-01,-5.393470872541773e-01,-6.061502276491093e-04,-1.381540622048293e-01,5.062002189257858e-01,-3.060310622906113e-04,-4.387192006291563e+00,-2.508038161650312e-07,-1.718173807344806e-07,-6.992908114239633e-08,-3.589646528451421e-06,-2.326856647849469e-09,-3.517840090755469e-05,-3.157274235489868e-06,-7.077078183991740e-09,-5.452433074756694e-08,-2.807027071047192e-08,-5.182113769692604e+00,1.892194070503365e+00,-5.438214032073012e-08,-1.743001577251124e-06,-1.088129884678185e-06,-2.230478484079326e-05,-7.161659208748368e-07,-2.984889787970828e-09,2.652015467312939e-08,5.924244293369493e-07,-7.740046915327611e-09,-4.670582741451640e-08,-3.509103114474451e-07,-2.612523350670139e-06,-1.581801171762015e-06,-3.927619510673643e-06,-7.998798578857957e-06,-8.820609366367285e-08,-2.049260007689649e-06,-1.006166261031224e-06,-4.849208428239541e-10,-1.064934596592728e-06,-2.708789627395731e-09,-8.661684302177861e-14,-1.696850772472296e-15,-1.419289070311937e-03,-1.046402959294498e-02,1.708755588078492e-06,-2.028826258835729e-02,-1.416716147708015e-02,-7.378383783644998e-08,-1.378137527305838e-06,-4.258155514680566e-07,-1.979827996849377e-05,-4.420258567461580e-05,-2.246245719712996e-05,-1.226318488168536e-05,-3.362832234898860e-11,
-3.849302849480501e-03,-3.074932114153839e-02,-9.024133341656633e-02,8.765801444552493e-07,-1.118081600029815e-02,1.062266429706557e-01,-6.889563385410322e-06,-3.441870589260569e-01,-8.654550101496571e-08,-3.012718728840091e-07,-2.633840252608386e-08,-1.116775653705340e-06,-2.578148885216981e-07,-6.948963335215989e-07,-1.809428268467857e-06,-4.288715560279209e-09,-1.575301857125422e-08,-1.491557488097620e-08,-4.916359097366917e-01,2.782489633285189e-01,-8.359877948482396e-08,-8.117824877315709e-06,-1.651324321492176e-07,-4.865668122207255e-06,-5.722023513722014e-07,-6.861887634877183e-10,-3.616884221153619e-06,-1.227110360532184e-06,-1.595483209064861e-09,-4.713209674302757e-09,-1.178344589241948e-07,-1.969765123762440e-07,-1.530636915737275e-08,-6.289797419708205e-08,-1.270133241827743e-07,-3.184687364218550e-09,-1.571625233996852e-07,-6.633326572690242e-07,-3.856645038015991e-12,-1.543318840288096e-09,-1.071507696799760e-10,-5.141203123672262e-14,-2.552260817466108e-15,-7.332722734077576e-04,-5.075490434312152e-03,-1.258947271145029e-05,-4.547924996475291e-05,-2.854038536367594e-05,-8.649476837133068e-10,-1.424430323777929e-08,-3.111009635718337e-07,-4.265992579205951e-07,-4.285566020102871e-07,-2.697436026464430e-07,-1.204333463496233e-07,-8.015102470615432e-12,

4,56
5.644752651859915e+00,2.996292992172739e+01,4.399863521901253e+01,7.288987852462505e+00,1.259520223585807e+01,3.129100974007126e+02,6.074564372329919e-01,3.075544663388996e-08,5.542663780430340e-01,1.334643664471894e+00,1.470199914122943e-01,2.395251519259463e+01,1.563679943371126e+01,1.809314302429593e+00,1.575791892451435e+01,4.316977296577337e-01,1.288029782549998e-01,2.919602110615503e+00,4.598852999586301e+02,2.838847098505834e+02,1.766387713619816e-01,5.641610717113759e+01,3.647256391299193e+00,2.964560080791256e+02,1.387386977339480e+01,2.732944097198321e+01,7.938919104307225e+00,3.371853672949942e+00,1.588458815896844e-02,3.382982296172822e+00,2.586407458014007e+00,1.094860788043323e+00,3.743469997458450e+00,2.324234836875482e+00,3.443940354822598e+00,2.141557617098848e-01,3.488829462601848e+01,1.196300304490293e+00,6.274645682270871e-01,8.093964060377248e+00,1.308663115527448e+00,3.844089820085396e-02,9.615500223982485e-04,7.282031843942195e-02,3.111156958980590e-01,2.248113044960395e+00,4.616339709955215e-01,6.475163108644418e-01,1.906554334348329e-01,1.719169044264473e+01,1.023423020244224e+00,6.795265672374626e-01,8.189545811593881e+01,1.430030935686360e+01,2.282656901156148e+01,1.301714291912504e-10,
-3.698646090729844e-03,-3.097830154634311e-02,-9.077708727186640e-02,7.550744804172782e-06,-1.125441647677384e-02,5.014060424633439e-01,-6.944231360035584e-06,-3.463213886406123e-01,-6.399967952074710e-08,-1.103910957063044e-07,-2.007636813494879e-08,-4.103243956194924e-08,1.606306916048040e-07,-6.920350187627805e-07,-7.873729556063586e-07,-1.345545983512931e-09,-9.860092145492162e-09,-3.116684094928853e-09,-4.946611420872389e-01,1.877437720330039e+00,-4.083111932190294e-08,-5.844715626164608e-07,-1.342798125800624e-07,-1.801649225853702e-06,8.862440175254560e-08,4.553341309033160e-10,3.012505201787320e-07,6.714019240284959e-07,3.281190967165413e-09,-4.326390995588468e-09,8.745823206740401e-08,1.894149576699640e-06,2.007160358135437e-07,5.939421476871621e-07,9.669707425390543e-07,1.931701139873248e-08,8.371602922257895e-07,1.410868173783781e-06,2.514039459018597e-11,1.836508989644805e-08,6.932032110958520e-11,-5.080761450782683e-14,-1.673546564391224e-15,-7.362068374080807e-04,-5.096450788183608e-03,1.542076913727942e-06,-4.596464239862668e-05,-2.884982112845847e-05,1.095019014591189e-09,7.219314993286129e-08,4.448211037331807e-07,2.342583007677517e-06,5.462922583127063e-06,3.717065196884467e-06,1.492021790341427e-06,1.104241698079989e-11,
-1.298664798391333e-02,-9.749976061131070e-02,-2.100681503519806e-01,1.934872514889912e-06,-3.020847827939977e-02,3.096426013745083e+00,-2.418427178652553e-05,-8.548635174717348e-01,6.863561657566233e-07,1.789503280245940e-06,1.778323933674094e-07,7.964746287329350e-06,1.586452985347585e-06,-2.315428029635903e-06,1.387416265797186e-05,3.450030193855778e-08,1.160404705762026e-07,1.264678779172962e-07,-1.182316520607346e+00,8.195732011223210e+00,5.776283938875990e-07,4.407799359324814e-05,9.013860228773712e-07,3.318202511599175e-05,5.322353229099497e-07,5.663704343323834e-08,1.413706818496313e-05,4.796061336152981e-06,1.427122109746119e-08,2.134735001644072e-08,5.841882958171909e-07,1.603003742384187e-06,7.772126099963994e-07,1.621084460607719e-06,2.686687474854257e-06,5.994521812948597e-08,1.529292988950192e-06,1.260858625997891e-06,3.046095210397597e-10,6.316084466274301e-07,5.054815756418770e-10,6.541011636983555e-11,1.185048832721291e-12,2.123978575046453e-03,1.536970754689803e-02,6.855635907592324e-05,-2.757305630345406e-04,-1.786482462911127e-04,7.054870105010702e-08,1.246022003010288e-06,5.379508003209272e-07,1.838075098287127e-05,1.276895019299616e-05,1.058432530455254e-05,3.510223976687999e-06,5.273004255457181e-11,
-1.997023053282797e-03,-1.222305922546045e-02,-3.510005245451199e-02,6.446620476368932e-06,-6.065583074072441e-03,1.855391996673117e-01,-1.951291400249395e-06,-1.582399811453029e-01,-4.269725816959811e-08,-1.799927392855720e-07,-1.583898750384203e-08,-4.977346403875392e-07,-8.183442970981655e-08,-2.150551505387982e-07,-1.076778671853671e-06,-2.218378292041698e-09,-7.562445253266383e-09,-7.189793179562675e-09,-1.694162684214924e-01,7.920339530985756e-01,-6.084210747368643e-08,-5.516025855093806e-06,-8.118231043560769e-08,-2.149375350351435e-06,1.912392149352834e-07,3.743554411589409e-10,-1.851581056264701e-06,-7.757681963215909e-07,7.519624736113421e-10,-2.029592191298428e-09,2.880262275628283e-08,1.121348742038340e-06,8.687167479131841e-08,3.697797290803003e-07,5.200922584407602e-07,6.190335878912393e-09,2.808631736307583e-07,1.073972839387188e-06,6.014306845222882e-12,4.977513880317273e-09,-9.461855555439908e-11,-2.353470026004362e-14,-1.555594111294895e-15,-4.588297984322562e-04,-3.129437870078854e-03,-1.053773202960915e-05,-1.259688353273603e-05,-7.744099072020990e-06,-2.136760276902238e-10,2.231064497917838e-08,6.100832248181843e-07,8.527834765849295e-07,1.628098905580025e-06,8.586448804764299e-07,4.441052104324179e-07,1.002004946029644e-11,

