1
0
56
1
(4 0
((0,0) (7,127) (0,0))
((0,256) (7,383) (0,0))
((0,128) (7,255) (0,0))
((0,384) (7,511) (0,0))
)
4
FabOnDisk: SD_5_Old_MF_D_0003 0
FabOnDisk: SD_5_Old_MF_D_0001 0
FabOnDisk: SD_5_Old_MF_D_0002 0
FabOnDisk: SD_5_Old_MF_D_0000 0

4,56
-7.605333327058502e+00,-1.648041876746817e+01,-2.734835272653008e+01,-5.849392581288135e+00,-8.599633728085896e+00,-8.756034855726687e+00,-1.022683937910942e+00,-6.353617255888064e+02,-2.576634047699374e-01,-6.606352772059347e-01,-7.884661203534642e-02,-1.318028505661737e+01,-1.307884182166134e+01,-1.356905842526143e+00,-9.630413324537200e+00,-4.400368474694077e-01,-6.990190318291305e-02,-2.847444765285803e+00,-1.328381864346817e+02,3.305413727761899e-21,-8.002487971619428e-02,-4.652206998150331e+01,-1.706950830085444e+00,-1.987010135749796e+02,-7.602505451009620e+00,-2.536569510469542e+01,-3.841158758683770e+00,-2.924530253304996e+00,-8.811348198210531e-03,-1.878014964991667e+00,-1.651331248761465e+00,-8.762990686501801e-01,-3.670295399982767e+00,-2.114878540566667e+00,-2.716797496465858e+00,-1.951947834682542e-01,-3.196218175309061e+01,-6.555847047867103e-01,-3.170202789466725e-01,-8.179454987425824e+00,-9.001791775499234e-01,-1.582098368317318e-02,-6.013940091803941e-04,-7.895109819142891e-02,-1.380966406187646e-01,-1.974958490119185e+00,-6.742481078005225e-02,-3.217023278401182e-01,-1.177364409558082e-01,-2.096378827289929e+01,-4.620430527569050e-01,-5.871796155033280e+02,-8.710790741500291e+01,-9.008104474610956e+00,-2.400783007285852e+01,-1.078888089978136e-10,
-1.282076233905686e-02,-9.639004796909548e-02,-2.084772065912868e-01,2.170617221618910e-06,-2.992374016393817e-02,1.867498751665470e-01,-2.387874296778428e-05,-8.475337510920145e-01,-1.276362491587052e-07,-2.827201970869569e-07,-3.418771708151314e-08,-1.306740174219750e-06,-1.354844620220126e-07,-2.362352528185007e-06,-1.968291245212683e-06,-4.689020921136227e-09,-1.927220360868496e-08,-1.513019959869463e-08,-1.172785821600073e+00,7.967897050707078e-01,-1.004298856697482e-07,-7.819500330838098e-06,-3.537603882542402e-07,-8.033990402842375e-06,-4.471683004416555e-07,-2.053519950644500e-09,-2.351607351235298e-06,-9.902526606454885e-07,-1.427064368245802e-08,-1.384591054930250e-08,-8.073331589356312e-07,-4.389773157233661e-07,-4.946095827493911e-08,-1.592370666900451e-07,-2.703794308666913e-07,-7.528668235791535e-09,-2.942637094471971e-07,-9.873571176892123e-07,-1.330949040196612e-11,-8.449347811111102e-09,-1.045046589442470e-10,-8.380305566244310e-14,-2.888758675481519e-15,-1.222872715127378e-03,-8.702416701536143e-03,-1.051190523104975e-05,-2.704171978406384e-04,-1.751493522957566e-04,-2.535957827037828e-09,-3.480769081966835e-08,-4.424709431106973e-07,-8.660730617939764e-07,-1.331873968828898e-06,-1.557872523195922e-06,-3.685054201983046e-07,-9.817452406579719e-12,
-1.806471466108947e-01,-8.554405041174076e-01,-5.377337285911079e-01,-6.039031892877591e-04,-1.390075028852691e-01,5.060740923841037e-01,-3.051498775122828e-04,-4.381306592490009e+00,-2.945651659625339e-07,-1.948231584223876e-07,-6.994623483363806e-08,-5.118163306234355e-06,-1.181297080571373e-07,-3.501331944412064e-05,-4.721048757012424e-06,-1.033875278210063e-08,-8.881322651564510e-08,-4.890593975334268e-08,-5.154159994074621e+00,1.891802702598330e+00,-6.196933839385830e-08,-2.416353985871341e-06,-1.199702782073859e-06,-2.812712112895842e-05,-8.070529529451677e-07,-3.062709894905276e-09,-1.732896789091006e-07,5.092201919790494e-07,-6.723310929090289e-09,-6.082214961535256e-08,-3.138260162843132e-07,-2.758603648132192e-06,-9.443072819237913e-07,-1.135438678487341e-06,-2.068215830899081e-06,-8.497808829047177e-08,-1.989815418063295e-06,-1.070114420582374e-06,-5.052290179023702e-10,-1.249664754422487e-06,-2.348965082896667e-09,-8.543965478374953e-14,-1.759389527802507e-15,-1.419041106203939e-03,-1.046295983856618e-02,1.737349522291747e-06,-2.018742301147241e-02,-1.409678508254723e-02,-8.015352511705082e-08,-1.285103334955639e-06,-2.865956384961392e-07,-2.773133292678047e-05,-1.386807119019643e-05,-1.129005497885614e-05,-3.865253879825816e-06,-3.981748264436646e-11,
-3.855469876201900e-03,-3.074726848287683e-02,-9.023607411769292e-02,8.578152511881206e-07,-1.118047664254056e-02,1.062096300749546e-01,-6.888873141652954e-06,-3.441582739198414e-01,-8.663824045699760e-08,-3.015098158013677e-07,-2.591028924767974e-08,-1.321258832769354e-06,-2.577525013716694e-07,-6.945488234672968e-07,-1.748690361751512e-06,-4.047944064866172e-09,-1.482047516624820e-08,-1.417198816173858e-08,-4.915825230309537e-01,2.780432051916493e-01,-8.904797212148300e-08,-8.123985634324197e-06,-1.739767419047017e-07,-5.619095756319618e-06,-6.846129162030559e-07,-1.137199084808071e-09,-3.619662804179252e-06,-1.227732073687494e-06,-1.912008360548597e-09,-4.808657320260806e-09,-1.665924873800835e-07,-1.414885689787333e-07,-1.315281828665390e-08,-6.308101182886794e-08,-1.062004010560516e-07,-2.780097277584936e-09,-1.339408911501416e-07,-7.044935875453961e-07,-2.845854647525714e-12,-1.363682326354817e-09,-1.089363115671582e-10,-5.121109122199254e-14,-2.538780063368570e-15,-7.331529343271271e-04,-5.074654927517917e-03,-1.259679420721444e-05,-4.546778408324780e-05,-2.853312637392381e-05,-7.977659743103636e-10,-1.194053435665703e-08,-3.194130082465854e-07,-5.161107196302548e-07,-3.859543004322550e-07,-2.680418615721759e-07,-1.101409456833612e-07,-7.232568710602294e-12,

4,56
5.626175137890005e+00,2.998615385107522e+01,4.420599280587674e+01,7.409474178101730e+00,1.257216313302072e+01,3.147758569612689e+02,5.993478550197264e-01,3.502874168503922e-08,5.592926178430547e-01,1.343005722928407e+00,1.504680705503737e-01,2.349490042245541e+01,1.531276664882090e+01,1.791997067683843e+00,1.571060196764771e+01,4.159858144620075e-01,1.283715838195729e-01,2.942661432223589e+00,4.584339562843357e+02,2.834690469739278e+02,1.719056746311657e-01,5.524155062874640e+01,3.693520385786818e+00,2.972378377984422e+02,1.337017234510762e+01,2.752507289940678e+01,8.106927208964038e+00,3.353449013052649e+00,1.585836615542224e-02,3.496757380585697e+00,2.554805551271881e+00,1.091460235118305e+00,3.639464122514584e+00,2.288417084808366e+00,3.529518355382915e+00,2.167133721183674e-01,3.453192593147868e+01,1.045504832022180e+00,6.330013488620279e-01,8.128791419914174e+00,1.275353525329312e+00,3.954134145991557e-02,9.840832140147737e-04,6.835335698411099e-02,3.072009835042658e-01,2.120276326553209e+00,4.597591491341591e-01,6.384668143464615e-01,1.932701588352190e-01,1.703617825614634e+01,9.593300610115866e-01,8.056801627479924e-01,8.486270893695087e+01,1.441301522908615e+01,2.367212597059446e+01,1.396074367221445e-10,
-3.698937930958652e-03,-3.097614170863042e-02,-9.077133672846797e-02,7.550093205002221e-06,-1.125410366923591e-02,5.012815609973070e-01,-6.943628467335157e-06,-3.462923369895761e-01,-6.665373891162359e-08,-1.046048043979902e-07,-1.979353043324735e-08,-3.420819499383281e-08,1.615101072667156e-07,-6.955076828802479e-07,-8.009612523153501e-07,-1.358426251121396e-09,-9.853586836331360e-09,-3.388260974283771e-09,-4.946141204193083e-01,1.877046577414693e+00,-4.014991222510567e-08,-5.298735863613745e-07,-1.400623716211522e-07,-1.624445787116885e-06,9.368381178975639e-08,5.187886495663474e-10,3.116671092578494e-07,6.764311374021977e-07,1.958415334573107e-09,-4.416104494537292e-09,7.800135110962638e-08,1.699070441087293e-06,2.033451388309065e-07,5.062802375924279e-07,7.234215209087706e-07,1.455704816012497e-08,3.847375237755157e-07,1.635349215524760e-06,2.668409209301057e-11,1.991507851546793e-08,6.892750090906235e-11,-5.105844050048345e-14,-1.685868579760316e-15,-7.360857176927655e-04,-5.095644245487018e-03,1.534942135522522e-06,-4.595428854423808e-05,-2.884335154964526e-05,2.129352204431406e-09,1.097218977854229e-07,7.350285241382363e-07,2.346892557513063e-06,4.904130847744755e-06,3.403060655402441e-06,1.338651123812497e-06,9.035994175121687e-12,
-1.298191754080723e-02,-9.746997716056290e-02,-2.100275683793846e-01,1.938918969962923e-06,-3.020219348930524e-02,3.103289446382560e+00,-2.417639701485975e-05,-8.546723231902830e-01,6.808158696176102e-07,1.784310924693532e-06,1.770586937667241e-07,7.730536064100021e-06,1.566740866613453e-06,-2.329442929274040e-06,9.584350669884777e-06,2.300159813149819e-08,8.391616285114100e-08,8.101517731182617e-08,-1.182077224141699e+00,8.151786148820866e+00,5.766815547861602e-07,4.398114349787488e-05,8.942858087798083e-07,3.416730137004209e-05,5.828700822975962e-07,5.481666300685321e-08,1.411214769182572e-05,4.793523579935055e-06,5.203748717451485e-09,2.082727356564494e-08,2.351436496703857e-07,2.378757765426151e-06,1.616739153982507e-06,2.188668307433646e-06,4.844226716956814e-06,1.385741026076921e-07,2.974586948112560e-06,1.052396535268310e-06,7.529088317267363e-10,1.875589082032490e-06,5.145794637779139e-10,6.435701060993130e-11,1.174215363919347e-12,2.105711419652086e-03,1.522781879880231e-02,6.849984952170592e-05,-2.755615710991677e-04,-1.785336498667764e-04,1.233761559384101e-07,2.045852095709619e-06,6.091871725028243e-07,2.179474675468504e-05,2.187018773274653e-05,1.871564283476288e-05,6.004148862610693e-06,3.079447807863289e-11,
-1.996381942521868e-03,-1.221090099162398e-02,-3.503373538314175e-02,6.446498779388448e-06,-6.063389471840007e-03,1.855356139949733e-01,-1.946600343302914e-06,-1.582399728257603e-01,-4.276226597444199e-08,-1.804504817109985e-07,-1.586903282726238e-08,-4.190138147408265e-07,-7.403388754696054e-08,-2.145151704295606e-07,-1.015182271767783e-06,-2.011691056318226e-09,-7.196278793706573e-09,-6.790771149574330e-09,-1.692854591290893e-01,7.919474648175759e-01,-6.084105837829511e-08,-5.582579594272064e-06,-8.269607932536389e-08,-2.083040857225549e-06,1.967790419292168e-07,3.159770631103223e-10,-1.872650699897251e-06,-7.799921873463992e-07,7.927024578244304e-10,-2.078187518100739e-09,3.577190085771117e-08,1.063910494185096e-06,8.240282460590674e-08,3.518297567844951e-07,4.861051272048608e-07,5.600270506653803e-09,2.487653303191475e-07,1.607386163253077e-06,5.385619972686219e-12,4.730578741368801e-09,-9.457867482192194e-11,-2.352154207973432e-14,-1.555079306323302e-15,-4.588268129679702e-04,-3.129374641175777e-03,-1.053684282288560e-05,-1.258408582119148e-05,-7.735997114820392e-06,-3.351302127679808e-11,3.237307933925667e-08,1.090760440833034e-06,1.087588993615871e-06,2.490809938391912e-06,1.294731860215151e-06,6.784076394705122e-07,8.158668185487272e-12,

