1
0
63
1
(4 0
((0,0) (15,255) (0,0))
((0,768) (15,1023) (0,0))
((0,512) (15,767) (0,0))
((0,256) (15,511) (0,0))
)
4
FabOnDisk: SD_0_New_MF_D_0003 0
FabOnDisk: SD_0_New_MF_D_0000 0
FabOnDisk: SD_0_New_MF_D_0001 0
FabOnDisk: SD_0_New_MF_D_0002 0

4,63
-1.300311866074167e-06,2.092957875002447e+00,1.583780420670327e-01,9.577775616025752e-24,4.276732321374637e-22,1.711735380470691e-17,4.236127937432313e-12,2.974717148676084e-08,1.206697388196874e-09,1.694930908944055e-12,2.899474092815046e-03,0.000000000000000e+00,6.092881271544741e-29,4.030604241565225e-30,6.619792742339903e-14,1.056716976826572e-11,5.983470162677779e-24,2.120422835843196e-12,5.611768339364293e-18,4.704168876543342e-30,2.210408870749010e-13,2.608037416795802e-10,1.049091736065308e-11,2.291199350719294e-35,1.414184024369238e-12,1.981192142064065e-27,0.000000000000000e+00,0.000000000000000e+00,0.000000000000000e+00,4.388043073276155e-29,7.548148857787866e-14,0.000000000000000e+00,3.098916447771832e-25,0.000000000000000e+00,0.000000000000000e+00,0.000000000000000e+00,0.000000000000000e+00,0.000000000000000e+00,0.000000000000000e+00,0.000000000000000e+00,0.000000000000000e+00,0.000000000000000e+00,0.000000000000000e+00,5.468179092755570e-17,5.549981784241581e-18,8.202335106683682e-20,1.549954294249655e-17,5.004286530573246e-18,2.049535933668588e-16,4.744176939237399e-17,8.548282994253134e-17,0.000000000000000e+00,0.000000000000000e+00,0.000000000000000e+00,0.000000000000000e+00,0.000000000000000e+00,0.000000000000000e+00,0.000000000000000e+00,1.135913542936635e-01,3.785115024740967e+03,0.000000000000000e+00,4.430000064081236e+02,1.012981747193485e+05,
-1.934796358832463e-09,5.667612141824162e+00,1.460992740307058e-01,6.129275580282624e-06,5.852943351672035e-05,4.700567955393277e-04,1.349439765568983e-07,5.713705449998608e-05,1.235260185468681e-02,1.214426442415523e-08,1.186722142450338e-03,5.183521234222212e-11,2.743240494251484e-10,2.319164197971775e-11,1.096768804784444e-09,3.000846195987642e-10,8.769110571118480e-10,1.643373811231574e-09,3.581365588035428e-12,1.184892240291109e-11,1.261638603874967e-11,3.574872462342888e-03,2.343562430541942e-02,8.837844859101739e-11,9.113423970501306e-09,1.014449054581902e-10,3.401413532383402e-09,7.026664494299302e-14,1.270785809626839e-15,3.022973325541909e-09,1.636727866580163e-09,4.181390596283830e-15,2.210776136267097e-12,4.975974427925443e-14,8.259669478461917e-14,1.603004768980388e-15,3.215126810378088e-15,2.824840692137754e-15,9.843200496257771e-19,4.555987694697802e-17,1.710010307328366e-20,8.061078114213905e-22,2.173776789898122e-17,7.945775879449139e-14,1.773698058977784e-17,1.217214590069110e-18,5.944500202828954e-07,4.043206851694774e-06,1.813439920737514e-08,1.354565815994943e-08,8.283807435499749e-09,4.304370701859892e-13,7.094523013506695e-16,1.159901714648541e-24,0.000000000000000e+00,7.515124644933999e-33,1.471382290198541e-32,2.027180943546626e-28,1.047840216367205e-01,7.929089590878555e+03,0.000000000000000e+00,2.330589920764796e+03,1.013249984971787e+05,
-1.172586612382502e-09,5.597346040373943e+00,1.469531004639150e-01,7.227769811306986e-06,6.969842030800578e-05,5.068957960680080e-04,1.327267699895436e-07,6.120883685808514e-05,1.235466194504999e-02,1.464578807303615e-08,1.327277208386098e-03,8.251046509155612e-11,3.966274461414431e-10,3.463476826198219e-11,1.523436480379447e-09,3.818332869067587e-10,1.135877123108418e-09,2.374068927514847e-09,5.194899774460538e-12,1.779190302857671e-11,1.798115125184861e-11,3.784816835090142e-03,2.304132108547422e-02,1.293101390602543e-10,1.270794022860414e-08,1.675842436057481e-10,5.067716899549650e-09,1.292023236369261e-13,2.345250259984823e-15,4.222220796713416e-09,2.210501132697191e-09,8.862483514948894e-15,4.040313614401396e-12,1.052012366149303e-13,1.270489752771564e-13,3.280515372146881e-15,5.469673131089201e-15,4.903719668289889e-15,2.401976987195816e-18,1.020025229831372e-16,3.734937120681340e-20,2.223480156189670e-21,5.016997382134041e-17,1.410739820646170e-13,3.938986663402402e-17,2.447140496415582e-18,9.414396765631138e-07,6.429061909085005e-06,2.504522619692132e-08,2.885209448816493e-08,1.781230559672178e-08,7.344125732720288e-13,1.281815632523058e-15,2.066942934562153e-24,0.000000000000000e+00,0.000000000000000e+00,0.000000000000000e+00,5.304968095631123e-28,1.053990645732699e-01,7.828998242077231e+03,0.000000000000000e+00,2.290347113110781e+03,1.013249981909330e+05,
-1.761875239768619e-09,5.332790762787580e+00,1.491279855177549e-01,1.053991470030737e-05,1.024324253137738e-04,5.962223198207235e-04,1.327502768382490e-07,7.197850433599934e-05,1.227954093643240e-02,2.250441965896500e-08,1.673276484722199e-03,1.391296100507259e-10,4.008393495874734e-10,5.064535996282457e-11,1.345290268667577e-09,1.901807392831307e-10,1.921450958098475e-09,2.788547963461347e-09,5.252882380231739e-12,2.643307946291049e-11,1.881537321226743e-11,4.301808705344613e-03,2.222531974891364e-02,1.264294843494678e-10,1.030486094500207e-08,3.048790460100683e-10,6.704153815822246e-09,3.037988342632497e-13,5.485582528291946e-15,2.825640682482689e-09,1.122117149634994e-09,2.796895357642290e-14,8.973988086802612e-12,3.304229440229784e-13,2.552610091750771e-14,7.438213446433728e-15,7.611517397653293e-15,8.918725205183902e-15,9.703237139265863e-18,3.406692470239682e-16,1.153021273393803e-19,1.208259307500667e-20,1.814161428441289e-16,4.768652651030247e-14,8.489342944967591e-17,2.967023828313684e-18,1.573844798843434e-06,1.085089235939152e-05,1.693704708506247e-08,9.842108773400601e-08,6.219536908852321e-08,1.458675742310548e-12,2.903460731559548e-15,0.000000000000000e+00,0.000000000000000e+00,0.000000000000000e+00,0.000000000000000e+00,0.000000000000000e+00,1.069633429787591e-01,5.398549136291113e+03,0.000000000000000e+00,2.137930999136312e+03,1.013249710939287e+05,

4,63
1.248387101958219e-06,5.330153038862150e+00,8.373327444039427e-01,5.058813588859118e-05,4.314589969520596e-04,9.460252672556240e-04,1.173839045035065e-04,4.107154565003101e-04,1.301450398817770e-02,2.088999817846389e-05,1.827792603791117e-01,1.505847203709624e-06,6.635981469624454e-06,7.492114231667464e-07,2.368512476419350e-04,2.745839673863352e-04,2.020998781104711e-05,5.088071200038862e-04,1.491885524842257e-05,9.808247097073563e-07,6.875454424352316e-05,1.441055635637161e-02,2.222260554522566e-02,8.642911371314914e-07,6.425205250198291e-04,2.213070620742601e-05,4.541617623407292e-03,1.029638466919286e-04,4.713752611083392e-04,3.306279809026661e-05,1.109397824124401e-04,1.334042545875751e-07,3.181735882811309e-05,3.796276653373786e-05,1.233217331946467e-05,5.798262841867622e-05,3.107033018044068e-05,4.028594641676704e-05,3.107335485802134e-06,6.413291078995142e-04,1.057813836243080e-05,4.380773608724847e-06,1.134801726353864e-04,1.912620373696564e-05,7.199370580466548e-07,1.735393782524032e-08,2.516157576665387e-06,1.776958289402073e-05,2.952341430026396e-05,1.260693048576688e-05,1.613884515754720e-05,1.699288262649793e-06,4.314803608374652e-04,9.609123492111011e-06,5.259455028510285e-02,1.601913664383093e-03,1.412138345102786e-04,4.381572007268738e-04,6.019589024765833e-01,7.392172229634930e+04,0.000000000000000e+00,2.136508965130015e+03,1.013362166127350e+05,
1.904726833527325e-09,5.697479596005019e+00,1.469479928007950e-01,7.220783906497210e-06,6.962811174436393e-05,5.066760031929176e-04,1.366443350098002e-07,6.118375755758826e-05,1.235465229856259e-02,1.462975934079406e-08,1.326444172017985e-03,8.234636616513369e-11,3.960616268186725e-10,3.457861495817287e-11,1.521601108658237e-09,3.815643726780303e-10,1.134249384089657e-09,2.370664993630736e-09,5.187408754588846e-12,1.776250648008785e-11,1.795700068218197e-11,3.783566473925195e-03,2.360435534288938e-02,1.291184098107476e-10,1.269252553785806e-08,1.672177634415303e-10,5.059677410692175e-09,1.288377694790034e-13,2.338613879365023e-15,4.217124104213721e-09,2.208293912278579e-09,8.830358693596184e-15,4.029226272503339e-12,1.048215290021582e-13,1.268703984963171e-13,3.270361404530696e-15,5.457884327337713e-15,4.892217838135229e-15,2.391563209143565e-18,1.016108787614300e-16,3.721451466436035e-20,2.212237301136779e-21,4.996794915468754e-17,1.408063707175301e-13,3.926326526024924e-17,2.440685824522077e-18,9.396086537463737e-07,6.416405951575481e-06,2.501668915963708e-08,2.874546524543894e-08,1.774547595603432e-08,7.326622447581990e-13,1.278326997987133e-15,2.061566388131628e-24,1.722480180173650e-30,4.941543805772147e-31,8.596314798849478e-31,5.283961160776911e-28,1.053953893445581e-01,7.966627531767460e+03,0.000000000000000e+00,2.346706107314711e+03,1.013250010098821e+05,
1.296903293045901e-09,5.667443119463897e+00,1.491139960144919e-01,1.051681905178835e-05,1.022077317529707e-04,5.956834829932687e-04,1.349338697242791e-07,7.191022432561007e-05,1.235656113269609e-02,2.244778927927511e-08,1.671121167081838e-03,1.388408289020233e-10,5.371677203905020e-10,5.082619651706924e-11,1.912297213724974e-09,4.073744613752629e-10,1.915837240328439e-09,3.250235671889091e-09,7.051568188334258e-12,2.639678621750269e-11,2.367386091861691e-11,4.298640547241097e-03,2.343462682137679e-02,1.775305809635231e-10,1.590437636228568e-08,3.041100579916093e-10,7.287283475702465e-09,3.025629378965107e-13,5.463655996361556e-15,5.199344373324866e-09,2.506447604587966e-09,2.781094518870203e-14,8.941777087880261e-12,3.285575029376657e-13,1.490673164947477e-13,7.413990356536283e-15,9.026192733990310e-15,8.898629827628709e-15,9.635219180458877e-18,3.386480931515041e-16,1.146491080046010e-19,1.197605615772740e-20,1.802478519649378e-16,1.806606368388167e-13,8.466563130637921e-17,4.210385208707846e-18,1.570541621485862e-06,1.082749410515336e-05,3.028939250738670e-08,9.778851358058441e-08,6.178667509380690e-08,1.454148038141438e-12,2.892277797722175e-15,4.371789491710395e-24,8.115541201910165e-26,4.684665684977232e-26,2.100544918275938e-25,1.068528911934065e-26,1.069532761252373e-01,7.930177147921197e+03,0.000000000000000e+00,2.330493336747179e+03,1.013250002754295e+05,
1.283775274503388e-09,5.596909834307998e+00,1.582849955244875e-01,3.001498633847552e-05,2.750604721963954e-04,8.601292900812133e-04,1.960419412331359e-07,1.133805362197784e-04,1.235653294040819e-02,7.518606950977742e-08,2.889962462821795e-03,1.963681457116587e-10,5.637898749540951e-10,5.867123114906725e-11,1.940822663889532e-09,3.970860969952586e-10,7.360641448028909e-09,3.488223416287476e-09,7.390227469552855e-12,3.091047623876735e-11,2.459526735356285e-11,6.061885970829461e-03,2.303904069259671e-02,1.863304694204282e-10,1.607474259765686e-08,5.205662129919810e-10,8.107923061804876e-09,1.219033590554611e-12,2.140267475906751e-14,5.214304835949758e-09,2.490527231005752e-09,1.933233897549295e-13,2.224651447054836e-11,2.465304861083319e-12,1.456329327883162e-13,1.201640772170802e-14,1.048454312283771e-14,1.218073064024603e-14,1.332720920468456e-16,2.869354873107702e-15,3.301948597618938e-18,4.608598832284106e-19,2.367856623308268e-15,1.794072173424685e-13,1.277544761663063e-16,4.554952666100934e-18,2.515815100322162e-06,1.776624860075062e-05,3.033881787750569e-08,1.792786183140832e-06,1.221941816423551e-06,3.772420895247943e-12,1.018653636507100e-14,1.070433667392098e-18,1.530888606685307e-17,3.374328066541839e-18,2.640936832693859e-17,7.289456992593928e-19,1.135260821429130e-01,7.827738644162728e+03,0.000000000000000e+00,2.290092803622541e+03,1.013250024727504e+05,

