1
0
63
1
(4 0
((0,0) (15,255) (0,0))
((0,768) (15,1023) (0,0))
((0,512) (15,767) (0,0))
((0,256) (15,511) (0,0))
)
4
FabOnDisk: SD_0_Old_MF_D_0003 0
FabOnDisk: SD_0_Old_MF_D_0000 0
FabOnDisk: SD_0_Old_MF_D_0001 0
FabOnDisk: SD_0_Old_MF_D_0002 0

4,63
-1.179355635965255e-06,2.099486501301601e+00,1.583682810949859e-01,1.029971473040511e-23,4.572938072678761e-22,1.799795916298557e-17,4.467991346819079e-12,3.037515207195012e-08,1.265453526938088e-09,1.788219366452598e-12,2.900094138329920e-03,0.000000000000000e+00,6.734979713304397e-29,4.453758541333385e-30,6.955912128967267e-14,9.868863862419371e-12,6.518045983689885e-24,2.260186637533068e-12,6.089434460470341e-18,5.277937559931494e-30,2.358453770152148e-13,2.750942733760938e-10,1.119248300048809e-11,2.563475842497682e-35,1.504482978498917e-12,2.267424456151626e-27,0.000000000000000e+00,0.000000000000000e+00,0.000000000000000e+00,4.966561778187189e-29,8.111715638758101e-14,0.000000000000000e+00,3.567790704271273e-25,0.000000000000000e+00,0.000000000000000e+00,0.000000000000000e+00,0.000000000000000e+00,0.000000000000000e+00,0.000000000000000e+00,0.000000000000000e+00,0.000000000000000e+00,0.000000000000000e+00,0.000000000000000e+00,5.985238550248226e-17,6.076364176997571e-18,8.982557433971833e-20,1.697700760622311e-17,5.481655943061483e-18,2.245442139241792e-16,5.197980268812717e-17,9.365967354146649e-17,0.000000000000000e+00,0.000000000000000e+00,0.000000000000000e+00,0.000000000000000e+00,0.000000000000000e+00,0.000000000000000e+00,0.000000000000000e+00,1.135858755405179e-01,3.788136341902170e+03,0.000000000000000e+00,4.430000067051602e+02,1.012991869994445e+05,
-2.761480086582071e-09,5.674047354688123e+00,1.460991166775162e-01,6.129034354667829e-06,5.852704819954128e-05,4.700482776545883e-04,1.349448762235104e-07,5.713605671897345e-05,1.235259830632127e-02,1.214374841314268e-08,1.186692086048584e-03,5.182478403930257e-11,2.742751689282649e-10,2.318733334797144e-11,1.096584091294789e-09,3.000402791336810e-10,8.768482089667062e-10,1.643083475134067e-09,3.580723436464296e-12,1.184670765838432e-11,1.261419870051843e-11,3.574819893754592e-03,2.343571692873756e-02,8.836235459292036e-11,9.111876672680032e-09,1.014236287046351e-10,3.400782870263949e-09,7.025022315933062e-14,1.270486776135890e-15,3.022459624097522e-09,1.636461480795143e-09,4.180271220664896e-15,2.210262308827060e-12,4.974651828197042e-14,8.257683632518177e-14,1.602521004171082e-15,3.214346412474568e-15,2.824170993358187e-15,9.840080787233873e-19,4.554644350721172e-17,1.709493443170090e-20,8.058305299368439e-22,2.173127918821108e-17,7.943254184690595e-14,1.773044669453325e-17,1.216793687622488e-18,5.943316206381840e-07,4.042398115369542e-06,1.813135190065448e-08,1.354207336380714e-08,8.281599289099266e-09,4.303438233147808e-13,7.092881052557879e-16,1.159625126508393e-24,0.000000000000000e+00,8.030056596471672e-33,1.483833796071385e-32,2.026296856119441e-28,1.047839107961910e-01,7.929037611962995e+03,0.000000000000000e+00,2.330599404557603e+03,1.013249984935746e+05,
-1.250437511135818e-09,5.603809215460800e+00,1.469525906379823e-01,7.227095174375034e-06,6.969155898054193e-05,5.068744524354482e-04,1.327266571144179e-07,6.120646021559255e-05,1.235466305912216e-02,1.464422231486598e-08,1.327194149677451e-03,8.249034575738971e-11,3.965522869111929e-10,3.462755202309469e-11,1.523180900160329e-09,3.817879718964221e-10,1.135710595920683e-09,2.373617564006509e-09,5.193908218146495e-12,1.778814367310017e-11,1.797788331248675e-11,3.784695200617037e-03,2.304156808146762e-02,1.292849198368133e-10,1.270579325412575e-08,1.675399469569025e-10,5.066674228245287e-09,1.291602183268827e-13,2.344483395013895e-15,4.221508279120002e-09,2.210173057532072e-09,8.858892428652938e-15,4.039019514589132e-12,1.051587860356628e-13,1.270215403155396e-13,3.279267115922725e-15,5.468145191623241e-15,4.902302800160909e-15,2.400814831705953e-18,1.019581152620752e-16,3.733376057911809e-20,2.222246967194191e-21,5.014719329032965e-17,1.410335878686076e-13,3.937353743450931e-17,2.446264379660130e-18,9.412123844946596e-07,6.427494810751364e-06,2.504114952504125e-08,2.884018953306012e-08,1.780485715277820e-08,7.342042554671159e-13,1.281410982147492e-15,2.066295343149173e-24,0.000000000000000e+00,0.000000000000000e+00,0.000000000000000e+00,5.302282188185323e-28,1.053986983213955e-01,7.829151407541437e+03,0.000000000000000e+00,2.290376533773396e+03,1.013249981795278e+05,
-1.647791910472927e-09,5.339610660438137e+00,1.491263438942703e-01,1.053725829365065e-05,1.024063675469082e-04,5.961601532286274e-04,1.327497562715661e-07,7.197077212550569e-05,1.228101017020733e-02,2.249786318256243e-08,1.673023259977020e-03,1.390887541579846e-10,4.009490123896368e-10,5.063822346821723e-11,1.345567975253661e-09,1.902394711828552e-10,1.920787009214358e-09,2.788913416477613e-09,5.255233744803340e-12,2.642746376246704e-11,1.882267592318020e-11,4.301443293383757e-03,2.222505013476339e-02,1.264625576264641e-10,1.030832573329330e-08,3.047731879631465e-10,6.705065243755884e-09,3.036392596873213e-13,5.482748249474293e-15,2.828162623883275e-09,1.123339183475639e-09,2.794907222118062e-14,8.969738504876936e-12,3.301884169929230e-13,2.574034967814496e-14,7.434779717873923e-15,7.659879585261565e-15,8.915828471346540e-15,9.694739662282140e-18,3.404134512111576e-16,1.152189969427247e-19,1.206947265763318e-20,1.812688130181094e-16,4.765460046220668e-14,8.485781966881392e-17,2.964763040159036e-18,1.573373098167986e-06,1.084756786873249e-05,1.695512127443385e-08,9.834217914964020e-08,6.214446077305848e-08,1.458070810547436e-12,2.902010661746532e-15,0.000000000000000e+00,0.000000000000000e+00,0.000000000000000e+00,0.000000000000000e+00,0.000000000000000e+00,1.069621647144759e-01,5.402749753339669e+03,0.000000000000000e+00,2.138086489098770e+03,1.013249696831976e+05,

4,63
1.078595895840832e-06,5.336978163897961e+00,8.373327350431332e-01,5.057781758882269e-05,4.314903481487941e-04,9.461251531030108e-04,1.173462422756910e-04,4.101876962534023e-04,1.301342817863198e-02,2.090197533415413e-05,1.827792581791108e-01,1.501043160323411e-06,6.644389435117999e-06,7.472479135644550e-07,2.368520814446833e-04,2.744640969175585e-04,2.017078144067334e-05,5.088388238772243e-04,1.492107448844965e-05,9.813511147410062e-07,6.880979685161708e-05,1.441040988282186e-02,2.222235016311823e-02,8.627821280395114e-07,6.425209549756923e-04,2.223475827004290e-05,4.549762271673965e-03,1.027058647662836e-04,4.718127330956027e-04,3.296812591039034e-05,1.109646117816912e-04,1.331130880010743e-07,3.182979547293584e-05,3.801857788747228e-05,1.234571561394005e-05,5.796634430505754e-05,3.113189378682606e-05,4.041618475082065e-05,3.112582065963124e-06,6.421629418726843e-04,1.065868962965806e-05,4.352287856206079e-06,1.135167999392701e-04,1.914951810209705e-05,7.196939579721843e-07,1.737482923536713e-08,2.515240156586108e-06,1.776316542976817e-05,2.959582088300594e-05,1.262185324391231e-05,1.616477376356266e-05,1.696729247663151e-06,4.312770448582523e-04,9.547235805148816e-06,5.259454967572610e-02,1.600450282704840e-03,1.411808001827813e-04,4.372714542419788e-04,6.019588952212067e-01,7.401860377072236e+04,0.000000000000000e+00,2.136664569787170e+03,1.013363904442072e+05,
1.633456784543021e-09,5.703909858881381e+00,1.469474859727533e-01,7.220113506804920e-06,6.962129306324132e-05,5.066547780944118e-04,1.366446297051877e-07,6.118139464387533e-05,1.235465339545144e-02,1.462820367645637e-08,1.326361575815161e-03,8.232632262467845e-11,3.959866328765680e-10,3.457141914615114e-11,1.521345900991020e-09,3.815190090711427e-10,1.134083852320001e-09,2.370214663298638e-09,5.186419394590556e-12,1.775875806883916e-11,1.795373907607195e-11,3.783445504449536e-03,2.360440812413609e-02,1.290932492757329e-10,1.269038168034378e-08,1.671736537759499e-10,5.058637542909894e-09,1.287958957720034e-13,2.337851208818072e-15,4.216412536376273e-09,2.207965946328924e-09,8.826791847234054e-15,4.027938978577326e-12,1.047793642158402e-13,1.268429778471114e-13,3.269119366539282e-15,5.456361562477113e-15,4.890806720216957e-15,2.390409781450294e-18,1.015667731555782e-16,3.719900215599742e-20,2.211014659059765e-21,4.994533092894046e-17,1.407660280204970e-13,3.924700890943868e-17,2.439812554354430e-18,9.393822067298350e-07,6.414844772269900e-06,2.501261713230065e-08,2.873364378352937e-08,1.773808039154017e-08,7.324549035023530e-13,1.277924502724623e-15,2.060922006031004e-24,1.802341981639801e-30,5.170419129020074e-31,9.466634412627595e-31,5.281289817130369e-28,1.053950252448014e-01,7.966552231504960e+03,0.000000000000000e+00,2.346709348781152e+03,1.013250010766164e+05,
1.282237785453848e-09,5.673878411226866e+00,1.491123619261971e-01,1.051417830021535e-05,1.021818208206620e-04,5.956215704652241e-04,1.349347741055197e-07,7.190252918754877e-05,1.235656952975776e-02,2.244127348675842e-08,1.670869040401609e-03,1.388000623878970e-10,5.370876407085732e-10,5.081571739556962e-11,1.912096945791516e-09,4.073549397147441e-10,1.915177386271563e-09,3.249709332169207e-09,7.050524143969994e-12,2.639117219960986e-11,2.367066671265558e-11,4.298276703486693e-03,2.343471990829830e-02,1.775034274634233e-10,1.590279506464260e-08,3.040045320775021e-10,7.285895103852965e-09,3.024042977341264e-13,5.460837722967289e-15,5.198924169294714e-09,2.506318542155346e-09,2.779121646139789e-14,8.937547521094219e-12,3.283247837539949e-13,1.490562405651268e-13,7.410567481758824e-15,9.023791846070950e-15,8.895738042490897e-15,9.626800649359439e-18,3.383943451486328e-16,1.145666498483690e-19,1.196308628257369e-20,1.801018061689136e-16,1.806416134132105e-13,8.463008404628581e-17,4.209250613061800e-18,1.570071121170742e-06,1.082417851403404e-05,3.028711387940265e-08,9.771032929930754e-08,6.173624286564332e-08,1.453545795322728e-12,2.890835786921129e-15,4.368277504165316e-24,7.081766640670297e-26,5.583367504025080e-26,2.421707819218325e-25,1.202892166859310e-26,1.069521032414469e-01,7.930206500612731e+03,0.000000000000000e+00,2.330502874694626e+03,1.013250002853167e+05,
1.888304476109026e-09,5.603373276459587e+00,1.582752054625607e-01,2.997237747190335e-05,2.748483437198500e-04,8.599665207856113e-04,1.959615960999732e-07,1.132819513590368e-04,1.235654289098291e-02,7.511947382271521e-08,2.890509614713104e-03,1.963481572348075e-10,5.637524049530048e-10,5.866793731731646e-11,1.940697861556828e-09,3.970934967726021e-10,7.344662441716786e-09,3.487992217775792e-09,7.389738536304654e-12,3.090899342341754e-11,2.459376384333455e-11,6.056441029393345e-03,2.303928857078395e-02,1.863175260340379e-10,1.607374309222252e-08,5.204258141172535e-10,8.107361451424400e-09,1.217012183135186e-12,2.136363683330677e-14,5.213997995413520e-09,2.490486762529583e-09,1.930343479735587e-13,2.225136826833248e-11,2.460795757629122e-12,1.456346183432804e-13,1.201535505109146e-14,1.048356846283791e-14,1.218020811467235e-14,1.334024528876956e-16,2.872689841038221e-15,3.780203163053295e-18,4.608547546479141e-19,2.372173585776831e-15,1.793972048768251e-13,1.267027637987687e-16,4.554378853555504e-18,2.514943366545065e-06,1.776011226601875e-05,3.033702398725493e-08,1.786885772887456e-06,1.217862396609263e-06,3.769092896290693e-12,1.017953276380141e-14,1.350543738926364e-18,1.924093982223015e-17,1.207679582412082e-16,1.809149488247909e-16,3.015761272228890e-17,1.135205234589959e-01,7.827892342784137e+03,0.000000000000000e+00,2.290122353616809e+03,1.013250025795208e+05,

