1
0
56
1
(4 0
((0,0) (15,255) (0,0))
((0,768) (15,1023) (0,0))
((0,512) (15,767) (0,0))
((0,256) (15,511) (0,0))
)
4
FabOnDisk: SD_5_Old_MF_D_0003 0
FabOnDisk: SD_5_Old_MF_D_0000 0
FabOnDisk: SD_5_Old_MF_D_0001 0
FabOnDisk: SD_5_Old_MF_D_0002 0

4,56
-7.773768650027311e+00,-1.599557413927999e+01,-2.593145527520769e+01,-6.035237676456638e+00,-8.335801025523008e+00,-8.835534855700971e+00,-1.136253083602827e+00,-6.345619179180827e+02,-2.707927295697850e-01,-7.751501414983448e-01,-8.840484016338669e-02,-1.382321067507662e+01,-1.278951229504615e+01,-1.380243211430167e+00,-9.531678096467727e+00,-4.607425417809730e-01,-7.177674354654474e-02,-2.848353159413804e+00,-1.339477477066258e+02,4.108109794183357e-20,-9.364487406833703e-02,-4.925589656020082e+01,-1.837919171206934e+00,-2.021984422191532e+02,-7.743968714558466e+00,-2.515502745136901e+01,-4.462749117278923e+00,-2.846543303437893e+00,-9.122939809211911e-03,-2.011766648120445e+00,-1.621972135328167e+00,-9.292769771169117e-01,-3.801299193275077e+00,-2.216442903926271e+00,-3.180671776794267e+00,-2.193738576182694e-01,-3.270514841152230e+01,-5.328044778113005e-01,-3.315123403806238e-01,-8.526085203036251e+00,-1.007089149723714e+00,-1.703552835909919e-02,-7.040761838766268e-04,-8.419718134822356e-02,-1.731326151096829e-01,-2.100184416147681e+00,-6.909752906581355e-02,-3.932240443509220e-01,-1.342743978280505e-01,-2.446060077457195e+01,-4.803776674418140e-01,-5.883965432111420e+02,-8.836776519829223e+01,-9.427403513459076e+00,-2.453982366459652e+01,-9.167706593871117e-10,
-4.006996843088030e-03,-3.031697498196275e-02,-8.918382338618494e-02,2.096553062484282e-07,-1.107479178809219e-02,1.049067867884969e-01,-6.774850588255189e-06,-3.395839303308680e-01,-9.078460638178390e-08,-3.094568897303327e-07,-2.642015323777688e-08,-1.139651897836888e-06,-2.628646436565751e-07,-6.827179412007633e-07,-1.376312272188033e-06,-2.943158461801823e-09,-1.153149234925208e-08,-1.049343664092498e-08,-4.839618581239926e-01,2.699230319488067e-01,-8.258349768714412e-08,-8.319006238276496e-06,-1.481731561625698e-07,-3.486158253104465e-06,-1.505707062809947e-10,-2.739221176452414e-12,-3.778802676465840e-06,-1.234365790034756e-06,-1.349245188114128e-11,-4.551696585319982e-09,-1.594124214063538e-10,-7.994375305165925e-11,-4.106103322968080e-12,-4.632483113915781e-12,-4.594640873418781e-12,-4.368058195505414e-15,-1.628849598356719e-13,-5.566462553785385e-17,-8.895585729117188e-19,-8.394008429700861e-14,-1.029106681748343e-10,-5.030153904372794e-14,-2.507464860449699e-15,-7.249716794755904e-04,-5.016603396098234e-03,-1.276685745372068e-05,-4.432591022027065e-05,-2.780735041563604e-05,-7.055824765400193e-10,-1.421250710161548e-12,-1.348356435261647e-20,-7.414575661175347e-21,-1.233489054553492e-24,-1.123080532163912e-25,-2.583884576341128e-25,-4.290864885625467e-11,
-1.247473203175942e-02,-9.378836267902045e-02,-2.046242223428506e-01,2.710172350278652e-06,-2.926383706323350e-02,1.844591796749923e-01,-2.315577020989581e-05,-8.297040349498501e-01,-1.074474163442824e-07,-2.183799215717010e-07,-2.434137130481751e-08,-6.867083949552729e-07,-8.735708908597068e-08,-2.278647416338981e-06,-1.323330211273460e-06,-2.892323259475602e-09,-1.307382535244599e-08,-9.197304590843500e-09,-1.148706522816199e+00,7.821529717949397e-01,-7.462830489136185e-08,-5.770903431371624e-06,-2.900251365488006e-07,-3.315369129297160e-06,-4.920646927484606e-10,-8.704921742012832e-12,-1.897658898047769e-06,-7.938757239634705e-07,-6.448481016705343e-11,-1.256463278265235e-08,-7.615633292332494e-10,-6.452496019710374e-11,-9.084780149085782e-12,-5.479911901715426e-12,-7.303343642613480e-12,-2.786594670387381e-14,-8.168184991975684e-13,-2.641541260377414e-16,-2.976478832711356e-15,-4.721645627039098e-13,-9.884283750930585e-11,-8.126070704021968e-14,-2.698535845789587e-15,-1.206824850478928e-03,-8.580161274888204e-03,-1.056644696019526e-05,-2.570049556010453e-04,-1.663146857663976e-04,-1.731914757947640e-09,-4.363943004322107e-12,-1.434660716685784e-19,-2.052407300771847e-16,-3.681593608794510e-20,-1.000753177612664e-19,-7.162159423152406e-21,-4.578715184777593e-11,
-1.638446615363803e-01,-7.712235052675389e-01,-5.113704912316699e-01,-5.319983848933925e-04,-1.570965524622187e-01,4.924236624558920e-01,-2.765313117650473e-04,-4.081901417282706e+00,-1.106786088533898e-07,-1.187971625699332e-07,-2.219081964294855e-08,-1.247219918796768e-07,1.465392223599743e-07,-2.838857881216916e-05,-9.007050957389791e-07,-1.589400495886370e-09,-1.227394670109347e-08,-4.239385269764512e-09,-4.357654676583219e+00,1.845970945505991e+00,-4.238608749042658e-08,-7.898077330995770e-07,-3.616406557225071e-07,-2.740004568846710e-06,-3.904154360995772e-09,-4.906426202505451e-11,2.159046573448862e-07,6.160886057368010e-07,-5.776956453605094e-10,-2.377877964484723e-08,-8.942797319529047e-09,7.071803688336474e-11,-9.989236302796880e-12,-1.757717604297787e-11,-1.136637560530314e-10,-5.170964901238320e-12,-6.904907781329369e-11,-6.733978484302935e-10,-1.578633680056086e-14,-4.735794207548965e-11,-2.215600364149991e-09,-6.439998361513733e-12,-1.767191277173631e-13,-1.411820401764822e-03,-1.040742662392075e-02,1.099409853971387e-06,-1.601991122148960e-02,-1.119219516708183e-02,-4.460828453924497e-09,-1.435034884907513e-10,-2.450042836570535e-10,-1.704514875311940e-08,-3.041713739243260e-10,-2.248412888681359e-10,-7.744327076509202e-11,-8.496758852061248e-11,

4,56
5.720654014549114e+00,2.921977472622446e+01,4.359692718146004e+01,7.570518952572272e+00,1.330863046935410e+01,3.148129170774457e+02,6.187044400353201e-01,1.695988608219068e-05,6.402298784898343e-01,1.399987738209282e+00,1.599464250019624e-01,2.596752727893691e+01,1.622328253900191e+01,1.926988957753180e+00,1.557578516981071e+01,4.234332334582862e-01,1.327035281573329e-01,2.829210907649544e+00,4.615552806952830e+02,2.826679046378285e+02,2.062111228743106e-01,6.000995065677171e+01,3.912622176559315e+00,2.955566147437647e+02,1.356547085082472e+01,2.661055211025571e+01,8.464661343192750e+00,3.458999444161292e+00,1.557872969469851e-02,3.796241212404172e+00,2.436521204639846e+00,1.066859421905856e+00,3.921043275664970e+00,2.311143071528488e+00,3.809748803390949e+00,1.990717837628111e-01,3.461301493931001e+01,1.029780286412237e+00,6.075564763637186e-01,7.911135813880077e+00,1.504610913795227e+00,4.430206225641171e-02,1.115086952157539e-03,7.526230627565317e-02,3.800857426535605e-01,2.429282718725903e+00,4.687064028768151e-01,6.859840877962381e-01,1.778533023929734e-01,1.649066684516902e+01,7.707207680532281e-01,7.021575821491663e-01,8.941070280190428e+01,1.439905202528270e+01,2.499261387216744e+01,1.291937223868445e-09,
-1.973317959855211e-03,-1.173054378411547e-02,-3.266032163777102e-02,6.408716554683862e-06,-5.913284716292013e-03,1.838715848260968e-01,-1.766885949586212e-06,-1.568378857165733e-01,-4.217291661654017e-08,-1.823312376460829e-07,-1.644595879181048e-08,-6.615943973916232e-07,-8.786041939601276e-08,-1.960289849208847e-07,-1.090208302436372e-06,-2.400214144710605e-09,-8.469350380805564e-09,-8.212522845009249e-09,-1.641791936295054e-01,7.797485518182353e-01,-6.024770771077046e-08,-5.602776904947266e-06,-8.544348830709020e-08,-2.424051532583204e-06,-6.709698667052771e-11,-1.226318001731318e-12,-1.869810525864623e-06,-7.959624962979637e-07,-4.549872036805134e-12,-2.150413954171717e-09,-5.407315314361782e-11,-6.469470069482569e-11,-1.813215349579660e-12,-3.024931482946161e-12,-2.572252563185915e-12,-1.054345914586720e-15,-4.750205356533017e-14,-1.796388413542335e-17,6.966791743199119e-19,-2.016627755805809e-14,-9.333466807629716e-11,-2.260455027830578e-14,-1.514824263721052e-15,-4.553494080627276e-04,-3.103912479680015e-03,-1.057934039306202e-05,-1.195650205603644e-05,-7.329453300080153e-06,-3.307656098982030e-10,-5.501112809793618e-13,1.262936154876868e-20,7.135663688740813e-21,1.613967498621251e-24,1.311268181661247e-25,5.350322958719747e-25,3.975283990875766e-11,
-3.672341306323954e-03,-3.042820299808462e-02,-8.944556980531287e-02,7.532922845561441e-06,-1.111069791058299e-02,4.901128919841320e-01,-6.800433567188171e-06,-3.406370927749857e-01,-6.743226144640594e-08,-1.200802071465398e-07,-2.209811817756988e-08,-1.298863989624497e-07,1.450775867607603e-07,-6.853184255385622e-07,-9.066504882249571e-07,-1.606258448861877e-09,-1.154375031471195e-08,-4.293348373314757e-09,-4.854664476132671e-01,1.838685140279374e+00,-4.282911371842369e-08,-8.362192830751525e-07,-1.485385378349987e-07,-2.751052624505011e-06,-1.511361525000382e-10,-2.749527995252256e-12,1.968372335312147e-07,6.054533129563814e-07,-1.355997510899291e-11,-4.567714857101266e-09,-1.602070602851483e-10,6.968439451727381e-11,-4.119556207367090e-12,-4.639695370457445e-12,-4.605267262981963e-12,-4.393407553717425e-15,-1.637183506426577e-13,-5.592061552802780e-17,1.404156688618584e-16,-8.439254125080090e-14,6.107650545641989e-11,-5.043302602407932e-14,-1.769714397885219e-15,-7.264247546790295e-04,-5.026978154652190e-03,9.983448700941998e-07,-4.456088213959601e-05,-2.795678980988235e-05,-7.077051042242583e-10,-1.426439643684377e-12,3.498679457799790e-19,1.543784047108229e-17,5.816117876676458e-20,2.099378922532180e-20,2.133436190786932e-20,4.800981834307549e-11,
-1.255043064674881e-02,-9.430822390256308e-02,-2.053862311208095e-01,2.603047377831113e-06,-2.939924373402168e-02,3.151704020171301e+00,-2.329782106960775e-05,-8.331962361155939e-01,4.397047980450944e-07,1.428967913993369e-06,1.353580879606131e-07,4.300012551183598e-06,6.648074346510943e-07,-2.292671795632285e-06,7.636446978851422e-06,1.758145019648302e-08,6.551846119761061e-08,4.900846550744190e-08,-1.153294155425691e+00,6.898402937278938e+00,4.867940502324246e-07,3.653483478992206e-05,5.949019450309367e-07,1.764702355863572e-05,-4.949132073349611e-10,-8.753455617094595e-12,1.199990733636406e-05,4.407035158707133e-06,-6.498046482955674e-11,4.784897848258355e-09,-7.674702985600948e-10,3.010327058060129e-10,5.278722551897950e-11,5.984760175715273e-11,1.562132082970070e-10,3.513141702510728e-12,3.687186144201157e-11,1.362558309741070e-10,3.365037446723363e-15,3.490316699442549e-12,3.413836340482864e-10,1.826410196904118e-13,1.001113810670146e-14,1.367562038128342e-03,9.625512863025185e-03,6.351613550224187e-05,-2.594202832597187e-04,-1.679080364473939e-04,-1.739240181057281e-09,1.052027524035471e-10,6.059144163510233e-11,3.184713683152161e-09,1.103155095922789e-10,5.781567699392942e-11,3.252453290265127e-11,8.309086751978612e-11,

