1
0
56
1
(4 0
((0,0) (15,255) (0,0))
((0,768) (15,1023) (0,0))
((0,512) (15,767) (0,0))
((0,256) (15,511) (0,0))
)
4
FabOnDisk: SD_5_New_MF_D_0003 0
FabOnDisk: SD_5_New_MF_D_0000 0
FabOnDisk: SD_5_New_MF_D_0001 0
FabOnDisk: SD_5_New_MF_D_0002 0

4,56
-7.783792226744574e+00,-1.592747052451058e+01,-2.603382786083672e+01,-6.052066597540055e+00,-8.330950287288255e+00,-8.841715121756645e+00,-1.129802721332958e+00,-6.336351575058134e+02,-2.677283506950065e-01,-7.756990485282795e-01,-8.743485614107567e-02,-1.381852942923896e+01,-1.286814534205566e+01,-1.376155187419494e+00,-9.498834786648517e+00,-4.602732807331500e-01,-7.155379984927734e-02,-2.843907602197289e+00,-1.340648835023508e+02,3.684593320556206e-20,-9.395766542677882e-02,-4.905691372548802e+01,-1.826597926941572e+00,-2.010314305205482e+02,-7.829329067927329e+00,-2.504578569690982e+01,-4.440907379484623e+00,-2.850186769266749e+00,-9.088368529617330e-03,-2.000595582078612e+00,-1.616084902327316e+00,-9.200754769687836e-01,-3.812556023300387e+00,-2.223537725293062e+00,-3.193663078637508e+00,-2.191708756242573e-01,-3.266736889415228e+01,-5.306516930274603e-01,-3.310754286331074e-01,-8.485573685171918e+00,-1.007377591231224e+00,-1.700783972675588e-02,-7.010422473150980e-04,-8.419277066151165e-02,-1.781178892413509e-01,-2.090349460002740e+00,-6.907194490093059e-02,-3.940840070135980e-01,-1.363824058840771e-01,-2.465370359314524e+01,-4.881098242938446e-01,-5.813624658467500e+02,-8.946614038492228e+01,-9.357070746600764e+00,-2.478464570182957e+01,-9.065388439921662e-10,
-4.005396264534920e-03,-3.032788592344076e-02,-8.921042895222546e-02,2.153677837635272e-07,-1.107751086727275e-02,1.049364537848150e-01,-6.777738333845998e-06,-3.397004889305473e-01,-9.073856934433171e-08,-3.093576310678012e-07,-2.641326772534315e-08,-1.139288006709421e-06,-2.627738647264788e-07,-6.830179871967738e-07,-1.376325732473487e-06,-2.943283377710775e-09,-1.153298132461043e-08,-1.049341309790487e-08,-4.841565726201696e-01,2.700815751355818e-01,-8.257147614516634e-08,-8.317069478316296e-06,-1.482164939522045e-07,-3.485335717328319e-06,-1.506367186633161e-10,-2.740413979742292e-12,-3.777010221705003e-06,-1.234290872982011e-06,-1.350021805235713e-11,-4.553584321722254e-09,-1.595032474961998e-10,-7.995130094039667e-11,-4.107735421090474e-12,-4.633412506977534e-12,-4.595959119090102e-12,-4.370978433275471e-15,-1.629817290737919e-13,-5.569493611415612e-17,-8.888243937175805e-19,-8.399292531172718e-14,-1.029263610157112e-10,-5.031850303701168e-14,-2.507900049101280e-15,-7.251489945457519e-04,-5.017867161867990e-03,-1.276616037028701e-05,-4.435302809145933e-05,-2.782460245627359e-05,-7.058373248336520e-10,-1.421867071613367e-12,-1.312719228229173e-20,-7.085888300249106e-21,-1.167843886650215e-24,-9.580080144118137e-26,-2.420504078987250e-25,-4.120220831183019e-11,
-1.248208746005463e-02,-9.384849692196727e-02,-2.047143340205802e-01,2.697318150906874e-06,-2.927895078048603e-02,1.845020496021230e-01,-2.317270545008086e-05,-8.301257483342586e-01,-1.074643905937321e-07,-2.183689625394747e-07,-2.434112220215700e-08,-6.866417324441835e-07,-8.729675402716637e-08,-2.280341077919876e-06,-1.323427766052601e-06,-2.892309608056031e-09,-1.307562224643427e-08,-9.197116132846930e-09,-1.149293880218459e+00,7.824651329665272e-01,-7.463488157072635e-08,-5.770365296890465e-06,-2.901258836799264e-07,-3.315663365452076e-06,-4.924259654177145e-10,-8.711076809864652e-12,-1.897402125971937e-06,-7.936269002540398e-07,-6.454684013550924e-11,-1.257194725037079e-08,-7.623000107723505e-10,-6.450560595266370e-11,-9.087902234532867e-12,-5.480658159271012e-12,-7.304166782958000e-12,-2.789854206250600e-14,-8.176477878530769e-13,-2.642711330812079e-16,-3.279684788327439e-15,-4.726886556474694e-13,-9.882648111967219e-11,-8.126707832856611e-14,-2.698864251531915e-15,-1.207147426370857e-03,-8.582647005020743e-03,-1.056490193503157e-05,-2.573043595260666e-04,-1.665119674477001e-04,-1.732877353284103e-09,-4.366998537920603e-12,-5.981090851663522e-20,-2.351525245317360e-16,-3.663646892532255e-20,-8.167710568568994e-20,-7.498745918176602e-21,-5.067268826763893e-11,
-1.642641821131735e-01,-7.720927827471958e-01,-5.108076749807539e-01,-5.332257695919970e-04,-1.573375298488899e-01,4.926771355164648e-01,-2.769941803493444e-04,-4.089173792860766e+00,-1.106866715386216e-07,-1.186439923951333e-07,-2.218482432055943e-08,-1.240864815141986e-07,1.467283936974961e-07,-2.847542889838535e-05,-8.999933250664189e-07,-1.587375082341429e-09,-1.227141734065474e-08,-4.232718311848295e-09,-4.362297717323361e+00,1.846907950040980e+00,-4.233314392204125e-08,-7.840098227599388e-07,-3.616688627116144e-07,-2.738728800503147e-06,-4.333355740420011e-09,-4.929007171752031e-11,2.182534708949602e-07,6.174545166107469e-07,-5.779099112117732e-10,-2.378007692498800e-08,-8.954140034131289e-09,7.085482340104896e-11,-9.990319105977752e-12,-2.172188950192388e-11,-1.981100565722275e-10,-4.850598313956045e-12,-1.688531623119315e-11,-7.665469348376341e-10,-6.479814227828254e-15,-6.248632655735885e-11,-2.305934960271069e-09,-6.695870153314628e-12,-1.838013678685117e-13,-1.411915563597994e-03,-1.040814055664647e-02,1.112277526576082e-06,-1.608852797611116e-02,-1.124044485780846e-02,-4.458558691092590e-09,-1.941510295332553e-11,-2.598402326192192e-10,-1.354801908031193e-08,-1.170022850929649e-11,-1.869858774992994e-10,-2.252942823676470e-12,-7.710454497100727e-11,

4,56
5.726760759656966e+00,2.918349268201273e+01,4.364119011625924e+01,7.608962272806733e+00,1.331887370721026e+01,3.153202361922018e+02,6.179102760688315e-01,1.693680327363722e-05,6.338737800043918e-01,1.395040616107229e+00,1.621645087067870e-01,2.599799414920430e+01,1.629423881312860e+01,1.943994695137627e+00,1.549980880181464e+01,4.183684715232766e-01,1.319620331705347e-01,2.828272332562091e+00,4.606391781595554e+02,2.826206019252127e+02,2.035969007976391e-01,5.981517782033993e+01,3.927402852816178e+00,2.990000142101815e+02,1.337213854755156e+01,2.680470345711806e+01,8.540555253720814e+00,3.445062614633541e+00,1.575376855671393e-02,3.758551062549635e+00,2.407574042355983e+00,1.079628706578172e+00,3.932490497279390e+00,2.293004277652507e+00,3.872402962772572e+00,1.989342328158608e-01,3.417483987618724e+01,1.006655859485892e+00,6.212158735497988e-01,7.977944800855469e+00,1.505251202507367e+00,4.402847292031937e-02,1.108957081100939e-03,7.649935294679053e-02,3.812166635686701e-01,2.457986791508353e+00,4.683933405948108e-01,6.867971573380640e-01,1.839397321027344e-01,1.630451092618911e+01,8.109261655347519e-01,6.695430079328788e-01,8.924060727593434e+01,1.454303687890460e+01,2.511256252214892e+01,8.799361239653081e-10,
-1.974219340736658e-03,-1.173639446998537e-02,-3.268707470287450e-02,6.409633032481102e-06,-5.915373675092060e-03,1.839140416515369e-01,-1.768920114826437e-06,-1.568824253020110e-01,-4.219055535076756e-08,-1.823932246770502e-07,-1.645101575886998e-08,-6.618632505101016e-07,-8.780036063265958e-08,-1.962329872555550e-07,-1.090491412668557e-06,-2.400788051899323e-09,-8.471272610393079e-09,-8.214889324125120e-09,-1.642785323130202e-01,7.800594025292390e-01,-6.026125443720205e-08,-5.604499059223274e-06,-8.546211758448819e-08,-2.424573284500248e-06,-6.711587455672274e-11,-1.226660890880101e-12,-1.870697112697556e-06,-7.957154893584955e-07,-4.551664693757804e-12,-2.150940181379780e-09,-5.409627949586817e-11,-6.467550656113395e-11,-1.814069451704134e-12,-3.025618472197944e-12,-2.572944015366060e-12,-1.055140391522374e-15,-4.753211724039532e-14,-1.797552582522508e-17,6.896142178164316e-19,-2.018518204077106e-14,-9.335859285317438e-11,-2.261698697830640e-14,-1.515432617755664e-15,-4.554401748579551e-04,-3.104555922558332e-03,-1.057781026043125e-05,-1.196512652050584e-05,-7.334929610504756e-06,-3.309016250248099e-10,-5.504060190731041e-13,1.238700754083721e-20,6.883533435551988e-21,1.545979442124670e-24,1.383919288317599e-25,5.142650238943262e-25,4.342955162162099e-11,
-3.672670933504017e-03,-3.043920631887319e-02,-8.947236994606628e-02,7.533052941508542e-06,-1.111343460563671e-02,4.903642836515709e-01,-6.803375888751977e-06,-3.407542317985574e-01,-6.744635052773253e-08,-1.199278235813664e-07,-2.210061819525549e-08,-1.292527028686591e-07,1.452667014104096e-07,-6.856204741799630e-07,-9.059429127779607e-07,-1.604246076010438e-09,-1.154525166101827e-08,-4.286711606803848e-09,-4.856619818125095e-01,1.839618846738043e+00,-4.277655112009756e-08,-8.304459610284341e-07,-1.485822523754024e-07,-2.749787501079814e-06,-1.512028863362070e-10,-2.750730362200309e-12,1.991788635980784e-07,6.068154120790536e-07,-1.356780007290163e-11,-4.569616675196567e-09,-1.602985790251652e-10,6.982081587112604e-11,-4.121197250138287e-12,-4.640626801660341e-12,-4.606592337433676e-12,-4.396353297938474e-15,-1.638158445731599e-13,-5.595121850832183e-17,1.332780544998265e-16,-8.444593572419620e-14,6.124931457702613e-11,-5.045021252871633e-14,-1.767815628750212e-15,-7.266028577240094e-04,-5.028247571809964e-03,1.011149300544400e-06,-4.458820956774510e-05,-2.797418167868536e-05,-7.079613445078471e-10,-1.427060033182970e-12,3.622043843437975e-19,1.554446530709388e-17,7.542231879869046e-20,1.346404818025861e-20,2.647441167142641e-20,4.839784129018199e-11,
-1.255787996024992e-02,-9.436881944115542e-02,-2.054767858647587e-01,2.590000478471502e-06,-2.941446935931110e-02,3.157385013171041e+00,-2.331492863890871e-05,-8.336201301393020e-01,4.421033682759948e-07,1.433500200843915e-06,1.359175752270888e-07,4.312589024493348e-06,6.666001101220979e-07,-2.294379467588107e-06,7.664550460698407e-06,1.763754851192345e-08,6.582213107958411e-08,4.916064895553259e-08,-1.153883593336403e+00,6.905712447844842e+00,4.883553064708017e-07,3.664245584047403e-05,5.992883683663529e-07,1.770232326280133e-05,-4.952774862375412e-10,-8.759655236183880e-12,1.201936073467820e-05,4.412159473608857e-06,-6.504306255802890e-11,4.904085148466110e-09,-7.682138002601430e-10,2.711809320494443e-10,4.269872683215612e-11,4.163864610402091e-11,1.117696572107545e-10,2.948013773200785e-12,2.055713572610693e-10,1.172595200329973e-10,1.669850182620921e-14,-4.768808841507313e-13,3.412740042753125e-10,1.829367597193365e-13,1.002098970542471e-14,1.380578072750865e-03,9.722579976361650e-03,6.360094900133200e-05,-2.597231101561096e-04,-1.681076243349371e-04,-1.740207739121104e-09,6.573706849376113e-10,5.415312801791995e-11,4.552553687273990e-09,2.702121387901967e-10,2.874668870476628e-14,7.614271694412915e-11,8.764988734810686e-11,

