1
0
63
1
(4 0
((0,0) (7,127) (0,0))
((0,256) (7,383) (0,0))
((0,128) (7,255) (0,0))
((0,384) (7,511) (0,0))
)
4
FabOnDisk: SD_0_Old_MF_D_0003 0
FabOnDisk: SD_0_Old_MF_D_0001 0
FabOnDisk: SD_0_Old_MF_D_0002 0
FabOnDisk: SD_0_Old_MF_D_0000 0

4,63
-7.628151030202434e-04,7.669254654410934e-01,1.593892195198222e-01,0.000000000000000e+00,3.479629423679606e-25,2.595170927370100e-18,7.578842486852302e-13,0.000000000000000e+00,2.892790625597982e-10,2.987525818071087e-13,2.915071088002359e-03,0.000000000000000e+00,0.000000000000000e+00,1.300823646049469e-31,1.427005092596843e-14,3.099709742633608e-12,1.901295924171493e-25,2.215105459746174e-13,2.153143828242791e-20,0.000000000000000e+00,2.194433015861517e-14,4.651829862611116e-11,1.046626786677272e-12,0.000000000000000e+00,1.630356069083682e-13,1.401317809272421e-29,1.394470128781613e-12,0.000000000000000e+00,0.000000000000000e+00,2.200784454538755e-31,5.203096391508312e-15,7.753910666540729e-23,3.992582612859398e-28,1.031069169989864e-15,8.326837065982351e-22,0.000000000000000e+00,0.000000000000000e+00,0.000000000000000e+00,0.000000000000000e+00,0.000000000000000e+00,0.000000000000000e+00,0.000000000000000e+00,0.000000000000000e+00,1.507599321949751e-18,1.510668873063162e-19,3.120456286423985e-21,4.129406439837258e-19,1.329142790483929e-19,5.396716693687749e-18,1.245355743324872e-18,2.243941045524134e-18,1.246473769692627e-37,0.000000000000000e+00,0.000000000000000e+00,0.000000000000000e+00,0.000000000000000e+00,0.000000000000000e+00,0.000000000000000e+00,1.142802903661331e-01,3.002593215640857e+03,0.000000000000000e+00,4.430000347231045e+02,9.687094824032679e+04,
-1.925123216467219e-07,4.372903514448446e+00,1.469411543172357e-01,7.212878495357935e-06,6.955693499758808e-05,5.064521807466772e-04,1.326416405875362e-07,6.115075861838151e-05,1.234765954619076e-02,1.461155270143359e-08,1.325692855006511e-03,8.318918429873309e-11,4.003584089508597e-10,3.494707229344232e-11,1.538166712769268e-09,3.858713204258193e-10,1.134521632784187e-09,2.395776799739586e-09,5.242455466846799e-12,1.794735745040207e-11,1.814554921442412e-11,3.782313373711522e-03,2.303522894286947e-02,1.305162690361708e-10,1.283198030422731e-08,1.688589767496848e-10,5.110862162166745e-09,3.138110846568822e-15,6.868635346621730e-16,4.264048428088027e-09,2.233304251400491e-09,3.221871071050953e-15,4.067050382043206e-12,0.000000000000000e+00,0.000000000000000e+00,0.000000000000000e+00,0.000000000000000e+00,0.000000000000000e+00,0.000000000000000e+00,0.000000000000000e+00,0.000000000000000e+00,0.000000000000000e+00,0.000000000000000e+00,1.440321603276211e-13,4.009862899489295e-17,2.494076824382270e-18,9.494128929966658e-07,6.483139851521200e-06,2.529980914932723e-08,2.898122447752512e-08,1.788958395425802e-08,7.397812829782100e-13,0.000000000000000e+00,0.000000000000000e+00,0.000000000000000e+00,0.000000000000000e+00,0.000000000000000e+00,0.000000000000000e+00,1.053899941249375e-01,7.921170488141950e+03,0.000000000000000e+00,2.290184968081854e+03,1.013249111989457e+05,
-1.910100713690837e-02,4.094446948307795e+00,1.471684246815318e-01,1.063344663407738e-05,1.031585627856917e-04,5.979237608619290e-04,1.277729342179076e-07,7.231942237972898e-05,1.199005413014895e-02,2.264958232690446e-08,1.676107819174065e-03,1.423775619239807e-10,3.693898264828229e-10,4.833754899521415e-11,1.257202648754294e-09,1.782418193389670e-10,1.949599031646313e-09,2.615537232293037e-09,4.835874907346941e-12,2.609513641122031e-11,1.769508587134312e-11,4.321177420527946e-03,2.196907261067052e-02,1.154380665360583e-10,9.522696818550125e-09,3.115789176362249e-10,6.296185058300418e-09,0.000000000000000e+00,4.471806180630743e-15,2.474487411516447e-09,9.744084714959387e-10,1.482154558822931e-14,9.176446839250649e-12,0.000000000000000e+00,0.000000000000000e+00,0.000000000000000e+00,0.000000000000000e+00,0.000000000000000e+00,0.000000000000000e+00,0.000000000000000e+00,0.000000000000000e+00,0.000000000000000e+00,0.000000000000000e+00,4.764567708510758e-14,8.798589149846079e-17,3.145792618219283e-18,1.605431374072770e-06,1.106993854609454e-05,1.465553908775334e-08,1.016471104415039e-07,6.425062449086259e-08,1.481525727800900e-12,0.000000000000000e+00,0.000000000000000e+00,0.000000000000000e+00,0.000000000000000e+00,0.000000000000000e+00,0.000000000000000e+00,1.055186204008922e-01,4.267456426195600e+03,0.000000000000000e+00,2.120403423862541e+03,9.878839721871207e+04,
-1.099493689749470e-07,4.443169939781302e+00,1.460739767594896e-01,6.107731872921615e-06,5.829835560598250e-05,4.692819036745286e-04,1.349994805487290e-07,5.706388727091015e-05,1.235286586005482e-02,1.209156967886441e-08,1.183452294280583e-03,5.158898653088617e-11,2.735811468787959e-10,2.311385614290544e-11,1.094722389577130e-09,3.001195170557759e-10,8.728472361427531e-10,1.638759074213225e-09,3.571187954334421e-12,1.180636574601848e-11,1.258132355341460e-11,3.571548626124571e-03,2.343922836836945e-02,8.813074654433183e-11,9.096590060815315e-09,1.008786186749620e-10,3.389638950366219e-09,0.000000000000000e+00,5.568460847383822e-16,3.016717865236108e-09,1.634490860411259e-09,1.555240830978761e-15,2.192763050619151e-12,0.000000000000000e+00,9.084697696733722e-15,0.000000000000000e+00,0.000000000000000e+00,0.000000000000000e+00,0.000000000000000e+00,0.000000000000000e+00,0.000000000000000e+00,0.000000000000000e+00,0.000000000000000e+00,7.930179757929887e-14,1.761176472442604e-17,1.211449779596572e-18,5.917168453270293e-07,4.024195872246325e-06,1.810674527024165e-08,1.338842092638627e-08,8.185529788142237e-09,4.277021252001447e-13,0.000000000000000e+00,0.000000000000000e+00,0.000000000000000e+00,0.000000000000000e+00,0.000000000000000e+00,0.000000000000000e+00,1.047650021203412e-01,7.938189335113098e+03,0.000000000000000e+00,2.330918736313443e+03,1.013249686419134e+05,

4,63
8.034495345679311e-04,4.088477397665109e+00,8.373327286151597e-01,5.138312184016074e-05,4.520994933275602e-04,9.691551346004141e-04,1.312486876818930e-04,1.422431591926830e-03,1.345284054190293e-02,2.014426898669615e-05,1.827792580406691e-01,1.342173194097979e-06,6.170936717099796e-06,7.072069923488693e-07,2.326261232381088e-04,2.923589935857811e-04,2.056355267052108e-05,5.282791081500854e-04,1.782589816761295e-05,9.931410878939100e-07,8.284999431872571e-05,1.383614362790022e-02,2.194198455462647e-02,7.072626648012099e-07,5.727847320584398e-04,2.114992798466548e-05,4.265066793591766e-03,1.039401143529662e-04,5.072673232191598e-04,3.034837600472295e-05,1.027557656701093e-04,1.421485009983913e-07,3.006975075636356e-05,4.107048705689883e-05,1.091296070666151e-05,5.391604371829116e-05,2.901126455171456e-05,3.773077182639654e-05,3.217374513140417e-06,6.448437968988936e-04,1.944688796966188e-05,4.926093166658848e-06,1.102132052042076e-04,1.453098574908177e-05,5.789913007617152e-07,1.338614493988001e-08,2.436104514239497e-06,1.719075600125108e-05,2.812361269955154e-05,1.188254499082705e-05,1.457683291951350e-05,1.747025559712580e-06,4.841484300812327e-04,1.688532070337443e-05,5.259454930169807e-02,1.549713490775667e-03,1.321018796491716e-04,4.226134094138401e-04,6.019588947711507e-01,7.156105133862718e+04,0.000000000000000e+00,2.116868873072347e+03,1.101295893102903e+05,
3.282495403992194e-04,4.442833112413565e+00,1.491211314310124e-01,1.058415860241677e-05,1.026949838689045e-04,5.968195861161088e-04,1.349794355228520e-07,7.216867780874333e-05,1.235422082029999e-02,2.253393742047617e-08,1.671960471741924e-03,1.417626189198328e-10,5.461355629986342e-10,5.175398463154064e-11,1.942074724236746e-09,4.125821161022216e-10,1.937534541064811e-09,3.303940267318602e-09,7.166352559891591e-12,2.686323176203025e-11,2.400932633882651e-11,4.314025102462500e-03,2.343719339606059e-02,1.806017408092544e-10,1.614271390027635e-08,3.100416549612527e-10,7.406882972525830e-09,3.964193224611160e-13,6.684661770101915e-15,5.272773262839584e-09,2.539866500844507e-09,2.874055099622364e-14,9.113555658098701e-12,3.914592942887369e-13,5.150640151652758e-12,2.506103219654141e-13,8.089452385730451e-13,8.566270483403288e-13,9.892262498059094e-15,5.478750260267686e-13,2.177273838335010e-12,1.340603394230673e-17,1.299360290844777e-14,1.855396764815482e-13,8.750034702663667e-17,4.338857228221363e-18,1.598570843075196e-06,1.102133953868450e-05,3.068434834637047e-08,1.003069717643391e-07,6.338495124354663e-08,1.483209451221584e-12,9.784535771457900e-14,4.390601712164440e-13,4.730224921683059e-12,6.873807532029617e-12,6.194988792988644e-12,1.896279158309518e-12,1.069569736651493e-01,7.939582871191328e+03,0.000000000000000e+00,2.330726022549696e+03,1.013249763664630e+05,
1.030615248729707e-02,4.372013982621378e+00,1.591686993495415e-01,3.405336672680729e-05,2.950011894415822e-04,8.817668847565851e-04,2.091960210405370e-07,1.233861153790007e-04,1.257265121926724e-02,8.379481382090430e-08,2.888380979005243e-03,2.177774864117660e-10,6.027869994746397e-10,6.368057806386979e-11,2.058308251614800e-09,4.021406991318395e-10,8.762793305447998e-09,3.725487355961782e-09,7.910204673000848e-12,3.331136090889741e-11,2.645479670924370e-11,6.419982218550541e-03,2.329032594345732e-02,1.995951230757169e-10,1.692674903848222e-08,5.348579191183114e-10,8.636536372087029e-09,1.359762562022474e-12,2.437876276076519e-14,5.300079344066813e-09,2.520249597333975e-09,2.110737299700649e-13,2.117946189031785e-11,2.787107036770199e-12,5.135686879650912e-12,1.820475128847018e-12,3.809236501399845e-12,5.652405752852368e-12,2.272726435678897e-14,5.246816110338261e-13,1.706656537988931e-12,3.032254384869296e-17,1.807276332985598e-13,1.840501392823677e-13,5.252041814027503e-16,1.433857094040887e-17,2.516204095749940e-06,1.774413214447289e-05,3.071153536036853e-08,2.356537502722749e-06,1.613791059349038e-06,3.932619005004081e-12,1.511972818175680e-13,4.484782399518410e-13,1.212710161897658e-11,3.384045037521181e-11,3.047294175817841e-11,9.405894308407483e-12,1.141145242552376e-01,8.013437382304988e+03,0.000000000000000e+00,2.289672145743727e+03,1.035964604171149e+05,
1.055353691448511e-07,4.472335404225929e+00,1.469310014090920e-01,7.198794995375115e-06,6.941535765753796e-05,5.060082403844887e-04,1.367150324875825e-07,6.109998957820645e-05,1.235389442305889e-02,1.457937393829461e-08,1.324020430751238e-03,8.286153774815202e-11,3.992308612648478e-10,3.483502640417683e-11,1.534781851312549e-09,3.854536681550915e-10,1.131264133086498e-09,2.389446133411257e-09,5.228648957171535e-12,1.789154882974480e-11,1.810296211968459e-11,3.779781613656452e-03,2.360551815368534e-02,1.301394584658442e-10,1.280196597643028e-08,1.681613349833638e-10,5.097601530502734e-09,1.416980272752347e-13,2.345614770063589e-15,4.253989933516791e-09,2.228929366247603e-09,8.731624622138929e-15,4.045414813945812e-12,1.369070629152884e-13,3.185484232870659e-12,1.622372935213273e-13,6.100282177666643e-13,5.748373536912964e-13,6.828476937858014e-15,3.617718105674026e-13,2.366440527970753e-12,6.271996469518778e-18,5.924575629992055e-15,1.434878245564160e-13,3.984098816806418e-17,2.480940403944234e-18,9.457013577541765e-07,6.457489371781450e-06,2.524192294192180e-08,2.876626592444068e-08,1.775489432056480e-08,7.363228250044859e-13,4.562376967683309e-14,4.217065566383208e-13,2.644229189295283e-12,3.051291896919302e-12,2.193403049675870e-12,8.245902086866081e-13,1.053826983981235e-01,7.985345074718583e+03,0.000000000000000e+00,2.347147592004659e+03,1.013250132601612e+05,

