1
0
63
1
(4 0
((0,0) (7,127) (0,0))
((0,256) (7,383) (0,0))
((0,128) (7,255) (0,0))
((0,384) (7,511) (0,0))
)
4
FabOnDisk: SD_0_New_MF_D_0003 0
FabOnDisk: SD_0_New_MF_D_0001 0
FabOnDisk: SD_0_New_MF_D_0002 0
FabOnDisk: SD_0_New_MF_D_0000 0

4,63
-1.209389838508868e-03,7.663079183182917e-01,1.593787928245175e-01,-7.485419200728905e-06,3.421413815348192e-25,2.576784036282631e-18,7.525690876849508e-13,-8.353504872878067e-04,2.875037200671229e-10,2.966433320693030e-13,2.913268300350299e-03,-7.466025946286378e-10,-4.659977642432320e-24,1.283218639582687e-31,1.417727168881406e-14,3.079687004776559e-12,1.868847130601491e-25,2.195749496834865e-13,2.091740803162172e-20,-3.209735336412792e-27,2.174874283566133e-14,4.619155132765413e-11,1.037315885619886e-12,-1.590190597838287e-10,1.616645857800758e-13,1.374778900744969e-29,1.382407565591412e-12,-1.076925793332540e-12,-5.595347865028076e-10,2.163277730945827e-31,5.149929099237604e-15,7.569552130538838e-23,3.918172811282153e-28,1.020425937136683e-15,8.184712100425120e-22,-2.001492130010825e-15,-1.965535666322890e-14,-2.065425868566102e-11,-2.801974216628989e-12,-2.154936083726500e-10,-3.873504247921898e-13,-5.346123526331531e-13,-3.385598020535977e-11,1.486391169441907e-18,1.489326240699646e-19,3.053843289607703e-21,4.070647151819442e-19,1.310210307163782e-19,5.319623057385938e-18,1.227547144666056e-18,2.211852667837570e-18,-1.060544896442824e-12,-5.553561386439489e-10,-3.103433458648893e-13,-1.661658250823389e-07,-1.326737380061591e-10,-7.800195220707508e-13,-5.403915840248662e-11,1.142776025302993e-01,3.010636650516949e+03,0.000000000000000e+00,4.430000347751039e+02,9.390908532110960e+04,
-1.664563398347626e-07,4.434678464717585e+00,1.469403275721938e-01,7.211842421975858e-06,6.954652222483376e-05,5.064197771012704e-04,1.326277729185586e-07,6.114703680174053e-05,1.234738516202761e-02,1.460913143101649e-08,1.325567873037221e-03,8.317826846476315e-11,4.003328431636734e-10,3.494404986852395e-11,1.538334523124036e-09,3.859716162892489e-10,1.134322655329639e-09,2.396057247744968e-09,5.243074277584353e-12,1.794819200853611e-11,1.814896196830767e-11,3.782132567840548e-03,2.303516158481683e-02,1.305079485906623e-10,1.283183633288063e-08,1.688598067495156e-10,5.112722168223646e-09,-4.377414497194892e-16,7.967556391780931e-18,4.263876674430784e-09,2.233244420336272e-09,5.699210762964019e-15,4.066483390528924e-12,-1.175773393269200e-15,-1.001024207676468e-14,-5.988609779835331e-15,-1.862084143300621e-14,-1.744191395713033e-14,-2.055189615129720e-16,-1.118083801421395e-14,-4.332262366458939e-14,-2.514847802433599e-19,-3.412145689689699e-16,1.440244389920528e-13,4.008845101110500e-17,2.493658563617091e-18,9.492466472494201e-07,6.481980311132907e-06,2.529843556865690e-08,2.896833128936489e-08,1.788146467104609e-08,7.395417533896969e-13,-1.535800320617609e-15,-4.593860524322413e-15,-3.318935998352000e-14,-1.046865709811755e-13,-8.799479246688805e-14,-3.129672957066193e-14,1.053893915667611e-01,7.922506231147620e+03,0.000000000000000e+00,2.290214571923980e+03,1.013248431473521e+05,
-1.271602465088323e-02,4.152790434613316e+00,1.491471227299082e-01,1.063324860722509e-05,1.031400565508855e-04,5.978776291012594e-04,1.318840485795154e-07,7.232513103206696e-05,1.222258059495134e-02,2.264374570071777e-08,1.675632695112559e-03,1.423904404999537e-10,3.696182113462112e-10,4.833947367612248e-11,1.258065723857757e-09,1.784736492048485e-10,1.949653051417265e-09,2.616628385279306e-09,4.840102623764051e-12,2.610872494960007e-11,1.771682890651508e-11,4.321618849057944e-03,2.196132451293676e-02,1.154801246513568e-10,9.532050798360530e-09,3.114726498118647e-10,6.298836266260169e-09,-1.630380840295765e-12,3.120575155453464e-15,2.476586596717998e-09,9.752622786969550e-10,1.501272490154134e-14,9.171989144541801e-12,1.263358811448073e-15,-7.003183608973062e-14,-5.572615607918786e-15,-7.634511990587599e-14,-6.005568894613779e-13,-1.600121249741186e-14,-4.828737449944816e-13,-1.733190636021482e-13,-3.179424274484139e-17,-2.042020192670439e-14,4.777559267996339e-14,8.800486568204416e-17,3.153053996592437e-18,1.605353844740169e-06,1.106933978880182e-05,1.466431067542884e-08,1.016131946792037e-07,6.422811440238959e-08,1.472153120946085e-12,-4.017490512972914e-13,-8.750072870421667e-14,-1.222175651599253e-11,-3.266820028800753e-12,-3.133736177279101e-13,-1.066632493720159e-12,1.069754748145455e-01,4.243341631813561e+03,0.000000000000000e+00,2.120465132026181e+03,1.008489319377727e+05,
-6.564356509590877e-08,4.504925720217450e+00,1.460733957047492e-01,6.107114043911408e-06,5.829193570820950e-05,4.692597147080833e-04,1.350014157963369e-07,5.706158033276952e-05,1.235286181212381e-02,1.209013932442105e-08,1.183365255361872e-03,5.157620712834259e-11,2.735295188641684e-10,2.310907515332084e-11,1.094613681582316e-09,3.001030006702177e-10,8.727173024249459e-10,1.638515614414324e-09,3.570731554629900e-12,1.180447165787729e-11,1.257990860039319e-11,3.571433157688840e-03,2.343937231546569e-02,8.810921497077129e-11,9.094606201882651e-09,1.008453353344125e-10,3.388943234689787e-09,1.442080832421862e-15,1.167455802743578e-15,3.016065165902905e-09,1.634171520729180e-09,3.600236878400522e-15,2.191888631828226e-12,-4.157740941259792e-16,-1.428866161170122e-14,-2.667998574048994e-15,-1.140426012180502e-14,-1.278666273564287e-14,-1.480797538783831e-16,-7.316005051373963e-15,-4.646122436288637e-14,-1.295633137719528e-19,-8.748123765075723e-17,7.927113812008568e-14,1.760249202951384e-17,1.210887243991728e-18,5.915386270961100e-07,4.022973227356358e-06,1.810283372012531e-08,1.338188029660885e-08,8.181483474218775e-09,4.275455248259582e-13,-7.170837672746868e-16,-7.353783408519614e-15,-2.474899564569887e-14,-3.742778348192417e-14,-2.411584638993800e-14,-1.149240059803684e-14,1.047645758636392e-01,7.938406157084198e+03,0.000000000000000e+00,2.330933559850567e+03,1.013249432318618e+05,

4,63
8.898814097449745e-04,4.146848642273703e+00,8.373327304544959e-01,5.146688021494244e-05,4.529464781505638e-04,9.695955483138251e-04,1.332777758721514e-04,1.642667310453799e-03,1.346062430752313e-02,2.020265578080027e-05,1.827792584558487e-01,1.347314775275158e-06,6.163326816442324e-06,7.073435834314392e-07,2.338602217446133e-04,2.939280148298640e-04,2.056288366394834e-05,5.360201452322327e-04,1.774611465854784e-05,9.950987853980627e-07,8.426328664020348e-05,1.382669520553652e-02,2.193459770883996e-02,7.031615325346755e-07,5.717296084903052e-04,2.106608091305243e-05,4.263630587816042e-03,1.047283638755302e-04,5.130358012105611e-04,3.011841246699443e-05,1.034301119531851e-04,1.427215821107217e-07,2.965230401983807e-05,4.118106800395374e-05,1.075945018189393e-05,5.365151678799114e-05,2.883027226371058e-05,3.737026052588064e-05,3.227974665905530e-06,6.463457965879441e-04,1.973046781367910e-05,5.048130887296048e-06,1.101017226355599e-04,1.443940852360875e-05,5.834546272664577e-07,1.346697767181946e-08,2.433780415045631e-06,1.717496177425240e-05,2.808882497239612e-05,1.188700170556828e-05,1.460372945609705e-05,1.766408852908538e-06,4.915374656083653e-04,1.711287012662974e-05,5.259454942355490e-02,1.548945086687591e-03,1.319140887025926e-04,4.223559644688990e-04,6.019588961395936e-01,7.140068378908541e+04,0.000000000000000e+00,2.116932233256283e+03,1.124484982094755e+05,
4.127388901969064e-04,4.504589024450485e+00,1.491191555177528e-01,1.058389601723342e-05,1.026768096408906e-04,5.967743770243070e-04,1.349813699860570e-07,7.217386123656557e-05,1.235419627229554e-02,2.252822498383932e-08,1.671503738946981e-03,1.417880736600250e-10,5.462289125042149e-10,5.176195521129356e-11,1.942491744473431e-09,4.126374867234165e-10,1.937614558875809e-09,3.304385067637211e-09,7.167430003241717e-12,2.686688493024863e-11,2.401127087387576e-11,4.314430500952748e-03,2.343733660159071e-02,1.806356254600921e-10,1.614564077445450e-08,3.100434447423949e-10,7.407628024422443e-09,3.442165671814077e-13,6.011660022884721e-15,5.273421814622455e-09,2.540060246873650e-09,2.877083849850754e-14,9.111057527430089e-12,4.609052436812445e-13,5.655465079854040e-12,3.339045661737922e-13,1.045243456227277e-12,1.159004913001385e-12,1.440881050349297e-14,7.175304719082486e-13,2.090063922989539e-12,1.666673330291150e-17,1.858121143575885e-14,1.855799256693539e-13,8.751629290600665e-17,4.340108579408334e-18,1.598490736368386e-06,1.102072364100833e-05,3.068580718665047e-08,1.002730286381810e-07,6.336245853178875e-08,1.483153462154591e-12,1.060485548001587e-13,3.773558175030084e-13,5.152019254280575e-12,8.203648832303016e-12,5.827644929607377e-12,2.245106845568968e-12,1.069554506893274e-01,7.943391140578075e+03,0.000000000000000e+00,2.330740898741153e+03,1.013249481730142e+05,
1.010664841103410e-02,4.433789115964696e+00,1.591579587480025e-01,3.401871722540119e-05,2.946199135307737e-04,8.815247223546285e-04,2.090730875132836e-07,1.233819217586275e-04,1.242645993939196e-02,8.374331826941528e-08,2.886450347887183e-03,2.176299860475032e-10,5.977974071838382e-10,6.368980841298937e-11,2.032865619399021e-09,4.022551331616921e-10,8.748938290802598e-09,3.727908349556578e-09,7.792874954667771e-12,3.331298479080462e-11,2.568127502185380e-11,6.414649489184792e-03,2.303030795755618e-02,1.979088898493118e-10,1.667541080673151e-08,5.345732213424220e-10,8.639625144209491e-09,1.358918813123455e-12,2.438950621826335e-14,5.289987687853302e-09,2.520523097662281e-09,2.106821378312539e-13,2.116369841415333e-11,2.783191582230833e-12,5.090512544986028e-12,4.380682511659911e-13,8.932919817132160e-13,1.175250542417740e-12,1.089373248407344e-14,3.963860838924361e-13,9.806976278370878e-13,3.475982840660793e-17,6.667696523881976e-14,1.841088571597372e-13,5.301147108533030e-16,1.448633961433165e-17,2.514018130371745e-06,1.772876014481721e-05,3.071303881571637e-08,2.350464388315859e-06,1.609662629587204e-06,3.930131425276157e-12,2.825228370406514e-13,1.339007633598581e-13,7.417288587897589e-12,1.003946317249910e-11,5.130486973745797e-12,2.962960055959929e-12,1.141115140716123e-01,8.096051688129715e+03,0.000000000000000e+00,2.289702089544393e+03,1.019451176366201e+05,
6.444639032680647e-08,4.534076180756160e+00,1.469301811452571e-01,7.197764161558328e-06,6.940499509758067e-05,5.059759594790496e-04,1.367164691801802e-07,6.109628509433892e-05,1.235388158734679e-02,1.457696626463914e-08,1.323895915928805e-03,8.284758646971993e-11,3.991955017924451e-10,3.483091506454450e-11,1.534696331191757e-09,3.854603912383183e-10,1.131045654785552e-09,2.389252831777707e-09,5.228209433464948e-12,1.788943850630026e-11,1.810157777595640e-11,3.779601555156043e-03,2.360559925624966e-02,1.301279308407620e-10,1.280135064009125e-08,1.681258316344705e-10,5.096958185238398e-09,1.374755970961540e-13,2.348041556322428e-15,4.253789871755610e-09,2.228894923249940e-09,8.745242553400816e-15,4.044226887647941e-12,1.375570968697590e-13,2.859903838945773e-12,1.316264366198069e-13,4.873385705864574e-13,4.473082990334216e-13,3.821611632843812e-15,2.401854935202703e-13,1.009593439479893e-12,3.995671939118983e-18,4.603881087157787e-15,1.434803870475474e-13,3.983096812829528e-17,2.480523082403858e-18,9.455352522459486e-07,6.456331014470676e-06,2.524052701829459e-08,2.875347970784448e-08,1.774684344472926e-08,7.361446285535244e-13,3.274959850985343e-14,3.744522833867782e-13,1.090470049863192e-12,4.865219841535491e-12,4.174462762813367e-12,1.302161726487714e-12,1.053821005213348e-01,7.985563219196318e+03,0.000000000000000e+00,2.347158311089749e+03,1.013250119485287e+05,

