1
0
56
1
(4 0
((0,0) (7,127) (0,0))
((0,256) (7,383) (0,0))
((0,128) (7,255) (0,0))
((0,384) (7,511) (0,0))
)
4
FabOnDisk: SD_5_Old_MF_D_0003 0
FabOnDisk: SD_5_Old_MF_D_0001 0
FabOnDisk: SD_5_Old_MF_D_0002 0
FabOnDisk: SD_5_Old_MF_D_0000 0

4,56
-7.932560596296297e+00,-1.695062260132942e+01,-2.723933995133276e+01,-6.051501064591286e+00,-9.518567769383605e+00,-8.242416046059837e+00,-9.706590473924374e-01,-6.470771267124012e+02,-2.314220973970208e-01,-7.344105560015978e-01,-8.092595753396892e-02,-1.392097483954236e+01,-1.329661965646899e+01,-1.438298226294294e+00,-1.026657868663437e+01,-4.847926681090776e-01,-7.234364707163635e-02,-3.096499986834067e+00,-1.356263599810624e+02,1.150608232061261e-21,-7.330042630972319e-02,-4.503469402032435e+01,-1.718932592898977e+00,-1.897205910104336e+02,-7.992871594215893e+00,-2.691061622406898e+01,-4.117340005237286e+00,-2.914953432980334e+00,-9.614683527900087e-03,-1.949119288731511e+00,-1.770637190221432e+00,-8.534513581081410e-01,-3.553448690687695e+00,-2.043258942283384e+00,-3.006884667563715e+00,-2.237348492802322e-01,-3.255132686087294e+01,-5.831968726892605e-01,-3.787632256868309e-01,-8.372948659789287e+00,-7.592042920425801e-01,-1.416856585100697e-02,-5.542654078567901e-04,-8.394648334344045e-02,-1.496318371687270e-01,-2.062198547500533e+00,-6.605494713957132e-02,-2.909618998868368e-01,-1.436075888757639e-01,-2.452705015174287e+01,-8.615793362274426e-01,-5.499591939533590e+02,-8.492682461747366e+01,-8.538271395979139e+00,-2.363577720788420e+01,-1.440279007169920e-10,
-1.315366436301401e-02,-9.401719649100991e-02,-2.029849244457722e-01,2.279625026265881e-06,-3.072426652563249e-02,1.827801710034594e-01,-2.324225567521838e-05,-8.355877216480460e-01,-1.188852808974288e-07,-2.574121338151321e-07,-3.030949641771329e-08,-1.190194140524601e-06,-1.351325082436274e-07,-2.305608221089019e-06,-1.673537428225930e-06,-3.955680135692976e-09,-1.668192649996383e-08,-1.291645002935822e-08,-1.127247922680439e+00,7.801391626883039e-01,-9.023565502939783e-08,-7.020973914029275e-06,-3.205224841461703e-07,-6.985866176881636e-06,-2.393773709595232e-07,-1.307652129731304e-09,-2.249374804012753e-06,-9.499367566797353e-07,-3.564093284323701e-09,-1.350505087756544e-08,-2.696944320360977e-07,-3.371744184864988e-07,-4.889542918174581e-08,-2.023523920446665e-07,-1.718470507873220e-07,-7.614643186188447e-09,-2.653305686819442e-07,-8.133501240912452e-07,-1.831060251230221e-11,-1.005342354837869e-08,-1.050482283919595e-10,-8.398105163707801e-14,-2.850558501363611e-15,-1.230361318871076e-03,-8.748865357909514e-03,-1.069588384811386e-05,-2.641229684293694e-04,-1.709845091622392e-04,-4.192672262891157e-09,-1.290020515892690e-07,-3.498315730103920e-07,-1.775029449524010e-06,-6.530153562199615e-07,-6.061629517861444e-07,-1.800269052476267e-07,-9.351852625627544e-12,
-3.425735600078165e-01,-1.625334757214290e+00,-4.764415697204237e+00,-3.974138756549262e-03,-6.025228930527777e-01,-2.578125593056058e+00,-9.367704635364160e-04,-4.925686674260763e+00,-6.816289161194532e-06,-2.459780050173553e-06,-2.320273597910240e-06,-1.947939976154367e-05,-4.048265476896932e-07,-1.719649453405560e-04,-2.468301822468955e-05,-4.807150410764915e-08,-2.870315304102162e-07,-1.423967616645014e-07,-5.889139424080342e+00,1.085949973575477e+00,-5.181269002521176e-06,-1.183495105753455e-04,-8.858572172491299e-06,-1.118752110016233e-04,-1.329127773733808e-05,-1.838130848179046e-08,-2.675964685723531e-05,-1.216288365965309e-05,-1.117273999052103e-08,-3.386671391402305e-07,-3.938044548358742e-07,-4.738846585324111e-06,-8.167525919893855e-07,-2.011470187419525e-06,-3.322818919732471e-06,-9.521252159828464e-08,-2.104742457340520e-06,-2.305718501568971e-06,-5.306241409319360e-10,-1.291916542029892e-06,-3.488604523483706e-08,-1.323408990047636e-10,-3.608433530820859e-12,-1.401494531242352e-02,-2.070637770360759e-02,-2.419472200073127e-04,-2.368431414592905e-02,-1.652039163150558e-02,-1.503769232238104e-07,-2.108163700893530e-06,-1.105548744446935e-06,-3.022957515754570e-05,-2.517871327749494e-05,-1.204801411896225e-05,-7.250234828126603e-06,-3.053146624409919e-11,
-3.582867937984388e-03,-2.999565881643267e-02,-8.843646928323146e-02,1.337651626921728e-06,-1.093563160332335e-02,1.042468494152948e-01,-6.711251397885878e-06,-3.370662185288304e-01,-8.469317387001747e-08,-3.011903660930751e-07,-2.589782947130458e-08,-1.238813836860373e-06,-2.707774830929370e-07,-6.805310587904996e-07,-1.568319006793031e-06,-3.455182597790605e-09,-1.313800510415420e-08,-1.201360380441208e-08,-4.811620382779093e-01,2.779713843185491e-01,-8.386750413880318e-08,-7.942613498443675e-06,-1.494729452821143e-07,-4.261359644692411e-06,-1.730240642075014e-07,-6.268600588021058e-10,-3.493449701713209e-06,-1.211439160448015e-06,-2.109466907158157e-09,-4.616679767660286e-09,-1.291477539616856e-07,-1.362050977545901e-07,-1.198498888078916e-08,-6.117627905235997e-08,-6.839989806205754e-08,-9.558856066477891e-10,-4.640577066658799e-08,-4.459841917232420e-07,-8.059265955711622e-13,-6.435210956649085e-10,-1.081798334587377e-10,-5.121995521383457e-14,-2.565143361303146e-15,-7.297955847553581e-04,-5.049228014017509e-03,-1.228854230379007e-05,-4.427734610050371e-05,-2.777564783146926e-05,-8.288045343871780e-10,-7.533382101753618e-09,-2.339380869685337e-07,-3.318283944194094e-07,-5.133957321911986e-07,-1.838922142123031e-07,-1.429558467783526e-07,-8.951367425069634e-12,

4,56
5.907526258622373e+00,3.112028399929488e+01,4.607443123789970e+01,7.402980068028970e+00,1.233455729276945e+01,3.292546290749913e+02,6.316439236874031e-01,4.120419663019431e-12,5.748847636580693e-01,1.319161669455248e+00,1.538834410632648e-01,2.569213574417510e+01,1.657547516324930e+01,1.957320510435833e+00,1.612629414998066e+01,6.643827235224521e-01,1.305181565299644e-01,3.015497711362607e+00,4.556382788233468e+02,2.831389231698905e+02,1.604185661714234e-01,5.331236919064735e+01,3.716792242808015e+00,2.843089507025690e+02,1.113381095982401e+01,2.738449754681915e+01,8.191134787901927e+00,3.370587091856383e+00,1.689894441598804e-02,3.627608961077957e+00,2.448413261114714e+00,9.454635025462551e-01,3.844975993750631e+00,2.066933943904801e+00,3.696418632234260e+00,2.146442413444125e-01,3.112165123975202e+01,2.524494612998953e+00,6.647560151101970e-01,7.957126984071302e+00,1.159612643373128e+00,3.715248187767925e-02,9.246417630196782e-04,7.676640081257075e-02,2.851738681173034e-01,2.301601987379727e+00,4.483222294692736e-01,6.385671100487905e-01,1.931533551981267e-01,1.442952472166467e+01,1.958454087037604e+00,6.864210439952998e-01,8.777302926797589e+01,1.388356653445212e+01,2.457091002662046e+01,2.337401383556426e-10,
-3.611507809798774e-03,-3.021804338925974e-02,-8.895948888590152e-02,7.575827909018126e-06,-1.100762311837747e-02,5.085317923444140e-01,-6.754827289636288e-06,-3.391417038455899e-01,-6.266228806597486e-08,-1.163773156865594e-07,-2.013918597796636e-08,2.473639567205970e-08,1.569086712351160e-07,-6.802049015691239e-07,-8.701617057012626e-07,-1.331553339272462e-09,-9.768316361962067e-09,-3.538428781285767e-09,-4.840789945850043e-01,1.805644814449952e+00,-4.042746968322799e-08,-5.943366428724203e-07,-1.401963029368301e-07,-7.236400037222305e-07,2.008140191636538e-07,8.081029582899146e-10,2.800792996026553e-07,6.260080760371540e-07,1.948092046749981e-09,-4.390948884224368e-09,4.096507112397722e-08,9.600284286388519e-07,5.882699969370154e-08,1.850070275197867e-07,3.131054886766999e-07,7.943577137646731e-09,3.132704010725901e-07,1.415454668330562e-06,3.241623869018641e-11,7.106301822354092e-09,6.337949163400071e-11,-5.101721018061826e-14,-1.771982141718247e-15,-7.327441981603687e-04,-5.070271611183384e-03,8.799904150271393e-07,-4.473142318120563e-05,-2.805422379121000e-05,1.457834725722062e-11,7.842481732740061e-08,4.787101523444882e-07,2.509436076761376e-06,2.575979822258887e-06,1.410113272067262e-06,7.158576860881219e-07,9.965750447094024e-12,
3.292388705335251e-01,1.144579663419459e+00,3.461230931870675e+00,4.774244935982844e-03,4.270629940208897e-01,4.981536105128953e+00,2.423502181237072e-03,-6.676036002988894e-02,5.942414311693658e-06,3.988512713778576e-06,2.614048344143673e-06,1.670185315955155e-05,1.523447108316688e-06,2.338365718124814e-04,2.940894941511890e-05,5.312591098825561e-08,3.064888736458989e-07,5.547702252370475e-07,-6.634246186562729e-01,9.303378866408224e+00,4.192209865278194e-06,1.165742294669838e-04,8.894173931748503e-06,7.400212294366655e-05,2.570479641944344e-06,1.376874421363672e-08,4.079246016445932e-05,2.115853421207420e-05,1.589415939418367e-08,5.530764535036229e-07,7.079243767759238e-07,4.913257785259980e-06,5.719848176988914e-07,1.464933025833852e-06,4.438581719714743e-06,1.183360008094356e-07,2.772185899442519e-06,6.079863787334029e-07,3.876591459333982e-10,1.062886690768843e-06,5.404567277046209e-10,9.200154932984260e-12,1.920220581657639e-13,6.329017283619276e-03,2.123654098552652e-02,2.722655264116974e-04,1.125091820326547e-02,1.057158600446031e-02,1.536300354630785e-07,1.890671596697703e-06,2.271843196925768e-07,6.563578245884775e-05,3.000244969975507e-05,9.661121635779405e-06,8.336714334946154e-06,3.742428589248448e-11,
-1.993497963313956e-03,-1.219707323546470e-02,-3.611236523848803e-02,6.374473721388829e-06,-5.975173680363243e-03,1.815816564072212e-01,-2.026136695831364e-06,-1.544462209851477e-01,-4.260006290130211e-08,-1.808738488375747e-07,-1.576249951194705e-08,-4.763878755690183e-07,-7.882350003325198e-08,-2.227024524595738e-07,-1.072286553440126e-06,-2.227547880138167e-09,-7.760115668211621e-09,-7.535968593545044e-09,-1.693380969634815e-01,7.754737383639821e-01,-6.073932231976108e-08,-5.549365683673982e-06,-8.305188191762400e-08,-2.158020842324439e-06,2.257925877261617e-07,2.432595785796523e-10,-1.872318723141908e-06,-7.946377271677658e-07,1.089517537780155e-09,-2.077940142729871e-09,1.986159395597350e-08,7.206476710284560e-07,4.681594644088078e-08,1.958220445415856e-07,1.839455190642185e-07,2.706401233132712e-09,1.581148508403987e-07,9.093686124315568e-07,2.796933563317691e-12,2.026257167693345e-09,-9.483816919261772e-11,-2.335180745998233e-14,-1.537033578822305e-15,-4.528438445431173e-04,-3.089350082023392e-03,-1.071717031138252e-05,-1.264138703501393e-05,-7.774533477694492e-06,-2.708391318991003e-10,2.138020641219536e-08,2.259279047509654e-07,1.043154167633737e-06,1.193548475161657e-06,7.647291906361634e-07,3.240738825344802e-07,9.351963647930006e-12,

