1
0
56
1
(4 0
((0,0) (7,127) (0,0))
((0,256) (7,383) (0,0))
((0,128) (7,255) (0,0))
((0,384) (7,511) (0,0))
)
4
FabOnDisk: SD_5_New_MF_D_0003 0
FabOnDisk: SD_5_New_MF_D_0001 0
FabOnDisk: SD_5_New_MF_D_0002 0
FabOnDisk: SD_5_New_MF_D_0000 0

4,56
-7.956767336618440e+00,-1.688009232825352e+01,-2.728727337124445e+01,-6.041808993428133e+00,-9.866136628194651e+00,-8.102348675887269e+00,-9.713876408507507e-01,-6.506480979238606e+02,-2.315552677872763e-01,-7.351355404688997e-01,-8.098496472943439e-02,-1.396358659894086e+01,-1.332788382577679e+01,-1.441528659337708e+00,-1.028250602760072e+01,-4.826646726821487e-01,-7.246761529596049e-02,-3.115927062573093e+00,-1.355056872381585e+02,1.124138452459565e-21,-7.313718761297903e-02,-4.501092107883102e+01,-1.718933149418235e+00,-1.897777287250547e+02,-7.995599131261939e+00,-2.696736663240168e+01,-4.119662223246070e+00,-2.913601716462184e+00,-9.633880933419560e-03,-1.941473260181787e+00,-1.774693472110214e+00,-8.527618510532098e-01,-3.555378946106102e+00,-2.042876267439822e+00,-3.010335761898372e+00,-2.236819869976731e-01,-3.261787060492537e+01,-5.862413657015011e-01,-3.820105079536171e-01,-8.374554379402165e+00,-7.599690247918179e-01,-1.416301699493285e-02,-5.550672459832532e-04,-8.474756899956273e-02,-1.549635403042312e-01,-2.069912263144018e+00,-6.557695297382542e-02,-2.844529345116397e-01,-1.444262651498024e-01,-2.461880223876233e+01,-9.504947686388374e-01,-5.483582521830008e+02,-8.511661002206779e+01,-8.576695439983549e+00,-2.369358272001928e+01,-2.828528522513807e-10,
-1.315995441126366e-02,-9.395544115515155e-02,-2.028532058003724e-01,2.268896996788904e-06,-3.075780045620970e-02,1.826934728729969e-01,-2.322892873246902e-05,-8.353606182052442e-01,-1.197584585382460e-07,-2.529273370203299e-07,-2.849810032075528e-08,-1.085246665394154e-06,-1.126344408674105e-07,-2.313390670335827e-06,-1.597986805450485e-06,-3.723836692814591e-09,-1.596081880672955e-08,-1.229974803815989e-08,-1.126035050769167e+00,7.797804207604420e-01,-8.889884136173803e-08,-7.087903724478480e-06,-3.368557936614134e-07,-5.806599191787452e-06,-2.029363800149911e-07,-8.524138285595356e-10,-2.226826818952838e-06,-9.280601108011431e-07,-3.259889837025945e-09,-1.405818552395634e-08,-1.611174868322319e-07,-2.507477214158272e-07,-4.766622441605385e-08,-2.067021707180190e-07,-2.031388724645678e-07,-9.367048572601650e-09,-2.190427030111899e-07,-7.924612585183386e-07,-2.445899171579503e-11,-9.807229671180741e-09,-1.040324635659496e-10,-8.435726568008833e-14,-2.864788445763612e-15,-1.230453870046990e-03,-8.749367015399944e-03,-1.069934153991237e-05,-2.639751238279392e-04,-1.708838038617719e-04,-3.520223844092581e-09,-1.017977457461999e-07,-3.089996590220242e-07,-1.377245306263130e-06,-8.137929314166574e-07,-1.151175039165521e-06,-2.182322172095465e-07,-1.200167742965164e-11,
-2.791336432822461e-01,-1.209695881220878e+00,-3.536121286210959e+00,-3.233113076644976e-03,-4.618538565027699e-01,-1.898922969769163e+00,-1.144563935982840e-03,-4.913616950351466e+00,-5.673774020346960e-06,-2.055620563945121e-06,-2.260629670150150e-06,-1.501881568226838e-05,-3.496015110184000e-08,-1.610754084845628e-04,-1.557123994657865e-05,-2.601756873873925e-08,-1.770078211319803e-07,-2.360100558006365e-07,-5.904519065436229e+00,1.596312159185516e+00,-4.301334745789901e-06,-8.708683047357542e-05,-8.828724217667484e-06,-1.014028594230887e-04,-1.176417915960947e-05,-9.003907847566425e-09,-3.301770484058999e-05,-1.279739994240434e-05,-5.738850887971851e-09,-3.314967444861827e-07,-2.724315240921178e-07,-5.946916119592264e-06,-1.905080420717039e-06,-3.754446252968969e-06,-4.041459827858258e-06,-8.490770360540666e-08,-1.843918293024561e-06,-2.001422050587447e-06,-4.484040003174784e-10,-1.177111171783411e-06,-3.487900104249635e-08,-1.170854315571162e-10,-3.370449978803927e-12,-1.289679419957033e-02,-2.093933880324131e-02,-1.635643798148682e-04,-2.359143390617822e-02,-1.645643243127578e-02,-1.383388744726389e-07,-1.758091221572548e-06,-9.473484169387264e-07,-2.454376274980236e-05,-2.024310663282384e-05,-2.928579731692773e-05,-5.631556313299770e-06,-2.336264515179209e-11,
-3.581143529848626e-03,-2.997970571477741e-02,-8.839774027178407e-02,1.338282837700257e-06,-1.093021287780979e-02,1.041952155906591e-01,-6.707175537834969e-06,-3.369146749058471e-01,-8.313048852709643e-08,-2.938878346875641e-07,-2.543022768089788e-08,-1.139323852468303e-06,-2.552875448163428e-07,-6.787106272734952e-07,-1.465352440915097e-06,-3.478084206032792e-09,-1.319831479223018e-08,-1.147578003698784e-08,-4.809413343975574e-01,2.778241691963780e-01,-8.204533692247234e-08,-7.904995724900884e-06,-1.506459206414257e-07,-3.788376370116005e-06,-1.662002978449329e-07,-4.482985714243679e-10,-3.490891692436356e-06,-1.208804577513978e-06,-1.171574034482496e-09,-4.576748000075696e-09,-9.334289263603757e-08,-1.833702965571553e-07,-1.038806926773702e-08,-4.972470447533328e-08,-5.862703725895341e-08,-8.943930467187734e-10,-4.073331700114544e-08,-3.915366684183845e-07,-1.017472166796221e-12,-6.373005088729878e-10,-1.097227673091344e-10,-5.115201391238732e-14,-2.559215687611340e-15,-7.296668144771412e-04,-5.048312545873845e-03,-1.228701123986788e-05,-4.424740660478685e-05,-2.775639440688241e-05,-8.267614564705734e-10,-8.813160747759207e-09,-2.186653440679544e-07,-4.176279737802361e-07,-2.336005142717831e-07,-2.551648270172064e-07,-6.348634018650685e-08,-9.169429104893823e-12,

4,56
6.037147210054593e+00,3.126257908858529e+01,4.642633848763712e+01,7.317016495306735e+00,1.196293390827637e+01,3.326752997292099e+02,6.309465554354403e-01,4.293120221300628e-12,5.771881489478750e-01,1.322030561190341e+00,1.547151712568875e-01,2.595558569268862e+01,1.695650299970823e+01,1.963477122234599e+00,1.623529385034820e+01,6.584619339228830e-01,1.315975826727731e-01,3.039925598178866e+00,4.562221383579692e+02,2.825339277031352e+02,1.602275334537226e-01,5.329836618329303e+01,3.717787438291393e+00,2.835865827305059e+02,1.124170352420290e+01,2.789408427866582e+01,8.151860565946340e+00,3.338264865031423e+00,1.709299436761718e-02,3.576933728447244e+00,2.461092982082775e+00,9.161875661542679e-01,3.801024598635665e+00,2.041458558783667e+00,3.669603638342779e+00,2.171624950805389e-01,3.114463184899058e+01,2.596972138327051e+00,6.785389948887632e-01,7.918042846696940e+00,1.142991494818049e+00,3.756919518817724e-02,9.412806871617940e-04,7.439613678373914e-02,2.773755034938542e-01,2.297313203943724e+00,4.472396039697096e-01,6.376935056331010e-01,1.939231611099597e-01,1.447271060372852e+01,2.085002604997920e+00,8.686257849408140e-01,8.746713770037570e+01,1.383976532109223e+01,2.448885341892257e+01,2.482920535840094e-10,
-3.609702590442184e-03,-3.020212475574074e-02,-8.892074874539216e-02,7.575849412034670e-06,-1.100218803032351e-02,5.088217053057028e-01,-6.751213860273002e-06,-3.389853131943403e-01,-6.219700145229704e-08,-1.179372017383605e-07,-1.997463259604291e-08,-1.195825148869046e-08,1.506591422046011e-07,-6.768212782496838e-07,-8.758228527216535e-07,-1.347121421711506e-09,-1.014315255752908e-08,-3.624042039152142e-09,-4.838530625733884e-01,1.803743510337242e+00,-4.249436779583506e-08,-8.013321355622076e-07,-1.413708308685910e-07,-1.690430219034650e-06,1.936345134712109e-07,8.138792746866361e-10,2.333485889464245e-07,6.297251095995020e-07,1.851721468001460e-09,-4.439853190817972e-09,4.097665156023403e-08,1.278021346870973e-06,7.972115410327994e-08,2.400065013045530e-07,2.946822159588046e-07,8.684218133214121e-09,2.409030075201321e-07,1.124950497628646e-06,3.501869981812907e-11,8.910040556644283e-09,6.339637168959973e-11,-5.102170558495071e-14,-1.772570882764435e-15,-7.326157811853402e-04,-5.069338331736574e-03,8.710049954739543e-07,-4.470319770629510e-05,-2.803628352238758e-05,4.742379195892933e-10,7.801009081983929e-08,3.859652202706061e-07,1.606503918854707e-06,1.929379164462171e-06,1.308122862677007e-06,5.267939193110915e-07,1.178396269452264e-11,
2.265726673457850e-01,9.073546530282527e-01,2.653974147714199e+00,4.833233826515572e-03,3.354557249316705e-01,3.991077977252051e+00,2.441369934893981e-03,-3.629332307307447e-01,5.232201916444948e-06,2.570780054467238e-06,2.512501298548452e-06,1.277979316102257e-05,1.200815314100105e-06,2.341573677375687e-04,1.702118870524154e-05,5.778199487174853e-08,2.324675952396741e-07,5.639227706531744e-07,-9.880152208167816e-01,9.327524404878650e+00,3.523435554592593e-06,9.019578783378486e-05,9.551431847234471e-06,6.616276484387387e-05,3.261949759770359e-06,1.259798550402714e-08,4.934070562882344e-05,2.084801497622102e-05,1.267079913894500e-08,5.395113475623818e-07,5.759257438640596e-07,3.281578825842236e-06,3.766061786873235e-07,6.117680779909779e-07,1.595294796471132e-06,7.700748351687840e-08,2.301777232262361e-06,5.965489589688804e-07,3.757312706365991e-10,6.781094669503885e-07,3.872555284782710e-10,9.230727797969975e-12,1.931129456007814e-13,6.188874439877590e-03,2.110583199085124e-02,2.039986653395809e-04,1.089934843155485e-02,1.031922113023371e-02,1.589128297451483e-07,2.131430704489095e-06,3.022251435673014e-07,5.227541848602476e-05,1.141878002643120e-05,5.662244063298696e-06,3.168288833550016e-06,1.989519660128281e-11,
-1.992716178497135e-03,-1.218928035864827e-02,-3.608963246638800e-02,6.371726760449856e-06,-5.971078151541542e-03,1.814969271695586e-01,-2.024856474094853e-06,-1.543606676199538e-01,-4.258764495021205e-08,-1.815984548556225e-07,-1.590876994914878e-08,-5.465487742281730e-07,-8.618145305801336e-08,-2.217482230294700e-07,-1.041143150537311e-06,-2.175759540115605e-09,-7.739014051544180e-09,-7.313421197284372e-09,-1.692468701494565e-01,7.751240210786073e-01,-6.047287803390907e-08,-5.671353202208782e-06,-8.369242293941346e-08,-2.173313026780934e-06,2.129597980490197e-07,2.383055909331201e-10,-1.888631953438498e-06,-8.000690591736743e-07,8.885692799594955e-10,-2.113119680810658e-09,1.959014370687280e-08,6.680644165472705e-07,4.342110091840098e-08,1.978582673150062e-07,2.154141143685225e-07,3.030515664992368e-09,1.349111392071914e-07,5.560635085851953e-07,2.928372859425017e-12,1.823636557536842e-09,-9.476903266071644e-11,-2.337265047120834e-14,-1.539208689754164e-15,-4.527033224152133e-04,-3.088382359591108e-03,-1.072109563431663e-05,-1.263430328461378e-05,-7.769802349589051e-06,-3.099041960657950e-10,1.447344171690389e-08,2.191509471583853e-07,5.586165482158732e-07,1.152898005286871e-06,9.525944788634266e-07,3.084629389117087e-07,8.891040681469065e-12,

