CheckPointVersion_1.0
2
0.00017466603601921647
0
0
(0 (0,0)(2.34375e-05,2.34375e-05) 1)
(RealBox 0 0.0001875 0 0.012 )((0,0) (7,511) (0,0)) 

3.0185256312834586e-06 
3.0307912153433027e-06 
1 
70 
70 
0
(0 (0,0)(2.34375e-05,2.34375e-05) 1)
(RealBox 0 0.0001875 0 0.012 )((0,0) (7,511) (0,0))
(4 0
((0,0) (7,127) (0,0))
((0,256) (7,383) (0,0))
((0,128) (7,255) (0,0))
((0,384) (7,511) (0,0))
)6
((0,0) (7,511) (0,0))
(4 0
((0,0) (7,127) (0,0))
((0,256) (7,383) (0,0))
((0,128) (7,255) (0,0))
((0,384) (7,511) (0,0))
)0.00017164751038793301
0.00017164751038793301
0.00017466603601921647
0.00017466603601921647
2
Level_0/SD_0_New_MF
Level_0/SD_0_Old_MF
((0,0) (8,512) (1,1))
(4 0
((0,0) (8,128) (1,1))
((0,256) (8,384) (1,1))
((0,128) (8,256) (1,1))
((0,384) (8,512) (1,1))
)0.00016864089706118194
0.00017164751038793301
0.00017164751038793301
0.00017466603601921647
2
Level_0/SD_1_New_MF
Level_0/SD_1_Old_MF
((0,0) (7,511) (0,0))
(4 0
((0,0) (7,127) (0,0))
((0,256) (7,383) (0,0))
((0,128) (7,255) (0,0))
((0,384) (7,511) (0,0))
)0.00017164751038793301
0.00017164751038793301
0.00017466603601921647
0.00017466603601921647
2
Level_0/SD_2_New_MF
Level_0/SD_2_Old_MF
((0,0) (7,511) (0,0))
(4 0
((0,0) (7,127) (0,0))
((0,256) (7,383) (0,0))
((0,128) (7,255) (0,0))
((0,384) (7,511) (0,0))
)0.00017164751038793301
0.00017164751038793301
0.00017466603601921647
0.00017466603601921647
2
Level_0/SD_3_New_MF
Level_0/SD_3_Old_MF
((0,0) (7,511) (0,0))
(4 0
((0,0) (7,127) (0,0))
((0,256) (7,383) (0,0))
((0,128) (7,255) (0,0))
((0,384) (7,511) (0,0))
)0.00017164751038793301
0.00017164751038793301
0.00017466603601921647
0.00017466603601921647
2
Level_0/SD_4_New_MF
Level_0/SD_4_Old_MF
((0,0) (7,511) (0,0))
(4 0
((0,0) (7,127) (0,0))
((0,256) (7,383) (0,0))
((0,128) (7,255) (0,0))
((0,384) (7,511) (0,0))
)0.00017164751038793301
0.00017164751038793301
0.00017466603601921647
0.00017466603601921647
2
Level_0/SD_5_New_MF
Level_0/SD_5_Old_MF
