0.000000000000000000e+00 9.999999979388463078e-01
6.688963210702340845e-02 9.999999999989160893e-01
1.337792642140468169e-01 9.999999999977956522e-01
2.006688963210702115e-01 9.999999999965732966e-01
2.675585284280936338e-01 9.999999999952148277e-01
3.344481605351170561e-01 9.999999999936602935e-01
4.013377926421404229e-01 9.999999999918447458e-01
4.682274247491638453e-01 9.999999999896962422e-01
5.351170568561872676e-01 9.999999999871301837e-01
6.020066889632106344e-01 9.999999999840335496e-01
6.688963210702341122e-01 9.999999999802887674e-01
7.357859531772574790e-01 9.999999999757357427e-01
8.026755852842808459e-01 9.999999999701947306e-01
8.695652173913043237e-01 9.999999999634362480e-01
9.364548494983276905e-01 9.999999999551845153e-01
1.003344481605351168e+00 9.999999999451018029e-01
1.070234113712374535e+00 9.999999999327803257e-01
1.137123745819397902e+00 9.999999999177106025e-01
1.204013377926421269e+00 9.999999998992828987e-01
1.270903010033444858e+00 9.999999998767405973e-01
1.337792642140468224e+00 9.999999998491646558e-01
1.404682274247491591e+00 9.999999998154341929e-01
1.471571906354514958e+00 9.999999997741630953e-01
1.538461538461538325e+00 9.999999997236719285e-01
1.605351170568561692e+00 9.999999996618986753e-01
1.672240802675585281e+00 9.999999995863235736e-01
1.739130434782608647e+00 9.999999994938525427e-01
1.806020066889632014e+00 9.999999993807210386e-01
1.872909698996655381e+00 9.999999992423066475e-01
1.939799331103678748e+00 9.999999990729522281e-01
2.006688963210702337e+00 9.999999988657525263e-01
2.073578595317725703e+00 9.999999986122400930e-01
2.140468227424749070e+00 9.999999983020690930e-01
2.207357859531772437e+00 9.999999979225662194e-01
2.274247491638795804e+00 9.999999974582333140e-01
2.341137123745819171e+00 9.999999968901028824e-01
2.408026755852842538e+00 9.999999961949547211e-01
2.474916387959865904e+00 9.999999953443707845e-01
2.541806020066889715e+00 9.999999943035644545e-01
2.608695652173913082e+00 9.999999930299316997e-01
2.675585284280936449e+00 9.999999914712913718e-01
2.742474916387959816e+00 9.999999895637288194e-01
2.809364548494983183e+00 9.999999872288628522e-01
2.876254180602006549e+00 9.999999843705814628e-01
2.943143812709029916e+00 9.999999808708900373e-01
3.010033444816053283e+00 9.999999765847881195e-01
3.076923076923076650e+00 9.999999713338507679e-01
3.143812709030100017e+00 9.999999648980960609e-01
3.210702341137123383e+00 9.999999570057073184e-01
3.277591973244147194e+00 9.999999473197473954e-01
3.344481605351170561e+00 9.999999354209454516e-01
3.411371237458193928e+00 9.999999207849311622e-01
3.478260869565217295e+00 9.999999027517083583e-01
3.545150501672240662e+00 9.999998804839895783e-01
3.612040133779264028e+00 9.999998529091654875e-01
3.678929765886287395e+00 9.999998186369694064e-01
3.745819397993310762e+00 9.999997758403873505e-01
3.812709030100334129e+00 9.999997220802272491e-01
3.879598662207357496e+00 9.999996540424844760e-01
3.946488294314381307e+00 9.999995671392759578e-01
4.013377926421404673e+00 9.999994548949316941e-01
4.080267558528428040e+00 9.999993079916348337e-01
4.147157190635451407e+00 9.999991127729052076e-01
4.214046822742474774e+00 9.999988488808629894e-01
4.280936454849498141e+00 9.999984855052158617e-01
4.347826086956521507e+00 9.999979754026186995e-01
4.414715719063544874e+00 9.999972453291822161e-01
4.481605351170568241e+00 9.999961806953506782e-01
4.548494983277591608e+00 9.999946009056506213e-01
4.615384615384614975e+00 9.999922196691065635e-01
4.682274247491638342e+00 9.999885810488773341e-01
4.749163879598661708e+00 9.999829563355496775e-01
4.816053511705685075e+00 9.999741776455710607e-01
4.882943143812708442e+00 9.999603693147445238e-01
4.949832775919731809e+00 9.999385142165545526e-01
5.016722408026756064e+00 9.999037535283986644e-01
5.083612040133779431e+00 9.998482563052089045e-01
5.150501672240802797e+00 9.997593953717993642e-01
5.217391304347826164e+00 9.996168063063208820e-01
5.284280936454849531e+00 9.993876523918582278e-01
5.351170568561872898e+00 9.990190191557688504e-01
5.418060200668896265e+00 9.984257453807089400e-01
5.484949832775919631e+00 9.974710734166075676e-01
5.551839464882942998e+00 9.959361905162203987e-01
5.618729096989966365e+00 9.934730599477941126e-01
5.685618729096989732e+00 9.895332846531534887e-01
5.752508361204013099e+00 9.832653729646054774e-01
5.819397993311036466e+00 9.733766934865735188e-01
5.886287625418059832e+00 9.579699515957148526e-01
5.953177257525083199e+00 9.343930598088697748e-01
6.020066889632106566e+00 8.991862675543278449e-01
6.086956521739129933e+00 8.482707350428153603e-01
6.153846153846153300e+00 7.776477440819400400e-01
6.220735785953176666e+00 6.849853123433705671e-01
6.287625418060200033e+00 5.695523780263196389e-01
6.354515050167223400e+00 4.492451949520502308e-01
6.421404682274246767e+00 3.426818261346237238e-01
6.488294314381271022e+00 2.456140971195765466e-01
6.555183946488294389e+00 1.683336152546793252e-01
6.622073578595317755e+00 1.117888927691663842e-01
6.688963210702341122e+00 7.279491931802188620e-02
6.755852842809364489e+00 4.686743383041332839e-02
6.822742474916387856e+00 2.997743426008244588e-02
6.889632107023411223e+00 1.909904663375436643e-02
6.956521739130434590e+00 1.213793576681865445e-02
7.023411371237457956e+00 7.700714201591821358e-03
7.090301003344481323e+00 4.879130804640858035e-03
7.157190635451504690e+00 3.087792707053972890e-03
7.224080267558528057e+00 1.951842789163608450e-03
7.290969899665551424e+00 1.232172414317767072e-03
7.357859531772574790e+00 7.766274199812235211e-04
7.424749163879598157e+00 4.885336180745506124e-04
7.491638795986621524e+00 3.065292029003321072e-04
7.558528428093644891e+00 1.916940203392101453e-04
7.625418060200668258e+00 1.193558929128290283e-04
7.692307692307691624e+00 7.388247703247383363e-05
7.759197324414714991e+00 4.537407446395169068e-05
7.826086956521738358e+00 2.756491596304830769e-05
7.892976588628762613e+00 1.649192890098478235e-05
7.959866220735785980e+00 9.650611323854797776e-06
8.026755852842809347e+00 5.459930810897919062e-06
8.093645484949831825e+00 2.923212439066559573e-06
8.160535117056856080e+00 1.413297365062770601e-06
8.227424749163878559e+00 5.364810975522705697e-07
8.294314381270902814e+00 4.638249388351930803e-08
8.361204013377925293e+00 -2.105486487564189857e-07
8.428093645484949548e+00 -3.294820382871696768e-07
8.494983277591972026e+00 -3.689660696991569117e-07
8.561872909698996281e+00 -3.646542131079131713e-07
8.628762541806020536e+00 -3.379501964941656405e-07
8.695652173913043015e+00 -3.014415413989140406e-07
8.762541806020067270e+00 -2.623051895305729572e-07
8.829431438127089748e+00 -2.244343490186863196e-07
8.896321070234114003e+00 -1.897603411308318283e-07
8.963210702341136482e+00 -1.590688358058045088e-07
9.030100334448160737e+00 -1.324994575705769750e-07
9.096989966555183216e+00 -1.098478827500670912e-07
9.163879598662207471e+00 -9.074537463251431251e-08
9.230769230769229949e+00 -7.476279613285934818e-08
9.297658862876254204e+00 -6.146852976748505714e-08
9.364548494983276683e+00 -5.045863973664873469e-08
9.431438127090300938e+00 -4.137063440506689445e-08
9.498327759197323417e+00 -3.388781211526837778e-08
9.565217391304347672e+00 -2.773843866891525321e-08
9.632107023411370150e+00 -2.269230347376862521e-08
9.698996655518394405e+00 -1.855614931647867243e-08
9.765886287625416884e+00 -1.516882555623131850e-08
9.832775919732441139e+00 -1.239662338310364236e-08
9.899665551839463618e+00 -1.012901843593139751e-08
9.966555183946487873e+00 -8.274910109409941247e-09
1.003344481605351213e+01 -6.759370473418282337e-09
1.010033444816053461e+01 -5.520875292506939150e-09
1.016722408026755886e+01 -4.508970540823473932e-09
1.023411371237458134e+01 -3.682321048858180233e-09
1.030100334448160559e+01 -3.007088000209017774e-09
1.036789297658862807e+01 -2.455585615283535391e-09
1.043478260869565233e+01 -2.005172566212956314e-09
1.050167224080267481e+01 -1.637339347700895383e-09
1.056856187290969906e+01 -1.336958372662757961e-09
1.063545150501672154e+01 -1.091668662899370040e-09
1.070234113712374580e+01 -8.913715347484779579e-10
1.076923076923076827e+01 -7.278176092690137495e-10
1.083612040133779253e+01 -5.942688316240578931e-10
1.090301003344481501e+01 -4.852220167430816053e-10
1.096989966555183926e+01 -3.961828099848466997e-10
1.103678929765886174e+01 -3.234809253780640248e-10
1.110367892976588600e+01 -2.641191594061616046e-10
1.117056856187290848e+01 -2.156500286629206793e-10
1.123745819397993273e+01 -1.760749918366200210e-10
1.130434782608695521e+01 -1.437621306082660791e-10
1.137123745819397946e+01 -1.173789142926470586e-10
1.143812709030100372e+01 -9.583728807690983197e-11
1.150501672240802620e+01 -7.824882844039348810e-11
1.157190635451505045e+01 -6.388812162739765644e-11
1.163879598662207293e+01 -5.216285831111446679e-11
1.170568561872909719e+01 -4.258941336913386118e-11
1.177257525083611966e+01 -3.477290512570829513e-11
1.183946488294314392e+01 -2.839091264890625090e-11
1.190635451505016640e+01 -2.318018022343490725e-11
1.197324414715719065e+01 -1.892576109824780705e-11
1.204013377926421313e+01 -1.545215306414093640e-11
1.210702341137123739e+01 -1.261606046764417093e-11
1.217391304347825987e+01 -1.030048428092599157e-11
1.224080267558528412e+01 -8.409896576115211508e-12
1.230769230769230660e+01 -6.866300446476280659e-12
1.237458193979933085e+01 -5.606012914859152959e-12
1.244147157190635333e+01 -4.577038174007119732e-12
1.250836120401337759e+01 -3.736922840758673395e-12
1.257525083612040007e+01 -3.051004779314963184e-12
1.264214046822742432e+01 -2.490983276227503138e-12
1.270903010033444680e+01 -2.033751600237134675e-12
1.277591973244147106e+01 -1.660443799600638284e-12
1.284280936454849353e+01 -1.355656424009523976e-12
1.290969899665551779e+01 -1.106813071775849663e-12
1.297658862876254204e+01 -9.036455529950931118e-13
1.304347826086956452e+01 -7.377702687141288657e-13
1.311036789297658878e+01 -6.023423330078347029e-13
1.317725752508361126e+01 -4.917731712052334606e-13
1.324414715719063551e+01 -4.014999455071084507e-13
1.331103678929765799e+01 -3.277972968500731882e-13
1.337792642140468224e+01 -2.676236372395234345e-13
1.344481605351170472e+01 -2.184956518689266618e-13
1.351170568561872898e+01 -1.783858339310426926e-13
1.357859531772575146e+01 -1.456388250926467799e-13
1.364548494983277571e+01 -1.189031103284553128e-13
1.371237458193979819e+01 -9.707524918299815263e-14
1.377926421404682245e+01 -7.925434267263480079e-14
1.384615384615384492e+01 -6.470485728178580529e-14
1.391304347826086918e+01 -5.282627226268218348e-14
1.397993311036789166e+01 -4.312829793543067338e-14
1.404682274247491591e+01 -3.521064251516528619e-14
1.411371237458193839e+01 -2.874649264507350936e-14
1.418060200668896265e+01 -2.346902602816492355e-14
1.424749163879598512e+01 -1.916039964666676248e-14
1.431438127090300938e+01 -1.564275919586602683e-14
1.438127090301003363e+01 -1.277089875228644030e-14
1.444816053511705611e+01 -1.042626778428766503e-14
1.451505016722408037e+01 -8.512078205231939689e-15
1.458193979933110285e+01 -6.949309558603180749e-15
1.464882943143812710e+01 -5.673447483326192151e-15
1.471571906354514958e+01 -4.631820864839029222e-15
1.478260869565217384e+01 -3.781427781505513428e-15
1.484949832775919631e+01 -3.087160525870725893e-15
1.491638795986622057e+01 -2.520356448231685100e-15
1.498327759197324305e+01 -2.057614815418726424e-15
1.505016722408026730e+01 -1.679830855314342895e-15
1.511705685618728978e+01 -1.371407120390485615e-15
1.518394648829431404e+01 -1.119609621230112948e-15
1.525083612040133652e+01 -9.140421555468117208e-16
1.531772575250836077e+01 -7.462171361442127149e-16
1.538461538461538325e+01 -6.092052038428339094e-16
1.545150501672240750e+01 -4.973491629765952844e-16
1.551839464882942998e+01 -4.060304318003603813e-16
1.558528428093645424e+01 -3.314783675981368234e-16
1.565217391304347672e+01 -2.706145958818501863e-16
1.571906354515050097e+01 -2.209259178464734220e-16
1.578595317725752523e+01 -1.803605498213466074e-16
1.585284280936454770e+01 -1.472434115077596643e-16
1.591973244147157196e+01 -1.202069660633801507e-16
1.598662207357859444e+01 -9.813475703368009638e-17
1.605351170568561869e+01 -8.011531123224666252e-17
1.612040133779264295e+01 -6.540450456584228065e-17
1.618729096989966365e+01 -5.339483714620178326e-17
1.625418060200668791e+01 -4.359034924738803154e-17
1.632107023411371216e+01 -3.558614252656974178e-17
1.638795986622073642e+01 -2.905166103871824522e-17
1.645484949832775712e+01 -2.371704178842625619e-17
1.652173913043478137e+01 -1.936197128160785502e-17
1.658862876254180563e+01 -1.580658799649988272e-17
1.665551839464882988e+01 -1.290405515770211665e-17
1.672240802675585059e+01 -1.053449715530106385e-17
1.678929765886287484e+01 -8.600049250028063025e-18
1.685618729096989910e+01 -7.020816168768353872e-18
1.692307692307692335e+01 -5.731572719986463562e-18
1.698996655518394405e+01 -4.679070194784329102e-18
1.705685618729096831e+01 -3.819837331073757620e-18
1.712374581939799256e+01 -3.118385038247181345e-18
1.719063545150501682e+01 -2.545740750753494286e-18
1.725752508361204107e+01 -2.078251889367767245e-18
1.732441471571906177e+01 -1.696609020563090004e-18
1.739130434782608603e+01 -1.385048375997703570e-18
1.745819397993311028e+01 -1.130700800234355547e-18
1.752508361204013454e+01 -9.230602411840948483e-19
1.759197324414715524e+01 -7.535498340443689303e-19
1.765886287625417950e+01 -6.151676594856069455e-19
1.772575250836120375e+01 -5.021975469214144606e-19
1.779264214046822801e+01 -4.099729797166144374e-19
1.785953177257524871e+01 -3.346843520468074731e-19
1.792642140468227296e+01 -2.732216173665088296e-19
1.799331103678929722e+01 -2.230458299890755548e-19
1.806020066889632147e+01 -1.820842744786096404e-19
1.812709030100334218e+01 -1.486448516716404491e-19
1.819397993311036643e+01 -1.213461854069464892e-19
1.826086956521739069e+01 -9.906056328439003686e-20
1.832775919732441494e+01 -8.086735480712743310e-20
1.839464882943143564e+01 -6.601498297318686853e-20
1.846153846153845990e+01 -5.388987864072159484e-20
1.852842809364548415e+01 -4.399113538402789024e-20
1.859531772575250841e+01 -3.590981799393004047e-20
1.866220735785953266e+01 -2.931206997905754084e-20
1.872909698996655337e+01 -2.392532233109235616e-20
1.879598662207357762e+01 -1.952703390706039195e-20
1.886287625418060188e+01 -1.593549834493331327e-20
1.892976588628762613e+01 -1.300233778342701147e-20
1.899665551839464683e+01 -1.060637332777627304e-20
1.906354515050167109e+01 -8.648619067664807658e-21
1.913043478260869534e+01 -7.048192859514852115e-21
1.919732441471571960e+01 -5.738974949060126038e-21
1.926421404682274030e+01 -4.666876394544680532e-21
1.933110367892976456e+01 -3.787604430220766726e-21
1.939799331103678881e+01 -3.064832421924831928e-21
1.946488294314381307e+01 -2.468698755216082145e-21
1.953177257525083377e+01 -1.974572545764240894e-21
1.959866220735785802e+01 -1.562035022417324777e-21
1.966555183946488228e+01 -1.214034244645246319e-21
1.973244147157190653e+01 -9.161778198739483265e-22
1.979933110367892724e+01 -6.561337368717839600e-22
1.986622073578595149e+01 -4.231134980664897141e-22
1.993311036789297575e+01 -2.074144951456826932e-22
2.000000000000000000e+01 0.000000000000000000e+00
